none
1
   -2.933250E+01   2.335959E+00
   -2.872472E+01   2.031551E+00
   -2.776041E+01   -8.937033E+00
   -2.767249E+01   -2.220839E+01
   -5.111495E+01   -3.546552E+01
   -5.339394E+01   -3.385064E+01
   -5.362553E+01   -3.372493E+01
   -5.362503E+01   -3.315428E+01
   -5.324498E+01   -3.273392E+01
   -5.365747E+01   -3.251873E+01
   -5.383290E+01   -3.216592E+01
   -5.464174E+01   -3.155507E+01
   -5.529638E+01   -3.134290E+01
   -5.557371E+01   -3.099691E+01
   -5.606384E+01   -3.116749E+01
   -5.610468E+01   -3.086436E+01
   -5.686862E+01   -3.020752E+01
   -5.739671E+01   -3.040464E+01
   -5.774384E+01   -3.022142E+01
   -5.583724E+01   -2.816598E+01
   -5.486969E+01   -2.744994E+01
   -5.390160E+01   -2.702998E+01
   -5.374972E+01   -2.625781E+01
   -5.397158E+01   -2.574513E+01
   -5.444723E+01   -2.579609E+01
   -5.467802E+01   -2.564668E+01
   -5.436097E+01   -2.435145E+01
   -5.441679E+01   -2.406527E+01
   -5.464355E+01   -2.394107E+01
   -5.522163E+01   -2.411355E+01
   -5.549138E+01   -2.402797E+01
   -5.571734E+01   -2.268488E+01
   -5.590555E+01   -2.239886E+01
   -5.645255E+01   -2.221731E+01
   -5.682560E+01   -2.240020E+01
   -5.734109E+01   -2.234351E+01
   -5.808472E+01   -2.213075E+01
   -5.795766E+01   -2.099818E+01
   -5.826551E+01   -2.024147E+01
   -5.803577E+01   -1.995871E+01
   -5.823083E+01   -1.975211E+01
   -5.764739E+01   -1.819828E+01
   -5.789356E+01   -1.757377E+01
   -5.816997E+01   -1.753519E+01
   -5.848825E+01   -1.721961E+01
   -5.857691E+01   -1.681466E+01
   -5.845563E+01   -1.642158E+01
   -6.025410E+01   -1.632571E+01
   -6.033481E+01   -1.551483E+01
   -6.067423E+01   -1.511220E+01
   -6.034999E+01   -1.499707E+01
   -6.063603E+01   -1.384119E+01
   -6.107283E+01   -1.362569E+01
   -6.190250E+01   -1.362647E+01
   -6.221395E+01   -1.325048E+01
   -6.280185E+01   -1.310905E+01
   -6.317194E+01   -1.276568E+01
   -6.374229E+01   -1.254071E+01
   -6.432845E+01   -1.259578E+01
   -6.510261E+01   -1.206820E+01
   -6.545781E+01   -1.127865E+01
   -6.541641E+01   -9.838943E+00
   -6.652331E+01   -9.985873E+00
   -6.766452E+01   -1.080093E+01
   -6.799778E+01   -1.075991E+01
   -6.852286E+01   -1.120807E+01
   -6.988988E+01   -1.102776E+01
   -7.030957E+01   -1.116990E+01
   -7.071896E+01   -1.102003E+01
   -7.068128E+01   -9.669083E+00
   -7.127536E+01   -1.008971E+01
   -7.218053E+01   -1.009967E+01
   -7.241623E+01   -9.587397E+00
   -7.329207E+01   -9.454149E+00
   -7.306250E+01   -9.017267E+00
   -7.361432E+01   -8.409820E+00
   -7.409056E+01   -7.527548E+00
   -7.403652E+01   -7.278850E+00
   -7.384718E+01   -7.238285E+00
   -7.378618E+01   -6.774872E+00
   -7.322362E+01   -6.430106E+00
   -7.333719E+01   -6.029736E+00
   -7.293016E+01   -5.038711E+00
   -7.193973E+01   -4.425027E+00
   -7.096802E+01   -4.248294E+00
   -7.079598E+01   -4.064931E+00
   -7.002393E+01   -4.167345E+00
   -6.951025E+01   -1.134089E+00
   -6.970776E+01   -5.676190E-01
   -7.013645E+01   -2.261610E-01
   -7.014083E+01   5.844000E-01
   -6.926594E+01   8.065020E-01
   -6.934226E+01   9.689240E-01
   -6.992481E+01   1.015705E+00
   -6.992343E+01   1.773851E+00
   -6.838511E+01   1.829430E+00
   -6.824848E+01   2.119808E+00
   -6.794571E+01   1.948424E+00
   -6.737696E+01   2.327468E+00
   -6.705751E+01   1.858336E+00
   -6.700579E+01   1.291603E+00
   -6.679967E+01   1.314684E+00
   -6.628683E+01   8.577090E-01
   -6.567671E+01   1.111146E+00
   -6.542494E+01   9.665490E-01
   -6.515671E+01   1.242030E+00
   -6.427483E+01   1.601591E+00
   -6.404860E+01   2.065137E+00
   -6.347236E+01   2.279358E+00
   -6.413446E+01   2.433909E+00
   -6.410005E+01   2.723778E+00
   -6.432628E+01   3.118275E+00
   -6.428142E+01   3.541983E+00
   -6.488451E+01   4.117671E+00
   -6.488064E+01   4.342461E+00
   -6.413653E+01   4.223152E+00
   -6.395465E+01   4.021316E+00
   -6.317706E+01   4.048301E+00
   -6.296093E+01   3.763658E+00
   -6.282024E+01   4.106019E+00
   -6.249922E+01   4.270815E+00
   -6.191181E+01   4.262840E+00
   -6.135393E+01   4.630097E+00
   -6.104904E+01   4.623115E+00
   -6.070452E+01   4.969851E+00
   -6.078709E+01   5.296764E+00
   -6.022457E+01   5.371207E+00
   -5.989857E+01   5.107541E+00
   -5.997549E+01   4.603025E+00
   -5.959676E+01   4.439875E+00
   -5.941942E+01   3.969940E+00
   -5.971017E+01   3.542008E+00
   -5.988955E+01   2.723010E+00
   -5.963006E+01   2.316332E+00
   -5.963382E+01   1.966581E+00
   -5.918812E+01   1.478079E+00
   -5.880545E+01   1.320732E+00
   -5.835933E+01   1.689932E+00
   -5.760000E+01   1.803907E+00
   -5.739854E+01   2.065119E+00
   -5.712392E+01   2.128758E+00
   -5.602925E+01   1.949445E+00
   -5.623884E+01   2.263348E+00
   -5.598195E+01   2.628657E+00
   -5.564816E+01   2.519953E+00
   -5.493958E+01   2.682515E+00
   -5.424988E+01   2.250560E+00
   -5.373937E+01   2.473731E+00
   -5.298578E+01   2.280494E+00
   -5.265712E+01   2.564069E+00
   -5.241739E+01   3.221210E+00
   -5.173983E+01   4.119158E+00
   -5.172460E+01   4.556867E+00
   -5.101120E+01   5.522895E+00
   -4.348209E+01   5.335832E+00
   -2.933250E+01   2.335959E+00
END
END
