Ингушетия
1
	44.8336410189	43.7902988835
	44.8446566287	43.7861529016
	44.855377493	43.7812953412
	44.8657577034	43.7757470031
	44.8757528104	43.7695316462
	44.8853200132	43.7626758856
	44.8944183438	43.7552090787
	44.8953826553	43.7543402234
	44.8973785972	43.753874835
	44.9086417819	43.7504581853
	44.9196573916	43.7463122034
	44.9303782559	43.7414546429
	44.9407584664	43.7359063049
	44.9507535733	43.729690948
	44.9603207762	43.7228351873
	44.9692867337	43.715484354
	44.9828022061	43.7036549778
	44.9829345791	43.7035390042
	44.9915250769	43.695493125
	44.9970299899	43.6897379761
	45.014387154	43.6888731002
	45.0171996386	43.6887108697
	45.0226747079	43.6882679589
	45.0426026865	43.6863491662
	45.0488409381	43.6856384156
	45.060453727	43.6837211364
	45.0719162559	43.6810484495
	45.0827497325	43.677777062
	45.096751102	43.6767543998
	45.1071256977	43.6756934998
	45.1187384865	43.6737762206
	45.1302010154	43.6711035337
	45.1414642001	43.667686884
	45.1524798098	43.6635409021
	45.1632006741	43.6586833417
	45.1735808846	43.6531350036
	45.1816220393	43.648206931
	45.1971974482	43.6380903539
	45.1991514005	43.6368030695
	45.2087186033	43.6299473089
	45.2178169339	43.622480502
	45.2264074317	43.6144346228
	45.2344533109	43.605844125
	45.2419201178	43.5967457945
	45.2487758784	43.5871785916
	45.2549912353	43.5771834847
	45.2605395734	43.5668032742
	45.2645703807	43.5580454118
	45.2650255481	43.5569823257
	45.2665179349	43.5562549054
	45.2768981453	43.5507065673
	45.2788785982	43.5494750426
	45.2935822791	43.5496419433
	45.2945062297	43.5496169446
	45.2956237793	43.5496535294
	45.3073874743	43.5492684259
	45.3191007953	43.5481147645
	45.3307135842	43.5461974853
	45.3421761131	43.5435247984
	45.3534392977	43.5401081487
	45.3644549075	43.5359621667
	45.3751757718	43.5311046063
	45.3855559822	43.5255562682
	45.3955510892	43.5193409113
	45.405118292	43.5124851507
	45.4142166226	43.5050183438
	45.4228071204	43.4969724646
	45.4308529996	43.4883819668
	45.4383198065	43.4792836363
	45.4451755671	43.4697164334
	45.451390924	43.4597213265
	45.4569392621	43.449341116
	45.4617968225	43.4386202517
	45.4659428044	43.427604642
	45.4693594541	43.4163414573
	45.472032141	43.4048789284
	45.4739494202	43.3932661395
	45.4751030817	43.3815528185
	45.4754881852	43.3697891235
	45.4751030817	43.3580254286
	45.4739494202	43.3463121075
	45.472032141	43.3346993187
	45.4693594541	43.3232367898
	45.4684227377	43.3198719474
	45.463391152	43.3024540397
	45.4609112187	43.2945556974
	45.4567652368	43.2835400876
	45.4519076764	43.2728192233
	45.451446936	43.2718916759
	45.4533644285	43.265248928
	45.4560371154	43.2537863991
	45.4579543946	43.2421736103
	45.459108056	43.2304602892
	45.4594931595	43.2186965942
	45.459108056	43.2069328993
	45.4579543946	43.1952195782
	45.4560371154	43.1836067894
	45.4533644285	43.1721442605
	45.4499477788	43.1608810758
	45.4458017969	43.149865466
	45.4409442365	43.1391446018
	45.4353958984	43.1287643913
	45.4291805415	43.1187692844
	45.4223247809	43.1092020815
	45.4148579739	43.1001037509
	45.411160283	43.0960154577
	45.3977821397	43.0816721959
	45.3934339514	43.0771699914
	45.3848434536	43.0691241122
	45.3757451231	43.0616573053
	45.3661779202	43.0548015447
	45.3573153107	43.0492455479
	45.3530163412	43.0397944778
	45.3526894464	43.0298088758
	45.351535785	43.0180955548
	45.3513424046	43.0166707184
	45.3520866149	43.0131171486
	45.3540038941	43.0015043598
	45.3548306	42.9940161251
	45.3574581721	42.9871272966
	45.3597225591	42.980842557
	45.3631392088	42.9695793723
	45.3658118957	42.9581168434
	45.3677291749	42.9465040546
	45.3688828363	42.9347907336
	45.3692679398	42.9230270386
	45.3688828363	42.9112633436
	45.3677291749	42.8995500226
	45.3658118957	42.8879372337
	45.3631392088	42.8764747048
	45.3597225591	42.8652115201
	45.3555765771	42.8541959104
	45.3507190167	42.8434750461
	45.3451932205	42.8331338905
	45.3351758254	42.8157732033
	45.3351532836	42.8157341484
	45.3289379267	42.8057390414
	45.3288902118	42.805667668
	45.3285080804	42.7949379652
	45.327354419	42.7832246441
	45.3254371398	42.7716118553
	45.3227644529	42.7601493264
	45.3193478032	42.7488861417
	45.3186015011	42.7467325338
	45.3120936275	42.7283304342
	45.3086939477	42.7194684324
	45.3038363873	42.7087475681
	45.2982880493	42.6983673576
	45.2920726923	42.6883722507
	45.2852169317	42.6788050478
	45.2777501248	42.6697067173
	45.2724602435	42.6639332762
	45.2704556132	42.6606976517
	45.2659059996	42.6535248812
	45.2654092473	42.6515926322
	45.2649450865	42.6498244668
	45.2615284368	42.6385612821
	45.2573824548	42.6275456723
	45.2525248944	42.6168248081
	45.2469765563	42.6064445976
	45.2407611994	42.5964494907
	45.2339054388	42.5868822878
	45.2264386319	42.5777839572
	45.2183927527	42.5691934595
	45.2098022549	42.5611475803
	45.2007039244	42.5536807733
	45.1911367215	42.5468250127
	45.1811416146	42.5406096558
	45.1707614041	42.5350613177
	45.1600405398	42.5302037573
	45.1490249301	42.5260577754
	45.1377617454	42.5226411257
	45.1287909075	42.5204824127
	45.1205244585	42.5187162079
	45.1180327675	42.518202234
	45.1064199787	42.5162849548
	45.0947066576	42.5151312933
	45.0829429626	42.5147461898
	45.0711792677	42.5151312933
	45.064211689	42.5157241963
	45.0267971382	42.5196418904
	45.0220513959	42.5202026489
	45.010438607	42.5221199281
	45.0003100228	42.524440663
	44.9898386788	42.5271605422
	44.9885047341	42.5275124941
	44.9772415494	42.5309291438
	44.9662259397	42.5350751257
	44.9555050754	42.5399326862
	44.9534744727	42.5409500571
	44.9477466731	42.5317941867
	44.9408909124	42.5222269838
	44.9334241055	42.5131286533
	44.9253782263	42.5045381555
	44.9167877285	42.4964922763
	44.907689398	42.4890254694
	44.8981221951	42.4821697088
	44.8881270882	42.4759543519
	44.8777468777	42.4704060138
	44.8699175217	42.4667758452
	44.866083751	42.4651088225
	44.8656228383	42.4649091705
	44.8546784718	42.4601865753
	44.8522478762	42.4591588355
	44.8412322665	42.4550128535
	44.8299690818	42.4515962038
	44.8185065529	42.4489235169
	44.8068937641	42.4470062377
	44.8011532304	42.446344109
	44.7952633378	42.4457604603
	44.7892905504	42.4452689276
	44.7775268555	42.4448838241
	44.7657631605	42.4452689276
	44.7618383808	42.4455693354
	44.7538061348	42.4462726196
	44.752747221	42.4463624106
	44.7444673275	42.4472580071
	44.7328545387	42.4491752863
	44.7213920097	42.4518479732
	44.7101288251	42.4552646229
	44.6991132153	42.4594106048
	44.6940262168	42.4616101287
	44.6893014663	42.4637400135
	44.6846912011	42.4658127588
	44.6788937473	42.4685444415
	44.6685135368	42.4740927796
	44.6606596673	42.4788993714
	44.6552122796	42.4824279664
	44.6530710422	42.4838367315
	44.6435038393	42.4906924921
	44.6344055088	42.498159299
	44.625815011	42.5062051782
	44.6177691318	42.514795676
	44.6103023249	42.5238940065
	44.6034465642	42.5334612094
	44.5995621959	42.539534641
	44.5950074473	42.54698093
	44.5948462273	42.5472450092
	44.5929007317	42.5504379108
	44.5907309632	42.554095507
	44.5851826251	42.5644757175
	44.5803250647	42.5751965818
	44.5792200977	42.5779272424
	44.5699208554	42.581480918
	44.5591999912	42.5863384784
	44.5488197807	42.5918868165
	44.5388246738	42.5981021734
	44.5292574709	42.604957934
	44.5201591404	42.6124247409
	44.5115686426	42.6204706201
	44.5035227634	42.6290611179
	44.4960559565	42.6381594484
	44.4950769075	42.639447321
	44.4886384973	42.6455751428
	44.4805926181	42.6541656406
	44.4731258112	42.6632639711
	44.4662700506	42.672831174
	44.4619403697	42.6796365311
	44.4563861705	42.6888146927
	44.4545004944	42.6920044426
	44.4489521564	42.702384653
	44.444094596	42.7131055173
	44.439948614	42.7241211271
	44.4365319643	42.7353843117
	44.4338592774	42.7468468406
	44.4319419982	42.7584596295
	44.4307883368	42.7701729505
	44.4304032333	42.7819366455
	44.4307883368	42.7937003405
	44.4319419982	42.8054136615
	44.4338592774	42.8170264504
	44.4365319643	42.8284889793
	44.439948614	42.839752164
	44.4418791075	42.8451545774
	44.4460523864	42.8562706053
	44.4482678748	42.8618838015
	44.4484704905	42.8623709371
	44.448351203	42.864067909
	44.4479660995	42.875831604
	44.4479660995	42.8818435669
	44.448351203	42.8936072619
	44.4495048644	42.9053205829
	44.4514221436	42.9169333718
	44.4540948305	42.9283959007
	44.4575114802	42.9396590853
	44.4616574622	42.9506746951
	44.4665150226	42.9613955594
	44.4720633607	42.9717757698
	44.4782787176	42.9817708768
	44.4851344782	42.9913380796
	44.4910320231	42.9986227591
	44.4934352823	43.0014380057
	44.4950045444	43.0032516568
	44.5030504236	43.0118421546
	44.5116409214	43.0198880338
	44.5207392519	43.0273548407
	44.5303064548	43.0342106013
	44.5403015617	43.0404259582
	44.5493098093	43.0452409669
	44.5406231434	43.0474080421
	44.5376075173	43.0481881533
	44.5263443326	43.051604803
	44.518429094	43.0545001976
	44.5120356614	43.0570102684
	44.5089352903	43.0582608557
	44.498214426	43.0631184161
	44.4878342155	43.0686667542
	44.4778391086	43.0748821111
	44.4682719057	43.0817378717
	44.4591735752	43.0892046787
	44.4505830774	43.0972505578
	44.4425371982	43.1058410556
	44.4373410091	43.1120421336
	44.4340069637	43.116207783
	44.4317363459	43.1191050356
	44.4248805852	43.1286722385
	44.4186652283	43.1386673454
	44.4131168903	43.1490475559
	44.4082593298	43.1597684201
	44.4041133479	43.1707840299
	44.4006966982	43.1820472146
	44.3980240113	43.1935097435
	44.3961067321	43.2051225323
	44.3949530707	43.2168358534
	44.394870408	43.2181733697
	44.3945957498	43.2229035943
	44.394293309	43.2333297729
	44.3945909812	43.2424227194
	44.3924433535	43.2439616877
	44.3833450229	43.2514284946
	44.3747545251	43.2594743738
	44.3667086459	43.2680648716
	44.3614122022	43.2743913251
	44.3580781568	43.278564604
	44.3559077936	43.2813364809
	44.349052033	43.2909036838
	44.3428366761	43.3008987907
	44.337288338	43.3112790012
	44.3324307776	43.3219998655
	44.3282847957	43.3330154752
	44.324868146	43.3442786599
	44.3222603038	43.3554167523
	44.3211464122	43.3609633221
	44.3210815675	43.3612877586
	44.3191642883	43.3729005475
	44.3180106268	43.3846138685
	44.3178171074	43.3880780698
	44.3175348198	43.3941892149
	44.3173432357	43.4024887085
	44.3177283392	43.4142524035
	44.3182821302	43.4208426147
	44.3210744886	43.4480642943
	44.3216743591	43.4531874042
	44.3235916383	43.464800193
	44.3242211035	43.4678284158
	44.3250804611	43.4756748533
	44.3255500915	43.4795698505
	44.3274673707	43.4911826393
	44.3295985979	43.5005752453
	44.3312492143	43.5153028707
	44.3316688659	43.5187467914
	44.3335861451	43.5303595802
	44.3339178293	43.531987729
	44.334552463	43.5386687359
	44.3352851989	43.5451368671
	44.3372024781	43.5567496559
	44.3377142909	43.5592312306
	44.3377370863	43.5594534545
	44.3383369567	43.5645765644
	44.3402542359	43.5761893532
	44.3429269228	43.5876518821
	44.3433679557	43.5892677076
	44.3442398226	43.5924044241
	44.3449330153	43.5964523858
	44.3458084351	43.6011832497
	44.348481122	43.6126457786
	44.3518977717	43.6239089633
	44.3560437537	43.634924573
	44.3570703833	43.6373525957
	44.3610955195	43.6495767686
	44.3616176204	43.6511382724
	44.3657636023	43.6621538821
	44.3706211627	43.6728747464
	44.3761695008	43.6832549568
	44.3823848577	43.6932500638
	44.3892406183	43.7028172666
	44.3967074252	43.7119155972
	44.4047533044	43.720506095
	44.4133438022	43.7285519742
	44.4224421328	43.7360187811
	44.4320093356	43.7428745417
	44.4382979005	43.7468902958
	44.4433027833	43.7499420536
	44.4470093254	43.7521416564
	44.4573895358	43.7576899945
	44.4681104001	43.7625475549
	44.4791260099	43.7666935369
	44.4903891945	43.7701101866
	44.4938284937	43.7709954461
	44.514099795	43.776000329
	44.5221230247	43.7777877563
	44.5232666593	43.7780113905
	44.5377167325	43.7807884902
	44.5481858868	43.7824821351
	44.5505231197	43.7827742818
	44.5742219749	43.7855790901
	44.5885504049	43.7884022985
	44.5998445172	43.7902564881
	44.6115578382	43.7914101495
	44.6233215332	43.791795253
	44.6350852282	43.7914101495
	44.6467985492	43.7902564881
	44.6583293652	43.7883527427
	44.6634590184	43.7895872416
	44.6704537132	43.7911239379
	44.6820665021	43.7930412171
	44.6847024713	43.7933684666
	44.7227655206	43.7978087742
	44.7318428724	43.7986351861
	44.733574229	43.7987402837
	44.7582934673	43.8001212041
	44.7683258057	43.8004012101
	44.7800895006	43.8000161066
	44.7816462991	43.7999072838
	44.7891459939	43.799350338
	44.7993025165	43.7983054993
	44.8109153053	43.7963882201
	44.8223778343	43.7937155332
	44.8336410189	43.7902988835
END
END
