none
1
   -2.777899E+00   5.299182E+01
   -2.781152E+00   5.299199E+01
   -2.789527E+00   5.299397E+01
   -2.791430E+00   5.298946E+01
   -2.803438E+00   5.298790E+01
   -2.836849E+00   5.299565E+01
   -2.842188E+00   5.300655E+01
   -2.841509E+00   5.301194E+01
   -2.845947E+00   5.301667E+01
   -2.852088E+00   5.301536E+01
   -2.862527E+00   5.302205E+01
   -2.862270E+00   5.302624E+01
   -2.861048E+00   5.303034E+01
   -2.857656E+00   5.303427E+01
   -2.859799E+00   5.303729E+01
   -2.864065E+00   5.303816E+01
   -2.867352E+00   5.304018E+01
   -2.867255E+00   5.304230E+01
   -2.871594E+00   5.304447E+01
   -2.867529E+00   5.305359E+01
   -2.874127E+00   5.305907E+01
   -2.867576E+00   5.306170E+01
   -2.871953E+00   5.306352E+01
   -2.870474E+00   5.306848E+01
   -2.878300E+00   5.306742E+01
   -2.879033E+00   5.307217E+01
   -2.883112E+00   5.307353E+01
   -2.878147E+00   5.308074E+01
   -2.891996E+00   5.308613E+01
   -2.894136E+00   5.308995E+01
   -2.900642E+00   5.308910E+01
   -2.901231E+00   5.308935E+01
   -2.903515E+00   5.309128E+01
   -2.900304E+00   5.309939E+01
   -2.891838E+00   5.310065E+01
   -2.890226E+00   5.310342E+01
   -2.895077E+00   5.310394E+01
   -2.893339E+00   5.311002E+01
   -2.885897E+00   5.311276E+01
   -2.883260E+00   5.311917E+01
   -2.903535E+00   5.311010E+01
   -2.934675E+00   5.311980E+01
   -2.944236E+00   5.312002E+01
   -2.947965E+00   5.312587E+01
   -2.964838E+00   5.313136E+01
   -2.979352E+00   5.314802E+01
   -2.985109E+00   5.314617E+01
   -2.989490E+00   5.315107E+01
   -2.996298E+00   5.315332E+01
   -2.995271E+00   5.315469E+01
   -2.990569E+00   5.315913E+01
   -2.975940E+00   5.315907E+01
   -2.971289E+00   5.316244E+01
   -2.966498E+00   5.316174E+01
   -2.950508E+00   5.316749E+01
   -2.945964E+00   5.316829E+01
   -2.943787E+00   5.316722E+01
   -2.928629E+00   5.317299E+01
   -2.922252E+00   5.317853E+01
   -2.923723E+00   5.318819E+01
   -2.930480E+00   5.319194E+01
   -2.944870E+00   5.320362E+01
   -2.950395E+00   5.320982E+01
   -3.026084E+00   5.324673E+01
   -3.036325E+00   5.325012E+01
   -3.061085E+00   5.325119E+01
   -3.084734E+00   5.325507E+01
   -3.088773E+00   5.325619E+01
   -3.129775E+00   5.328718E+01
   -3.074273E+00   5.331808E+01
   -3.059215E+00   5.331082E+01
   -3.047734E+00   5.331253E+01
   -3.037363E+00   5.330644E+01
   -3.034726E+00   5.330191E+01
   -3.026441E+00   5.329967E+01
   -3.013468E+00   5.330079E+01
   -2.993056E+00   5.330878E+01
   -2.969662E+00   5.330352E+01
   -2.949694E+00   5.330509E+01
   -2.939676E+00   5.331211E+01
   -2.931624E+00   5.330814E+01
   -2.910222E+00   5.332550E+01
   -2.881957E+00   5.331490E+01
   -2.871469E+00   5.331347E+01
   -2.860915E+00   5.331345E+01
   -2.827299E+00   5.332169E+01
   -2.819856E+00   5.332073E+01
   -2.819995E+00   5.332484E+01
   -2.832771E+00   5.333396E+01
   -2.833782E+00   5.333835E+01
   -2.824865E+00   5.333931E+01
   -2.821015E+00   5.334243E+01
   -2.820047E+00   5.334916E+01
   -2.809929E+00   5.335656E+01
   -2.788481E+00   5.335799E+01
   -2.777894E+00   5.338224E+01
   -2.753230E+00   5.338752E+01
   -2.749313E+00   5.339070E+01
   -2.752002E+00   5.339482E+01
   -2.746701E+00   5.339620E+01
   -2.747979E+00   5.339976E+01
   -2.745635E+00   5.340391E+01
   -2.714595E+00   5.340057E+01
   -2.711594E+00   5.339203E+01
   -2.703343E+00   5.338852E+01
   -2.690625E+00   5.338711E+01
   -2.677922E+00   5.338910E+01
   -2.678198E+00   5.339431E+01
   -2.673244E+00   5.340150E+01
   -2.673588E+00   5.341569E+01
   -2.671016E+00   5.341701E+01
   -2.673973E+00   5.342242E+01
   -2.665604E+00   5.342965E+01
   -2.676580E+00   5.343181E+01
   -2.677517E+00   5.343629E+01
   -2.673361E+00   5.343872E+01
   -2.683599E+00   5.343815E+01
   -2.677864E+00   5.345430E+01
   -2.638461E+00   5.344596E+01
   -2.631184E+00   5.344285E+01
   -2.627942E+00   5.343639E+01
   -2.611665E+00   5.344394E+01
   -2.597573E+00   5.344472E+01
   -2.600606E+00   5.344986E+01
   -2.598805E+00   5.345208E+01
   -2.585008E+00   5.344213E+01
   -2.576147E+00   5.344889E+01
   -2.571271E+00   5.345993E+01
   -2.551802E+00   5.346285E+01
   -2.553472E+00   5.346930E+01
   -2.496322E+00   5.348263E+01
   -2.487639E+00   5.347665E+01
   -2.490421E+00   5.346545E+01
   -2.484733E+00   5.345643E+01
   -2.474552E+00   5.344915E+01
   -2.476394E+00   5.344418E+01
   -2.473211E+00   5.344085E+01
   -2.460908E+00   5.343786E+01
   -2.447376E+00   5.342340E+01
   -2.448135E+00   5.341473E+01
   -2.463094E+00   5.340074E+01
   -2.473683E+00   5.339551E+01
   -2.451999E+00   5.339689E+01
   -2.431591E+00   5.338953E+01
   -2.427383E+00   5.339059E+01
   -2.407331E+00   5.338429E+01
   -2.397760E+00   5.337654E+01
   -2.380275E+00   5.337149E+01
   -2.375391E+00   5.336706E+01
   -2.365145E+00   5.336550E+01
   -2.356776E+00   5.337024E+01
   -2.336643E+00   5.336842E+01
   -2.329042E+00   5.336541E+01
   -2.328037E+00   5.336245E+01
   -2.314242E+00   5.336057E+01
   -2.310993E+00   5.335629E+01
   -2.297956E+00   5.335143E+01
   -2.294761E+00   5.334460E+01
   -2.289708E+00   5.334422E+01
   -2.285367E+00   5.334804E+01
   -2.268453E+00   5.335225E+01
   -2.256931E+00   5.336231E+01
   -2.221963E+00   5.336146E+01
   -2.184685E+00   5.335418E+01
   -2.185527E+00   5.334929E+01
   -2.179279E+00   5.334397E+01
   -2.190878E+00   5.334016E+01
   -2.186605E+00   5.333565E+01
   -2.154424E+00   5.332959E+01
   -2.151433E+00   5.333922E+01
   -2.147179E+00   5.334243E+01
   -2.152780E+00   5.334873E+01
   -2.140684E+00   5.335701E+01
   -2.139255E+00   5.336901E+01
   -2.123582E+00   5.336379E+01
   -2.094959E+00   5.336777E+01
   -2.082420E+00   5.336102E+01
   -2.067022E+00   5.335938E+01
   -2.060963E+00   5.336025E+01
   -2.056365E+00   5.336823E+01
   -2.040398E+00   5.337578E+01
   -2.029979E+00   5.337291E+01
   -2.031075E+00   5.336778E+01
   -2.026560E+00   5.336537E+01
   -2.021661E+00   5.336845E+01
   -2.007615E+00   5.336300E+01
   -2.008986E+00   5.335697E+01
   -2.005294E+00   5.335539E+01
   -2.006013E+00   5.334877E+01
   -2.002965E+00   5.334587E+01
   -2.012405E+00   5.333905E+01
   -2.011818E+00   5.333386E+01
   -2.007705E+00   5.333202E+01
   -2.009847E+00   5.332782E+01
   -2.008219E+00   5.332451E+01
   -2.002649E+00   5.332297E+01
   -1.999856E+00   5.331880E+01
   -2.007555E+00   5.330207E+01
   -2.007507E+00   5.328025E+01
   -2.003498E+00   5.326910E+01
   -2.007263E+00   5.326131E+01
   -1.998844E+00   5.325626E+01
   -2.000105E+00   5.324930E+01
   -1.997582E+00   5.324591E+01
   -1.980865E+00   5.323994E+01
   -1.973135E+00   5.323068E+01
   -1.975194E+00   5.322607E+01
   -1.988513E+00   5.322205E+01
   -1.985580E+00   5.321150E+01
   -1.999186E+00   5.319237E+01
   -2.018071E+00   5.318736E+01
   -2.028825E+00   5.319167E+01
   -2.045979E+00   5.319104E+01
   -2.051799E+00   5.318604E+01
   -2.051158E+00   5.318269E+01
   -2.056578E+00   5.317993E+01
   -2.056763E+00   5.317523E+01
   -2.078079E+00   5.316873E+01
   -2.087649E+00   5.316821E+01
   -2.092470E+00   5.317110E+01
   -2.101319E+00   5.316726E+01
   -2.114129E+00   5.316736E+01
   -2.121000E+00   5.317280E+01
   -2.129965E+00   5.317387E+01
   -2.134532E+00   5.318149E+01
   -2.139614E+00   5.318223E+01
   -2.142819E+00   5.317292E+01
   -2.140328E+00   5.315534E+01
   -2.153381E+00   5.315770E+01
   -2.158862E+00   5.315131E+01
   -2.175775E+00   5.314399E+01
   -2.220245E+00   5.310659E+01
   -2.221955E+00   5.310251E+01
   -2.236329E+00   5.309989E+01
   -2.245708E+00   5.308872E+01
   -2.252279E+00   5.309181E+01
   -2.256638E+00   5.308839E+01
   -2.273030E+00   5.308470E+01
   -2.277066E+00   5.307963E+01
   -2.293111E+00   5.307665E+01
   -2.303786E+00   5.308120E+01
   -2.317837E+00   5.307960E+01
   -2.327525E+00   5.307514E+01
   -2.329568E+00   5.306940E+01
   -2.346712E+00   5.305471E+01
   -2.354058E+00   5.305683E+01
   -2.357066E+00   5.305310E+01
   -2.379344E+00   5.305095E+01
   -2.382763E+00   5.303883E+01
   -2.382697E+00   5.303330E+01
   -2.378099E+00   5.302781E+01
   -2.380511E+00   5.302568E+01
   -2.368768E+00   5.301454E+01
   -2.373855E+00   5.300913E+01
   -2.380063E+00   5.300714E+01
   -2.378294E+00   5.300089E+01
   -2.380051E+00   5.299672E+01
   -2.403323E+00   5.299340E+01
   -2.403651E+00   5.298989E+01
   -2.410591E+00   5.298624E+01
   -2.435397E+00   5.298483E+01
   -2.432400E+00   5.297984E+01
   -2.433656E+00   5.296812E+01
   -2.442866E+00   5.296863E+01
   -2.449895E+00   5.296439E+01
   -2.474785E+00   5.296065E+01
   -2.480968E+00   5.295713E+01
   -2.492424E+00   5.296603E+01
   -2.498478E+00   5.296680E+01
   -2.507262E+00   5.296325E+01
   -2.512156E+00   5.296553E+01
   -2.514284E+00   5.296988E+01
   -2.520309E+00   5.297173E+01
   -2.521889E+00   5.295336E+01
   -2.529037E+00   5.294553E+01
   -2.537477E+00   5.294806E+01
   -2.547109E+00   5.295529E+01
   -2.554569E+00   5.295601E+01
   -2.561877E+00   5.296251E+01
   -2.576585E+00   5.295438E+01
   -2.587253E+00   5.295390E+01
   -2.599040E+00   5.296197E+01
   -2.599191E+00   5.297345E+01
   -2.600804E+00   5.297709E+01
   -2.607219E+00   5.297860E+01
   -2.605637E+00   5.298207E+01
   -2.608818E+00   5.298639E+01
   -2.622473E+00   5.298512E+01
   -2.632508E+00   5.299484E+01
   -2.642558E+00   5.299180E+01
   -2.651944E+00   5.299320E+01
   -2.674538E+00   5.298397E+01
   -2.687692E+00   5.298524E+01
   -2.698479E+00   5.299351E+01
   -2.711046E+00   5.298460E+01
   -2.725555E+00   5.298123E+01
   -2.744076E+00   5.298545E+01
   -2.760429E+00   5.298480E+01
   -2.767354E+00   5.299273E+01
   -2.777899E+00   5.299182E+01
END
END
