none
1
   -5.925128E+01   4.349175E+01
   -6.502339E+01   4.210691E+01
   -6.652283E+01   4.361294E+01
   -6.675520E+01   4.425247E+01
   -6.672007E+01   4.431611E+01
   -6.597265E+01   4.483308E+01
   -6.477388E+01   4.556880E+01
   -6.449129E+01   4.571130E+01
   -6.435835E+01   4.586079E+01
   -6.432831E+01   4.586669E+01
   -6.428487E+01   4.584311E+01
   -6.426412E+01   4.587365E+01
   -6.419952E+01   4.593314E+01
   -6.415866E+01   4.597732E+01
   -6.414814E+01   4.598239E+01
   -6.405216E+01   4.597817E+01
   -6.404560E+01   4.600496E+01
   -6.403825E+01   4.602439E+01
   -6.357805E+01   4.611011E+01
   -6.332950E+01   4.607815E+01
   -6.310207E+01   4.601273E+01
   -6.296558E+01   4.591666E+01
   -6.244420E+01   4.590092E+01
   -6.211600E+01   4.604710E+01
   -6.133284E+01   4.700041E+01
   -5.962477E+01   4.742182E+01
   -5.822593E+01   4.466433E+01
   -5.925128E+01   4.349175E+01
END
END
