none
1
   8.213885E+00   4.896443E+01
   8.226564E+00   4.896707E+01
   8.220463E+00   4.897391E+01
   8.200588E+00   4.896594E+01
   8.198942E+00   4.896627E+01
   8.181525E+00   4.897497E+01
   8.136004E+00   4.897615E+01
   8.123084E+00   4.898431E+01
   8.089781E+00   4.898589E+01
   8.061984E+00   4.899979E+01
   8.057944E+00   4.900612E+01
   8.020358E+00   4.901500E+01
   7.973791E+00   4.902357E+01
   7.968164E+00   4.903116E+01
   7.949187E+00   4.904290E+01
   7.943392E+00   4.904361E+01
   7.933829E+00   4.904664E+01
   7.924977E+00   4.904274E+01
   7.918354E+00   4.903687E+01
   7.913496E+00   4.903543E+01
   7.902158E+00   4.904208E+01
   7.896681E+00   4.903980E+01
   7.885909E+00   4.904048E+01
   7.877354E+00   4.903621E+01
   7.866487E+00   4.903208E+01
   7.822440E+00   4.904262E+01
   7.796229E+00   4.906206E+01
   7.781872E+00   4.905217E+01
   7.764827E+00   4.904449E+01
   7.733560E+00   4.904188E+01
   7.730513E+00   4.904481E+01
   7.731918E+00   4.904983E+01
   7.729593E+00   4.904985E+01
   7.729734E+00   4.905347E+01
   7.722822E+00   4.905009E+01
   7.703941E+00   4.905236E+01
   7.686930E+00   4.904510E+01
   7.663249E+00   4.904163E+01
   7.629054E+00   4.905089E+01
   7.625067E+00   4.906600E+01
   7.598006E+00   4.907856E+01
   7.574998E+00   4.907389E+01
   7.548047E+00   4.907928E+01
   7.524042E+00   4.909620E+01
   7.510832E+00   4.911763E+01
   7.500473E+00   4.912124E+01
   7.495797E+00   4.913018E+01
   7.483102E+00   4.913350E+01
   7.484419E+00   4.914120E+01
   7.493760E+00   4.914777E+01
   7.489537E+00   4.915329E+01
   7.484910E+00   4.916175E+01
   7.457976E+00   4.915856E+01
   7.426129E+00   4.916247E+01
   7.430451E+00   4.917322E+01
   7.415105E+00   4.917414E+01
   7.367616E+00   4.916871E+01
   7.370643E+00   4.916155E+01
   7.366684E+00   4.915482E+01
   7.365695E+00   4.915404E+01
   7.341704E+00   4.915507E+01
   7.284731E+00   4.919949E+01
   7.274546E+00   4.923712E+01
   7.324994E+00   4.928282E+01
   7.358732E+00   4.928448E+01
   7.368280E+00   4.932059E+01
   7.382921E+00   4.935191E+01
   7.361596E+00   4.935170E+01
   7.281071E+00   4.937823E+01
   7.277888E+00   4.940640E+01
   7.242559E+00   4.941831E+01
   7.238103E+00   4.944832E+01
   7.274069E+00   4.945764E+01
   7.267226E+00   4.953247E+01
   7.256722E+00   4.956118E+01
   7.244946E+00   4.955581E+01
   7.201660E+00   4.955416E+01
   7.155827E+00   4.958615E+01
   7.112541E+00   4.958471E+01
   7.080279E+00   4.959054E+01
   7.030105E+00   4.962749E+01
   6.987226E+00   4.961145E+01
   6.938710E+00   4.960572E+01
   6.865107E+00   4.959455E+01
   6.836152E+00   4.957047E+01
   6.717349E+00   4.954065E+01
   6.692593E+00   4.952279E+01
   6.672922E+00   4.952279E+01
   6.671375E+00   4.953111E+01
   6.647503E+00   4.952953E+01
   6.611034E+00   4.950571E+01
   6.578321E+00   4.950284E+01
   6.553566E+00   4.952193E+01
   6.484163E+00   4.951432E+01
   6.440399E+00   4.952422E+01
   6.381163E+00   4.953039E+01
   6.361847E+00   4.954179E+01
   6.377187E+00   4.955537E+01
   6.351524E+00   4.957099E+01
   6.379911E+00   4.960125E+01
   6.394828E+00   4.960432E+01
   6.417334E+00   4.962148E+01
   6.424505E+00   4.963880E+01
   6.435381E+00   4.965661E+01
   6.422394E+00   4.965911E+01
   6.421196E+00   4.966548E+01
   6.421224E+00   4.966551E+01
   6.441718E+00   4.967839E+01
   6.460014E+00   4.969525E+01
   6.498548E+00   4.971511E+01
   6.489666E+00   4.972528E+01
   6.498748E+00   4.973063E+01
   6.496941E+00   4.975698E+01
   6.514172E+00   4.976235E+01
   6.513639E+00   4.976864E+01
   6.505388E+00   4.977323E+01
   6.505359E+00   4.977340E+01
   6.511629E+00   4.978184E+01
   6.503215E+00   4.978668E+01
   6.502496E+00   4.979113E+01
   6.503394E+00   4.979238E+01
   6.506265E+00   4.979489E+01
   6.516753E+00   4.979769E+01
   6.507945E+00   4.980047E+01
   6.502009E+00   4.980842E+01
   6.492268E+00   4.980857E+01
   6.486302E+00   4.981093E+01
   6.478022E+00   4.981737E+01
   6.470229E+00   4.982020E+01
   6.469856E+00   4.981992E+01
   6.469616E+00   4.982000E+01
   6.467407E+00   4.981808E+01
   6.456836E+00   4.981015E+01
   6.443199E+00   4.980999E+01
   6.437842E+00   4.981203E+01
   6.431023E+00   4.980857E+01
   6.423305E+00   4.981169E+01
   6.423200E+00   4.981184E+01
   6.422500E+00   4.981455E+01
   6.409837E+00   4.981565E+01
   6.397379E+00   4.981963E+01
   6.388132E+00   4.982681E+01
   6.375866E+00   4.983654E+01
   6.362473E+00   4.984847E+01
   6.348821E+00   4.984708E+01
   6.344286E+00   4.984670E+01
   6.344248E+00   4.984661E+01
   6.342504E+00   4.984643E+01
   6.340800E+00   4.983952E+01
   6.333095E+00   4.983455E+01
   6.331737E+00   4.983416E+01
   6.326189E+00   4.983403E+01
   6.317422E+00   4.983842E+01
   6.316144E+00   4.984296E+01
   6.319955E+00   4.985115E+01
   6.315714E+00   4.985505E+01
   6.310360E+00   4.986041E+01
   6.311578E+00   4.986606E+01
   6.307438E+00   4.986794E+01
   6.307213E+00   4.986781E+01
   6.307172E+00   4.986783E+01
   6.301177E+00   4.986478E+01
   6.296146E+00   4.986468E+01
   6.293046E+00   4.986611E+01
   6.288753E+00   4.987119E+01
   6.288344E+00   4.987201E+01
   6.287782E+00   4.987233E+01
   6.286982E+00   4.987328E+01
   6.285895E+00   4.987342E+01
   6.281196E+00   4.987613E+01
   6.275749E+00   4.987474E+01
   6.274320E+00   4.987493E+01
   6.258781E+00   4.988016E+01
   6.244051E+00   4.989360E+01
   6.240635E+00   4.989445E+01
   6.233699E+00   4.989723E+01
   6.224913E+00   4.990912E+01
   6.224167E+00   4.991181E+01
   6.230661E+00   4.991348E+01
   6.230565E+00   4.991365E+01
   6.230730E+00   4.991367E+01
   6.227321E+00   4.991932E+01
   6.220502E+00   4.992042E+01
   6.217823E+00   4.992465E+01
   6.221720E+00   4.992904E+01
   6.217823E+00   4.993421E+01
   6.216362E+00   4.994126E+01
   6.210419E+00   4.994759E+01
   6.210410E+00   4.994766E+01
   6.209115E+00   4.994761E+01
   6.196759E+00   4.994761E+01
   6.190671E+00   4.995294E+01
   6.190077E+00   4.995284E+01
   6.190034E+00   4.995288E+01
   6.189766E+00   4.995279E+01
   6.176986E+00   4.995066E+01
   6.176293E+00   4.995090E+01
   6.171615E+00   4.995660E+01
   6.171305E+00   4.995901E+01
   6.160681E+00   4.997082E+01
   6.164858E+00   4.998395E+01
   6.155118E+00   4.998505E+01
   6.148681E+00   4.998784E+01
   6.137339E+00   4.999483E+01
   6.134175E+00   4.999749E+01
   6.135445E+00   4.999982E+01
   6.142877E+00   5.000301E+01
   6.146915E+00   5.000774E+01
   6.135704E+00   5.000916E+01
   6.130844E+00   5.001314E+01
   6.125267E+00   5.001838E+01
   6.130435E+00   5.002199E+01
   6.136704E+00   5.001949E+01
   6.140625E+00   5.002169E+01
   6.125747E+00   5.002861E+01
   6.125956E+00   5.003129E+01
   6.129631E+00   5.004252E+01
   6.116150E+00   5.005290E+01
   6.109129E+00   5.005499E+01
   6.112149E+00   5.006695E+01
   6.120477E+00   5.007084E+01
   6.114611E+00   5.007267E+01
   6.116349E+00   5.009374E+01
   6.124016E+00   5.009687E+01
   6.124042E+00   5.009698E+01
   6.124191E+00   5.009703E+01
   6.124172E+00   5.009753E+01
   6.125537E+00   5.010328E+01
   6.123674E+00   5.011034E+01
   6.123518E+00   5.011434E+01
   6.133586E+00   5.013055E+01
   6.141968E+00   5.013739E+01
   6.141988E+00   5.013790E+01
   6.148776E+00   5.014093E+01
   6.147289E+00   5.014614E+01
   6.129474E+00   5.014880E+01
   6.128993E+00   5.015054E+01
   6.130732E+00   5.015740E+01
   6.140082E+00   5.015733E+01
   6.131864E+00   5.016888E+01
   6.132227E+00   5.017016E+01
   6.133097E+00   5.017106E+01
   6.144425E+00   5.018042E+01
   6.180443E+00   5.018334E+01
   6.180360E+00   5.018359E+01
   6.183067E+00   5.018378E+01
   6.177330E+00   5.019274E+01
   6.174706E+00   5.020066E+01
   6.173969E+00   5.021064E+01
   6.167887E+00   5.021398E+01
   6.156822E+00   5.022106E+01
   6.160428E+00   5.022506E+01
   6.167865E+00   5.023075E+01
   6.169646E+00   5.023528E+01
   6.170094E+00   5.023578E+01
   6.171981E+00   5.023685E+01
   6.193317E+00   5.023908E+01
   6.200669E+00   5.025149E+01
   6.211925E+00   5.025747E+01
   6.219297E+00   5.025972E+01
   6.264822E+00   5.026583E+01
   6.278459E+00   5.027252E+01
   6.278299E+00   5.027300E+01
   6.281624E+00   5.027305E+01
   6.276548E+00   5.027827E+01
   6.275635E+00   5.028101E+01
   6.285336E+00   5.029668E+01
   6.295691E+00   5.031333E+01
   6.307824E+00   5.032247E+01
   6.333043E+00   5.032413E+01
   6.341105E+00   5.032173E+01
   6.343800E+00   5.031925E+01
   6.352564E+00   5.031831E+01
   6.358797E+00   5.031645E+01
   6.382171E+00   5.032333E+01
   6.391522E+00   5.032264E+01
   6.402186E+00   5.032711E+01
   6.399327E+00   5.033692E+01
   6.396627E+00   5.034639E+01
   6.372137E+00   5.035408E+01
   6.361372E+00   5.038383E+01
   6.413309E+00   5.038931E+01
   6.450653E+00   5.036932E+01
   6.463530E+00   5.034386E+01
   6.515467E+00   5.037014E+01
   6.605605E+00   5.038794E+01
   6.615692E+00   5.037056E+01
   6.684369E+00   5.037028E+01
   6.701539E+00   5.033961E+01
   6.777513E+00   5.035851E+01
   6.759914E+00   5.038315E+01
   6.763348E+00   5.040668E+01
   6.735005E+00   5.042271E+01
   6.729640E+00   5.043382E+01
   6.745065E+00   5.044194E+01
   6.724945E+00   5.045902E+01
   6.733664E+00   5.047226E+01
   6.796037E+00   5.048847E+01
   6.817498E+00   5.046671E+01
   6.849355E+00   5.045432E+01
   6.882218E+00   5.046585E+01
   6.882889E+00   5.049146E+01
   6.874170E+00   5.050085E+01
   6.868805E+00   5.052686E+01
   6.912399E+00   5.053070E+01
   6.904351E+00   5.054604E+01
   6.912399E+00   5.056096E+01
   6.939896E+00   5.056650E+01
   6.998245E+00   5.057161E+01
   7.020706E+00   5.059427E+01
   7.044425E+00   5.061035E+01
   7.056149E+00   5.061069E+01
   7.072052E+00   5.060351E+01
   7.071782E+00   5.059239E+01
   7.090649E+00   5.059239E+01
   7.091458E+00   5.060060E+01
   7.107090E+00   5.061616E+01
   7.119219E+00   5.061634E+01
   7.140512E+00   5.060590E+01
   7.147655E+00   5.061847E+01
   7.165713E+00   5.062292E+01
   7.181615E+00   5.063728E+01
   7.196170E+00   5.065352E+01
   7.216052E+00   5.065409E+01
   7.217368E+00   5.063323E+01
   7.269352E+00   5.063490E+01
   7.335704E+00   5.065190E+01
   7.358552E+00   5.072196E+01
   7.480105E+00   5.072645E+01
   7.590919E+00   5.077242E+01
   7.648953E+00   5.077487E+01
   7.652152E+00   5.082397E+01
   7.702875E+00   5.084793E+01
   7.748081E+00   5.088408E+01
   7.723870E+00   5.091564E+01
   7.723870E+00   5.092785E+01
   7.745391E+00   5.092852E+01
   7.766374E+00   5.093497E+01
   7.770140E+00   5.094548E+01
   7.801345E+00   5.095293E+01
   7.826094E+00   5.093870E+01
   7.843849E+00   5.093903E+01
   7.849767E+00   5.093124E+01
   7.836854E+00   5.091021E+01
   7.831474E+00   5.088646E+01
   7.882586E+00   5.088544E+01
   7.911639E+00   5.085352E+01
   7.963827E+00   5.085488E+01
   7.979968E+00   5.083280E+01
   7.972974E+00   5.078112E+01
   8.044261E+00   5.073449E+01
   8.050179E+00   5.071031E+01
   8.083537E+00   5.071576E+01
   8.126040E+00   5.070486E+01
   8.133572E+00   5.068747E+01
   8.114204E+00   5.067043E+01
   8.149713E+00   5.064007E+01
   8.154555E+00   5.061959E+01
   8.145409E+00   5.061481E+01
   8.172237E+00   5.060587E+01
   8.163620E+00   5.055186E+01
   8.122220E+00   5.052602E+01
   8.051785E+00   5.054412E+01
   8.006077E+00   5.049553E+01
   8.031554E+00   5.047145E+01
   8.033801E+00   5.044808E+01
   8.006077E+00   5.043758E+01
   8.005702E+00   5.041323E+01
   8.065835E+00   5.038863E+01
   8.118661E+00   5.032864E+01
   8.132523E+00   5.030280E+01
   8.130650E+00   5.025755E+01
   8.076512E+00   5.022808E+01
   8.025934E+00   5.020171E+01
   7.997085E+00   5.021861E+01
   7.922154E+00   5.019463E+01
   7.898551E+00   5.017064E+01
   7.942011E+00   5.013944E+01
   7.942386E+00   5.010124E+01
   7.920281E+00   5.009019E+01
   7.889559E+00   5.010605E+01
   7.856589E+00   5.011470E+01
   7.844600E+00   5.007949E+01
   7.811256E+00   5.007708E+01
   7.791774E+00   5.006915E+01
   7.791025E+00   5.005303E+01
   7.859212E+00   5.001501E+01
   7.875322E+00   4.997672E+01
   7.964490E+00   4.998153E+01
   8.036424E+00   5.001116E+01
   8.102925E+00   5.002295E+01
   8.204082E+00   5.004341E+01
   8.241173E+00   5.004173E+01
   8.320975E+00   4.998346E+01
   8.343829E+00   4.996346E+01
   8.361812E+00   4.991331E+01
   8.344578E+00   4.988821E+01
   8.357317E+00   4.986914E+01
   8.391223E+00   4.986250E+01
   8.382981E+00   4.982698E+01
   8.409581E+00   4.980232E+01
   8.418947E+00   4.977813E+01
   8.434683E+00   4.976930E+01
   8.474396E+00   4.977463E+01
   8.484887E+00   4.976204E+01
   8.445173E+00   4.972016E+01
   8.390848E+00   4.970611E+01
   8.363124E+00   4.969278E+01
   8.360501E+00   4.967884E+01
   8.372865E+00   4.966138E+01
   8.389350E+00   4.962451E+01
   8.408832E+00   4.961213E+01
   8.427190E+00   4.957873E+01
   8.418947E+00   4.955808E+01
   8.450793E+00   4.949388E+01
   8.471399E+00   4.946759E+01
   8.445923E+00   4.945590E+01
   8.450419E+00   4.944835E+01
   8.497250E+00   4.944835E+01
   8.513735E+00   4.943593E+01
   8.501746E+00   4.941546E+01
   8.505868E+00   4.939108E+01
   8.505118E+00   4.936961E+01
   8.491631E+00   4.934802E+01
   8.460909E+00   4.933166E+01
   8.455664E+00   4.931945E+01
   8.487884E+00   4.931017E+01
   8.493879E+00   4.929038E+01
   8.460534E+00   4.928232E+01
   8.448171E+00   4.926203E+01
   8.416887E+00   4.925078E+01
   8.392909E+00   4.923317E+01
   8.414639E+00   4.923097E+01
   8.379796E+00   4.916095E+01
   8.368182E+00   4.909917E+01
   8.343080E+00   4.908150E+01
   8.311234E+00   4.904001E+01
   8.303366E+00   4.900808E+01
   8.276766E+00   4.898718E+01
   8.232556E+00   4.896259E+01
   8.213885E+00   4.896443E+01
END
END
