Краснодарский край
1
	38.5752029086	47.0430950566
	38.5778117595	47.0421870703
	38.6180569552	47.0493392589
	38.6260514874	47.0505752442
	38.6377648084	47.0517289056
	38.6495285034	47.0521140091
	38.6583553668	47.051897289
	38.6828113909	47.0506956593
	38.6857482226	47.050527276
	38.6974615436	47.0493736146
	38.7090743324	47.0474563354
	38.7205368614	47.0447836485
	38.731800046	47.0413669988
	38.7428156558	47.0372210168
	38.7535365201	47.0323634564
	38.7639167305	47.0268151183
	38.7739118375	47.0205997614
	38.7834790403	47.0137440008
	38.7925773709	47.0062771939
	38.8007057557	46.9986641307
	38.8113969571	46.9978209302
	38.8210121849	47.0000091308
	38.8326249737	47.00192641
	38.8411877114	47.0028457656
	38.8511822182	47.0036773696
	38.8543328016	47.0039116754
	38.8660964966	47.0042967789
	38.8697379419	47.0042599137
	38.8972419092	47.0037029679
	38.9053641588	47.0033547296
	38.9130925221	47.0026805283
	38.9308690114	47.0007426621
	38.9348539691	47.000263202
	38.946466758	46.9983459228
	38.9579292869	46.9956732359
	38.9691924716	46.9922565862
	38.9802080813	46.9881106042
	38.9909289456	46.9832530438
	39.0013091561	46.9777047057
	39.011304263	46.9714893488
	39.0208714659	46.9646335882
	39.0299697964	46.9571667813
	39.0385602942	46.9491209021
	39.0466061734	46.9405304043
	39.0540729803	46.9314320738
	39.0609287409	46.9218648709
	39.0671440978	46.911869764
	39.069143264	46.9083146162
	39.0708141014	46.9052628584
	39.0743632733	46.8984377957
	39.0792208337	46.8877169314
	39.0833668157	46.8767013217
	39.0846462819	46.8724834867
	39.0900615412	46.8800404722
	39.0975283481	46.8891388028
	39.1055742273	46.8977293006
	39.1141647251	46.9057751797
	39.1232630556	46.9132419867
	39.1328302585	46.9200977473
	39.1428253654	46.9263131042
	39.1532055759	46.9318614423
	39.1639264402	46.9367190027
	39.1749420499	46.9408649846
	39.1862052346	46.9442816343
	39.1976677635	46.9469543212
	39.2092805523	46.9488716004
	39.2209938734	46.9500252618
	39.2327575684	46.9504103653
	39.2341011576	46.9504053469
	39.2718895487	46.9501230594
	39.2823096545	46.9497429742
	39.2828181977	46.9497089189
	39.3027595728	46.9483451307
	39.3233737845	46.9509572914
	39.3238874869	46.951099686
	39.3250393329	46.9514148559
	39.3303476535	46.9551014094
	39.3357367499	46.9585650806
	39.3393301947	46.9607852344
	39.3439362053	46.9635369201
	39.3543164157	46.9690852582
	39.36503728	46.9739428186
	39.3760528898	46.9780888005
	39.3873160744	46.9815054502
	39.3987786033	46.9841781371
	39.4103913922	46.9860954163
	39.4136908161	46.9864988141
	39.4284231769	46.9881620221
	39.4368370741	46.9889122858
	39.448600769	46.9892973893
	39.457498051	46.9890771953
	39.4744429363	46.9882379619
	39.4773093493	46.9880730524
	39.4890226703	46.9869193909
	39.5006354592	46.9850021117
	39.5120979881	46.9823294249
	39.5222358159	46.9792906453
	39.5263938359	46.9779097249
	39.5275191928	46.9775318547
	39.5336944532	46.975309185
	39.536169502	46.9749725784
	39.5660907984	46.9739100407
	39.5714713366	46.9736382379
	39.5831846576	46.9724845765
	39.5947974465	46.9705672973
	39.596543911	46.9702108988
	39.6018310814	46.9691046366
	39.6115471458	46.9667883482
	39.6228103305	46.9633716985
	39.6338259402	46.9592257165
	39.6349635683	46.9587499203
	39.6436166174	46.9595809933
	39.6490486829	46.9600197687
	39.6608123779	46.9604048722
	39.6710134552	46.9601153602
	39.6820472146	46.9634543028
	39.6935097435	46.9661269897
	39.7051225323	46.9680442689
	39.708676941	46.9684762689
	39.7136741944	46.9690332147
	39.7218331068	46.9697548761
	39.7335968018	46.9701399796
	39.7436739707	46.9698574636
	39.7809881482	46.9677635928
	39.8052241128	46.9684059919
	39.8217536242	46.9680840387
	39.8334669452	46.9669303773
	39.8450797341	46.9650130981
	39.8490646708	46.9641734382
	39.8540695536	46.9630595466
	39.8615471458	46.9612265196
	39.8728103305	46.9578098699
	39.8838259402	46.9536638879
	39.8945468045	46.9488063275
	39.8971757287	46.9474830365
	40.006770224	46.9511418199
	40.0096768186	46.9512153426
	40.0500210569	46.9519096175
	40.0648795397	46.9515511407
	40.0765928607	46.9503974793
	40.0882056496	46.9484802001
	40.0996681785	46.9458075132
	40.1109313632	46.9423908635
	40.1219469729	46.9382448816
	40.1326678372	46.9333873212
	40.1430480477	46.9278389831
	40.1530431546	46.9216236262
	40.1626103575	46.9147678656
	40.171708688	46.9073010587
	40.1790015791	46.9005396801
	40.1795937156	46.9003820982
	40.1908569003	46.8969654485
	40.20187251	46.8928194665
	40.2125933743	46.8879619061
	40.2229735848	46.8824135681
	40.2329686917	46.8761982111
	40.2425358946	46.8693424505
	40.2516342251	46.8618756436
	40.2602247229	46.8538297644
	40.2682706021	46.8452392666
	40.2755838159	46.8363408124
	40.2783609155	46.8327321087
	40.2785145086	46.8325322325
	40.2853702693	46.8229650296
	40.2915856262	46.8129699227
	40.2971339642	46.8025897122
	40.3019915246	46.7918688479
	40.3061375066	46.7808532382
	40.3095541563	46.7695900535
	40.3122268432	46.7581275246
	40.3141441224	46.7465147357
	40.3152977838	46.7348014147
	40.3156828873	46.7230377197
	40.3152977838	46.7112740247
	40.3141441224	46.6995607037
	40.3122268432	46.6879479149
	40.3108749124	46.6817285139
	40.3133873243	46.6799456924
	40.3183922071	46.6763293594
	40.322545355	46.6732364935
	40.3316436856	46.6657696866
	40.3402341834	46.6577238074
	40.3482800626	46.6491333096
	40.3557468695	46.640034979
	40.3626026301	46.6304677762
	40.3680305295	46.6218230005
	40.3708076291	46.6171080347
	40.3715950866	46.6157577034
	40.3771434247	46.605377493
	40.3803602265	46.5984913921
	40.3804677762	46.5984195857
	40.390034979	46.591563825
	40.3991333096	46.5840970181
	40.4077238074	46.5760511389
	40.4118709084	46.5717641748
	40.4157618996	46.5676061548
	40.4196606778	46.5633026211
	40.4271274847	46.5542042906
	40.4339832453	46.5446370877
	40.4401986022	46.5346419808
	40.4457469403	46.5242617703
	40.4506045007	46.513540906
	40.4547504827	46.5025252963
	40.4581671324	46.4912621116
	40.4608398193	46.4797995827
	40.4626234438	46.4691805874
	40.4643019106	46.4569582974
	40.464353401	46.4565754385
	40.482663947	46.4562817294
	40.4974709626	46.456718109
	40.5027694702	46.4567961686
	40.5053088886	46.4567782413
	40.5407906407	46.4562772417
	40.5646007997	46.4569902382
	40.569984436	46.4570708268
	40.5730090384	46.4570453941
	40.6189632214	46.4562725186
	40.6475160858	46.4569011315
	40.6676477922	46.4586307821
	40.6712807386	46.4589058771
	40.6776323128	46.4592095368
	40.7240114022	46.460605716
	40.7411872179	46.4603020563
	40.752900539	46.4591483948
	40.7645133278	46.4572311156
	40.7759758567	46.4545584288
	40.7872390414	46.451141779
	40.7982546511	46.4469957971
	40.806621527	46.4432778944
	40.8124656432	46.4405007948
	40.8148196316	46.4393611371
	40.8238440219	46.4345375
	40.8320032321	46.4403843073
	40.8419983391	46.4465996642
	40.8523785495	46.4521480023
	40.8630994138	46.4570055627
	40.8741150235	46.4611515447
	40.8853782082	46.4645681944
	40.8968407371	46.4672408813
	40.908453526	46.4691581605
	40.920166847	46.4703118219
	40.931930542	46.4706969254
	40.9342888478	46.4706814642
	40.9400962258	46.4723425474
	40.9515587547	46.4750152343
	40.9631715436	46.4769325135
	40.9748848646	46.4780861749
	40.9754001473	46.4781192056
	40.9842883919	46.4786761514
	40.9847613549	46.4786754725
	40.9955368042	46.4790282242
	41.0073004992	46.4786431207
	41.0190138202	46.4774894593
	41.0306266091	46.4755721801
	41.042089138	46.4728994932
	41.0533523226	46.4694828435
	41.0643679324	46.4653368616
	41.0750887967	46.4604793011
	41.0854690071	46.4549309631
	41.0954641141	46.4487156062
	41.1050313169	46.4418598455
	41.1141296475	46.4343930386
	41.1227201453	46.4263471594
	41.1307660245	46.4177566616
	41.1382328314	46.4086583311
	41.145088592	46.3990911282
	41.1505359466	46.3904133135
	41.1533206756	46.3856830889
	41.1540886779	46.3843657967
	41.159637016	46.3739855862
	41.1644945764	46.3632647219
	41.1686405583	46.3522491122
	41.1720572081	46.3409859275
	41.1747298949	46.3295233986
	41.1766471741	46.3179106098
	41.1766524948	46.3178701598
	41.1774917282	46.3114843566
	41.178640069	46.2998114855
	41.1790251725	46.2880477905
	41.1788747799	46.280694022
	41.1788716719	46.2806180669
	41.1789070978	46.2800895006
	41.1792922013	46.2683258057
	41.179146885	46.2610971599
	41.1790778846	46.2593816652
	41.1794789488	46.2590748114
	41.1885772793	46.2516080045
	41.1971677771	46.2435621253
	41.2015392213	46.2390349825
	41.2053973141	46.2348969887
	41.2059329129	46.2346339642
	41.2163131233	46.2290856262
	41.2263082303	46.2228702693
	41.2358754331	46.2160145086
	41.2449737637	46.2085477017
	41.2535642615	46.2005018225
	41.2616101407	46.1919113247
	41.2690769476	46.1828129942
	41.2759327082	46.1732457913
	41.2821480651	46.1632506844
	41.2876964032	46.1528704739
	41.2925539636	46.1421496096
	41.2956031961	46.1342694938
	41.2965770184	46.1323245145
	41.3014345788	46.1216036502
	41.3049662692	46.1123670512
	41.3068100583	46.1071165736
	41.3092655329	46.1035360135
	41.3154808898	46.0935409065
	41.3210292279	46.0831606961
	41.3258867883	46.0724398318
	41.3300327702	46.0614242221
	41.33344942	46.0501610374
	41.3349705424	46.0436372989
	41.3456576443	46.038795036
	41.3560378548	46.0332466979
	41.3660329617	46.027031341
	41.3756001646	46.0201755804
	41.3846984951	46.0127087735
	41.3932889929	46.0046628943
	41.4013348721	45.9960723965
	41.408801679	45.986974066
	41.4156574397	45.9774068631
	41.4218727966	45.9674117562
	41.4274211346	45.9570315457
	41.4322786951	45.9463106814
	41.436424677	45.9352950717
	41.4398413267	45.924031887
	41.4425140136	45.9125693581
	41.4443570924	45.9015134553
	41.445181067	45.8954023103
	41.4452552674	45.8948454242
	41.4464089288	45.8831321032
	41.446505653	45.8801774868
	41.4469957971	45.8790957156
	41.451141779	45.8680801058
	41.4530820867	45.8620132759
	41.4547529241	45.8564514472
	41.4562292662	45.8512550926
	41.458901953	45.8397925636
	41.4608192322	45.8281797748
	41.4619728937	45.8164664538
	41.4623579972	45.8047027588
	41.4622074361	45.7973448728
	41.4616504903	45.7837416624
	41.4614159479	45.7793358534
	41.4602622864	45.7676225323
	41.4601247898	45.7666007782
	41.4598232218	45.7484075557
	41.4594628229	45.7396248548
	41.4583091614	45.7279115338
	41.4563918822	45.7162987449
	41.4537191954	45.704836216
	41.4503025456	45.6935730314
	41.4461565637	45.6825574216
	41.4412990033	45.6718365573
	41.4357506652	45.6614563469
	41.4295353083	45.6514612399
	41.4226795477	45.6418940371
	41.4152127408	45.6327957065
	41.4071668616	45.6242052087
	41.3985763638	45.6161593295
	41.3894780332	45.6086925226
	41.3799108304	45.601836762
	41.3699157234	45.5956214051
	41.359535513	45.590073067
	41.3488146487	45.5852155066
	41.337799039	45.5810695247
	41.3265358543	45.577652875
	41.3150733254	45.5749801881
	41.3105236855	45.5742290395
	41.3066006802	45.5694488437
	41.298554801	45.5608583459
	41.2899643033	45.5528124667
	41.2808659727	45.5453456598
	41.2712987698	45.5384898992
	41.2613036629	45.5322745423
	41.2509234524	45.5267262042
	41.2402025882	45.5218686438
	41.2291869784	45.5177226619
	41.2179237937	45.5143060122
	41.2064612648	45.5116333253
	41.1969060653	45.509999028
	41.1891393416	45.5088851364
	41.1870817523	45.5086021545
	41.1753684313	45.507448493
	41.1748435393	45.5074148605
	41.1739287271	45.5073575867
	41.1582286102	45.5049624816
	41.1545805316	45.5044441345
	41.1432764093	45.5033177619
	41.1396181446	45.5030696082
	41.1435934169	45.4976389988
	41.1452237271	45.4958053677
	41.152690534	45.4867070372
	41.1595462946	45.4771398343
	41.1657616515	45.4671447273
	41.1689252575	45.4614278495
	41.1714276989	45.4567052543
	41.173812431	45.4520419217
	41.1786699914	45.4413210574
	41.1828159734	45.4303054476
	41.1862326231	45.419042263
	41.18890531	45.4075797341
	41.1893612127	45.4048552506
	41.1948414674	45.4048552506
	41.2005302632	45.4052159954
	41.2043225192	45.407142204
	41.2132570947	45.4112485605
	41.2191012109	45.4137433725
	41.2208874997	45.4144945764
	41.2319031095	45.4186405583
	41.2431662942	45.4220572081
	41.2546288231	45.4247298949
	41.2662416119	45.4266471741
	41.2779549329	45.4278008356
	41.2897186279	45.4281859391
	41.3014823229	45.4278008356
	41.3131956439	45.4266471741
	41.3248084328	45.4247298949
	41.3362709617	45.4220572081
	41.3475341464	45.4186405583
	41.3585497561	45.4144945764
	41.3673371636	45.4105761708
	41.3731583916	45.4077914418
	41.3750918484	45.406852287
	41.3854720589	45.4013039489
	41.3954671658	45.395088592
	41.403657912	45.3892785534
	41.409038167	45.387580448
	41.4157062578	45.3853602942
	41.4167022372	45.385025446
	41.4277178469	45.3808794641
	41.4384387112	45.3760219037
	41.4488189217	45.3704735656
	41.4588140286	45.3642582087
	41.4683812315	45.3574024481
	41.477479562	45.3499356412
	41.4860700598	45.341889762
	41.494115939	45.3332992642
	41.5015827459	45.3242009336
	41.5084385066	45.3146337308
	41.5146538635	45.3046386238
	41.5202022015	45.2942584134
	41.525059762	45.2835375491
	41.5292057439	45.2725219393
	41.5311720955	45.2663683358
	41.5328353035	45.260821766
	41.5342856016	45.2557121848
	41.5369582885	45.2442496559
	41.5388755677	45.2326368671
	41.5400292291	45.2209235461
	41.5404143326	45.2091598511
	41.5402450694	45.2013585558
	41.5397043881	45.1889044949
	41.5485855191	45.181615939
	41.5571760169	45.1735700598
	41.5650311146	45.1651967543
	41.5667918671	45.1651824409
	41.5738754272	45.1654143326
	41.575702621	45.1654050514
	41.6034888759	45.1651227638
	41.6125787115	45.1648004299
	41.6308968877	45.1636865383
	41.6317435534	45.1636330499
	41.6372570281	45.163186437
	41.6544918303	45.161523229
	41.6606916767	45.1608161805
	41.6723044655	45.1588989013
	41.6837669944	45.1562262144
	41.69420988	45.1530858193
	41.7008779708	45.1508580361
	41.7016982699	45.1505817815
	41.7127138797	45.1464357995
	41.7234347439	45.1415782391
	41.7338149544	45.1360299011
	41.7388127754	45.1330354472
	41.7490895698	45.1266496439
	41.7540868558	45.1234287409
	41.7636540586	45.1165729803
	41.7727523892	45.1091061734
	41.781342887	45.1010602942
	41.7893887662	45.0924697964
	41.7938575618	45.087171564
	41.797458636	45.0827312564
	41.8004566473	45.0789311582
	41.8073124079	45.0693639554
	41.8135277648	45.0593688484
	41.8190761029	45.048988638
	41.8239336633	45.0382677737
	41.8280796452	45.027252164
	41.8296686259	45.022340729
	41.8330026713	45.0115069887
	41.8348303404	45.005155239
	41.8375030273	44.9936927101
	41.8394203065	44.9820799213
	41.8402167349	44.9749273885
	41.8407736807	44.9688162435
	41.8411309137	44.9642554552
	41.8415160172	44.9524917603
	41.8412526578	44.9427619819
	41.8401387662	44.9222007636
	41.8400170221	44.920166847
	41.8388633607	44.908453526
	41.8369460815	44.8968407371
	41.8367552821	44.8958947932
	41.8317580287	44.8714578425
	41.8292761412	44.8609412575
	41.8258594914	44.8496780729
	41.8219770014	44.8393020648
	41.8130963861	44.8176269549
	41.8128328943	44.8169873533
	41.8079753339	44.806266489
	41.8024269958	44.7958862785
	41.7962116389	44.7858911716
	41.7958210874	44.7853091283
	41.7849454036	44.769169034
	41.7836441454	44.7667254262
	41.7793651044	44.7573849582
	41.7738167663	44.7470047478
	41.7676014094	44.7370096408
	41.7649593088	44.733164371
	41.7598409639	44.7221228579
	41.7579722821	44.7182156467
	41.752423944	44.7078354362
	41.7462085871	44.6978403293
	41.7393528265	44.6882731264
	41.7390882569	44.6879291924
	41.7321825723	44.6789743433
	41.7325887756	44.6788918562
	41.755377777	44.674169261
	41.7654320335	44.6717825499
	41.7766952182	44.6683659001
	41.7779452486	44.6679364434
	41.7843310518	44.6657162895
	41.7940966311	44.6619997644
	41.8048174954	44.657142204
	41.8151977059	44.6515938659
	41.8251928128	44.645378509
	41.8347297681	44.638545953
	41.839444734	44.63492962
	41.8394749815	44.6349064154
	41.848573312	44.6274396085
	41.8571638098	44.6193937293
	41.865209689	44.6108032315
	41.8726764959	44.6017049009
	41.8795322566	44.5921376981
	41.8857476135	44.5821425911
	41.8888049394	44.5766259792
	41.8913150102	44.571903384
	41.8938060223	44.5670397855
	41.8986635828	44.5563189212
	41.9028095647	44.5453033114
	41.9062262144	44.5340401267
	41.9088989013	44.5225775978
	41.9108161805	44.510964809
	41.9116326861	44.5035904578
	41.9121820025	44.4974793128
	41.9125191583	44.4931403429
	41.9129042618	44.4813766479
	41.9125191583	44.469612953
	41.9113654969	44.4578996319
	41.910557432	44.4524160766
	41.9068495463	44.4296881103
	41.9062866894	44.4264270761
	41.9058212963	44.4238712289
	41.9052749389	44.4210030296
	41.902602252	44.4095405007
	41.8991856023	44.398277316
	41.8950396203	44.3872617063
	41.8901820599	44.376540842
	41.8846337219	44.3661606315
	41.8797955591	44.3582580405
	41.8828955259	44.3479363059
	41.8855682128	44.336473777
	41.8867967617	44.3296033354
	41.8891769164	44.3192466042
	41.890960541	44.3086276089
	41.8917997744	44.3025164639
	41.891933429	44.3015226703
	41.8930870904	44.2898093493
	41.8934721939	44.2780456543
	41.8934528997	44.2754112041
	41.8934473574	44.2741819826
	41.8937392228	44.2652664185
	41.8934792585	44.2555995127
	41.8923729963	44.2350459239
	41.892247857	44.2329491346
	41.8910941956	44.2212358136
	41.8891769164	44.2096230247
	41.8865042295	44.1981604958
	41.8830875798	44.1868973111
	41.8825532407	44.185346468
	41.8808478262	44.1804690718
	41.8795614805	44.1753714944
	41.8761448308	44.1641083097
	41.8719988489	44.1530926999
	41.8687701231	44.1457637735
	41.8590350157	44.1249355265
	41.857406181	44.1215435886
	41.851857843	44.1111633781
	41.8457469301	44.1013247598
	41.8363017396	44.0871569742
	41.8361972956	44.0870004855
	41.829341535	44.0774332827
	41.8218747281	44.0683349521
	41.8211185979	44.0674782557
	41.8100178288	44.0549813074
	41.8027280798	44.0472475061
	41.7941375821	44.0392016269
	41.7935673701	44.0387036834
	41.784221164	44.0242039002
	41.7825931696	44.0217233859
	41.775737409	44.0121561831
	41.7682706021	44.0030578525
	41.7602247229	43.9944673547
	41.757873508	43.9921588243
	41.7498168673	43.9843921007
	41.7435775845	43.9786547519
	41.734479254	43.971187945
	41.7249120511	43.9643321844
	41.7149169441	43.9581168275
	41.7087254022	43.9547026096
	41.6923374627	43.9460813938
	41.6881487942	43.9439472736
	41.67742793	43.9390897131
	41.6664123202	43.9349437312
	41.6567178947	43.9319550389
	41.6504956387	43.9244598301
	41.6424497595	43.9158693323
	41.6338592617	43.9078234531
	41.6247609312	43.9003566462
	41.6190005186	43.8961158129
	41.6142779234	43.8927817675
	41.6104711331	43.8901668401
	41.6004760262	43.8839514832
	41.5900958157	43.8784031451
	41.5876855221	43.8772367434
	41.5857678555	43.8750137241
	41.5777219763	43.8664232263
	41.5691314785	43.8583773471
	41.560033148	43.8509105402
	41.5504659451	43.8440547796
	41.5404708382	43.8378394227
	41.5359785585	43.8353307827
	41.5251524476	43.8294866665
	41.5192645169	43.8264469684
	41.5085436526	43.821589408
	41.4975280429	43.817443426
	41.4862648582	43.8140267763
	41.4748023293	43.8113540894
	41.4631895404	43.8094368102
	41.4514762194	43.8082831488
	41.4485291173	43.8081142611
	41.431584232	43.8072826571
	41.4110039442	43.8074515448
	41.4103692765	43.8074942704
	41.3942483659	43.808608162
	41.3894153184	43.8090076393
	41.3809868431	43.8065270815
	41.3695243141	43.8038543946
	41.3608589889	43.802349993
	41.3533592941	43.8012361014
	41.3504118305	43.8008232238
	41.3386985094	43.7996695624
	41.3269348145	43.7992844589
	41.3151711195	43.7996695624
	41.3034577984	43.8008232238
	41.2918450096	43.802740503
	41.2803824807	43.8054131899
	41.2699395951	43.808553585
	41.2632715043	43.8107813682
	41.2624512052	43.8110576228
	41.2514355954	43.8152036047
	41.2407147311	43.8200611652
	41.2303345207	43.8256095032
	41.2203394138	43.8318248601
	41.2161452124	43.8348303824
	41.2136624631	43.835764823
	41.2029415988	43.8406223834
	41.1925613884	43.8461707215
	41.1825662814	43.8523860784
	41.1729990786	43.859241839
	41.163900748	43.8667086459
	41.1553102502	43.8747545251
	41.147264371	43.8833450229
	41.1397975641	43.8924433535
	41.1339133418	43.9006547761
	41.1229531029	43.9024643189
	41.1200793216	43.9031343907
	41.1193614423	43.9015499973
	41.1138131042	43.8911697868
	41.1075977473	43.8811746799
	41.1007419867	43.871607477
	41.0932751797	43.8625091465
	41.0852293006	43.8539186487
	41.0766388028	43.8458727695
	41.0675404722	43.8384059626
	41.0579732693	43.8315502019
	41.0479781624	43.825334845
	41.037597952	43.819786507
	41.0301464208	43.8163211414
	40.9945934423	43.800764806
	40.9913241092	43.7993726111
	40.9812569783	43.7955515452
	40.9791018191	43.7946423865
	40.9680862094	43.7904964046
	40.9568230247	43.7870797548
	40.9536121877	43.78625106
	40.9469440969	43.7845954814
	40.9390669266	43.7828263998
	40.9371666497	43.7814640632
	40.9324516838	43.7781300178
	40.9320939135	43.7778840606
	40.9301992849	43.7749714227
	40.9289783625	43.7731195651
	40.9221226019	43.7635523623
	40.9150412787	43.7548950382
	40.9154143326	43.7433166504
	40.9152655159	43.7360014944
	40.9149832283	43.7290663748
	40.9147469415	43.7246178358
	40.9135932801	43.7129045147
	40.9116760009	43.7012917259
	40.909003314	43.689829197
	40.9055866643	43.6785660123
	40.9025386968	43.6702634713
	40.9041763061	43.6628516457
	40.9060935853	43.6512388568
	40.9068900137	43.644086324
	40.9074469595	43.637975179
	40.9078041925	43.6334143908
	40.908189296	43.6216506958
	40.9078041925	43.6098870008
	40.9066505311	43.5981736798
	40.9047332519	43.5865608909
	40.902060565	43.575098362
	40.8986439153	43.5638351774
	40.8969866245	43.5591653065
	40.8950334995	43.5538933949
	40.8925448083	43.547547656
	40.8876872479	43.5368267917
	40.8821389098	43.5264465812
	40.8779029131	43.5194792707
	40.8769225953	43.5101647992
	40.8750053161	43.4985520103
	40.8723326292	43.4870894814
	40.8689159795	43.4758262967
	40.8647699975	43.464810687
	40.8599124371	43.4540898227
	40.8543640991	43.4437096123
	40.8481487422	43.4337145053
	40.8412929815	43.4241473024
	40.8338261746	43.4150489719
	40.8257802954	43.4064584741
	40.8171897976	43.3984125949
	40.8080914671	43.390945788
	40.7985242642	43.3840900274
	40.7885291573	43.3778746705
	40.7781489468	43.3723263324
	40.7674280825	43.367468772
	40.7564124728	43.3633227901
	40.7451492881	43.3599061403
	40.7336867592	43.3572334534
	40.7220739704	43.3553161743
	40.7103606493	43.3541625128
	40.6985969543	43.3537774093
	40.6868332594	43.3541625128
	40.6751199383	43.3553161743
	40.6635071495	43.3572334534
	40.6602971282	43.3579024405
	40.6558596316	43.3559941626
	40.6507095011	43.3539532497
	40.6450526525	43.3518117284
	40.6433531555	43.351075241
	40.6406656924	43.3499364234
	40.6296500827	43.3457904414
	40.618386898	43.3423737917
	40.6069243691	43.3397011048
	40.5953115802	43.3377838256
	40.5835982592	43.3366301642
	40.5718345642	43.3362450607
	40.5600708692	43.3366301642
	40.5597722491	43.3366499863
	40.5518834551	43.3371802292
	40.5404687543	43.3383140685
	40.5288559654	43.3402313477
	40.5173934365	43.3429040346
	40.5173259132	43.3429221415
	40.5060522917	43.3459475961
	40.5051300332	43.3461786846
	40.4987038624	43.3470089686
	40.4982743878	43.3470649841
	40.486661599	43.3489822633
	40.4774477281	43.3510679678
	40.4666406908	43.3538145498
	40.4643920327	43.3544015322
	40.4567109082	43.3566439521
	40.4465180371	43.3598673712
	40.4429359769	43.3610416011
	40.4319203672	43.365187583
	40.4300811473	43.3659613928
	40.4282119328	43.3659078833
	40.4187667424	43.3656866309
	40.402790901	43.3660224066
	40.3930663485	43.3669255075
	40.3832291519	43.368109227
	40.3817214966	43.368109227
	40.3699578016	43.3684943305
	40.3582444806	43.3696479919
	40.3562030161	43.369928662
	40.3492297495	43.3709281126
	40.3396584251	43.3725647218
	40.3384758969	43.3728040671
	40.3234566419	43.3731597052
	40.3117433209	43.3743133666
	40.3001305321	43.3762306458
	40.2886680031	43.3789033327
	40.2774048185	43.3823199824
	40.2663892087	43.3864659644
	40.2575587389	43.390404977
	40.254075692	43.3910621888
	40.2426131631	43.3937348757
	40.231654312	43.3970485211
	40.2266172748	43.3963127258
	40.2149039538	43.3951590643
	40.2146591479	43.3951445466
	40.2090087912	43.38985241
	40.2012078818	43.3833905865
	40.2007303857	43.3822263059
	40.1958728253	43.3715054416
	40.1903244872	43.3611252312
	40.1882886095	43.3576877279
	40.1866584533	43.3481613853
	40.1839857664	43.3366988564
	40.1805691167	43.3254356717
	40.1764231348	43.314420062
	40.1715655743	43.3036991977
	40.1660172363	43.2933189873
	40.1598018794	43.2833238803
	40.1529461187	43.2737566774
	40.1454793118	43.2646583469
	40.1374334326	43.2560678491
	40.1288429348	43.2480219699
	40.1197446043	43.240555163
	40.1101774014	43.2336994024
	40.1001822945	43.2274840455
	40.089802084	43.2219357074
	40.0790812197	43.217078147
	40.06806561	43.2129321651
	40.0568024253	43.2095155153
	40.0453398964	43.2068428284
	40.0337271076	43.2049255493
	40.0220137865	43.2037718878
	40.0102500916	43.2033867843
	40.0034272537	43.203516237
	39.9931771622	43.2039053362
	39.992871667	43.203917193
	39.9851774226	43.2042223687
	39.9805420606	43.2044661627
	39.9688287396	43.2056198242
	39.9572159508	43.2075371034
	39.9457534218	43.2102097902
	39.9344902372	43.21362644
	39.9234746274	43.2177724219
	39.9162480118	43.2209533668
	39.9132864993	43.2223353109
	39.9128281334	43.2224258668
	39.9013656045	43.2250985537
	39.8901024198	43.2285152034
	39.87908681	43.2326611853
	39.8683659457	43.2375187457
	39.8579857353	43.2430670838
	39.8479906284	43.2492824407
	39.8384234255	43.2561382013
	39.8371335764	43.2571372643
	39.8339569572	43.258928595
	39.8239618503	43.2651439519
	39.8184811218	43.2689550455
	39.8129536263	43.2729528477
	39.8088671519	43.2759975147
	39.7997688213	43.2834643216
	39.7911783235	43.2915102008
	39.7831324443	43.3001006986
	39.7787808862	43.305254524
	39.7723912675	43.3131166156
	39.7692760187	43.3170611208
	39.7624202581	43.3266283237
	39.7562049012	43.3366234306
	39.7506565631	43.3470036411
	39.7478564298	43.3529535341
	39.7408799391	43.3685094906
	39.7176974515	43.3762465829
	39.7168236112	43.3765407161
	39.7058080014	43.380686698
	39.6950871372	43.3855442584
	39.6847069267	43.3910925965
	39.6771298023	43.3957202838
	39.6766567799	43.3960254596
	39.6751407658	43.3970143717
	39.6728782987	43.3977656917
	39.6618626889	43.4019116736
	39.6511418247	43.406769234
	39.6407616142	43.4123175721
	39.6307665073	43.418532929
	39.6211993044	43.4253886896
	39.6121009738	43.4328554965
	39.6035104761	43.4409013757
	39.5954645969	43.4494918735
	39.5903892487	43.4555421357
	39.576889035	43.47237258
	39.5744975763	43.4754206484
	39.5676418157	43.4849878513
	39.564661441	43.4895991399
	39.562806445	43.4903554297
	39.5520855808	43.4952129901
	39.546683187	43.4979915474
	39.5385464377	43.5023517464
	39.533568621	43.5051215272
	39.5235735141	43.5113368841
	39.5140063112	43.5181926447
	39.50820752	43.5228355714
	39.5041834079	43.5254474493
	39.494616205	43.5323032099
	39.4855178745	43.5397700168
	39.4769273767	43.547815896
	39.4688814975	43.5564063938
	39.4614146906	43.5655047243
	39.4574838726	43.5708273946
	39.4502828614	43.5753043865
	39.4453226291	43.5785022588
	39.4357554262	43.5853580194
	39.432312485	43.588067133
	39.3969131408	43.6166263154
	39.3869717548	43.6240363368
	39.3787910942	43.6284812073
	39.3687959872	43.6346965642
	39.3592287844	43.6415523249
	39.3501304538	43.6490191318
	39.341539956	43.657065011
	39.3334940768	43.6656555088
	39.3301289129	43.6696062954
	39.3283045203	43.6718118609
	39.3169921088	43.6852153986
	39.3117488581	43.6917292421
	39.3089779008	43.6954383072
	39.3015197666	43.7016314365
	39.2929292688	43.7096773157
	39.2848833896	43.7182678134
	39.2799350047	43.7241599758
	39.2790243767	43.7252926188
	39.2724573268	43.7298680669
	39.2657839602	43.7347491938
	39.2578352887	43.7412163584
	39.251869284	43.7440721973
	39.2499768161	43.7449917377
	39.2395966057	43.7505400757
	39.2296014987	43.7567554327
	39.2200342959	43.7636111933
	39.2109359653	43.7710780002
	39.2023454675	43.7791238794
	39.1942995883	43.7877143772
	39.1887754979	43.7943263737
	39.1876099972	43.7957913393
	39.1859471225	43.796600777
	39.1755669121	43.8021491151
	39.1655718051	43.808364472
	39.1560046023	43.8152202326
	39.1553433467	43.8157300747
	39.149236977	43.8185964855
	39.1461140537	43.8200993121
	39.1357338432	43.8256476502
	39.1257387363	43.8318630071
	39.1204299239	43.8355499154
	39.1187260923	43.8362454749
	39.108005228	43.8411030353
	39.0976250175	43.8466513734
	39.0900114633	43.85130257
	39.0882527255	43.852158028
	39.0778725151	43.857706366
	39.0678774081	43.8639217229
	39.0587865585	43.8704132249
	39.0535989963	43.8737521978
	39.0473438773	43.8781265208
	39.0410381835	43.8827384892
	39.0377260996	43.8852199268
	39.0286277691	43.8926867337
	39.0200372713	43.9007326129
	39.0119913921	43.9093231107
	39.0079801651	43.9140594551
	39.0044594048	43.9165410255
	38.9988927905	43.9206267552
	38.9980023737	43.9209927892
	38.9971191328	43.9213613957
	38.9955848122	43.9217652712
	38.9843216275	43.9251819209
	38.9733060178	43.9293279028
	38.9625851535	43.9341854633
	38.9597530309	43.9356132915
	38.9535045568	43.938832896
	38.9459564689	43.9429534058
	38.935961362	43.9491687627
	38.9263941591	43.9560245233
	38.9172958286	43.9634913303
	38.9087053308	43.9715372095
	38.9006594516	43.9801277072
	38.8931926447	43.9892260378
	38.8888987184	43.9952182051
	38.8793080625	43.9988278723
	38.8685871982	44.0036854327
	38.8674052824	44.0042736915
	38.8590485313	44.0057319886
	38.8559836668	44.0063694037
	38.8504828216	44.0075634743
	38.8420851572	44.0095987461
	38.8308219726	44.0130153959
	38.8198063628	44.0171613778
	38.8090854985	44.0220189382
	38.7987052881	44.0275672763
	38.7887101811	44.0337826332
	38.7792827836	44.0405312261
	38.7740662102	44.0434287171
	38.7640711032	44.049644074
	38.7545039003	44.0564998346
	38.7454055698	44.0639666415
	38.736815072	44.0720125207
	38.7322535337	44.0767438661
	38.7208933648	44.0889661584
	38.7174090239	44.0928253109
	38.7126102995	44.0985315773
	38.7039894016	44.1056307651
	38.6953989038	44.1136766443
	38.6901441508	44.1191580719
	38.6786057213	44.1210655457
	38.6671431924	44.1237382326
	38.6570870941	44.1267498906
	38.6474396446	44.1283973939
	38.6411043295	44.1297767182
	38.6326585898	44.1317756196
	38.6275313759	44.1330689821
	38.6162681913	44.1364856319
	38.6107123303	44.1384738138
	38.604188607	44.1396469361
	38.5927260781	44.142319623
	38.5814628934	44.1457362727
	38.5704472837	44.1498822547
	38.5597264194	44.1547398151
	38.5573211111	44.1559484418
	38.5512123441	44.1579013423
	38.5401967344	44.1620473242
	38.5294758701	44.1669048846
	38.5290140078	44.167133473
	38.5199638686	44.1716287892
	38.5180468811	44.171724109
	38.5134857862	44.171964942
	38.5079031573	44.172418242
	38.4969558949	44.1733798945
	38.4892182965	44.1742286804
	38.4776055076	44.1761459596
	38.4661429787	44.1788186464
	38.4613679043	44.1801689923
	38.4476464382	44.184254533
	38.441158328	44.1863208369
	38.4399728438	44.1867278667
	38.4263773339	44.1876685178
	38.41833633	44.1864242675
	38.4066230089	44.1852706061
	38.3981834899	44.1849162232
	38.387658733	44.184721676
	38.3725708621	44.1850760589
	38.3630853721	44.1859505555
	38.3561791151	44.1862700568
	38.344465794	44.1874237182
	38.3328530052	44.1893409974
	38.3213904763	44.1920136843
	38.3101272916	44.195430334
	38.2991116819	44.1995763159
	38.2883908176	44.2044338763
	38.2830341487	44.2071879397
	38.2756183773	44.2111590396
	38.2753101217	44.2113244945
	38.2598082169	44.2196645083
	38.2478153485	44.2249746616
	38.2460500218	44.2250093458
	38.2431106567	44.224913121
	38.2380078394	44.2249855199
	38.2213414271	44.2254585424
	38.2146805494	44.225771247
	38.2029672284	44.2269249084
	38.1913544395	44.2288421876
	38.1798919106	44.2315148745
	38.1686287259	44.2349315242
	38.1576131162	44.2390775061
	38.1537837805	44.2407158676
	38.135229093	44.2489098373
	38.1283375644	44.2521290363
	38.117957354	44.2576773743
	38.107962247	44.2638927312
	38.0983950441	44.2707484919
	38.0892967136	44.2782152988
	38.0807062158	44.286261178
	38.0726603366	44.2948516758
	38.0722140565	44.2953625005
	38.0716983821	44.2959550072
	38.068347216	44.2978423218
	38.0583521091	44.3040576787
	38.0487849062	44.3109134394
	38.0463757305	44.3127948047
	38.0368677919	44.3196109491
	38.0277694614	44.327077756
	38.0191789636	44.3351236352
	38.0111330844	44.343714133
	38.0036662775	44.3528124636
	37.9968105169	44.3623796664
	37.99059516	44.3723747734
	37.990268459	44.3729430248
	37.9802323917	44.3818475068
	37.9789861739	44.3826704017
	37.976779642	44.3837399066
	37.9708151869	44.3869279743
	37.9609085777	44.3885635621
	37.9596247474	44.3888237954
	37.955043296	44.3897698403
	37.9448645974	44.3921822939
	37.9336014127	44.3955989436
	37.922585803	44.3997449255
	37.9118649387	44.404602486
	37.9014847282	44.410150824
	37.8991125661	44.4115446917
	37.893085184	44.4143795551
	37.8827049736	44.4199278931
	37.8727098666	44.42614325
	37.8631426638	44.4329990107
	37.8540443332	44.4404658176
	37.8454538354	44.4485116968
	37.8439324707	44.4500514818
	37.8409590147	44.4518627218
	37.834601041	44.4559207769
	37.8250338381	44.4627765375
	37.8207258112	44.4661880125
	37.8054040278	44.4787066862
	37.7944502216	44.4768982055
	37.793820571	44.4768164408
	37.7883675159	44.4761181069
	37.7858491132	44.4752958913
	37.7765785789	44.4725427065
	37.76511605	44.4698700196
	37.7535032611	44.4679527404
	37.7417899401	44.466799079
	37.7300262451	44.4664139755
	37.7182625501	44.466799079
	37.7175996203	44.4668437596
	37.7075745922	44.4675380362
	37.696524201	44.468647017
	37.6849114121	44.4705642962
	37.6734488832	44.4732369831
	37.6666452316	44.4752043742
	37.6655213096	44.4754242188
	37.6540587807	44.4780969057
	37.6437401644	44.4811958333
	37.639559128	44.4822625544
	37.6298953527	44.4851446265
	37.6293174059	44.4851058112
	37.6175537109	44.4847207077
	37.605790016	44.4851058112
	37.5940766949	44.4862594726
	37.5868426326	44.4873619938
	37.5641632797	44.4912921096
	37.5497211977	44.4932228528
	37.5418429374	44.4944544143
	37.5387352674	44.4946311102
	37.5270219464	44.4957847717
	37.5154091575	44.4977020509
	37.5039466286	44.5003747377
	37.492683444	44.5037913875
	37.4846953985	44.5067153844
	37.4797805215	44.5079583559
	37.4685173368	44.5113750056
	37.457501727	44.5155209876
	37.4509055717	44.5184092201
	37.4411037913	44.5206178012
	37.4340880776	44.522347394
	37.4228248929	44.5257640437
	37.4118092832	44.5299100256
	37.4010884189	44.5347675861
	37.4009276517	44.5348469673
	37.3997688627	44.535235937
	37.3887532529	44.539381919
	37.3780323886	44.5442394794
	37.3676521782	44.5497878174
	37.3576570712	44.5560031744
	37.3480898684	44.562858935
	37.3409189909	44.5686594136
	37.336029636	44.5722411709
	37.3271515373	44.5770400147
	37.3171564304	44.5832553716
	37.3075892275	44.5901111322
	37.2998136997	44.596429221
	37.2956480503	44.6000112217
	37.2952412609	44.6003620739
	37.2762669567	44.6167767162
	37.2753509433	44.6175745822
	37.2704802195	44.6220064322
	37.263064448	44.6290064017
	37.2593446741	44.6326204309
	37.2512987949	44.6412109287
	37.2438319879	44.6503092592
	37.2369762273	44.6598764621
	37.2307608704	44.669871569
	37.2252125323	44.6802517795
	37.2203549719	44.6909726438
	37.2197713829	44.6923988011
	37.2149263391	44.6970659265
	37.2068804599	44.7056564243
	37.199413653	44.7147547548
	37.1925578924	44.7243219577
	37.1863425355	44.7343170646
	37.1807941974	44.7446972751
	37.175936637	44.7554181394
	37.1755946084	44.7562497429
	37.1681369501	44.7653376406
	37.1621126161	44.7736715945
	37.1566928583	44.7803942507
	37.1498370977	44.7899614536
	37.1436217408	44.7999565605
	37.1380734027	44.8103367709
	37.1332158423	44.8210576352
	37.1290698604	44.832073245
	37.1256532106	44.8433364297
	37.1254944627	44.8439420981
	37.0901255392	44.8591057035
	37.0900311965	44.8591461826
	37.0884743987	44.8598146756
	37.0318295981	44.8776794781
	36.9738445645	44.8931064346
	36.970589732	44.8935859868
	36.9702121907	44.8936420213
	36.9652111226	44.894389702
	36.9567162254	44.8958687074
	36.9452536965	44.8985413942
	36.9354678334	44.9014636854
	36.9173556507	44.9074375013
	36.9158783292	44.9079318599
	36.9048627195	44.9120778418
	36.9024452576	44.913099915
	36.8961359808	44.915821831
	36.8706278376	44.9206011111
	36.8686615684	44.9209808595
	36.8571990395	44.9236535463
	36.8459358548	44.9270701961
	36.8397806594	44.9292852288
	36.8397756772	44.9292858729
	36.8393579144	44.9293403747
	36.8277451256	44.9312576539
	36.8238662362	44.9320737454
	36.8133955582	44.9343974732
	36.8090698359	44.934538955
	36.7997564655	44.9330635192
	36.7880431444	44.9319098578
	36.7852888626	44.9317505369
	36.7784789345	44.9302582032
	36.7668661457	44.928340924
	36.7551528246	44.9271872626
	36.7433891296	44.9268021591
	36.7411712395	44.9268158339
	36.7343658195	44.9268997572
	36.7248200147	44.9272711859
	36.7131066937	44.9284248473
	36.7014939049	44.9303421265
	36.6900313759	44.9330148134
	36.6787681913	44.9364314631
	36.6677525815	44.9405774451
	36.6666810267	44.9410253562
	36.6608374978	44.9424867067
	36.6531432756	44.9447332692
	36.640058864	44.9488722158
	36.6364899015	44.950042303
	36.6355186285	44.9503751003
	36.6280236859	44.9512024047
	36.616410897	44.9531196839
	36.6049483681	44.9557923708
	36.5936851835	44.9592090205
	36.5835479006	44.9629939011
	36.579212222	44.9644046382
	36.5681966123	44.9685506201
	36.557475748	44.9734081805
	36.5470955375	44.9789565186
	36.5437849814	44.9809153659
	36.539619332	44.9834406954
	36.5329347812	44.9876972051
	36.5233675783	44.9945529657
	36.5142692478	45.0020197726
	36.50567875	45.0100656518
	36.4976328708	45.0186561496
	36.4901660639	45.0277544802
	36.4890248287	45.0292580376
	36.4799115169	45.0413964043
	36.4773779488	45.0448560989
	36.3823541114	45.1068281668
	36.3806809313	45.1079327113
	36.3711137284	45.114788472
	36.3620153979	45.1222552789
	36.3534249001	45.1303011581
	36.3453790209	45.1388916558
	36.337912214	45.1479899864
	36.3310564533	45.1575571893
	36.3248410964	45.1675522962
	36.3192927584	45.1779325067
	36.3144351979	45.1886533709
	36.310289216	45.1996689807
	36.3068725663	45.2109321654
	36.3041998794	45.2223946943
	36.3022826002	45.2340074831
	36.3011289388	45.2457208042
	36.3007438353	45.2574844991
	36.3011289388	45.2692481941
	36.3022826002	45.2809615152
	36.3041998794	45.292574304
	36.3068725663	45.3040368329
	36.310289216	45.3153000176
	36.3144351979	45.3263156273
	36.3192927584	45.3370364916
	36.3248410964	45.3474167021
	36.3310564533	45.357411809
	36.337912214	45.3669790119
	36.3452464811	45.3759260392
	36.3905545506	45.4277066901
	36.3906870904	45.4278579933
	36.3987329696	45.4364484911
	36.4073234674	45.4444943703
	36.4164217979	45.4519611772
	36.4259890008	45.4588169379
	36.4359841078	45.4650322948
	36.4463643182	45.4705806328
	36.4570851825	45.4754381932
	36.4681007922	45.4795841752
	36.4793639769	45.4830008249
	36.4908265058	45.4856735118
	36.5016142544	45.4874802295
	36.5537254777	45.4945863054
	36.6595504959	45.568098341
	36.6622382206	45.5699295846
	36.6708467905	45.5753361532
	36.6750273101	45.578302029
	36.6808027618	45.5822769436
	36.682848569	45.5836643366
	36.692843676	45.5898796935
	36.7032238864	45.5954280316
	36.7139447507	45.600285592
	36.7249603605	45.604431574
	36.7357353476	45.6077166758
	36.74301379	45.6096888743
	36.7435019875	45.6098204222
	36.7549645164	45.6124931091
	36.7665773053	45.6144103882
	36.7782906263	45.6155640497
	36.7846660935	45.615868427
	36.7932425821	45.6161254697
	36.8235180476	45.6207334619
	36.8271051068	45.6212425111
	36.8388184278	45.6223961725
	36.8505821228	45.622781276
	36.8623458178	45.6223961725
	36.8740591388	45.6212425111
	36.8856719277	45.6193252319
	36.8971344566	45.616652545
	36.9083976412	45.6132358952
	36.919413251	45.6090899133
	36.920745233	45.6085319131
	36.9517544459	45.6033457248
	36.9571746132	45.6023536437
	36.9686371421	45.5996809568
	36.9799003268	45.5962643071
	36.9909159365	45.5921183252
	37.0016368008	45.5872607648
	37.0120170113	45.5817124267
	37.0173913977	45.5784833379
	37.0405793036	45.5639954109
	37.0444273191	45.5625511654
	37.0627340513	45.5554405697
	37.0664431277	45.553952279
	37.0710190319	45.5519821959
	37.094583006	45.5414479071
	37.1007818561	45.5407409547
	37.1123946449	45.5388236755
	37.1140469325	45.5384869558
	37.1246861232	45.536266802
	37.1344963645	45.5339308348
	37.1414897025	45.531904407
	37.1707140983	45.5227910952
	37.174983945	45.5214008733
	37.1854984242	45.5174615822
	37.1899124787	45.5156487873
	37.1904768329	45.5155753968
	37.2020896218	45.5136581176
	37.2115004312	45.5115222431
	37.2224820917	45.5087180676
	37.2775185925	45.5041128022
	37.3063175279	45.5049573371
	37.3087536716	45.506259483
	37.3194745359	45.5111170434
	37.3304901456	45.5152630254
	37.3417533303	45.5186796751
	37.3532158592	45.521352362
	37.364828648	45.5232696412
	37.3751252205	45.5243248253
	37.3786607403	45.5248260377
	37.3903740614	45.5259796991
	37.4021377563	45.5263648026
	37.4139014513	45.5259796991
	37.4165283931	45.5257209679
	37.4165690909	45.5257214264
	37.4167426215	45.5462065966
	37.4178962829	45.5579199176
	37.4194771772	45.5677970471
	37.4195335399	45.570994201
	37.4167750695	45.6299886407
	37.416792577	45.6318584718
	37.4165787704	45.6383895874
	37.4169638739	45.6501532824
	37.4181175353	45.6618666034
	37.4200348145	45.6734793923
	37.4227075014	45.6849419212
	37.4261241511	45.6962051058
	37.4299276115	45.7063879049
	37.4333188773	45.7146925008
	37.4334757424	45.7150753761
	37.4386141396	45.727576139
	37.4387997962	45.7280260745
	37.4436573566	45.7387469388
	37.4492056946	45.7491271492
	37.4554210515	45.7591222562
	37.4622768122	45.768689459
	37.4652084198	45.772407629
	37.4713729706	45.78001795
	37.4759081699	45.7853981106
	37.4839540491	45.7939886084
	37.4925445468	45.8020344876
	37.4987293396	45.807217641
	37.5069538269	45.8138018085
	37.5098673647	45.816085462
	37.5194345676	45.8229412226
	37.5294296745	45.8291565795
	37.539809885	45.8347049176
	37.5499859828	45.8393357808
	37.6010113734	45.8606675679
	37.6015561399	45.8608942651
	37.6125717496	45.8650402471
	37.6238349343	45.8684568968
	37.6249710838	45.8687573524
	37.6492516319	45.8750935645
	37.6595780113	45.8774657958
	37.6711908001	45.879383075
	37.6747987866	45.8798210382
	37.676672632	45.8812786383
	37.6862398349	45.8881343989
	37.6962349418	45.8943497558
	37.6984407423	45.8956026187
	37.6996869422	45.8986918155
	37.7045445026	45.9094126797
	37.7100928406	45.9197928902
	37.7118011089	45.9226888462
	37.711975242	45.9229778397
	37.7131454022	45.9289875364
	37.7132858521	45.9297011635
	37.715958539	45.9411636924
	37.7193751887	45.9524268771
	37.7222919368	45.9603964795
	37.7299327754	45.9798399915
	37.7299919957	45.9799904895
	37.7554055089	46.0444893909
	37.7565755225	46.0473849002
	37.7614330829	46.0581057645
	37.766981421	46.0684859749
	37.7699249057	46.0734017211
	37.7791488437	46.0882637816
	37.7824207159	46.0933431424
	37.7892764765	46.1029103453
	37.7939449336	46.1087397
	37.8100276973	46.1279886624
	37.8128260471	46.1312576382
	37.8208719263	46.139848136
	37.829462424	46.1478940152
	37.8385607546	46.1553608221
	37.8419288499	46.1578832098
	37.8616890652	46.172324084
	37.8632591423	46.1734868854
	37.8703790866	46.1784977107
	37.8803741936	46.1847130676
	37.890754404	46.1902614056
	37.8965926735	46.1930114328
	37.909939387	46.1990080371
	37.9058110141	46.2008785785
	37.9018924998	46.2028708709
	37.8925579356	46.2077613128
	37.8860962395	46.2113173585
	37.8761011325	46.2175327154
	37.8665339296	46.224388476
	37.8609445307	46.2288568006
	37.8535095663	46.2350469113
	37.8534975003	46.2350569458
	37.8469760056	46.2377773245
	37.8366696262	46.2424625934
	37.8262894157	46.2480109315
	37.8162943088	46.2542262884
	37.8143994624	46.2555098969
	37.8024289424	46.2637305695
	37.7947565859	46.2693027216
	37.7856582553	46.2767695285
	37.7770677576	46.2848154077
	37.7732914039	46.288707375
	37.7473476478	46.3162647481
	37.7430781223	46.3209632785
	37.7356113153	46.3300616091
	37.7287555547	46.339628812
	37.7263201632	46.3433734736
	37.7070090787	46.3738887206
	37.6561199518	46.4542086687
	37.652288733	46.4605400566
	37.6489997858	46.4664939043
	37.6301775229	46.5021435141
	37.6211018751	46.5192956905
	37.6205954006	46.5202599339
	37.6190151096	46.5232475342
	37.6114369487	46.5375680956
	37.6105714999	46.5381427618
	37.6010042971	46.5449985224
	37.5919059665	46.5524653293
	37.5833154687	46.5605112085
	37.5825140854	46.5613176735
	37.5780165573	46.565872422
	37.5779053953	46.5659850974
	37.5739609984	46.5699867148
	37.5668276645	46.5776580722
	37.5593608576	46.5867564028
	37.552505097	46.5963236057
	37.5462897401	46.6063187126
	37.540741402	46.616698923
	37.5358838416	46.6274197873
	37.5317378596	46.6384353971
	37.5283212099	46.6496985818
	37.525648523	46.6611611107
	37.5237312438	46.6727738995
	37.5225775824	46.6844872205
	37.5221924789	46.6962509155
	37.5225775824	46.7080146105
	37.5237312438	46.7197279315
	37.525648523	46.7313407204
	37.5283212099	46.7428032493
	37.5317378596	46.754066434
	37.5358838416	46.7650820437
	37.540741402	46.775802908
	37.5428670113	46.7799753963
	37.5448392098	46.7837252437
	37.5482619385	46.7899329659
	37.5544772954	46.7999280728
	37.5613330561	46.8094952757
	37.568799863	46.8185936062
	37.5768457422	46.827184104
	37.58543624	46.8352299832
	37.5945345705	46.8426967901
	37.6041017734	46.8495525507
	37.6140968803	46.8557679077
	37.6244770908	46.8613162457
	37.6351979551	46.8661738061
	37.6462135648	46.8703197881
	37.6574767495	46.8737364378
	37.6689392784	46.8764091247
	37.6805520672	46.8783264039
	37.6922653883	46.8794800653
	37.7040290833	46.8798651688
	37.7157927782	46.8794800653
	37.7175548308	46.8793558818
	37.7212474578	46.8790774089
	37.7311987262	46.878047931
	37.7428115151	46.8761306518
	37.754274044	46.8734579649
	37.7655372287	46.8700413152
	37.7765528384	46.8658953332
	37.7830317671	46.863061201
	37.7860929899	46.8616497745
	37.7862290842	46.8620984174
	37.7903750661	46.8731140271
	37.7952326265	46.8838348914
	37.8007809646	46.8942151019
	37.8069963215	46.9042102088
	37.8138520821	46.9137774117
	37.821318889	46.9228757422
	37.8293647682	46.93146624
	37.837955266	46.9395121192
	37.8470535966	46.9469789261
	37.8566207994	46.9538346867
	37.8666159064	46.9600500436
	37.8769961168	46.9655983817
	37.8877169811	46.9704559421
	37.8987325909	46.9746019241
	37.9007178773	46.9752629846
	38.3045545062	47.1071280062
	38.3138324044	47.1098835955
	38.3252949333	47.1125562823
	38.3369077222	47.1144735615
	38.3486210432	47.115627223
	38.3603847382	47.1160123265
	38.3721484332	47.115627223
	38.3838617542	47.1144735615
	38.3954745431	47.1125562823
	38.406937072	47.1098835955
	38.4182002567	47.1064669457
	38.4292158664	47.1023209638
	38.4399367307	47.0974634034
	38.4503169411	47.0919150653
	38.4603120481	47.0856997084
	38.469390341	47.0792177743
	38.5001443816	47.0557861244
	38.5188742907	47.0555359735
	38.5305876117	47.0543823121
	38.5422004006	47.0524650329
	38.5536629295	47.049792346
	38.5618088823	47.0474022341
	38.5720856767	47.0441215944
	38.5752029086	47.0430950566
END
END
