none
1
   9.065133E+01   1.505328E+01
   9.234420E+01   2.072214E+01
   9.224691E+01   2.093591E+01
   9.222961E+01   2.106161E+01
   9.214532E+01   2.116784E+01
   9.218563E+01   2.123735E+01
   9.217449E+01   2.134335E+01
   9.222591E+01   2.137979E+01
   9.225078E+01   2.145009E+01
   9.230847E+01   2.145321E+01
   9.236085E+01   2.150560E+01
   9.244228E+01   2.145534E+01
   9.245805E+01   2.139602E+01
   9.257642E+01   2.140376E+01
   9.257331E+01   2.162422E+01
   9.257369E+01   2.198632E+01
   9.267835E+01   2.217192E+01
   9.272779E+01   2.218456E+01
   9.290939E+01   2.203687E+01
   9.296353E+01   2.205580E+01
   9.303069E+01   2.222674E+01
   9.311339E+01   2.223225E+01
   9.316835E+01   2.227957E+01
   9.315578E+01   2.241467E+01
   9.308126E+01   2.251842E+01
   9.306907E+01   2.266850E+01
   9.306803E+01   2.280654E+01
   9.311689E+01   2.293223E+01
   9.309236E+01   2.299937E+01
   9.311276E+01   2.307625E+01
   9.320724E+01   2.308186E+01
   9.328109E+01   2.303704E+01
   9.334138E+01   2.314048E+01
   9.332856E+01   2.335770E+01
   9.336655E+01   2.339305E+01
   9.339965E+01   2.367816E+01
   9.336737E+01   2.375098E+01
   9.336138E+01   2.390347E+01
   9.330503E+01   2.397814E+01
   9.331955E+01   2.412244E+01
   9.342679E+01   2.409988E+01
   9.351208E+01   2.397856E+01
   9.361780E+01   2.403706E+01
   9.375926E+01   2.403320E+01
   9.394372E+01   2.397635E+01
   9.413359E+01   2.388227E+01
   9.429753E+01   2.433916E+01
   9.437391E+01   2.443190E+01
   9.437033E+01   2.449527E+01
   9.440714E+01   2.451271E+01
   9.452680E+01   2.472583E+01
   9.460855E+01   2.484751E+01
   9.471128E+01   2.502401E+01
   9.470952E+01   2.511042E+01
   9.458534E+01   2.516418E+01
   9.455017E+01   2.521285E+01
   9.461231E+01   2.541010E+01
   9.467038E+01   2.548851E+01
   9.478472E+01   2.551804E+01
   9.492031E+01   2.569051E+01
   9.501660E+01   2.575835E+01
   9.500371E+01   2.594539E+01
   9.514495E+01   2.606074E+01
   9.509043E+01   2.610298E+01
   9.509778E+01   2.636638E+01
   9.503568E+01   2.645221E+01
   9.513166E+01   2.663312E+01
   9.522328E+01   2.670606E+01
   9.549439E+01   2.683300E+01
   9.580003E+01   2.702220E+01
   9.608443E+01   2.724623E+01
   9.631054E+01   2.732016E+01
   9.655023E+01   2.732804E+01
   9.660061E+01   2.739230E+01
   9.666825E+01   2.737023E+01
   9.671298E+01   2.740388E+01
   9.679728E+01   2.737687E+01
   9.691311E+01   2.725823E+01
   9.689113E+01   2.744194E+01
   9.687247E+01   2.761908E+01
   9.700932E+01   2.775604E+01
   9.707621E+01   2.777879E+01
   9.724352E+01   2.791932E+01
   9.730628E+01   2.794323E+01
   9.734116E+01   2.791799E+01
   9.735723E+01   2.801163E+01
   9.728517E+01   2.805707E+01
   9.732395E+01   2.824838E+01
   9.746420E+01   2.833692E+01
   9.747338E+01   2.849927E+01
   9.757188E+01   2.857476E+01
   9.767069E+01   2.856505E+01
   9.773981E+01   2.851670E+01
   9.781522E+01   2.836280E+01
   9.792260E+01   2.839230E+01
   9.818809E+01   2.809256E+01
   9.821450E+01   2.795219E+01
   9.823291E+01   2.788883E+01
   9.821182E+01   2.784996E+01
   9.824927E+01   2.782559E+01
   9.826229E+01   2.771195E+01
   9.832461E+01   2.764835E+01
   9.840423E+01   2.766636E+01
   9.843945E+01   2.769554E+01
   9.851777E+01   2.766119E+01
   9.857144E+01   2.767206E+01
   9.860957E+01   2.760964E+01
   9.867272E+01   2.761578E+01
   9.872629E+01   2.757804E+01
   9.872120E+01   2.743431E+01
   9.876830E+01   2.732698E+01
   9.873048E+01   2.719566E+01
   9.874058E+01   2.710531E+01
   9.879457E+01   2.705141E+01
   9.880951E+01   2.660700E+01
   9.876009E+01   2.634672E+01
   9.876268E+01   2.619580E+01
   9.874525E+01   2.611951E+01
   9.866795E+01   2.606405E+01
   9.861144E+01   2.610455E+01
   9.863911E+01   2.600685E+01
   9.872623E+01   2.591537E+01
   9.873075E+01   2.584538E+01
   9.864177E+01   2.577334E+01
   9.854447E+01   2.581465E+01
   9.842563E+01   2.558441E+01
   9.832569E+01   2.552350E+01
   9.817053E+01   2.550020E+01
   9.816111E+01   2.537332E+01
   9.795757E+01   2.519394E+01
   9.789245E+01   2.519366E+01
   9.774822E+01   2.501571E+01
   9.775879E+01   2.492690E+01
   9.780770E+01   2.489458E+01
   9.782059E+01   2.483790E+01
   9.759095E+01   2.474166E+01
   9.757937E+01   2.447195E+01
   9.769090E+01   2.447351E+01
   9.774381E+01   2.436642E+01
   9.772501E+01   2.432737E+01
   9.779578E+01   2.426391E+01
   9.775670E+01   2.421711E+01
   9.778054E+01   2.416210E+01
   9.775222E+01   2.409884E+01
   9.757800E+01   2.394224E+01
   9.766779E+01   2.388441E+01
   9.788955E+01   2.404167E+01
   9.821350E+01   2.414325E+01
   9.854350E+01   2.415818E+01
   9.889073E+01   2.417975E+01
   9.891390E+01   2.408301E+01
   9.871472E+01   2.391123E+01
   9.872846E+01   2.382153E+01
   9.882549E+01   2.379056E+01
   9.887538E+01   2.365594E+01
   9.891576E+01   2.362877E+01
   9.890264E+01   2.357613E+01
   9.889566E+01   2.350846E+01
   9.894749E+01   2.342849E+01
   9.897203E+01   2.330598E+01
   9.907052E+01   2.319902E+01
   9.910280E+01   2.313048E+01
   9.924336E+01   2.311951E+01
   9.934665E+01   2.316431E+01
   9.951797E+01   2.311108E+01
   9.955093E+01   2.308431E+01
   9.954957E+01   2.300575E+01
   9.959254E+01   2.294080E+01
   9.956246E+01   2.288011E+01
   9.947615E+01   2.288972E+01
   9.948525E+01   2.283293E+01
   9.935884E+01   2.273128E+01
   9.941176E+01   2.259020E+01
   9.940867E+01   2.248908E+01
   9.930099E+01   2.238384E+01
   9.922358E+01   2.215596E+01
   9.934606E+01   2.212663E+01
   9.948314E+01   2.216278E+01
   9.983634E+01   2.207102E+01
   9.987400E+01   2.209684E+01
   9.998419E+01   2.208364E+01
   1.000262E+02   2.197511E+01
   1.001590E+02   2.171681E+01
   1.002009E+02   2.165769E+01
   1.004331E+02   2.156858E+01
   1.004933E+02   2.149283E+01
   1.006571E+02   2.151209E+01
   1.008667E+02   2.170799E+01
   1.009901E+02   2.173398E+01
   1.010860E+02   2.180403E+01
   1.011461E+02   2.178754E+01
   1.011465E+02   2.170811E+01
   1.011971E+02   2.160136E+01
   1.011853E+02   2.150932E+01
   1.006555E+02   2.104144E+01
   1.006495E+02   2.092396E+01
   1.006719E+02   2.086721E+01
   1.005748E+02   2.079755E+01
   1.003973E+02   2.080458E+01
   1.002779E+02   2.073050E+01
   1.002018E+02   2.062489E+01
   1.001506E+02   2.040313E+01
   1.000990E+02   2.032914E+01
   9.994942E+01   2.042953E+01
   9.988595E+01   2.041452E+01
   9.980628E+01   2.030892E+01
   9.968115E+01   2.028894E+01
   9.959021E+01   2.020707E+01
   9.956039E+01   2.013143E+01
   9.950765E+01   2.009024E+01
   9.940234E+01   2.005878E+01
   9.916442E+01   2.010189E+01
   9.909595E+01   2.006807E+01
   9.905727E+01   1.982813E+01
   9.899034E+01   1.971201E+01
   9.884606E+01   1.977064E+01
   9.879031E+01   1.972792E+01
   9.868668E+01   1.972365E+01
   9.857199E+01   1.964557E+01
   9.850844E+01   1.968080E+01
   9.824535E+01   1.964944E+01
   9.815554E+01   1.974273E+01
   9.806564E+01   1.976938E+01
   9.805620E+01   1.962322E+01
   9.788674E+01   1.954615E+01
   9.791400E+01   1.949186E+01
   9.783116E+01   1.939081E+01
   9.787014E+01   1.929378E+01
   9.784292E+01   1.926048E+01
   9.787199E+01   1.921931E+01
   9.786366E+01   1.908977E+01
   9.779770E+01   1.904673E+01
   9.771711E+01   1.893055E+01
   9.777407E+01   1.886319E+01
   9.779304E+01   1.856576E+01
   9.766319E+01   1.854592E+01
   9.753594E+01   1.846383E+01
   9.742266E+01   1.847880E+01
   9.750929E+01   1.830406E+01
   9.755893E+01   1.836675E+01
   9.765996E+01   1.830708E+01
   9.764159E+01   1.823706E+01
   9.770134E+01   1.817052E+01
   9.776470E+01   1.798150E+01
   9.770317E+01   1.787793E+01
   9.779845E+01   1.776613E+01
   9.779732E+01   1.772573E+01
   9.813330E+01   1.740112E+01
   9.813607E+01   1.734510E+01
   9.826366E+01   1.724633E+01
   9.834807E+01   1.712235E+01
   9.834655E+01   1.708203E+01
   9.842912E+01   1.707517E+01
   9.853147E+01   1.696192E+01
   9.857394E+01   1.680691E+01
   9.850618E+01   1.674426E+01
   9.854598E+01   1.666711E+01
   9.859220E+01   1.664969E+01
   9.867797E+01   1.648003E+01
   9.869665E+01   1.633027E+01
   9.883198E+01   1.644907E+01
   9.887591E+01   1.645026E+01
   9.894169E+01   1.640022E+01
   9.895937E+01   1.633028E+01
   9.886575E+01   1.610661E+01
   9.880138E+01   1.607806E+01
   9.870561E+01   1.609822E+01
   9.862609E+01   1.601338E+01
   9.861465E+01   1.591606E+01
   9.863821E+01   1.587662E+01
   9.857868E+01   1.569279E+01
   9.861322E+01   1.546770E+01
   9.858591E+01   1.532610E+01
   9.854114E+01   1.531130E+01
   9.849545E+01   1.535204E+01
   9.843433E+01   1.533496E+01
   9.843940E+01   1.525023E+01
   9.840235E+01   1.522784E+01
   9.832739E+01   1.526797E+01
   9.823958E+01   1.519098E+01
   9.821218E+01   1.511096E+01
   9.825755E+01   1.505118E+01
   9.824001E+01   1.499817E+01
   9.828316E+01   1.482902E+01
   9.851473E+01   1.455517E+01
   9.862410E+01   1.434436E+01
   9.897532E+01   1.411886E+01
   9.904355E+01   1.397262E+01
   9.913031E+01   1.390850E+01
   9.914897E+01   1.379024E+01
   9.919625E+01   1.372257E+01
   9.923896E+01   1.326178E+01
   9.921762E+01   1.317414E+01
   9.915923E+01   1.317548E+01
   9.913995E+01   1.306902E+01
   9.921987E+01   1.300155E+01
   9.921534E+01   1.286628E+01
   9.926303E+01   1.275607E+01
   9.946526E+01   1.259252E+01
   9.944203E+01   1.246995E+01
   9.947416E+01   1.232914E+01
   9.951129E+01   1.227808E+01
   9.952051E+01   1.217822E+01
   9.959654E+01   1.215487E+01
   9.956345E+01   1.205313E+01
   9.961891E+01   1.199883E+01
   9.961213E+01   1.190314E+01
   9.969222E+01   1.182203E+01
   9.958802E+01   1.161102E+01
   9.949395E+01   1.159653E+01
   9.949999E+01   1.152304E+01
   9.942771E+01   1.144402E+01
   9.942539E+01   1.137497E+01
   9.935300E+01   1.130937E+01
   9.924939E+01   1.109497E+01
   9.909813E+01   1.093528E+01
   9.903469E+01   1.092743E+01
   9.902871E+01   1.083462E+01
   9.887604E+01   1.074874E+01
   9.881786E+01   1.067570E+01
   9.883496E+01   1.047399E+01
   9.858334E+01   9.920872E+00
   9.852617E+01   9.897498E+00
   9.847291E+01   9.926621E+00
   9.836197E+01   9.907010E+00
   9.823561E+01   9.547230E+00
   9.794210E+01   9.510211E+00
   9.769879E+01   9.589573E+00
   9.567325E+01   1.394679E+01
   9.340215E+01   1.369881E+01
   9.291535E+01   1.387842E+01
   9.065133E+01   1.505328E+01
END
END
