Калининградская область
1
	21.6104510567	55.3751312011
	21.6219135856	55.3724585142
	21.6331767703	55.3690418645
	21.6376445507	55.367459306
	21.6391249926	55.3673684015
	21.6508383136	55.3662147401
	21.6624511025	55.3642974609
	21.6649379585	55.3637845199
	21.6909370278	55.3582303207
	21.6999127006	55.3560705748
	21.7111758853	55.352653925
	21.722191495	55.3485079431
	21.7329123593	55.3436503827
	21.7432925698	55.3381020446
	21.7471403501	55.3358162318
	21.7474167352	55.3356473553
	21.7493058505	55.3349089116
	21.7580723761	55.3314901369
	21.7615534488	55.3300905847
	21.772274313	55.3252330243
	21.7826545235	55.3196846862
	21.7827301943	55.3196409732
	21.8069516146	55.3056410342
	21.8162657358	55.2998720817
	21.8207552053	55.2998920723
	21.8333197863	55.2995087518
	21.8450331073	55.2983550904
	21.8566458962	55.2964378112
	21.8681084251	55.2937651243
	21.8793716098	55.2903484746
	21.8903872195	55.2862024927
	21.9011080838	55.2813449323
	21.9114882942	55.2757965942
	21.9214834012	55.2695812373
	21.9240029739	55.2678666597
	21.9255520439	55.267458972
	21.9368152285	55.2640423223
	21.9372911697	55.2638800197
	21.9504308944	55.2593786769
	21.950532697	55.2593437678
	21.9563640023	55.2610121336
	21.9678265312	55.2636848205
	21.97943932	55.2656020997
	21.9911526411	55.2667557611
	22.0029163361	55.2671408646
	22.0128424037	55.2668667638
	22.0444528926	55.2651196325
	22.0462905199	55.2650086298
	22.058003841	55.2638549683
	22.0696166298	55.2619376891
	22.0810791587	55.2592650022
	22.0923423434	55.2558483525
	22.1033579531	55.2517023706
	22.1140788174	55.2468448102
	22.1244590279	55.2412964721
	22.1344541348	55.2350811152
	22.1377752102	55.2327012663
	22.1390500683	55.2329101441
	22.1507633894	55.2340638055
	22.1533270082	55.2342134627
	22.1649542193	55.2348089748
	22.1687670868	55.235468755
	22.203574292	55.2411068776
	22.208857121	55.2418823121
	22.2175914716	55.2428158642
	22.2611457776	55.246397865
	22.264124748	55.2466179742
	22.275888443	55.2470030777
	22.276848702	55.2470005144
	22.3025712056	55.2468631853
	22.3133746416	55.2464806451
	22.3148117309	55.2463806721
	22.3604793793	55.2430199238
	22.370755611	55.2419662354
	22.3747244404	55.2413986606
	22.4022287921	55.2371519887
	22.4069876424	55.2364777319
	22.418639289	55.236529929
	22.4312087328	55.2361466302
	22.4429220539	55.2349929688
	22.4545348427	55.2330756896
	22.4570715007	55.2325521021
	22.4625382515	55.2313826177
	22.4668382757	55.232806024
	22.4693757445	55.2336251653
	22.4944592864	55.241517774
	22.5018924142	55.2436819639
	22.5133549431	55.2463546508
	22.5203843128	55.2476083741
	22.5413002979	55.250911902
	22.5424369749	55.2510877087
	22.5467099362	55.2517641338
	22.5513559002	55.2524375794
	22.5630692213	55.2535912408
	22.5748329163	55.2539763443
	22.5865966112	55.2535912408
	22.5983099323	55.2524375794
	22.6099227211	55.2505203002
	22.62138525	55.2478476133
	22.6326484347	55.2444309636
	22.6387582282	55.2422332012
	22.6415372352	55.2411765301
	22.6417729425	55.2410867171
	22.6448199107	55.2399232647
	22.6492837998	55.2382327549
	22.6544138613	55.2361994409
	22.6651347256	55.2313418805
	22.6755149361	55.2257935424
	22.685510043	55.2195781855
	22.6950772459	55.2127224249
	22.7041755764	55.205255618
	22.7127660742	55.1972097388
	22.7208119534	55.188619241
	22.7282787603	55.1795209104
	22.735134521	55.1699537076
	22.7402849186	55.1617784458
	22.7413997317	55.1614040776
	22.7524153415	55.1572580957
	22.7631362057	55.1524005353
	22.7735164162	55.1468521972
	22.777913244	55.1441180739
	22.7793871629	55.1435633302
	22.7901080272	55.1387057697
	22.794382629	55.1365264129
	22.8151593732	55.1255820488
	22.8212649819	55.1222130676
	22.8312600888	55.1159977107
	22.8408272917	55.10914195
	22.8498064474	55.1017795638
	22.8569877144	55.0978485961
	22.8669828214	55.0916332392
	22.8765500242	55.0847774786
	22.8788091079	55.0829234965
	22.8867557259	55.0799889712
	22.891756794	55.0779900698
	22.8918989301	55.0779331885
	22.8999197273	55.0747193965
	22.9013305338	55.0743474982
	22.9125937184	55.0709308485
	22.9236093282	55.0667848666
	22.9343301925	55.0619273062
	22.9447104029	55.0563789681
	22.9547055099	55.0501636112
	22.9642727127	55.0433078506
	22.9733710433	55.0358410437
	22.9819615411	55.0277951645
	22.9900074203	55.0192046667
	22.9974742272	55.0101063361
	23.0043299878	55.0005391333
	23.0105453447	54.9905440263
	23.0160936828	54.9801638159
	23.0203779982	54.9708109069
	23.0219550549	54.9676898099
	23.0268126153	54.9569689456
	23.0309585973	54.9459533358
	23.0342531264	54.9351435434
	23.0349411161	54.9341214892
	23.041156473	54.9241263822
	23.0467048111	54.9137461718
	23.0515623715	54.9030253075
	23.0557083534	54.8920096978
	23.0578996372	54.8850999533
	23.0589781394	54.8825518335
	23.0631241214	54.8715362237
	23.0665407711	54.860273039
	23.069213458	54.8488105101
	23.0711307372	54.8371977213
	23.0722843986	54.8254844003
	23.0726695021	54.8137207053
	23.0722843986	54.8019570103
	23.0711307372	54.7902436893
	23.069213458	54.7786309004
	23.0665407711	54.7671683715
	23.0662469073	54.7660851863
	23.0660209534	54.764299931
	23.0641036742	54.7526871422
	23.0614309874	54.7412246132
	23.0580143376	54.7299614286
	23.0538683557	54.7189458188
	23.0490107953	54.7082249545
	23.0434624572	54.6978447441
	23.0372471003	54.6878496371
	23.0303913397	54.6782824343
	23.0229245328	54.6691841037
	23.0148786536	54.6605936059
	23.0062881558	54.6525477267
	22.9971898252	54.6450809198
	22.9876226224	54.6382251592
	22.9776275154	54.6320098023
	22.967247305	54.6264614642
	22.9565264407	54.6216039038
	22.9455108309	54.6174579219
	22.9408040258	54.6159320487
	22.9343764778	54.6120398621
	22.9289467103	54.6091375909
	22.9283478382	54.6064961218
	22.9265987995	54.5996334814
	22.9265494809	54.5994404187
	22.9256606564	54.5959690442
	22.9251528349	54.5940307046
	22.9217361852	54.5827675199
	22.9175902032	54.5717519101
	22.9127326428	54.5610310458
	22.9071843047	54.5506508354
	22.9009689478	54.5406557285
	22.8974755905	54.535615713
	22.8956306517	54.5330485441
	22.8936207879	54.530228008
	22.8971249481	54.5244147774
	22.9001999969	54.5188648122
	22.9054790835	54.5089273927
	22.9120269864	54.5034543179
	22.9206174841	54.4954084387
	22.9286633633	54.4868179409
	22.9361301703	54.4777196104
	22.9429859309	54.4681524075
	22.9492012878	54.4581573006
	22.9547496259	54.4477770901
	22.9596071863	54.4370562259
	22.9637531682	54.4260406161
	22.9671698179	54.4147774314
	22.9698425048	54.4033149025
	22.971759784	54.3917021137
	22.9729134454	54.3799887926
	22.9732985489	54.3682250977
	22.9729134454	54.3564614027
	22.971759784	54.3447480816
	22.9698425048	54.3331352928
	22.9671698179	54.3216727639
	22.9637531682	54.3104095792
	22.9596071863	54.2993939695
	22.9547496259	54.2886731052
	22.9492012878	54.2782928947
	22.9429859309	54.2682977878
	22.9361301703	54.2587305849
	22.9286633633	54.2496322544
	22.9206174841	54.2410417566
	22.9120269864	54.2329958774
	22.9029286558	54.2255290705
	22.8933614529	54.2186733098
	22.8928237176	54.2183154016
	22.891111125	54.2171799591
	22.8898015821	54.2163019597
	22.8895658292	54.2161441656
	22.8795707222	54.2099288087
	22.8691905118	54.2043804706
	22.8584696475	54.1995229102
	22.8474540377	54.1953769282
	22.8361908531	54.1919602785
	22.8321915173	54.1909377008
	22.8303585553	54.1904913812
	22.8293877634	54.1902578493
	22.8266907725	54.1896169802
	22.8265706577	54.1895884816
	22.8106290379	54.1858119313
	22.8042567513	54.1844238526
	22.7926439624	54.1825065734
	22.7820471355	54.18142958
	22.7619627544	54.1799876244
	22.7608462603	54.1799109564
	22.7574404752	54.1797201449
	21.5173333815	54.1647492884
	19.1596232749	54.3993322128
	19.505864618	55.4215610937
	20.3772917555	55.5044801844
	20.6504613733	55.2700293982
	20.6584498232	55.2765308661
	20.6663099785	55.2822318129
	20.6902379404	55.2986196337
	20.7349782199	55.3397590352
	20.7381290348	55.3425885342
	20.7444917015	55.3479139011
	20.7811585717	55.3771917027
	20.781307514	55.3773105012
	20.798361191	55.3908979837
	20.8206289105	55.4111137399
	20.822935477	55.4131718777
	20.8320338076	55.4206386847
	20.8416010104	55.4274944453
	20.8515961174	55.4337098022
	20.8619763278	55.4392581403
	20.8726971921	55.4441157007
	20.8837128019	55.4482616826
	20.8949759865	55.4516783323
	20.9064385155	55.4543510192
	20.9180513043	55.4562682984
	20.9297646253	55.4574219598
	20.9415283203	55.4578070633
	20.9532920153	55.4574219598
	20.9650053363	55.4562682984
	20.9708712362	55.4553974342
	20.9710274073	55.4553716106
	21.0092680164	55.4508963534
	21.0118383747	55.4505767701
	21.0234511635	55.4486594909
	21.0349136924	55.445986804
	21.0461768771	55.4425701543
	21.0571924868	55.4384241724
	21.0679133511	55.4335666119
	21.0782935616	55.4280182739
	21.0882886685	55.421802917
	21.0978558714	55.4149471563
	21.1069542019	55.4074803494
	21.1155446997	55.3994344702
	21.1235905789	55.3908439724
	21.1310573858	55.3817456419
	21.1366856085	55.3738914663
	21.1501168097	55.3782052462
	21.1576901112	55.3807184844
	21.1579078586	55.3809224271
	21.1670061892	55.388389234
	21.176573392	55.3952449946
	21.186568499	55.4014603515
	21.1873028281	55.401882015
	21.1889126303	55.402801357
	21.1892497023	55.4029933737
	21.2136389692	55.4168521689
	21.2170634976	55.4187490988
	21.2390914669	55.4306395101
	21.244975748	55.4336772382
	21.2552509048	55.4383494794
	21.2850017287	55.450766319
	21.2854474363	55.4509516382
	21.296463046	55.4550976201
	21.3077262307	55.4585142698
	21.3191887596	55.4611869567
	21.3240484478	55.4620843888
	21.3310116615	55.4632715963
	21.3553375284	55.4674682581
	21.3562449405	55.4676224137
	21.3584116885	55.4679848099
	21.3612822039	55.468441103
	21.3618391497	55.4685250264
	21.3651624341	55.4689941285
	21.3768757551	55.4701477899
	21.3886394501	55.4705328934
	21.4004031451	55.4701477899
	21.4121164661	55.4689941285
	21.4237292549	55.4670768493
	21.4351917838	55.4644041624
	21.4464549685	55.4609875127
	21.4574705783	55.4568415308
	21.4681914426	55.4519839703
	21.4782192231	55.4466385769
	21.5012466431	55.4334130215
	21.501599073	55.4332100768
	21.51159418	55.4269947199
	21.5211613829	55.4201389593
	21.5302597134	55.4126721524
	21.5388502112	55.4046262732
	21.5444223535	55.3987985506
	21.5612315885	55.3804102951
	21.561559767	55.3800515628
	21.5675689013	55.3797585382
	21.5698117939	55.3795974446
	21.5758676259	55.3791244222
	21.5762486627	55.3790942519
	21.5897488763	55.3780108779
	21.5988382678	55.3770484803
	21.6104510567	55.3751312011
END
END
