none
1
   3.044326E+01   4.494885E+01
   2.967021E+01   4.515263E+01
   2.961302E+01   4.531135E+01
   2.942123E+01   4.539400E+01
   2.924702E+01   4.538503E+01
   2.895228E+01   4.523830E+01
   2.883757E+01   4.527302E+01
   2.881734E+01   4.520641E+01
   2.872372E+01   4.518075E+01
   2.832061E+01   4.528562E+01
   2.817979E+01   4.543835E+01
   2.818430E+01   4.550377E+01
   2.829913E+01   4.559076E+01
   2.844749E+01   4.556212E+01
   2.848040E+01   4.561675E+01
   2.843703E+01   4.568110E+01
   2.849306E+01   4.577172E+01
   2.871192E+01   4.586709E+01
   2.875188E+01   4.600637E+01
   2.893210E+01   4.604480E+01
   2.890989E+01   4.611024E+01
   2.897430E+01   4.618722E+01
   2.890958E+01   4.624916E+01
   2.891282E+01   4.649635E+01
   2.924549E+01   4.660131E+01
   2.929270E+01   4.651100E+01
   2.935090E+01   4.654808E+01
   2.940152E+01   4.651221E+01
   2.947170E+01   4.653545E+01
   2.961544E+01   4.640714E+01
   2.962690E+01   4.646424E+01
   2.973903E+01   4.651728E+01
   2.986086E+01   4.641716E+01
   2.995691E+01   4.643987E+01
   2.983398E+01   4.653426E+01
   2.990813E+01   4.661887E+01
   2.992394E+01   4.674187E+01
   2.984685E+01   4.682787E+01
   2.973713E+01   4.681865E+01
   2.969835E+01   4.687656E+01
   2.951739E+01   4.693964E+01
   2.955595E+01   4.703134E+01
   2.946327E+01   4.708387E+01
   2.945189E+01   4.714064E+01
   2.951842E+01   4.718343E+01
   2.953581E+01   4.731358E+01
   2.941316E+01   4.725022E+01
   2.928285E+01   4.738586E+01
   2.918022E+01   4.738267E+01
   2.912057E+01   4.743683E+01
   2.907517E+01   4.756747E+01
   2.916664E+01   4.764002E+01
   2.914278E+01   4.793753E+01
   2.907293E+01   4.789879E+01
   2.891408E+01   4.791791E+01
   2.880254E+01   4.801194E+01
   2.878828E+01   4.808063E+01
   2.856850E+01   4.812489E+01
   2.852493E+01   4.803040E+01
   2.845644E+01   4.802964E+01
   2.838185E+01   4.810390E+01
   2.827455E+01   4.810986E+01
   2.826372E+01   4.817344E+01
   2.806659E+01   4.819684E+01
   2.804085E+01   4.827910E+01
   2.793275E+01   4.828879E+01
   2.775345E+01   4.840996E+01
   2.755810E+01   4.842941E+01
   2.744776E+01   4.836569E+01
   2.734123E+01   4.838623E+01
   2.729276E+01   4.832759E+01
   2.687036E+01   4.834806E+01
   2.684759E+01   4.826339E+01
   2.670224E+01   4.828097E+01
   2.658987E+01   4.817909E+01
   2.637630E+01   4.814251E+01
   2.619471E+01   4.795150E+01
   2.532645E+01   4.786854E+01
   2.503898E+01   4.768160E+01
   2.486943E+01   4.768412E+01
   2.456545E+01   4.791658E+01
   2.422708E+01   4.785324E+01
   2.399895E+01   4.791743E+01
   2.385090E+01   4.789026E+01
   2.374824E+01   4.794957E+01
   2.355239E+01   4.795996E+01
   2.348885E+01   4.792505E+01
   2.316888E+01   4.805896E+01
   2.310811E+01   4.796705E+01
   2.289022E+01   4.791102E+01
   2.280026E+01   4.796440E+01
   2.279421E+01   4.806439E+01
   2.259754E+01   4.806025E+01
   2.247664E+01   4.819970E+01
   2.235221E+01   4.820250E+01
   2.219969E+01   4.837038E+01
   2.210166E+01   4.838960E+01
   2.211582E+01   4.856663E+01
   2.230347E+01   4.872546E+01
   2.234589E+01   4.888761E+01
   2.254381E+01   4.912677E+01
   2.277214E+01   4.909671E+01
   2.266681E+01   4.915818E+01
   2.269929E+01   4.935506E+01
   2.260700E+01   4.955810E+01
   2.325529E+01   5.013645E+01
   2.370594E+01   5.042771E+01
   2.396978E+01   5.046079E+01
   2.404439E+01   5.056533E+01
   2.401871E+01   5.067578E+01
   2.391428E+01   5.079507E+01
   2.398622E+01   5.088311E+01
   2.380480E+01   5.112239E+01
   2.360829E+01   5.126936E+01
   2.363378E+01   5.140359E+01
   2.357499E+01   5.149018E+01
   2.357333E+01   5.165028E+01
   2.378507E+01   5.171166E+01
   2.398770E+01   5.163078E+01
   2.425329E+01   5.176133E+01
   2.426439E+01   5.184051E+01
   2.437480E+01   5.192474E+01
   2.495698E+01   5.194476E+01
   2.519139E+01   5.201333E+01
   2.545655E+01   5.196545E+01
   2.579064E+01   5.199505E+01
   2.619452E+01   5.191098E+01
   2.640888E+01   5.191863E+01
   2.650863E+01   5.184486E+01
   2.669048E+01   5.186806E+01
   2.693266E+01   5.178951E+01
   2.721770E+01   5.181600E+01
   2.732454E+01   5.165158E+01
   2.768977E+01   5.165722E+01
   2.777681E+01   5.160237E+01
   2.777237E+01   5.156133E+01
   2.784513E+01   5.166413E+01
   2.803653E+01   5.161142E+01
   2.826993E+01   5.172518E+01
   2.838591E+01   5.160191E+01
   2.847804E+01   5.163824E+01
   2.867592E+01   5.161053E+01
   2.872173E+01   5.150662E+01
   2.880761E+01   5.159962E+01
   2.917801E+01   5.169585E+01
   2.929187E+01   5.159449E+01
   2.936221E+01   5.144169E+01
   2.947523E+01   5.144964E+01
   2.951738E+01   5.152071E+01
   2.971440E+01   5.157419E+01
   2.982782E+01   5.149979E+01
   3.018469E+01   5.155647E+01
   3.037815E+01   5.145658E+01
   3.041593E+01   5.135816E+01
   3.055186E+01   5.131388E+01
   3.059384E+01   5.137920E+01
   3.046599E+01   5.161732E+01
   3.058197E+01   5.179724E+01
   3.088969E+01   5.204963E+01
   3.093043E+01   5.212915E+01
   3.114639E+01   5.214642E+01
   3.126180E+01   5.209180E+01
   3.143101E+01   5.218729E+01
   3.187941E+01   5.215371E+01
   3.207131E+01   5.208133E+01
   3.228140E+01   5.216256E+01
   3.231523E+01   5.234314E+01
   3.238114E+01   5.238173E+01
   3.255911E+01   5.236978E+01
   3.271097E+01   5.230261E+01
   3.291666E+01   5.230398E+01
   3.319016E+01   5.242326E+01
   3.356676E+01   5.236500E+01
   3.382718E+01   5.240872E+01
   3.415121E+01   5.216808E+01
   3.414528E+01   5.204563E+01
   3.445574E+01   5.184265E+01
   3.448420E+01   5.174101E+01
   3.445065E+01   5.168889E+01
   3.421858E+01   5.164994E+01
   3.435016E+01   5.153300E+01
   3.430334E+01   5.143384E+01
   3.437914E+01   5.138003E+01
   3.435086E+01   5.130408E+01
   3.466290E+01   5.129259E+01
   3.476306E+01   5.122337E+01
   3.513258E+01   5.127387E+01
   3.517947E+01   5.125573E+01
   3.522163E+01   5.110298E+01
   3.532780E+01   5.113071E+01
   3.542177E+01   5.109013E+01
   3.544937E+01   5.101037E+01
   3.539791E+01   5.097019E+01
   3.546530E+01   5.082956E+01
   3.552466E+01   5.080236E+01
   3.554032E+01   5.067726E+01
   3.546572E+01   5.058592E+01
   3.560975E+01   5.048710E+01
   3.564828E+01   5.039919E+01
   3.582818E+01   5.047769E+01
   3.608812E+01   5.049267E+01
   3.618275E+01   5.046915E+01
   3.632773E+01   5.033825E+01
   3.643968E+01   5.037421E+01
   3.660255E+01   5.032634E+01
   3.664050E+01   5.027051E+01
   3.686285E+01   5.038099E+01
   3.715781E+01   5.040397E+01
   3.749645E+01   5.050078E+01
   3.753508E+01   5.045785E+01
   3.751346E+01   5.039688E+01
   3.767029E+01   5.033807E+01
   3.768983E+01   5.019608E+01
   3.806556E+01   4.997603E+01
   3.814590E+01   4.999224E+01
   3.815158E+01   5.011470E+01
   3.832019E+01   5.013105E+01
   3.839626E+01   5.004238E+01
   3.851822E+01   5.000770E+01
   3.871309E+01   5.004329E+01
   3.876675E+01   4.994295E+01
   3.892671E+01   4.990533E+01
   3.895917E+01   4.984951E+01
   3.918430E+01   4.993187E+01
   3.928790E+01   4.980856E+01
   3.962941E+01   4.977327E+01
   3.967659E+01   4.966358E+01
   3.981647E+01   4.960740E+01
   4.014295E+01   4.966018E+01
   4.020543E+01   4.959252E+01
   4.019116E+01   4.953194E+01
   4.008640E+01   4.947573E+01
   4.022997E+01   4.937231E+01
   4.025842E+01   4.922602E+01
   4.004638E+01   4.913218E+01
   3.995678E+01   4.901669E+01
   3.979754E+01   4.900112E+01
   3.987612E+01   4.893731E+01
   4.006386E+01   4.895473E+01
   4.012361E+01   4.887361E+01
   3.998868E+01   4.875093E+01
   3.983192E+01   4.878613E+01
   3.976544E+01   4.870734E+01
   3.975014E+01   4.863502E+01
   3.988332E+01   4.859572E+01
   4.006445E+01   4.825293E+01
   3.991792E+01   4.809326E+01
   3.991915E+01   4.801665E+01
   3.986629E+01   4.799417E+01
   3.978920E+01   4.781106E+01
   3.953578E+01   4.778168E+01
   3.935510E+01   4.782296E+01
   3.887763E+01   4.782211E+01
   3.879313E+01   4.764653E+01
   3.840033E+01   4.757065E+01
   3.833994E+01   4.751937E+01
   3.832864E+01   4.735658E+01
   3.837655E+01   4.726335E+01
   3.828257E+01   4.719176E+01
   3.828022E+01   4.713573E+01
   3.838137E+01   4.697221E+01
   3.817018E+01   4.682639E+01
   3.764505E+01   4.678647E+01
   3.740676E+01   4.665744E+01
   3.672581E+01   4.546293E+01
   3.666616E+01   4.535222E+01
   3.661184E+01   4.530599E+01
   3.658104E+01   4.518033E+01
   3.665324E+01   4.493792E+01
   3.659475E+01   4.486973E+01
   3.400545E+01   4.402738E+01
   3.044326E+01   4.494885E+01
END
END
