Новгородская область
1
	33.2537158108	59.5315852582
	33.2544522047	59.5311916475
	33.2608978752	59.5351998229
	33.2712780856	59.540748161
	33.2819989499	59.5456057214
	33.2930145597	59.5497517034
	33.3042777444	59.5531683531
	33.3057552077	59.5535575201
	33.3143611647	59.5557853033
	33.3243462303	59.5580688232
	33.3359590191	59.5599861024
	33.3476723402	59.5611397638
	33.3574152143	59.5615135147
	33.3818597944	59.5617881729
	33.3838806152	59.5617995255
	33.3956443102	59.561414422
	33.4025289554	59.5608301836
	33.4688780826	59.5539138323
	33.4854442672	59.5532288528
	33.4994577419	59.5533906308
	33.5160066545	59.554629526
	33.5176705091	59.5547463312
	33.5294342041	59.5551314347
	33.5411978991	59.5547463312
	33.5529112201	59.5535926697
	33.564524009	59.5516753905
	33.5759865379	59.5490027037
	33.5872497225	59.5455860539
	33.5982653323	59.541440072
	33.6089861966	59.5365825116
	33.619366407	59.5310341735
	33.6252087579	59.5275116982
	33.6254133563	59.5274848817
	33.6370261452	59.5255676025
	33.6484886741	59.5228949156
	33.6506811716	59.5222925591
	33.6595694162	59.5197901177
	33.6686401034	59.5169758244
	33.6796557132	59.5128298425
	33.6903765774	59.5079722821
	33.7007567879	59.502423944
	33.7074261423	59.4983780688
	33.7135372873	59.4944870776
	33.7168630399	59.4923175959
	33.726289039	59.4855700738
	33.7287458759	59.4852638123
	33.7403586647	59.4833465331
	33.7453863467	59.4822715445
	33.764826044	59.4778236075
	33.7712608909	59.4762259092
	33.7825240756	59.4728092595
	33.7935396853	59.4686632776
	33.8042605496	59.4638057172
	33.8146407601	59.4582573791
	33.824635867	59.4520420222
	33.8342030699	59.4451862616
	33.8433014004	59.4377194546
	33.8518918982	59.4296735755
	33.8599377774	59.4210830777
	33.8656166055	59.4142763086
	33.8677197598	59.4119201748
	33.8736273602	59.4048244273
	33.8828124667	59.4019779607
	33.892283774	59.398413213
	33.9034949572	59.3980461969
	33.9152082782	59.3968925355
	33.9268210671	59.3949752563
	33.938283596	59.3923025694
	33.944687442	59.3904588592
	33.9498561541	59.3888664913
	33.9500869063	59.3888239755
	33.9525855324	59.3883453124
	33.9640480613	59.3856726255
	33.975311246	59.3822559758
	33.9863268557	59.3781099939
	33.99704772	59.3732524335
	34.0074279305	59.3677040954
	34.0174230374	59.3614887385
	34.0269902403	59.3546329779
	34.0360885708	59.347166171
	34.0446790686	59.3391202918
	34.0464462644	59.337233476
	34.0469232873	59.3374293229
	34.0544229821	59.3404810808
	34.0643997525	59.3442005559
	34.0756629372	59.3476172056
	34.0871254661	59.3502898925
	34.098738255	59.3522071717
	34.1007672374	59.3524625666
	34.1216031139	59.354965008
	34.1312874525	59.3558632745
	34.1430511475	59.356248378
	34.1529300392	59.3559768785
	34.1629406833	59.361312431
	34.1736615476	59.3661699914
	34.1846771573	59.3703159734
	34.195940342	59.3737326231
	34.2074028709	59.37640531
	34.2121792924	59.3772885253
	34.2219067704	59.3789517333
	34.2287431378	59.3799857972
	34.2404564588	59.3811394586
	34.2522201538	59.3815245621
	34.2639838488	59.3811394586
	34.2756971698	59.3799857972
	34.2873099587	59.378068518
	34.2987724876	59.3753958311
	34.3100356723	59.3719791814
	34.321051282	59.3678331995
	34.3317721463	59.362975639
	34.3325320165	59.3625986824
	34.3361053467	59.3626341813
	34.3483276367	59.3626341813
	34.3600913317	59.3622490778
	34.3718046527	59.3610954163
	34.3834174416	59.3591781371
	34.3948799705	59.3565054502
	34.396565941	59.3560449049
	34.4235053331	59.3485452101
	34.4330825473	59.3455891057
	34.4352790161	59.3448276397
	34.4396034812	59.3437262144
	34.4508666659	59.3403095647
	34.4618822757	59.3361635828
	34.4726031399	59.3313060223
	34.4829833504	59.3257576843
	34.4896527048	59.321711809
	34.4957638498	59.3178208178
	34.4959739194	59.3176868611
	34.5059675556	59.3166541932
	34.5091746929	59.3162025539
	34.5313991192	59.3128685085
	34.5398047707	59.3114028686
	34.5512672996	59.3087301817
	34.5625304843	59.305313532
	34.573546094	59.30116755
	34.5842669583	59.2963099896
	34.5900719657	59.2933150269
	34.5915657738	59.2936187499
	34.5962071191	59.2944788169
	34.6059345971	59.2961496543
	34.6129060406	59.2972068665
	34.6246193617	59.2983605279
	34.6363830566	59.2987456314
	34.6481467516	59.2983605279
	34.6598600727	59.2972068665
	34.6693501027	59.2956985844
	34.6901783497	59.2918152226
	34.6923011086	59.2914062255
	34.7037636375	59.2887335386
	34.7071916434	59.2877785633
	34.723336514	59.2831083304
	34.7253494464	59.2830790859
	34.7298812866	59.283227443
	34.7416449816	59.2828423395
	34.7533583026	59.281688678
	34.7649710915	59.2797713988
	34.7764336204	59.277098712
	34.7876968051	59.2736820622
	34.7987124148	59.2695360803
	34.8094332791	59.2646785199
	34.8198134896	59.2591301818
	34.8298085965	59.2529148249
	34.8393757994	59.2460590643
	34.847502987	59.2393892538
	34.8574267157	59.2398994173
	34.8590631187	59.2398878914
	34.8666610718	59.2401366227
	34.8784247668	59.2397515192
	34.8833682094	59.2393590004
	34.8953082119	59.2382451088
	34.9020780902	59.2374839661
	34.9136908791	59.2355666869
	34.925153408	59.232894
	34.9364165927	59.2294773503
	34.9474322024	59.2253313684
	34.9581530667	59.220473808
	34.9685332771	59.2149254699
	34.9783718954	59.208814557
	34.9842083823	59.2049235658
	34.9843648709	59.2048191218
	34.9939320738	59.1979633612
	35.0030304043	59.1904965543
	35.0116209021	59.1824506751
	35.0196667813	59.1738601773
	35.0271335882	59.1647618467
	35.0339893488	59.1551946439
	35.0402047057	59.1451995369
	35.0457530438	59.1348193265
	35.0503151005	59.1247506528
	35.0557273171	59.1238570922
	35.067189846	59.1211844053
	35.0773854591	59.1181264239
	35.0920315347	59.1132568085
	35.1019493797	59.1155334228
	35.1135621686	59.117450702
	35.1236207996	59.1184882441
	35.1347368274	59.1193198481
	35.1363915174	59.1194359674
	35.1481552124	59.1198210709
	35.1593556539	59.1194719975
	35.1726842061	59.1186403935
	35.1732474596	59.1186043634
	35.1849607807	59.117450702
	35.1965735695	59.1155334228
	35.1994377607	59.1149394481
	35.2097221845	59.1127192942
	35.2183205222	59.1106405821
	35.2295837069	59.1072239324
	35.2405993167	59.1030779504
	35.2419019005	59.1025324017
	35.2491269371	59.0994730145
	35.2585452176	59.0951610028
	35.268925428	59.0896126647
	35.278920535	59.0833973078
	35.2884877378	59.0765415472
	35.2975860684	59.0690747403
	35.3061765662	59.0610288611
	35.3142224454	59.0524383633
	35.3216892523	59.0433400328
	35.3285450129	59.0337728299
	35.3347603698	59.0237777229
	35.3392990626	59.015286426
	35.3442099953	59.0167761412
	35.3444872762	59.0168502013
	35.3528262044	59.0190703551
	35.3640114525	59.0216689819
	35.3756242413	59.0235862611
	35.3873375623	59.0247399225
	35.3991012573	59.025125026
	35.4474411011	59.025125026
	35.4592047961	59.0247399225
	35.4704878401	59.0236423802
	35.4846494061	59.0218127205
	35.5123532423	59.0211883767
	35.5200644762	59.0208489313
	35.5317777973	59.0196952698
	35.5433905861	59.0177779906
	35.554853115	59.0151053038
	35.5659891678	59.0117317566
	35.56843876	59.0116767096
	35.5812247822	59.0126578264
	35.5832222669	59.01279992
	35.5949859619	59.0131850235
	35.5990268385	59.0131396262
	35.6112491285	59.012864968
	35.6189719469	59.0125252618
	35.6294046387	59.0115355247
	35.6383005127	59.0104292625
	35.639581142	59.0102653382
	35.6477251523	59.0089207567
	35.6498282815	59.0095587339
	35.6514877791	59.0099949218
	35.6601013655	59.0122150756
	35.6699043968	59.0144515746
	35.6815171856	59.0163688538
	35.6932305067	59.0175225153
	35.7049942017	59.0179076188
	35.7091305634	59.0178600503
	35.7210705659	59.0175853921
	35.7286978991	59.017247857
	35.7404112201	59.0160941956
	35.752024009	59.0141769164
	35.7634865379	59.0115042295
	35.7677614911	59.0103020048
	35.7941515668	59.0025276517
	35.8011397982	59.0003132268
	35.812155408	58.9961672449
	35.8131758433	58.9957408866
	35.836239503	58.986021038
	35.8459399319	58.9815898358
	35.8563201424	58.9760414977
	35.8599750145	58.9738733891
	35.869366407	58.9688164611
	35.8782980382	58.9633062524
	35.8807977724	58.9616615143
	35.8857051416	58.9592078296
	35.8951995369	58.9540993591
	35.904470098	58.9483655976
	35.9216972709	58.9369749116
	35.9224218167	58.9364933161
	35.926742179	58.9333973883
	35.9292899443	58.932881026
	35.9295482405	58.93288718
	35.9306855816	58.9330406068
	35.9423989027	58.9341942682
	35.9541625977	58.9345793717
	35.9635138075	58.934336121
	35.9740652601	58.9337868045
	35.9764777453	58.9336449518
	35.9881910663	58.9324912903
	35.9998038552	58.9305740112
	36.0112663841	58.9279013243
	36.0225295687	58.9244846745
	36.0335451785	58.9203386926
	36.0442660428	58.9154811322
	36.0546462532	58.9099327941
	36.0645752254	58.9037616059
	36.0704040829	58.8998706147
	36.0704702176	58.899826446
	36.0721776326	58.8986029297
	36.0823799705	58.8962240782
	36.0936431552	58.8928074285
	36.1038378584	58.8889991064
	36.1125937731	58.8886391534
	36.1243070941	58.887485492
	36.1351968079	58.8857105021
	36.1451913147	58.8837650065
	36.1459143898	58.8836227172
	36.1573769187	58.8809500303
	36.1644652485	58.8788939516
	36.1733534931	58.876116852
	36.177528348	58.874756281
	36.1885439578	58.8706102991
	36.1992648221	58.8657527386
	36.2096450325	58.8602044006
	36.2196401395	58.8539890437
	36.2292073423	58.847133283
	36.2383056729	58.8396664761
	36.2468961707	58.8316205969
	36.2509937887	58.8273864903
	36.2593250876	58.8184906163
	36.2632733487	58.8141342251
	36.2707401556	58.8050358946
	36.2775959162	58.7954686917
	36.2838112731	58.7854735848
	36.2847486157	58.7837199401
	36.2952105227	58.7797823572
	36.305931387	58.7749247968
	36.3163115975	58.7693764587
	36.3263067044	58.7631611018
	36.3358739073	58.7563053412
	36.3449722378	58.7488385342
	36.3535627356	58.740792655
	36.3576603537	58.7365585484
	36.3618260031	58.7321106114
	36.3657742642	58.7277542202
	36.3732410711	58.7186558897
	36.3800968318	58.7090886868
	36.3844400401	58.7022609723
	36.3898243098	58.6946386136
	36.3960396667	58.6846435066
	36.4015880048	58.6742632962
	36.4064455652	58.6635424319
	36.4105915471	58.6525268222
	36.4140081968	58.6412636375
	36.4166808837	58.6298011086
	36.4185981629	58.6181883197
	36.4197518243	58.6064749987
	36.4201369278	58.5947113037
	36.4197518243	58.5829476087
	36.4185981629	58.5712342877
	36.4166808837	58.5596214989
	36.4140081968	58.5481589699
	36.4105915471	58.5368957853
	36.4064455652	58.5258801755
	36.4015880048	58.5151593112
	36.3992032727	58.5104959786
	36.3967008313	58.5057733834
	36.3935372253	58.5000565056
	36.3873218684	58.4900613986
	36.3804661078	58.4804941958
	36.3729993008	58.4713958652
	36.3649534216	58.4628053674
	36.3563629239	58.4547594882
	36.3472645933	58.4472926813
	36.3376973904	58.4404369207
	36.3370380852	58.4400236444
	36.3340831219	58.4335019016
	36.3285347839	58.4231216911
	36.322319427	58.4131265842
	36.3154636663	58.4035593813
	36.3079968594	58.3944610508
	36.2999509802	58.385870553
	36.2913604824	58.3778246738
	36.2822621519	58.3703578669
	36.272694949	58.3635021062
	36.2694550705	58.3613873351
	36.2633515549	58.3574963438
	36.2565963265	58.3533957581
	36.246216116	58.34784742
	36.2354952517	58.3429898596
	36.224479642	58.3388438777
	36.2132164573	58.335427228
	36.2102631364	58.334662672
	36.1847046648	58.3282768688
	36.1761954567	58.3263687379
	36.1665227683	58.3247176301
	36.1567952903	58.3233290803
	36.1548551898	58.3230629089
	36.1431418688	58.3219092474
	36.1313781738	58.3215241439
	36.1196144788	58.3219092474
	36.113722379	58.3224895686
	36.1012880562	58.3175124247
	36.0993534369	58.3149439638
	36.0918866299	58.3058456333
	36.0838407507	58.2972551355
	36.075250253	58.2892092563
	36.0661519224	58.2817424494
	36.0565847195	58.2748866888
	36.0465896126	58.2686713319
	36.0362094022	58.2631229938
	36.0254885379	58.2582654334
	36.0144729281	58.2541194514
	36.0032097434	58.2507028017
	35.9917472145	58.2480301148
	35.9801344257	58.2461128356
	35.9684211046	58.2449591742
	35.9566574097	58.2445740707
	35.9525236879	58.2446215785
	35.9524677074	58.2446228654
	35.9440204954	58.2436977097
	35.9362021715	58.2430136786
	35.9348736561	58.2429315388
	35.8918133533	58.2404290974
	35.8834954629	58.240138596
	35.8368340859	58.2395892796
	35.8229531019	58.2399619208
	35.8112397809	58.2411155822
	35.799626992	58.2430328614
	35.7881644631	58.2457055483
	35.7795245061	58.2482541455
	35.7709109197	58.2510312452
	35.768287692	58.2518992976
	35.7602255047	58.2548524589
	35.7348099348	58.254092075
	35.7176674574	58.2543967352
	35.7074904695	58.2553548598
	35.6324667338	58.2645754576
	35.6008098203	58.2661938444
	35.598229286	58.2663443671
	35.5887402849	58.2672192815
	35.5811577894	58.2681215464
	35.5733079359	58.2649444847
	35.5636443759	58.2613521174
	35.5523811912	58.2579354677
	35.5409186623	58.2552627808
	35.5394034001	58.2549681302
	35.5204872987	58.2513739671
	35.4963682026	58.2442269444
	35.4918190574	58.2429437075
	35.4803565285	58.2402710206
	35.4687437396	58.2383537414
	35.4570304186	58.23720008
	35.4509749221	58.2370018435
	35.4484701719	58.2262595559
	35.4450535222	58.2149963712
	35.4409075403	58.2039807615
	35.4360499799	58.1932598972
	35.4305016418	58.1828796867
	35.4242862849	58.1728845798
	35.42315682	58.1712145543
	35.4195481164	58.1659426427
	35.4138218206	58.1580454653
	35.4063550137	58.1489471347
	35.3983091345	58.1403566369
	35.3897186367	58.1323107578
	35.3806203062	58.1248439508
	35.3710531033	58.1179881902
	35.3626672077	58.1127130618
	35.356563692	58.1091043582
	35.3549544808	58.1081641297
	35.3445742703	58.1026157916
	35.333853406	58.0977582312
	35.3228377963	58.0936122493
	35.3126134833	58.0904772988
	35.2873372993	58.0835421792
	35.2862984275	58.0832604799
	35.2748358986	58.080587793
	35.265529802	58.0789893996
	35.2603954007	58.078245698
	35.2497790932	58.0749471674
	35.2475781799	58.0742787359
	35.2392685815	58.0690610112
	35.2331574364	58.0654523076
	35.2316329476	58.06456214
	35.2212527371	58.0590138019
	35.2105318728	58.0541562415
	35.1995162631	58.0500102595
	35.1882530784	58.0465936098
	35.1767905495	58.0439209229
	35.1700431814	58.0427119691
	35.1508705129	58.0396525819
	35.1460050922	58.0389442565
	35.1387041385	58.0381343636
	35.12986022	58.0334629596
	35.1191393557	58.0286053992
	35.108123746	58.0244594173
	35.0968605613	58.0210427675
	35.0853980324	58.0183700806
	35.0737852436	58.0164528014
	35.0620719225	58.01529914
	35.0503082275	58.0149140365
	35.0385445326	58.01529914
	35.0268312115	58.0164528014
	35.0152184227	58.0183700806
	35.0037558938	58.0210427675
	34.994425916	58.0238153711
	34.9876502419	58.0254907045
	34.9763870572	58.0289073543
	34.9653714475	58.0330533362
	34.9637179263	58.0337479255
	34.9532326429	58.0341284857
	34.9415193219	58.0352821472
	34.929906533	58.0371994264
	34.9184440041	58.0398721132
	34.9071808194	58.043288763
	34.8961652097	58.0474347449
	34.8922543236	58.049122705
	34.889473383	58.0399551725
	34.8853274011	58.0289395627
	34.8804698407	58.0182186984
	34.8749215026	58.007838488
	34.8687061457	57.997843381
	34.867645112	57.9962733981
	34.8640364083	57.990993857
	34.8582416815	57.9829966372
	34.8507748746	57.9738983066
	34.8427289954	57.9653078088
	34.839085805	57.9617661116
	34.8340885516	57.9570435163
	34.8291412442	57.9525393344
	34.8200429136	57.9450725275
	34.8104757108	57.9382167669
	34.8020050927	57.9328915776
	34.7958939477	57.929282874
	34.7943694588	57.9283927064
	34.7839892483	57.9228443683
	34.7732683841	57.9179868079
	34.7622527743	57.9138408259
	34.7525632221	57.9108534869
	34.7275616962	57.9039107379
	34.7259880638	57.9034814272
	34.7145255348	57.9008087403
	34.702912746	57.8988914611
	34.6935677704	57.8979087366
	34.6830163177	57.8970771326
	34.6806479723	57.8969061957
	34.6688842773	57.8965210922
	34.6571205824	57.8969061957
	34.6454072613	57.8980598571
	34.6337944725	57.8999771363
	34.6223319436	57.9026498232
	34.6218665062	57.9027752055
	34.6054709373	57.9072155131
	34.59467319	57.9105067805
	34.5836575803	57.9146527625
	34.5772598465	57.917449483
	34.5757347801	57.9177459962
	34.5642722512	57.9204186831
	34.5530090665	57.9238353328
	34.5419934568	57.9279813147
	34.5353962107	57.9308700511
	34.5353507834	57.930891036
	34.5339804919	57.9307959662
	34.5222167969	57.9304108627
	34.5104531019	57.9307959662
	34.4987397809	57.9319496276
	34.487126992	57.9338669068
	34.4756644631	57.9365395937
	34.4644012784	57.9399562434
	34.4533856687	57.9441022254
	34.4521687099	57.9446115429
	34.4449513027	57.9476633007
	34.4354473972	57.9520115436
	34.4250671867	57.9575598817
	34.4150720798	57.9637752386
	34.4055048769	57.9706309992
	34.3975359073	57.9771709635
	34.3932665897	57.9780016968
	34.3921578945	57.9781335808
	34.3586487852	57.980615232
	34.3484559674	57.9816627624
	34.3445691923	57.9822176874
	34.3327067973	57.9840436355
	34.3295491198	57.9841782795
	34.3254479139	57.9844000922
	34.3137345929	57.9855537536
	34.3033124835	57.9872383636
	34.2627622516	57.9950203461
	34.2615715721	57.9952530152
	34.2501090432	57.9979257021
	34.2472786981	57.9987089109
	34.2376543631	58.0014569228
	34.2354269169	58.0018785997
	34.2337929466	58.0021957642
	34.2223304177	58.0048684511
	34.2187529371	58.0058667351
	34.2015333936	58.0108639885
	34.1938476896	58.0132823543
	34.1828320798	58.0174283362
	34.1800997968	58.0185865841
	34.1730974984	58.0216233321
	34.1642707253	58.0237512026
	34.1580292046	58.0255449878
	34.1547154072	58.0265624719
	34.1479108369	58.023957399
	34.1414184237	58.0216136531
	34.130155239	58.0181970034
	34.1299175261	58.0181334826
	34.1215862273	58.0159133288
	34.1103614113	58.0133041627
	34.1036140432	58.0120952089
	34.0844413747	58.0090358217
	34.079575954	58.0083274963
	34.067862633	58.0071738348
	34.056098938	58.0067887313
	34.044335243	58.0071738348
	34.0385819341	58.0076437546
	34.0271988774	58.0087576462
	34.0212388653	58.0094413879
	34.0180687182	58.0099647813
	34.0156558133	58.0086750568
	34.0124187979	58.0071187226
	34.0023196316	58.0017323077
	33.9936552863	57.9977415717
	33.9835815511	57.9934216895
	33.975097952	57.9889530719
	33.9643770877	57.9840955115
	33.9533614779	57.9799495296
	33.9445713496	57.9772144717
	33.9279011225	57.9724918765
	33.9254280662	57.9718102846
	33.9139655373	57.9691375977
	33.9023527484	57.9672203185
	33.9020462226	57.9671802316
	33.8829521957	57.9646998338
	33.8803935912	57.9642486645
	33.8794549025	57.9641041832
	33.8808456176	57.9581397316
	33.8827628968	57.9465269428
	33.8839165582	57.9348136217
	33.8843016617	57.9230499268
	33.8839165582	57.9112862318
	33.8827628968	57.8995729107
	33.8818434287	57.8934145707
	33.8807295371	57.8867464798
	33.879731726	57.8812920311
	33.8770590391	57.8698295022
	33.8736423894	57.8585663175
	33.8694964075	57.8475507077
	33.864638847	57.8368298435
	33.859090509	57.826449633
	33.8528751521	57.8164545261
	33.8525870187	57.816024644
	33.8417532784	57.7999113628
	33.8351856512	57.7907740419
	33.8277188443	57.7816757114
	33.8196729651	57.7730852136
	33.8156962893	57.7692291632
	33.8109736941	57.7647888556
	33.8063598721	57.7605990268
	33.7973575386	57.7532059323
	33.7937028332	57.7496220774
	33.786363229	57.7428149081
	33.7772648985	57.7353481012
	33.7676976956	57.7284923406
	33.7577025887	57.7222769837
	33.7473223782	57.7167286456
	33.7366015139	57.7118710852
	33.7335858246	57.7106583547
	33.7333465331	57.7093483665
	33.7306738462	57.6978858376
	33.7272571965	57.6866226529
	33.725314829	57.6811886207
	33.7236439916	57.6767406837
	33.7214403772	57.6711591062
	33.7165828168	57.6604382419
	33.7110344787	57.6500580314
	33.7048191218	57.6400629245
	33.7045556252	57.6396696952
	33.6942864602	57.6243880179
	33.6876941961	57.6152140444
	33.6802273892	57.6061157138
	33.67218151	57.5975252161
	33.6635910122	57.5894793369
	33.6545470405	57.5820542574
	33.6509307075	57.5792771578
	33.6508763487	57.5792354303
	33.6413091458	57.5723796697
	33.6313140389	57.5661643128
	33.6257684244	57.5630915753
	33.6127145304	57.5561564557
	33.6108467681	57.5551781668
	33.6025441343	57.548405047
	33.5929769315	57.5415492864
	33.5856721362	57.5369184737
	33.5815064867	57.5344160323
	33.5788161751	57.5328314881
	33.5684359647	57.52728315
	33.5577151004	57.5224255896
	33.5466994906	57.5182796077
	33.5354363059	57.514862958
	33.5273414784	57.5128936963
	33.5159431629	57.5103988843
	33.5125754616	57.5096954591
	33.5009626728	57.5077781799
	33.4892493517	57.5066245184
	33.4863580193	57.5065010087
	33.4814914851	57.498674985
	33.4753079826	57.4899894998
	33.473717132	57.4875665866
	33.4683918301	57.4800233178
	33.4687338438	57.4787651634
	33.4714065307	57.4673026344
	33.4733238099	57.4556898456
	33.4744774713	57.4439765246
	33.4748625748	57.4322128296
	33.4744774713	57.4204491346
	33.4733238099	57.4087358136
	33.4714065307	57.3971230247
	33.4687338438	57.3856604958
	33.4653171941	57.3743973111
	33.4611712121	57.3633817014
	33.4563136517	57.3526608371
	33.4507653137	57.3422806267
	33.4445499568	57.3322855197
	33.4376941961	57.3227183169
	33.4302273892	57.3136199863
	33.42218151	57.3050294885
	33.4135910122	57.2969836093
	33.4045470405	57.2895585298
	33.4009307075	57.2867814302
	33.4008763487	57.2867397028
	33.3913091458	57.2798839422
	33.3813140389	57.2736685853
	33.3709338284	57.2681202472
	33.3602129641	57.2632626868
	33.3491973544	57.2591167048
	33.3379341697	57.2557000551
	33.3264716408	57.2530273682
	33.314858852	57.251110089
	33.3146089114	57.2510773619
	33.3082231081	57.2502457579
	33.2967597277	57.2491248236
	33.2923498012	57.2488901127
	33.2759148938	57.248217608
	33.2746237963	57.2480081963
	33.2693037372	57.2472267272
	33.2575904162	57.2460730658
	33.2458267212	57.2456879623
	33.2399902344	57.2456879623
	33.2282265394	57.2460730658
	33.2165132184	57.2472267272
	33.2049004295	57.2491440064
	33.1934379006	57.2518166933
	33.1821747159	57.255233343
	33.1711591062	57.259379325
	33.1604382419	57.2642368854
	33.1500580314	57.2697852235
	33.1488363622	57.2705449062
	33.1450271273	57.2691112117
	33.1440115571	57.2687698419
	33.1390143037	57.2671066339
	33.1287666892	57.264031354
	33.1173041603	57.2613586671
	33.1056913715	57.2594413879
	33.103209007	57.2591321243
	33.0843186261	57.2569119705
	33.0750876696	57.2560675726
	33.0633239746	57.2556824691
	33.0515602796	57.2560675726
	33.0514809956	57.2560727868
	33.0372598042	57.2570112023
	33.0256257672	57.2581596496
	33.0169117902	57.2595249999
	32.9932676757	57.2638261203
	32.9665839684	57.2667396461
	32.9626298565	57.2672157409
	32.9559865067	57.2682169107
	32.9412541458	57.2707193521
	32.9362847069	57.2716354615
	32.9248221779	57.2743081484
	32.923982835	57.2745352255
	32.9140823372	57.2730238893
	32.9104170185	57.2725029113
	32.8987036974	57.2713492499
	32.8869400024	57.2709641464
	32.8803639968	57.2710843989
	32.8728566726	57.2713590571
	32.8676689832	57.2716239081
	32.8559556622	57.2727775695
	32.8557827798	57.2728061125
	32.8527038094	57.2708914857
	32.8512628629	57.2700683943
	32.8384912565	57.2628509871
	32.8342294511	57.2605179584
	32.8295444636	57.2531229221
	32.8243220962	57.2457179306
	32.8162654555	57.2348841904
	32.8146320623	57.232721979
	32.8071652554	57.2236236484
	32.7991193762	57.2150331506
	32.7905288784	57.2069872714
	32.7849618324	57.2023008969
	32.7777367958	57.1964644101
	32.7742055113	57.1936839777
	32.7646383084	57.1868282171
	32.7546432015	57.1806128602
	32.744262991	57.1750645221
	32.7335421267	57.1702069617
	32.7253671789	57.1670518256
	32.717066369	57.164078337
	32.7109301663	57.1609043658
	32.700209302	57.1560468054
	32.6921121323	57.152919551
	32.6773950303	57.14764001
	32.6744765902	57.1466212825
	32.6632134056	57.1432046328
	32.6567163765	57.1415927184
	32.6408853829	57.1379763854
	32.635919883	57.1369156129
	32.6243070941	57.1349983337
	32.621989462	57.1347085078
	32.6174215115	57.1315532537
	32.6074264046	57.1253378968
	32.5970461941	57.1197895587
	32.5863253299	57.1149319983
	32.5827471225	57.1134945979
	32.5777498691	57.1115491022
	32.5703124667	57.1088405208
	32.559049282	57.105423871
	32.5475867531	57.1027511842
	32.5359739643	57.100833905
	32.5309101933	57.1002401313
	32.5273768687	57.0972584228
	32.5208714659	57.0920222956
	32.511304263	57.0851665349
	32.5013091561	57.078951178
	32.4909289456	57.07340284
	32.4802080813	57.0685452796
	32.4691924716	57.0643992976
	32.468411307	57.0641361227
	32.4634140536	57.0624652853
	32.4529320335	57.0593118105
	32.4414695046	57.0566391236
	32.4298567157	57.0547218444
	32.4181433947	57.053568183
	32.4063796997	57.0531830795
	32.3946160047	57.053568183
	32.3913918	57.0538086298
	32.388905565	57.054016528
	32.3878224546	57.0531276422
	32.3782552518	57.0462718816
	32.3682601448	57.0400565247
	32.3578799344	57.0345081866
	32.3471590701	57.0296506262
	32.3361434603	57.0255046443
	32.3352840773	57.0252153369
	32.3302791945	57.0235444995
	32.3198753929	57.0204171572
	32.3084128639	57.0177444703
	32.2968000751	57.0158271911
	32.2850867541	57.0146735297
	32.2804408221	57.0144293167
	32.2735057024	57.0141546585
	32.2708101708	57.0140681397
	32.2648750877	57.012368146
	32.26194628	57.0116097164
	32.2563920808	57.0102211666
	32.2478583595	57.0083069093
	32.2362455707	57.0063896301
	32.2245322497	57.0052359686
	32.2127685547	57.0048508651
	32.2046849093	57.0050326086
	32.1974303719	57.000612555
	32.1870501614	56.9950642169
	32.1763292971	56.9902066565
	32.1760085313	56.9900741534
	32.1712859361	56.9881286578
	32.1605910922	56.984115179
	32.1493279075	56.9806985293
	32.1378653786	56.9780258424
	32.1316831003	56.9769079824
	32.1197354684	56.9749624868
	32.1143049579	56.9741630676
	32.1107330424	56.9737291172
	32.1078799344	56.9722904742
	32.0971590701	56.9674329138
	32.0934944578	56.9659619005
	32.0900628356	56.964627962
	32.0852331152	56.959471322
	32.0766426175	56.9514254428
	32.0677441632	56.944112229
	32.0641354596	56.9413351294
	32.0639355833	56.9411815363
	32.0543683804	56.9343257757
	32.0443732735	56.9281104188
	32.033993063	56.9225620807
	32.0232721988	56.9177045203
	32.012256589	56.9135585383
	32.0009934043	56.9101418886
	31.9979377111	56.9093517867
	31.986825498	56.9065823165
	31.9784186623	56.9046997315
	31.9668058734	56.9027824523
	31.9550925524	56.9016287909
	31.9433288574	56.9012436874
	31.936746171	56.9013641845
	31.9292464762	56.9016388427
	31.9240654676	56.9019034491
	31.9123521466	56.9030571105
	31.9007393577	56.9049743897
	31.8892768288	56.9076470766
	31.8780136442	56.9110637263
	31.8669980344	56.9152097083
	31.865000587	56.9160512137
	31.8610141416	56.91775902
	31.8574800801	56.916876111
	31.84897454	56.9149688966
	31.8373617511	56.9130516174
	31.8309431382	56.9124194392
	31.8298267512	56.9106241428
	31.8229709906	56.9010569399
	31.8227445765	56.9007625013
	31.8199636622	56.8971537977
	31.8127232693	56.8883499057
	31.8046773902	56.8797594079
	31.7960868924	56.8717135287
	31.7869885618	56.8642467218
	31.7774213589	56.8573909612
	31.767426252	56.8511756043
	31.7570460416	56.8456272662
	31.7463251773	56.8407697058
	31.7353095675	56.8366237239
	31.7332687789	56.8359445502
	31.725480441	56.8304363103
	31.715485334	56.8242209534
	31.7059909388	56.8191124829
	31.6926547571	56.812444392
	31.6917689419	56.8120045245
	31.6810480777	56.8071469641
	31.6700324679	56.8030009822
	31.666204559	56.8017491983
	31.6586583311	56.7956279474
	31.6490911282	56.7887721868
	31.6417863329	56.7841413741
	31.6376206835	56.7816389327
	31.6349303719	56.7800543885
	31.6245501614	56.7745060504
	31.6138292971	56.76964849
	31.6028136874	56.7655025081
	31.5915505027	56.7620858584
	31.5800879738	56.7594131715
	31.568475185	56.7574958923
	31.5567618639	56.7563422308
	31.5449981689	56.7559571273
	31.533234474	56.7563422308
	31.5281074407	56.7567519719
	31.5133865239	56.7581405217
	31.5068002362	56.7588844421
	31.4951874473	56.7608017213
	31.4945943413	56.7609207346
	31.4937683677	56.7606973085
	31.4823505425	56.7580335197
	31.4767963433	56.7569272575
	31.4767516396	56.7569183595
	31.4651388507	56.7550010803
	31.4534255297	56.7538474188
	31.4416618347	56.7534623153
	31.4298981397	56.7538474188
	31.4181848187	56.7550010803
	31.4065720299	56.7569183595
	31.3973115922	56.7590159054
	31.3782819778	56.7638576476
	31.3769547398	56.764013768
	31.3730506897	56.764013768
	31.3612869947	56.7643988715
	31.3495736737	56.7655525329
	31.3379608848	56.7674698121
	31.3348334402	56.7681208231
	31.328447637	56.7695093729
	31.3201125527	56.7715310488
	31.308849368	56.7749476985
	31.2978337583	56.7790936804
	31.287112894	56.7839512408
	31.2849001383	56.7850614477
	31.2793876359	56.7842158848
	31.2263819799	56.7713267685
	31.2189734719	56.7696899659
	31.2115430303	56.76837336
	31.2087054643	56.7679317492
	31.1645406995	56.7560396642
	31.1643272972	56.7559823427
	31.1528647682	56.7533096558
	31.1412519794	56.7513923766
	31.1411977748	56.7513852489
	31.1348081569	56.7505460155
	31.1231490404	56.7493994818
	31.1113853455	56.7490143783
	31.1006533165	56.7493348396
	31.0959307212	56.7496171272
	31.0948990553	56.7496817694
	31.0831857342	56.7508354308
	31.0715729454	56.75275271
	31.0601104165	56.7554253969
	31.0488472318	56.7588420466
	31.037831622	56.7629880286
	31.0271107578	56.767845589
	31.0167305473	56.7733939271
	31.0067354404	56.779609284
	31.0001166554	56.7842502918
	30.9910639253	56.7851621629
	30.9847939227	56.7859543886
	30.9700713408	56.7866285897
	30.9601111704	56.7862255984
	30.9486847342	56.7854006434
	30.9443747994	56.7828314881
	30.9339945889	56.77728315
	30.9307455468	56.7757211811
	30.9218534874	56.7715555317
	30.9143816653	56.7682599402
	30.9033660556	56.7641139583
	30.8921028709	56.7606973085
	30.880640342	56.7580246217
	30.8698029476	56.7562111411
	30.8636918026	56.7553795371
	30.8629164081	56.7552757385
	30.8512030871	56.754122077
	30.8394393921	56.7537369735
	30.8276756971	56.754122077
	30.8159623761	56.7552757385
	30.8043495872	56.7571930177
	30.7928870583	56.7598657045
	30.7816238736	56.7632823543
	30.7706082639	56.7674283362
	30.7685873315	56.7682799047
	30.7588674829	56.7724455541
	30.750167551	56.776451546
	30.7440264478	56.7796281726
	30.7335940229	56.7790317333
	30.7268978066	56.7787739355
	30.6988445229	56.7782169897
	30.6973782124	56.7782504268
	30.695274353	56.7781815536
	30.683510658	56.7785666571
	30.6793106247	56.7788913785
	30.6543090988	56.7811191617
	30.6467958111	56.7819481017
	30.6378446584	56.7833567611
	30.6242338186	56.7858515731
	30.6215721824	56.786360193
	30.6101096535	56.7890328798
	30.5988464689	56.7924495296
	30.5944310093	56.7940127848
	30.5891552829	56.7959582804
	30.5825551328	56.7985410071
	30.5718342685	56.8033985675
	30.5614540581	56.8089469056
	30.5514589511	56.8151622625
	30.5436258631	56.8207039772
	30.5402918177	56.8231987893
	30.5385577028	56.8245128351
	30.5294593723	56.831979642
	30.5208688745	56.8400255212
	30.5128229953	56.848616019
	30.5053561884	56.8577143496
	30.4985004278	56.8672815524
	30.4922850709	56.8772766594
	30.4871766003	56.8867710547
	30.4838425549	56.8934391455
	30.4834026874	56.8943249606
	30.478545127	56.9050458249
	30.474399145	56.9160614347
	30.4709824953	56.9273246194
	30.4683098084	56.9387871483
	30.4663925292	56.9503999371
	30.4652388678	56.9621132581
	30.4648537643	56.9738769531
	30.4651226431	56.9837080852
	30.4652521483	56.9860738914
	30.4649603949	56.989899513
	30.4645752914	57.001663208
	30.4646827386	57.0078793416
	30.4648290206	57.0121094945
	30.4649603949	57.0334235461
	30.4661140563	57.0451368671
	30.4662790955	57.0463581197
	30.4666274176	57.0617591173
	30.467781079	57.0734724384
	30.4696983582	57.0850852272
	30.4701092256	57.087091062
	30.4723331941	57.0976425146
	30.4745950136	57.1070992088
	30.4750138904	57.1086352519
	30.4738225317	57.1114438352
	30.4696765498	57.1224594449
	30.4662599001	57.1337226296
	30.4636429888	57.1449059112
	30.4564450559	57.1477078772
	30.4560166596	57.1478859724
	30.4460145234	57.1520592512
	30.4357220554	57.1567387164
	30.429720131	57.1598400033
	30.4204037047	57.1648778366
	30.4033921173	57.1720572768
	30.3937756442	57.1764530719
	30.3833954338	57.18200141
	30.3823704705	57.1825976863
	30.3743138299	57.1873202815
	30.3653436862	57.1929393621
	30.3573260103	57.1986193857
	30.3510550243	57.2033244193
	30.3442331516	57.2076640935
	30.3346659487	57.2145198542
	30.3255676181	57.2219866611
	30.3169771203	57.2300325403
	30.3109814491	57.2363252068
	30.3082043495	57.2393845941
	30.3061541415	57.2416824253
	30.2986873346	57.2507807558
	30.291831574	57.2603479587
	30.2856162171	57.2703430656
	30.280067879	57.2807232761
	30.2753434404	57.2911236308
	30.2739548906	57.2944576762
	30.2738217688	57.2947781858
	30.2696757869	57.3057937955
	30.2662591372	57.3170569802
	30.2635864503	57.3285195091
	30.2616691711	57.340132298
	30.2605155097	57.351845619
	30.2601304062	57.363609314
	30.2605155097	57.3753730089
	30.2616691711	57.38708633
	30.2635864503	57.3986991188
	30.2662591372	57.4101616477
	30.2696757869	57.4214248324
	30.2738217688	57.4324404422
	30.2786793292	57.4431613064
	30.2842276673	57.4535415169
	30.2904430242	57.4635366238
	30.2972987848	57.4731038267
	30.2975646901	57.4734494927
	30.3003417897	57.4770505669
	30.3036062669	57.4811583053
	30.3038659229	57.4850424746
	30.305004132	57.4965223651
	30.3069214112	57.508135154
	30.3095940981	57.5195976829
	30.3130107478	57.5308608676
	30.3163140474	57.5398057559
	30.3196442781	57.5481370547
	30.3204869605	57.5502077761
	30.3253445209	57.5609286404
	30.3276923102	57.5655222178
	30.3225749689	57.5718867128
	30.3157192083	57.5814539157
	30.3095038514	57.5914490227
	30.3039555133	57.6018292331
	30.2990979529	57.6125500974
	30.294951971	57.6235657071
	30.2915353212	57.6348288918
	30.2904963851	57.638895465
	30.2891792209	57.6400393344
	30.2805887231	57.6480852136
	30.2725428439	57.6566757114
	30.265076037	57.6657740419
	30.2582202764	57.6753412448
	30.2520049195	57.6853363518
	30.2464565814	57.6957165622
	30.241599021	57.7064374265
	30.2374530391	57.7174530362
	30.234842437	57.726059038
	30.231557596	57.7261310238
	30.2038296556	57.7273468979
	30.1852722168	57.7273468979
	30.1735085218	57.7277320014
	30.1617952008	57.7288856628
	30.1598844617	57.7291476455
	30.1540517896	57.7299792495
	30.1443497398	57.731634546
	30.1328872109	57.7343072329
	30.1321049236	57.7345187361
	30.1198826335	57.7378527815
	30.1094017362	57.741057928
	30.0983861264	57.7452039099
	30.0906571884	57.7486201998
	30.0634049926	57.7614395137
	30.0541121299	57.7617635543
	30.0312798271	57.7615446388
	30.0069469552	57.7606041214
	30.0069442938	57.7606041571
	30.0069339891	57.7606036207
	29.9908168932	57.7599818251
	29.9887968666	57.760008985
	29.9838829041	57.7598481186
	29.9721192091	57.7602332221
	29.9672078783	57.760622748
	29.9344319994	57.7636745058
	29.9276300091	57.7644386413
	29.9198220237	57.7656415757
	29.905654238	57.7681440171
	29.9018494346	57.7688583619
	29.8903869057	57.7715310488
	29.8791237211	57.7749476985
	29.8774794126	57.7755147473
	29.8719252134	57.7774602429
	29.8625539121	57.781039176
	29.8518330478	57.7858967365
	29.8414528374	57.7914450745
	29.8314577304	57.7976604314
	29.8289638357	57.7993572181
	29.8253513174	57.8018596595
	29.8182780092	57.8070186335
	29.8091796787	57.8144854404
	29.8005891809	57.8225313196
	29.7925433017	57.8311218174
	29.7924179594	57.8312648954
	29.7846397917	57.84015314
	29.7772983271	57.8491083925
	29.7704425664	57.8586755954
	29.7642272095	57.8686707023
	29.759118739	57.8781650976
	29.7574517163	57.881499143
	29.7570118488	57.8823849582
	29.7521542883	57.8931058225
	29.7519439916	57.8936645675
	29.7456420204	57.8921951539
	29.7340292316	57.8902778747
	29.728140842	57.8896011561
	29.7084188571	57.8876632899
	29.7025939257	57.8871863471
	29.6908302307	57.8868012436
	29.6790665357	57.8871863471
	29.6673532147	57.8883400085
	29.6557404259	57.8902572877
	29.6523481447	57.8909660946
	29.6409574587	57.8934609066
	29.6328872109	57.8954247866
	29.6216240262	57.8988414363
	29.6106084165	57.9029874182
	29.5998875522	57.9078449786
	29.5895073417	57.9133933167
	29.5795122348	57.9196086736
	29.5699450319	57.9264644342
	29.5608467014	57.9339312412
	29.5522562036	57.9419771203
	29.5442103244	57.9505676181
	29.5367435175	57.9596659487
	29.5298877569	57.9692331516
	29.5236724	57.9792282585
	29.5181240619	57.9896084689
	29.5132665015	58.0003293332
	29.5091205195	58.011344943
	29.5057038698	58.0226081277
	29.5035475312	58.0315678546
	29.5027159272	58.0354588458
	29.5021995789	58.0379616478
	29.5002822997	58.0495744366
	29.4991286383	58.0612877577
	29.4987435348	58.0730514526
	29.4991286383	58.0848151476
	29.4991332271	58.0848849502
	29.4994078853	58.0890505996
	29.5005569579	58.1006941181
	29.5024742371	58.1123069069
	29.5028690164	58.1142363308
	29.498117743	58.1220047478
	29.4925694049	58.1323849582
	29.4877118445	58.1431058225
	29.4835658626	58.1541214322
	29.4801492128	58.1653846169
	29.477476526	58.1768471458
	29.4766780304	58.1811321744
	29.4755679535	58.1875179776
	29.4744491699	58.1948457379
	29.4732955084	58.2065590589
	29.4729104049	58.2183227539
	29.4732955084	58.2300864489
	29.4735056441	58.2329436417
	29.474615721	58.2465544815
	29.4755592468	58.2554106098
	29.477476526	58.2670233986
	29.4801492128	58.2784859275
	29.4803607161	58.2792682149
	29.4820277388	58.2853793599
	29.4852328853	58.2958602572
	29.4893788672	58.306875867
	29.4942364276	58.3175967313
	29.497910784	58.324650049
	29.5009663565	58.3302118776
	29.5028403382	58.3335387703
	29.5090556951	58.3435338773
	29.5159114557	58.3531010801
	29.5233782626	58.3621994107
	29.5276209056	58.3668693804
	29.532065028	58.3715919756
	29.5358682641	58.3755125037
	29.5444587619	58.3835583829
	29.5535570925	58.3910251898
	29.5581865493	58.3944610364
	29.5690202895	58.4022353894
	29.5739580356	58.4056553034
	29.5839531425	58.4118706603
	29.5875873976	58.4139131119
	29.5964500908	58.4193779846
	29.6068303012	58.4249263226
	29.6115311611	58.4271605645
	29.6181992519	58.4302123223
	29.6242192563	58.4328356409
	29.6352348661	58.4369816228
	29.6371081879	58.4376060828
	29.6424041779	58.4393392247
	29.6472752866	58.4414415979
	29.6570562953	58.4451634866
	29.664213071	58.4538589566
	29.6722589502	58.4624494544
	29.680849448	58.4704953336
	29.6899477785	58.4779621405
	29.6962425116	58.4825787399
	29.7017967108	58.4864697312
	29.7050691806	58.4887088923
	29.7150642875	58.4949242492
	29.725444498	58.5004725873
	29.732740779	58.5038699353
	29.7390553378	58.5071406781
	29.7407802038	58.5079798834
	29.7477267675	58.5113139288
	29.7567227658	58.5153322839
	29.7677383756	58.5194782659
	29.7717346137	58.5207829266
	29.7852184765	58.5264850813
	29.7864430722	58.5269976282
	29.797458682	58.5311436101
	29.8019100817	58.5325903421
	29.8059213813	58.5338365711
	29.8086894709	58.5375416929
	29.8161562778	58.5466400235
	29.824202157	58.5552305213
	29.8327926548	58.5632764004
	29.8391269373	58.5685790984
	29.8427909763	58.5718823575
	29.8518893068	58.5793491644
	29.8533388031	58.5804497954
	29.8588930023	58.5846230742
	29.8670107089	58.5903782038
	29.8770058159	58.5965935607
	29.8873860263	58.6021418988
	29.8909781123	58.6038641328
	29.8993132258	58.6077474946
	29.9064420041	58.610882821
	29.9078378074	58.6114081642
	29.9069481017	58.6167970318
	29.9057944403	58.6285103529
	29.9054093368	58.6402740479
	29.9057944403	58.6520377428
	29.9069481017	58.6637510639
	29.9088653809	58.6753638527
	29.9115380678	58.6868263816
	29.9138131124	58.694610562
	29.9119491699	58.7059541363
	29.9107955084	58.7176674574
	29.9104104049	58.7294311523
	29.9107955084	58.7411948473
	29.9119491699	58.7529081684
	29.9138664491	58.7645209572
	29.9165391359	58.7759834861
	29.9199557857	58.7872466708
	29.9241017676	58.7982622805
	29.928959328	58.8089831448
	29.9345076661	58.8193633553
	29.940723023	58.8293584622
	29.9475787836	58.8389256651
	29.9550455905	58.8480239956
	29.9630914697	58.8566144934
	29.9716819675	58.8646603726
	29.9807802981	58.8721271795
	29.9869394255	58.8766486875
	29.9924936248	58.8805473081
	29.9959017001	58.8828815608
	30.0058968071	58.8890969177
	30.0162770175	58.8946452557
	30.0181467264	58.8955538997
	30.0250932901	58.8988803157
	30.0339444455	58.9028292322
	30.0437742334	58.9065680671
	30.0475647453	58.9088189025
	30.0579449558	58.9143672406
	30.0609909014	58.9158339107
	30.0887657122	58.9288878047
	30.0964406308	58.9322786951
	30.1074562406	58.936424677
	30.1136966369	58.9384170307
	30.1220317505	58.9409118427
	30.1270545388	58.9423361387
	30.1385170677	58.9450088256
	30.1501298565	58.9469261048
	30.1618431776	58.9480797662
	30.1736068726	58.9484648697
	30.1853705675	58.9480797662
	30.1863966646	58.9480095654
	30.1980620089	58.9471779614
	30.2087492328	58.9460945008
	30.2203620217	58.9441772216
	30.2300716636	58.941964767
	30.2467172917	58.9376838689
	30.2485130995	58.9378106012
	30.2602767944	58.9381957047
	30.2720404894	58.9378106012
	30.2837538104	58.9366569398
	30.2883355043	58.9359936564
	30.309446039	58.932659611
	30.316477134	58.9314056152
	30.3279396629	58.9287329283
	30.3392028475	58.9253162786
	30.3502184573	58.9211702966
	30.3609393216	58.9163127362
	30.3673438515	58.9129930785
	30.3685764295	58.9123225031
	30.3752136194	58.9112766719
	30.3823073647	58.9100127929
	30.3937698936	58.907340106
	30.4050330783	58.9039234563
	30.4131123422	58.9009635724
	30.4182892179	58.9028095647
	30.4295524026	58.9062262144
	30.4410149315	58.9088989013
	30.4526277203	58.9108161805
	30.4643410413	58.9119698419
	30.4705596384	58.9122694493
	30.4981551034	58.9131206034
	30.5141795207	58.9151427369
	30.5176218051	58.915828763
	30.5176865318	58.9158416503
	30.5292993207	58.9177589295
	30.5410126417	58.9189125909
	30.5527763367	58.9192976944
	30.5675492262	58.9192976944
	30.5685473748	58.9210198434
	30.5746112676	58.9307531155
	30.5814670282	58.9403203184
	30.5889338351	58.949418649
	30.5950912332	58.9560921986
	30.6042579507	58.965537389
	30.6061464319	58.9674543372
	30.6147369297	58.9755002164
	30.6230700162	58.9823765574
	30.6250137241	58.9841061734
	30.6341120546	58.9915729803
	30.6436792575	58.9984287409
	30.6536743645	59.0046440978
	30.6640545749	59.0101924359
	30.668415045	59.0122704642
	30.6823081724	59.0186638968
	30.6886685666	59.0214434289
	30.6996841764	59.0255894109
	30.7075542856	59.0280611858
	30.7106852918	59.0302110329
	30.7125688754	59.0314869074
	30.7225639824	59.0377022643
	30.7278459732	59.0406346662
	30.7341285214	59.0449937581
	30.7367349826	59.0467685847
	30.7467300896	59.0529839416
	30.7571103	59.0585322797
	30.7627531734	59.0611943765
	30.776920959	59.0675801797
	30.7819989499	59.0697756433
	30.7930145597	59.0739216252
	30.7948741656	59.0745415961
	30.7955367526	59.074840639
	30.7963905456	59.0826353412
	30.7983078248	59.0942481301
	30.8009805117	59.105710659
	30.8043971614	59.1169738436
	30.8084106402	59.1276686876
	30.8103561358	59.1323912828
	30.8104886389	59.1327120486
	30.8153461993	59.1434329129
	30.8208945374	59.1538131233
	30.8271098943	59.1638082303
	30.8339656549	59.1733754331
	30.8414324619	59.1824737637
	30.8494783411	59.1910642615
	30.8580688388	59.1991101407
	30.8671671694	59.2065769476
	30.8767343723	59.2134327082
	30.8867294792	59.2196480651
	30.8971096896	59.2251964032
	30.9028543479	59.2279043392
	30.906729937	59.2302071472
	30.9171101474	59.2357554852
	30.924317756	59.2391139063
	30.9312643197	59.2421656641
	30.9347775754	59.2436648035
	30.9457931852	59.2478107854
	30.9570563698	59.2512274351
	30.9685188988	59.253900122
	30.969604584	59.2541126094
	30.9984932864	59.259674438
	31.00902039	59.2613792298
	31.015682691	59.2621303039
	31.0481839117	59.2651820617
	31.0532349317	59.265584649
	31.0649986267	59.2659697525
	31.0767623217	59.265584649
	31.0884756427	59.2644309876
	31.1000884316	59.2625137084
	31.1074745993	59.2608823367
	31.1166413168	59.2586545535
	31.1203910516	59.2577004287
	31.129572453	59.2591514466
	31.141285774	59.260305108
	31.153049469	59.2606902115
	31.164813164	59.260305108
	31.1739729519	59.2594690601
	31.1834181424	59.2583627979
	31.1859716754	59.2580451844
	31.1975844643	59.2561279052
	31.2090469932	59.2534552183
	31.2203101779	59.2500385686
	31.2313257876	59.2458925867
	31.2420466519	59.2410350262
	31.2524268624	59.2354866882
	31.2624219693	59.2292713313
	31.2719891722	59.2224155706
	31.2779646127	59.2175116533
	31.2800629143	59.2188164611
	31.2904431247	59.2243647992
	31.301163989	59.2292223596
	31.3096402536	59.23248513
	31.3124341345	59.2396609011
	31.3172916949	59.2503817654
	31.322840033	59.2607619759
	31.326541663	59.2668885243
	31.3298718937	59.2721604359
	31.3323856206	59.2760289944
	31.3392413813	59.2855961973
	31.3467081882	59.2946945279
	31.3515397254	59.2999873123
	31.352476526	59.3050788185
	31.3537597874	59.3110061287
	31.3519516113	59.3220658917
	31.3511533442	59.3292386118
	31.3505963984	59.3353573863
	31.350241004	59.3398979871
	31.3498559005	59.3516616821
	31.350241004	59.3634253771
	31.3511324648	59.373052973
	31.3519640688	59.3799957221
	31.3522262695	59.3820814472
	31.3541435487	59.393694236
	31.3568162356	59.4051567649
	31.3602328853	59.4164199496
	31.3615319322	59.4201141985
	31.3637559007	59.4262253435
	31.3666028357	59.4335467044
	31.3714603961	59.4442675687
	31.3770087342	59.4546477791
	31.3832240911	59.464642886
	31.3900798517	59.4742100889
	31.3975466586	59.4833084195
	31.4055925378	59.4918989172
	31.4141830356	59.4999447964
	31.4232813662	59.5074116034
	31.432848569	59.514267364
	31.442843676	59.5204827209
	31.4532238864	59.526031059
	31.4639447507	59.5308886194
	31.4749603605	59.5350346013
	31.4827166661	59.5374734406
	31.4913264378	59.5399682526
	31.4948333169	59.540946063
	31.5062958458	59.5436187499
	31.5100544046	59.5443249204
	31.5194995951	59.5459957578
	31.5273538251	59.5472068665
	31.5390671461	59.5483605279
	31.5467899645	59.5487002341
	31.5590122545	59.5489748923
	31.5748168261	59.5486351861
	31.5792667145	59.5482880255
	31.5914890045	59.5471817633
	31.5987524372	59.5463752625
	31.6032714808	59.5457218624
	31.6138267481	59.5440586543
	31.6209204933	59.5427947753
	31.6267389488	59.5415369738
	31.6580979347	59.5342127519
	31.6621353706	59.5335900769
	31.6698096535	59.5322356933
	31.6735856688	59.5314424007
	31.7024743712	59.5250489681
	31.7101608848	59.5231695738
	31.7214240695	59.5197529241
	31.729330644	59.5168609308
	31.737104997	59.513809173
	31.7402140322	59.5125551843
	31.741954344	59.5118236001
	31.7540853317	59.5099326632
	31.7598444743	59.5089388536
	31.762514487	59.5113278531
	31.7716128176	59.51879466
	31.7811800204	59.5256504206
	31.784505773	59.5278199023
	31.790616918	59.5317108935
	31.7972862724	59.5357567687
	31.8076664829	59.5413051068
	31.8116808156	59.5432234025
	31.8189020375	59.5465650773
	31.8222206966	59.548060229
	31.8583306209	59.5638912227
	31.8617184934	59.5653353357
	31.8727341031	59.5694813176
	31.8789744995	59.5714736713
	31.887309613	59.5739684833
	31.8923324013	59.5753927793
	31.9037949302	59.5780654662
	31.9154077191	59.5799827454
	31.9254617694	59.5810199448
	31.9365739825	59.5818515488
	31.9382332533	59.5819680109
	31.9499969482	59.5823531144
	31.9617606432	59.5819680109
	31.9734739643	59.5808143494
	31.9850867531	59.5788970702
	31.996549282	59.5762243833
	32.0078124667	59.5728077336
	32.0188280764	59.5686617517
	32.0295489407	59.5638041913
	32.0398414055	59.5583027543
	32.0408963844	59.5587626359
	32.0439389524	59.5600557947
	32.0549545621	59.5642017766
	32.0625491722	59.5665936801
	32.0711551293	59.5690961215
	32.0748237038	59.5701208677
	32.0862862327	59.5727935546
	32.0910626542	59.5736767699
	32.1007901323	59.5753399779
	32.1076264996	59.5763740418
	32.1193398206	59.5775277032
	32.1311035156	59.5779128067
	32.1428672106	59.5775277032
	32.1545805316	59.5763740418
	32.1661933205	59.5744567626
	32.1776558494	59.5717840757
	32.1889190341	59.568367426
	32.1999346438	59.5642214441
	32.2106555081	59.5593638837
	32.2210357186	59.5538155456
	32.2310308255	59.5476001887
	32.2405980284	59.5407444281
	32.2496963589	59.5332776212
	32.2582868567	59.525231742
	32.2663327359	59.5166412442
	32.2737995428	59.5075429136
	32.2761417655	59.5044209094
	32.2779909793	59.5036669397
	32.2887118436	59.4988093793
	32.299092054	59.4932610412
	32.3090871609	59.4870456843
	32.3186543638	59.4801899237
	32.3277526944	59.4727231168
	32.3281404105	59.4723821131
	32.3328630057	59.4682164637
	32.3410657874	59.4605115881
	32.3491116666	59.4519210904
	32.3492050551	59.4518072961
	32.357040701	59.4482570111
	32.3674209114	59.442708673
	32.3774160184	59.4364933161
	32.3869832212	59.4296375555
	32.394899444	59.4231983582
	32.4018676277	59.4193779846
	32.4118627347	59.4131626277
	32.4214299375	59.406306867
	32.4305282681	59.3988400601
	32.4391187659	59.3907941809
	32.4443625415	59.3851954587
	32.4515930629	59.3840565471
	32.4586966774	59.3827911132
	32.4701592063	59.3801184263
	32.481422391	59.3767017766
	32.4874190705	59.3745469804
	32.4905471802	59.3745741837
	32.4951024523	59.3745164907
	32.5059438219	59.3742418325
	32.5131522448	59.373914422
	32.5248655658	59.3727607606
	32.5364783547	59.3708434814
	32.5479408836	59.3681707945
	32.5501333811	59.367568438
	32.5543053253	59.3663938477
	32.5546196668	59.3664147272
	32.5663833618	59.3667998307
	32.5758572599	59.3665501507
	32.5776243205	59.3664569459
	32.5796047063	59.3696416653
	32.586460467	59.3792088682
	32.5939272739	59.3883071988
	32.6019731531	59.3968976965
	32.6105636509	59.4049435757
	32.6196619814	59.4124103827
	32.6292291843	59.4192661433
	32.6392242912	59.4254815002
	32.6496045017	59.4310298383
	32.6515079536	59.4319546361
	32.6520022635	59.4322693652
	32.6586716179	59.4363152404
	32.6690518283	59.4418635785
	32.6698404487	59.4422500923
	32.6778366569	59.4471489806
	32.6882168674	59.4526973187
	32.6969481094	59.4567167258
	32.696972256	59.4567270689
	32.6977905185	59.4574490689
	32.7068888491	59.4649158758
	32.7084963362	59.4661350813
	32.7170230409	59.4725271831
	32.7243372912	59.4794281346
	32.7291778476	59.4838315152
	32.7382761782	59.4912983221
	32.747843381	59.4981540827
	32.757838488	59.5043694396
	32.7682186984	59.5099177777
	32.7776369789	59.5142297894
	32.7848620155	59.5172891766
	32.7861645993	59.5178347253
	32.7971802091	59.5219807073
	32.8041624702	59.524098753
	32.8043285223	59.5243657864
	32.8111842829	59.5339329893
	32.8186510898	59.5430313199
	32.826696969	59.5516218176
	32.8352874668	59.5596676968
	32.8443857973	59.5671345038
	32.8539530002	59.5739902644
	32.8572787527	59.576159746
	32.8633898977	59.5800507373
	32.8700592521	59.5840966125
	32.8804394626	59.5896449506
	32.8911603269	59.594502511
	32.9021759366	59.5986484929
	32.9099117727	59.6010813995
	32.9185177298	59.6035762115
	32.9220450783	59.6045599546
	32.9335076073	59.6072326415
	32.9431802957	59.6088837493
	32.9529077737	59.6102722991
	32.9545618935	59.6105005871
	32.97539777	59.6132776867
	32.9756837506	59.6133155701
	32.9873970716	59.6144692316
	32.9939326707	59.6147783368
	33.0033778612	59.615052995
	33.008605957	59.6151289933
	33.020369652	59.6147438898
	33.032082973	59.6135902283
	33.0436957619	59.6116729491
	33.0551582908	59.6090002623
	33.0664214755	59.6055836125
	33.0774370852	59.6014376306
	33.0881579495	59.5965800702
	33.09853816	59.5910317321
	33.1050726228	59.5870716587
	33.1111837678	59.5831882969
	33.1146444119	59.5809330134
	33.1242116148	59.5740772528
	33.1333099453	59.5666104459
	33.1336976614	59.5662694422
	33.1381296449	59.5623601321
	33.1474048278	59.5613995195
	33.1523527484	59.5608177064
	33.1596227333	59.5597089564
	33.1804662391	59.5560926234
	33.1848090431	59.5552840942
	33.1962715721	59.5526114073
	33.1969713275	59.5524223964
	33.2061342303	59.5499275843
	33.2166976596	59.5466999455
	33.2256677287	59.5433865783
	33.240949406	59.5372754333
	33.2429949466	59.5364428186
	33.2537158108	59.5315852582
END
END
