none
1
   -7.334312E+01   4.501705E+01
   -7.330828E+01   4.501773E+01
   -7.256998E+01   4.501603E+01
   -7.252890E+01   4.501241E+01
   -7.205247E+01   4.501060E+01
   -7.179402E+01   4.501425E+01
   -7.154042E+01   4.501367E+01
   -7.146491E+01   4.501421E+01
   -7.146476E+01   4.501082E+01
   -7.147685E+01   4.500768E+01
   -7.148027E+01   4.500073E+01
   -7.148931E+01   4.499923E+01
   -7.150813E+01   4.500630E+01
   -7.152856E+01   4.499856E+01
   -7.153476E+01   4.499366E+01
   -7.153135E+01   4.499115E+01
   -7.153703E+01   4.498822E+01
   -7.153503E+01   4.498241E+01
   -7.152487E+01   4.497133E+01
   -7.151693E+01   4.496902E+01
   -7.151482E+01   4.496466E+01
   -7.151358E+01   4.495819E+01
   -7.151639E+01   4.495004E+01
   -7.151334E+01   4.494345E+01
   -7.151700E+01   4.493743E+01
   -7.151237E+01   4.492778E+01
   -7.150242E+01   4.491937E+01
   -7.149909E+01   4.491240E+01
   -7.149202E+01   4.491228E+01
   -7.149479E+01   4.490820E+01
   -7.149337E+01   4.490398E+01
   -7.149971E+01   4.490318E+01
   -7.151241E+01   4.489343E+01
   -7.150923E+01   4.489078E+01
   -7.151341E+01   4.488633E+01
   -7.151032E+01   4.488498E+01
   -7.151099E+01   4.488237E+01
   -7.151815E+01   4.488329E+01
   -7.152229E+01   4.487805E+01
   -7.152734E+01   4.487656E+01
   -7.152765E+01   4.487270E+01
   -7.153195E+01   4.486897E+01
   -7.154488E+01   4.486477E+01
   -7.154835E+01   4.486116E+01
   -7.154618E+01   4.485467E+01
   -7.155440E+01   4.484833E+01
   -7.155040E+01   4.484325E+01
   -7.154998E+01   4.483626E+01
   -7.155613E+01   4.483304E+01
   -7.156104E+01   4.482254E+01
   -7.157249E+01   4.481948E+01
   -7.157552E+01   4.481470E+01
   -7.156703E+01   4.480689E+01
   -7.157147E+01   4.479876E+01
   -7.156987E+01   4.479367E+01
   -7.157199E+01   4.478973E+01
   -7.157907E+01   4.478341E+01
   -7.159352E+01   4.477988E+01
   -7.159423E+01   4.477426E+01
   -7.161032E+01   4.476405E+01
   -7.161176E+01   4.475812E+01
   -7.161563E+01   4.475522E+01
   -7.163095E+01   4.475100E+01
   -7.162418E+01   4.474439E+01
   -7.162485E+01   4.472915E+01
   -7.161614E+01   4.472961E+01
   -7.161733E+01   4.472303E+01
   -7.159816E+01   4.470591E+01
   -7.159970E+01   4.469977E+01
   -7.159259E+01   4.469695E+01
   -7.159652E+01   4.469200E+01
   -7.159266E+01   4.468322E+01
   -7.159479E+01   4.467863E+01
   -7.158045E+01   4.467427E+01
   -7.158113E+01   4.467085E+01
   -7.158599E+01   4.466928E+01
   -7.158360E+01   4.466381E+01
   -7.158608E+01   4.466026E+01
   -7.158205E+01   4.465698E+01
   -7.157451E+01   4.465689E+01
   -7.157314E+01   4.465423E+01
   -7.157521E+01   4.465164E+01
   -7.156942E+01   4.465166E+01
   -7.156585E+01   4.465527E+01
   -7.156238E+01   4.465390E+01
   -7.155654E+01   4.464220E+01
   -7.154545E+01   4.463029E+01
   -7.154548E+01   4.462106E+01
   -7.155361E+01   4.462355E+01
   -7.155469E+01   4.462085E+01
   -7.153326E+01   4.458830E+01
   -7.153669E+01   4.458148E+01
   -7.154447E+01   4.457660E+01
   -7.154954E+01   4.457639E+01
   -7.155321E+01   4.458007E+01
   -7.154614E+01   4.457077E+01
   -7.155051E+01   4.456751E+01
   -7.155687E+01   4.456874E+01
   -7.155888E+01   4.456249E+01
   -7.156833E+01   4.456106E+01
   -7.158939E+01   4.456404E+01
   -7.159542E+01   4.455876E+01
   -7.159639E+01   4.455538E+01
   -7.157022E+01   4.453832E+01
   -7.157210E+01   4.453217E+01
   -7.157980E+01   4.452319E+01
   -7.159234E+01   4.452119E+01
   -7.157574E+01   4.450551E+01
   -7.157563E+01   4.450109E+01
   -7.158456E+01   4.450110E+01
   -7.158772E+01   4.449656E+01
   -7.159284E+01   4.449964E+01
   -7.159757E+01   4.448547E+01
   -7.160938E+01   4.448251E+01
   -7.161721E+01   4.448422E+01
   -7.162436E+01   4.447334E+01
   -7.163308E+01   4.447260E+01
   -7.163644E+01   4.447825E+01
   -7.164479E+01   4.447365E+01
   -7.164618E+01   4.447088E+01
   -7.163946E+01   4.446739E+01
   -7.163803E+01   4.446355E+01
   -7.164390E+01   4.445902E+01
   -7.165287E+01   4.445828E+01
   -7.165977E+01   4.443974E+01
   -7.166572E+01   4.443552E+01
   -7.167760E+01   4.443426E+01
   -7.167508E+01   4.442918E+01
   -7.167632E+01   4.442578E+01
   -7.168220E+01   4.442618E+01
   -7.168394E+01   4.442249E+01
   -7.170279E+01   4.441212E+01
   -7.171409E+01   4.440846E+01
   -7.173495E+01   4.440869E+01
   -7.174321E+01   4.439952E+01
   -7.176211E+01   4.440539E+01
   -7.177800E+01   4.439819E+01
   -7.179359E+01   4.439756E+01
   -7.180194E+01   4.439113E+01
   -7.179823E+01   4.438646E+01
   -7.179944E+01   4.438276E+01
   -7.181299E+01   4.438094E+01
   -7.181401E+01   4.437565E+01
   -7.181062E+01   4.437156E+01
   -7.181457E+01   4.436745E+01
   -7.181073E+01   4.435709E+01
   -7.181515E+01   4.435246E+01
   -7.187146E+01   4.433499E+01
   -7.190096E+01   4.434538E+01
   -7.191215E+01   4.434645E+01
   -7.193371E+01   4.433433E+01
   -7.198112E+01   4.433569E+01
   -7.198744E+01   4.432851E+01
   -7.200859E+01   4.432059E+01
   -7.203138E+01   4.431906E+01
   -7.202971E+01   4.431534E+01
   -7.203159E+01   4.430105E+01
   -7.203771E+01   4.429495E+01
   -7.205768E+01   4.428508E+01
   -7.206675E+01   4.427100E+01
   -7.205694E+01   4.427106E+01
   -7.205805E+01   4.425705E+01
   -7.204597E+01   4.423914E+01
   -7.205192E+01   4.422513E+01
   -7.205105E+01   4.421710E+01
   -7.205771E+01   4.421009E+01
   -7.205714E+01   4.420145E+01
   -7.206267E+01   4.419689E+01
   -7.206442E+01   4.419031E+01
   -7.205692E+01   4.418227E+01
   -7.205068E+01   4.416780E+01
   -7.204626E+01   4.416319E+01
   -7.204137E+01   4.416350E+01
   -7.204179E+01   4.415839E+01
   -7.203749E+01   4.415758E+01
   -7.204116E+01   4.415062E+01
   -7.204017E+01   4.413754E+01
   -7.203158E+01   4.413195E+01
   -7.203617E+01   4.412362E+01
   -7.204471E+01   4.412303E+01
   -7.205133E+01   4.411820E+01
   -7.205353E+01   4.411105E+01
   -7.205059E+01   4.410090E+01
   -7.204718E+01   4.409815E+01
   -7.204470E+01   4.409818E+01
   -7.203992E+01   4.410516E+01
   -7.202995E+01   4.410146E+01
   -7.203153E+01   4.408979E+01
   -7.204301E+01   4.408725E+01
   -7.203135E+01   4.408226E+01
   -7.203026E+01   4.407792E+01
   -7.203673E+01   4.407482E+01
   -7.204312E+01   4.407756E+01
   -7.205079E+01   4.407552E+01
   -7.204668E+01   4.406921E+01
   -7.205483E+01   4.405841E+01
   -7.206722E+01   4.405513E+01
   -7.206128E+01   4.405288E+01
   -7.206053E+01   4.404859E+01
   -7.207744E+01   4.404159E+01
   -7.207315E+01   4.403204E+01
   -7.207994E+01   4.402738E+01
   -7.208133E+01   4.402076E+01
   -7.209334E+01   4.402168E+01
   -7.209411E+01   4.401793E+01
   -7.208900E+01   4.401197E+01
   -7.208928E+01   4.400876E+01
   -7.209393E+01   4.400773E+01
   -7.209612E+01   4.401290E+01
   -7.210192E+01   4.401310E+01
   -7.210407E+01   4.401173E+01
   -7.210279E+01   4.400131E+01
   -7.211534E+01   4.399363E+01
   -7.211036E+01   4.398621E+01
   -7.211291E+01   4.396900E+01
   -7.210527E+01   4.397165E+01
   -7.209124E+01   4.396853E+01
   -7.208938E+01   4.396511E+01
   -7.209923E+01   4.396192E+01
   -7.209748E+01   4.395680E+01
   -7.210487E+01   4.394836E+01
   -7.211694E+01   4.394556E+01
   -7.211523E+01   4.393359E+01
   -7.211928E+01   4.391833E+01
   -7.214911E+01   4.390105E+01
   -7.215887E+01   4.388620E+01
   -7.217094E+01   4.388374E+01
   -7.217186E+01   4.387989E+01
   -7.216635E+01   4.386840E+01
   -7.218304E+01   4.386346E+01
   -7.218631E+01   4.385541E+01
   -7.218143E+01   4.384507E+01
   -7.218077E+01   4.383385E+01
   -7.218872E+01   4.382178E+01
   -7.218184E+01   4.381101E+01
   -7.218236E+01   4.380620E+01
   -7.219014E+01   4.380009E+01
   -7.219505E+01   4.378965E+01
   -7.220394E+01   4.378390E+01
   -7.220224E+01   4.377953E+01
   -7.220391E+01   4.376985E+01
   -7.221747E+01   4.376413E+01
   -7.222997E+01   4.374752E+01
   -7.226389E+01   4.373229E+01
   -7.227025E+01   4.373242E+01
   -7.227569E+01   4.372652E+01
   -7.229831E+01   4.370512E+01
   -7.230377E+01   4.369083E+01
   -7.230424E+01   4.368377E+01
   -7.230087E+01   4.367592E+01
   -7.230160E+01   4.366792E+01
   -7.231263E+01   4.365766E+01
   -7.231385E+01   4.364122E+01
   -7.232866E+01   4.363455E+01
   -7.232681E+01   4.362974E+01
   -7.233425E+01   4.361791E+01
   -7.233172E+01   4.361124E+01
   -7.232726E+01   4.360694E+01
   -7.232802E+01   4.360058E+01
   -7.235187E+01   4.358644E+01
   -7.237170E+01   4.357936E+01
   -7.237851E+01   4.357308E+01
   -7.237922E+01   4.356491E+01
   -7.238113E+01   4.356297E+01
   -7.237987E+01   4.353964E+01
   -7.238761E+01   4.352863E+01
   -7.239319E+01   4.352582E+01
   -7.239798E+01   4.351124E+01
   -7.238447E+01   4.350097E+01
   -7.237963E+01   4.349350E+01
   -7.237982E+01   4.347964E+01
   -7.238262E+01   4.347463E+01
   -7.239155E+01   4.346734E+01
   -7.238933E+01   4.345087E+01
   -7.239415E+01   4.343715E+01
   -7.240318E+01   4.339064E+01
   -7.241214E+01   4.338421E+01
   -7.241433E+01   4.337696E+01
   -7.241407E+01   4.336461E+01
   -7.240536E+01   4.336017E+01
   -7.238822E+01   4.335766E+01
   -7.240960E+01   4.333179E+01
   -7.240503E+01   4.332403E+01
   -7.239601E+01   4.331820E+01
   -7.239477E+01   4.331260E+01
   -7.240104E+01   4.330173E+01
   -7.240772E+01   4.328036E+01
   -7.241456E+01   4.326939E+01
   -7.242058E+01   4.326355E+01
   -7.243408E+01   4.325664E+01
   -7.243704E+01   4.325176E+01
   -7.243783E+01   4.324463E+01
   -7.243247E+01   4.323206E+01
   -7.243937E+01   4.321789E+01
   -7.243659E+01   4.320245E+01
   -7.244868E+01   4.319220E+01
   -7.244232E+01   4.317909E+01
   -7.245118E+01   4.317218E+01
   -7.245044E+01   4.315290E+01
   -7.245569E+01   4.314736E+01
   -7.245172E+01   4.313944E+01
   -7.244735E+01   4.313781E+01
   -7.244366E+01   4.313812E+01
   -7.244061E+01   4.313691E+01
   -7.244014E+01   4.313353E+01
   -7.244041E+01   4.312964E+01
   -7.243091E+01   4.311848E+01
   -7.243278E+01   4.311001E+01
   -7.244263E+01   4.310299E+01
   -7.243299E+01   4.308736E+01
   -7.243374E+01   4.308074E+01
   -7.246727E+01   4.305251E+01
   -7.246444E+01   4.304713E+01
   -7.245882E+01   4.304222E+01
   -7.246198E+01   4.302623E+01
   -7.245815E+01   4.302016E+01
   -7.244260E+01   4.301021E+01
   -7.244282E+01   4.300619E+01
   -7.244849E+01   4.299889E+01
   -7.245782E+01   4.300062E+01
   -7.246306E+01   4.299552E+01
   -7.246371E+01   4.298967E+01
   -7.245990E+01   4.298288E+01
   -7.247496E+01   4.297076E+01
   -7.248287E+01   4.297263E+01
   -7.249231E+01   4.296705E+01
   -7.251775E+01   4.296153E+01
   -7.253082E+01   4.295371E+01
   -7.253279E+01   4.294985E+01
   -7.252789E+01   4.294624E+01
   -7.252558E+01   4.294120E+01
   -7.252605E+01   4.293053E+01
   -7.252303E+01   4.291535E+01
   -7.253012E+01   4.291087E+01
   -7.253099E+01   4.289612E+01
   -7.254038E+01   4.288872E+01
   -7.255051E+01   4.288523E+01
   -7.255474E+01   4.287473E+01
   -7.255352E+01   4.285976E+01
   -7.255540E+01   4.285321E+01
   -7.254572E+01   4.283999E+01
   -7.254495E+01   4.282590E+01
   -7.254000E+01   4.280808E+01
   -7.251558E+01   4.278961E+01
   -7.250712E+01   4.278005E+01
   -7.250774E+01   4.277430E+01
   -7.251450E+01   4.276921E+01
   -7.251407E+01   4.276664E+01
   -7.250245E+01   4.276870E+01
   -7.249761E+01   4.277464E+01
   -7.248994E+01   4.277334E+01
   -7.247626E+01   4.276268E+01
   -7.247171E+01   4.274675E+01
   -7.245982E+01   4.273389E+01
   -7.245679E+01   4.272814E+01
   -7.245811E+01   4.272526E+01
   -7.327780E+01   4.274492E+01
   -7.329264E+01   4.280210E+01
   -7.328564E+01   4.281380E+01
   -7.328876E+01   4.282000E+01
   -7.328700E+01   4.283462E+01
   -7.328028E+01   4.283561E+01
   -7.325819E+01   4.325934E+01
   -7.324940E+01   4.352314E+01
   -7.324320E+01   4.353368E+01
   -7.325178E+01   4.354301E+01
   -7.325034E+01   4.355301E+01
   -7.325984E+01   4.356372E+01
   -7.327001E+01   4.357037E+01
   -7.328066E+01   4.357282E+01
   -7.329610E+01   4.357813E+01
   -7.329482E+01   4.358441E+01
   -7.329862E+01   4.358738E+01
   -7.329446E+01   4.359425E+01
   -7.329393E+01   4.360209E+01
   -7.332356E+01   4.362591E+01
   -7.336830E+01   4.361863E+01
   -7.337403E+01   4.361248E+01
   -7.337086E+01   4.360431E+01
   -7.338174E+01   4.359573E+01
   -7.338176E+01   4.357623E+01
   -7.339538E+01   4.356643E+01
   -7.340630E+01   4.356962E+01
   -7.342128E+01   4.357996E+01
   -7.342942E+01   4.358248E+01
   -7.343293E+01   4.358825E+01
   -7.342341E+01   4.360350E+01
   -7.342535E+01   4.361279E+01
   -7.341942E+01   4.362148E+01
   -7.342953E+01   4.363391E+01
   -7.342797E+01   4.364339E+01
   -7.341712E+01   4.365312E+01
   -7.340576E+01   4.368183E+01
   -7.340623E+01   4.369104E+01
   -7.339674E+01   4.369803E+01
   -7.338724E+01   4.371236E+01
   -7.337937E+01   4.371727E+01
   -7.337218E+01   4.372614E+01
   -7.337125E+01   4.374503E+01
   -7.335234E+01   4.377136E+01
   -7.335905E+01   4.378499E+01
   -7.337754E+01   4.379754E+01
   -7.338215E+01   4.380988E+01
   -7.339407E+01   4.382015E+01
   -7.338966E+01   4.383354E+01
   -7.337407E+01   4.384552E+01
   -7.338374E+01   4.385492E+01
   -7.337578E+01   4.387524E+01
   -7.339738E+01   4.390225E+01
   -7.340914E+01   4.393143E+01
   -7.340849E+01   4.396684E+01
   -7.341431E+01   4.398000E+01
   -7.341026E+01   4.400315E+01
   -7.341209E+01   4.402579E+01
   -7.343697E+01   4.403932E+01
   -7.343943E+01   4.404516E+01
   -7.341741E+01   4.413322E+01
   -7.340396E+01   4.414652E+01
   -7.339855E+01   4.417421E+01
   -7.339204E+01   4.419177E+01
   -7.336542E+01   4.421171E+01
   -7.335126E+01   4.423137E+01
   -7.334423E+01   4.423942E+01
   -7.333085E+01   4.424592E+01
   -7.331704E+01   4.426706E+01
   -7.332588E+01   4.430964E+01
   -7.333680E+01   4.436253E+01
   -7.331045E+01   4.449333E+01
   -7.337584E+01   4.457456E+01
   -7.338415E+01   4.458976E+01
   -7.339191E+01   4.461808E+01
   -7.338962E+01   4.463307E+01
   -7.336724E+01   4.470002E+01
   -7.336718E+01   4.474230E+01
   -7.334855E+01   4.477383E+01
   -7.335589E+01   4.482008E+01
   -7.338614E+01   4.483524E+01
   -7.338138E+01   4.485771E+01
   -7.333992E+01   4.496433E+01
   -7.335434E+01   4.497977E+01
   -7.335499E+01   4.499083E+01
   -7.334312E+01   4.501705E+01
END
END
