none
1
   1.153294E+01   5.886802E+01
   1.144920E+01   5.888278E+01
   1.144648E+01   5.899220E+01
   1.133901E+01   5.910435E+01
   1.115899E+01   5.906885E+01
   1.112502E+01   5.900889E+01
   1.106991E+01   5.896802E+01
   1.064631E+01   5.888345E+01
   1.059518E+01   5.875149E+01
   8.363080E+00   5.755323E+01
   4.967700E+00   5.766309E+01
   -1.136801E+01   7.134140E+01
   9.551724E+00   8.100383E+01
   3.552711E+01   8.105195E+01
   3.349617E+01   7.087468E+01
   3.158570E+01   7.013405E+01
   3.110877E+01   6.997026E+01
   3.083304E+01   6.979287E+01
   3.089822E+01   6.974459E+01
   3.089892E+01   6.971401E+01
   3.095392E+01   6.968765E+01
   3.094151E+01   6.966380E+01
   3.096120E+01   6.964228E+01
   3.096241E+01   6.961267E+01
   3.095245E+01   6.957328E+01
   3.092425E+01   6.954415E+01
   3.079754E+01   6.952030E+01
   3.051440E+01   6.953055E+01
   3.041386E+01   6.958067E+01
   3.023710E+01   6.963883E+01
   3.015125E+01   6.965922E+01
   3.011004E+01   6.965312E+01
   3.014449E+01   6.965098E+01
   3.019806E+01   6.956676E+01
   3.018402E+01   6.952965E+01
   3.012869E+01   6.950883E+01
   3.011968E+01   6.945945E+01
   2.999423E+01   6.940220E+01
   2.994226E+01   6.939520E+01
   2.986229E+01   6.941407E+01
   2.972755E+01   6.937994E+01
   2.969873E+01   6.935414E+01
   2.956725E+01   6.930705E+01
   2.939243E+01   6.931231E+01
   2.929489E+01   6.928772E+01
   2.928874E+01   6.925801E+01
   2.932367E+01   6.923080E+01
   2.929877E+01   6.917493E+01
   2.925217E+01   6.913689E+01
   2.925018E+01   6.910699E+01
   2.904211E+01   6.900085E+01
   2.885144E+01   6.906714E+01
   2.879562E+01   6.911310E+01
   2.882585E+01   6.923258E+01
   2.921442E+01   6.940639E+01
   2.932080E+01   6.947967E+01
   2.916361E+01   6.963183E+01
   2.912796E+01   6.968615E+01
   2.840038E+01   6.980919E+01
   2.832331E+01   6.984222E+01
   2.833091E+01   6.987373E+01
   2.815609E+01   6.991213E+01
   2.797942E+01   7.000523E+01
   2.795296E+01   7.008216E+01
   2.774462E+01   7.005430E+01
   2.762080E+01   7.006475E+01
   2.755964E+01   7.005001E+01
   2.752747E+01   7.001336E+01
   2.743238E+01   7.000959E+01
   2.729894E+01   6.997634E+01
   2.731489E+01   6.995867E+01
   2.729969E+01   6.994409E+01
   2.704189E+01   6.990050E+01
   2.696862E+01   6.992814E+01
   2.687094E+01   6.992427E+01
   2.684638E+01   6.994986E+01
   2.671477E+01   6.993530E+01
   2.667694E+01   6.995463E+01
   2.646991E+01   6.992997E+01
   2.638573E+01   6.984366E+01
   2.625566E+01   6.980836E+01
   2.625137E+01   6.978690E+01
   2.612952E+01   6.972536E+01
   2.599929E+01   6.970741E+01
   2.591642E+01   6.966674E+01
   2.596176E+01   6.965363E+01
   2.598469E+01   6.960521E+01
   2.594058E+01   6.956372E+01
   2.586741E+01   6.954449E+01
   2.588668E+01   6.952782E+01
   2.586342E+01   6.949420E+01
   2.587284E+01   6.947165E+01
   2.582073E+01   6.943023E+01
   2.585568E+01   6.938938E+01
   2.582414E+01   6.935208E+01
   2.578977E+01   6.934618E+01
   2.575369E+01   6.931299E+01
   2.575684E+01   6.928150E+01
   2.571808E+01   6.924670E+01
   2.572307E+01   6.920926E+01
   2.570941E+01   6.919776E+01
   2.575296E+01   6.914468E+01
   2.574062E+01   6.907833E+01
   2.576180E+01   6.906187E+01
   2.575881E+01   6.904007E+01
   2.578500E+01   6.902693E+01
   2.578261E+01   6.900745E+01
   2.573098E+01   6.898247E+01
   2.566193E+01   6.889927E+01
   2.562671E+01   6.888202E+01
   2.554144E+01   6.887634E+01
   2.548144E+01   6.889502E+01
   2.541026E+01   6.888276E+01
   2.516396E+01   6.879108E+01
   2.513426E+01   6.874805E+01
   2.514134E+01   6.871659E+01
   2.512318E+01   6.869881E+01
   2.512313E+01   6.863217E+01
   2.507065E+01   6.860997E+01
   2.492544E+01   6.859699E+01
   2.490553E+01   6.854488E+01
   2.485166E+01   6.855386E+01
   2.477831E+01   6.862724E+01
   2.460649E+01   6.867206E+01
   2.424910E+01   6.871731E+01
   2.414780E+01   6.874503E+01
   2.414666E+01   6.877824E+01
   2.407480E+01   6.877000E+01
   2.398053E+01   6.881734E+01
   2.387195E+01   6.882644E+01
   2.378143E+01   6.880980E+01
   2.373844E+01   6.874401E+01
   2.367609E+01   6.869586E+01
   2.344201E+01   6.868223E+01
   2.316817E+01   6.861854E+01
   2.304361E+01   6.867933E+01
   2.279887E+01   6.867774E+01
   2.253496E+01   6.873429E+01
   2.237211E+01   6.870696E+01
   2.233238E+01   6.882065E+01
   2.218501E+01   6.891150E+01
   2.216780E+01   6.894952E+01
   2.162371E+01   6.926687E+01
   2.127966E+01   6.930174E+01
   2.101052E+01   6.921451E+01
   2.100004E+01   6.919426E+01
   2.106269E+01   6.913023E+01
   2.111824E+01   6.910685E+01
   2.105904E+01   6.902640E+01
   2.071786E+01   6.910935E+01
   2.055420E+01   6.905025E+01
   2.010048E+01   6.903689E+01
   2.031349E+01   6.893326E+01
   2.034574E+01   6.880076E+01
   2.020863E+01   6.865785E+01
   2.005659E+01   6.858210E+01
   1.997246E+01   6.855765E+01
   2.022838E+01   6.850061E+01
   2.023344E+01   6.848369E+01
   1.992478E+01   6.834660E+01
   1.898300E+01   6.850692E+01
   1.861948E+01   6.849708E+01
   1.840487E+01   6.857160E+01
   1.813447E+01   6.852776E+01
   1.811128E+01   6.840620E+01
   1.816215E+01   6.819527E+01
   1.790309E+01   6.795989E+01
   1.766235E+01   6.802877E+01
   1.728387E+01   6.810818E+01
   1.718279E+01   6.804090E+01
   1.674436E+01   6.790570E+01
   1.656377E+01   6.764133E+01
   1.650186E+01   6.758633E+01
   1.641012E+01   6.752425E+01
   1.616181E+01   6.750976E+01
   1.610470E+01   6.743723E+01
   1.641165E+01   6.721143E+01
   1.639558E+01   6.703935E+01
   1.604421E+01   6.690391E+01
   1.563199E+01   6.659795E+01
   1.539094E+01   6.648060E+01
   1.549085E+01   6.627456E+01
   1.503607E+01   6.614357E+01
   1.452989E+01   6.612309E+01
   1.463400E+01   6.581412E+01
   1.453903E+01   6.567876E+01
   1.450682E+01   6.551669E+01
   1.451425E+01   6.530480E+01
   1.438681E+01   6.524073E+01
   1.433298E+01   6.511214E+01
   1.402181E+01   6.488236E+01
   1.367384E+01   6.458474E+01
   1.386476E+01   6.452226E+01
   1.408953E+01   6.448806E+01
   1.412471E+01   6.446609E+01
   1.416761E+01   6.418356E+01
   1.398909E+01   6.400635E+01
   1.321104E+01   6.408511E+01
   1.292913E+01   6.404805E+01
   1.269039E+01   6.396465E+01
   1.234732E+01   6.371954E+01
   1.230292E+01   6.366476E+01
   1.217067E+01   6.359501E+01
   1.220220E+01   6.357059E+01
   1.224819E+01   6.348036E+01
   1.198951E+01   6.326808E+01
   1.222814E+01   6.300371E+01
   1.208609E+01   6.289794E+01
   1.214633E+01   6.274676E+01
   1.206804E+01   6.261236E+01
   1.230938E+01   6.226640E+01
   1.214959E+01   6.172825E+01
   1.242191E+01   6.157306E+01
   1.257219E+01   6.157754E+01
   1.288071E+01   6.135480E+01
   1.284179E+01   6.125239E+01
   1.279730E+01   6.118986E+01
   1.271589E+01   6.113685E+01
   1.268647E+01   6.105076E+01
   1.261021E+01   6.103643E+01
   1.244873E+01   6.104120E+01
   1.224101E+01   6.100879E+01
   1.234125E+01   6.089558E+01
   1.234439E+01   6.085482E+01
   1.240304E+01   6.074056E+01
   1.251864E+01   6.065038E+01
   1.252748E+01   6.060581E+01
   1.258923E+01   6.055790E+01
   1.261609E+01   6.051648E+01
   1.261519E+01   6.040201E+01
   1.250963E+01   6.031796E+01
   1.255164E+01   6.019109E+01
   1.248779E+01   6.006616E+01
   1.234625E+01   5.995708E+01
   1.223547E+01   5.991854E+01
   1.217607E+01   5.987998E+01
   1.205171E+01   5.987609E+01
   1.198281E+01   5.988984E+01
   1.186867E+01   5.983895E+01
   1.193472E+01   5.979909E+01
   1.195334E+01   5.969335E+01
   1.189337E+01   5.968346E+01
   1.185931E+01   5.963910E+01
   1.172516E+01   5.961642E+01
   1.170200E+01   5.959006E+01
   1.176264E+01   5.948270E+01
   1.178914E+01   5.939131E+01
   1.182603E+01   5.934650E+01
   1.183969E+01   5.924041E+01
   1.179291E+01   5.920271E+01
   1.177661E+01   5.911912E+01
   1.179076E+01   5.909613E+01
   1.171892E+01   5.902655E+01
   1.169777E+01   5.895189E+01
   1.165918E+01   5.889926E+01
   1.157292E+01   5.887791E+01
   1.155471E+01   5.888761E+01
   1.153294E+01   5.886802E+01
END
END
