none
1
   8.797840E+01   2.634136E+01
   8.787828E+01   2.642500E+01
   8.760852E+01   2.635081E+01
   8.745366E+01   2.639994E+01
   8.731815E+01   2.631982E+01
   8.711696E+01   2.638522E+01
   8.704024E+01   2.652337E+01
   8.674164E+01   2.639254E+01
   8.631962E+01   2.658381E+01
   8.620167E+01   2.656110E+01
   8.603097E+01   2.662916E+01
   8.583998E+01   2.654038E+01
   8.570888E+01   2.664280E+01
   8.567149E+01   2.681125E+01
   8.561726E+01   2.682690E+01
   8.531385E+01   2.670611E+01
   8.518435E+01   2.674677E+01
   8.515514E+01   2.683605E+01
   8.503238E+01   2.681901E+01
   8.492022E+01   2.693513E+01
   8.464031E+01   2.701153E+01
   8.464967E+01   2.721370E+01
   8.460404E+01   2.729723E+01
   8.429493E+01   2.735496E+01
   8.411996E+01   2.748018E+01
   8.404862E+01   2.741662E+01
   8.389644E+01   2.741041E+01
   8.387087E+01   2.732339E+01
   8.362260E+01   2.742990E+01
   8.343661E+01   2.743994E+01
   8.338220E+01   2.733384E+01
   8.329078E+01   2.730564E+01
   8.316039E+01   2.741593E+01
   8.275414E+01   2.747338E+01
   8.268630E+01   2.766949E+01
   8.241972E+01   2.764694E+01
   8.204551E+01   2.788465E+01
   8.186921E+01   2.783099E+01
   8.147307E+01   2.804742E+01
   8.140910E+01   2.813323E+01
   8.130216E+01   2.810541E+01
   8.117372E+01   2.833610E+01
   8.091606E+01   2.841685E+01
   8.054632E+01   2.865033E+01
   8.052791E+01   2.853992E+01
   8.035512E+01   2.859605E+01
   8.022741E+01   2.871684E+01
   8.003542E+01   2.881103E+01
   8.002361E+01   2.892357E+01
   8.011695E+01   2.912460E+01
   8.021650E+01   2.916340E+01
   8.021520E+01   2.923861E+01
   8.026026E+01   2.926786E+01
   8.021384E+01   2.945208E+01
   8.037587E+01   2.961359E+01
   8.034119E+01   2.976251E+01
   8.051116E+01   2.986345E+01
   8.057017E+01   2.997250E+01
   8.072199E+01   3.003386E+01
   8.090441E+01   3.025488E+01
   8.105347E+01   3.022236E+01
   8.114132E+01   3.005770E+01
   8.121925E+01   3.005499E+01
   8.123257E+01   3.016875E+01
   8.135785E+01   3.022718E+01
   8.139828E+01   3.044943E+01
   8.152088E+01   3.041511E+01
   8.162950E+01   3.047746E+01
   8.199323E+01   3.036697E+01
   8.208568E+01   3.039237E+01
   8.223489E+01   3.016410E+01
   8.221737E+01   3.010248E+01
   8.257134E+01   2.998702E+01
   8.285296E+01   2.972770E+01
   8.294569E+01   2.973361E+01
   8.328500E+01   2.960121E+01
   8.355538E+01   2.923855E+01
   8.362474E+01   2.921041E+01
   8.390040E+01   2.935718E+01
   8.410834E+01   2.932062E+01
   8.423132E+01   2.924686E+01
   8.420122E+01   2.916883E+01
   8.427965E+01   2.904120E+01
   8.426041E+01   2.893062E+01
   8.442173E+01   2.887940E+01
   8.448635E+01   2.878162E+01
   8.465020E+01   2.875901E+01
   8.474347E+01   2.865224E+01
   8.485518E+01   2.861444E+01
   8.495797E+01   2.862433E+01
   8.505366E+01   2.871338E+01
   8.520117E+01   2.866846E+01
   8.521743E+01   2.853029E+01
   8.514600E+01   2.845407E+01
   8.515478E+01   2.836607E+01
   8.537382E+01   2.832273E+01
   8.550694E+01   2.836487E+01
   8.562141E+01   2.832031E+01
   8.566137E+01   2.840289E+01
   8.572802E+01   2.841155E+01
   8.577914E+01   2.826274E+01
   8.587338E+01   2.820199E+01
   8.600581E+01   2.794872E+01
   8.607589E+01   2.795233E+01
   8.605433E+01   2.810006E+01
   8.618401E+01   2.820462E+01
   8.624964E+01   2.811779E+01
   8.625625E+01   2.801225E+01
   8.642651E+01   2.794691E+01
   8.657899E+01   2.814332E+01
   8.675374E+01   2.813064E+01
   8.679718E+01   2.806069E+01
   8.705061E+01   2.797825E+01
   8.718424E+01   2.785599E+01
   8.756091E+01   2.789847E+01
   8.770949E+01   2.784814E+01
   8.782877E+01   2.798273E+01
   8.815970E+01   2.790651E+01
   8.822213E+01   2.787140E+01
   8.822574E+01   2.778580E+01
   8.808556E+01   2.749769E+01
   8.810828E+01   2.732221E+01
   8.803262E+01   2.712037E+01
   8.816025E+01   2.700111E+01
   8.821824E+01   2.674112E+01
   8.811813E+01   2.641768E+01
   8.803636E+01   2.633809E+01
   8.797840E+01   2.634136E+01
END
END
