none
1
   1.453332E+01   5.261762E+01
   1.409980E+01   5.283467E+01
   1.414816E+01   5.288052E+01
   1.412063E+01   5.296746E+01
   1.431038E+01   5.304371E+01
   1.436479E+01   5.312542E+01
   1.433629E+01   5.315993E+01
   1.439771E+01   5.326972E+01
   1.410799E+01   5.412639E+01
   1.669700E+01   5.483967E+01
   1.670635E+01   5.457329E+01
   1.675016E+01   5.453791E+01
   1.675504E+01   5.452674E+01
   1.674748E+01   5.451830E+01
   1.676532E+01   5.449499E+01
   1.681478E+01   5.448993E+01
   1.683378E+01   5.446744E+01
   1.683379E+01   5.445364E+01
   1.684811E+01   5.443930E+01
   1.683602E+01   5.441785E+01
   1.686527E+01   5.438233E+01
   1.685370E+01   5.436793E+01
   1.682670E+01   5.436167E+01
   1.683491E+01   5.434666E+01
   1.682866E+01   5.432418E+01
   1.685933E+01   5.431229E+01
   1.687229E+01   5.427769E+01
   1.687037E+01   5.425667E+01
   1.683488E+01   5.423977E+01
   1.673700E+01   5.422422E+01
   1.672456E+01   5.421308E+01
   1.673880E+01   5.420662E+01
   1.674222E+01   5.418239E+01
   1.678119E+01   5.415868E+01
   1.679033E+01   5.412836E+01
   1.681051E+01   5.411922E+01
   1.680087E+01   5.408762E+01
   1.681784E+01   5.407767E+01
   1.681812E+01   5.405890E+01
   1.680333E+01   5.404828E+01
   1.680387E+01   5.403265E+01
   1.679375E+01   5.402334E+01
   1.680760E+01   5.400553E+01
   1.681512E+01   5.401189E+01
   1.684501E+01   5.400400E+01
   1.685272E+01   5.399063E+01
   1.688209E+01   5.397751E+01
   1.688177E+01   5.394750E+01
   1.698847E+01   5.390683E+01
   1.698295E+01   5.387807E+01
   1.697381E+01   5.387207E+01
   1.690690E+01   5.386942E+01
   1.687822E+01   5.385974E+01
   1.688040E+01   5.383857E+01
   1.691500E+01   5.382491E+01
   1.691749E+01   5.380701E+01
   1.694161E+01   5.381349E+01
   1.695503E+01   5.380580E+01
   1.693632E+01   5.377302E+01
   1.687021E+01   5.374255E+01
   1.688388E+01   5.372083E+01
   1.689690E+01   5.365093E+01
   1.686689E+01   5.364075E+01
   1.685043E+01   5.362050E+01
   1.682301E+01   5.363292E+01
   1.681524E+01   5.362404E+01
   1.677014E+01   5.361816E+01
   1.674971E+01   5.359299E+01
   1.675180E+01   5.357119E+01
   1.672598E+01   5.354159E+01
   1.673519E+01   5.352556E+01
   1.665333E+01   5.348012E+01
   1.649117E+01   5.346352E+01
   1.645896E+01   5.347828E+01
   1.645104E+01   5.346857E+01
   1.647015E+01   5.346254E+01
   1.645652E+01   5.344346E+01
   1.648439E+01   5.339449E+01
   1.658415E+01   5.335331E+01
   1.663055E+01   5.335439E+01
   1.671735E+01   5.330559E+01
   1.672010E+01   5.329516E+01
   1.667998E+01   5.328447E+01
   1.663651E+01   5.325569E+01
   1.662306E+01   5.322710E+01
   1.656444E+01   5.322407E+01
   1.653900E+01   5.321054E+01
   1.654557E+01   5.319803E+01
   1.650343E+01   5.315774E+01
   1.647263E+01   5.316190E+01
   1.642425E+01   5.314180E+01
   1.640568E+01   5.315055E+01
   1.639471E+01   5.312540E+01
   1.636011E+01   5.310684E+01
   1.637023E+01   5.307494E+01
   1.632391E+01   5.304307E+01
   1.631909E+01   5.303021E+01
   1.626828E+01   5.304158E+01
   1.618724E+01   5.302691E+01
   1.613785E+01   5.300664E+01
   1.608168E+01   5.300786E+01
   1.602440E+01   5.302754E+01
   1.595837E+01   5.303603E+01
   1.596745E+01   5.306122E+01
   1.598613E+01   5.307797E+01
   1.597186E+01   5.310398E+01
   1.587350E+01   5.311327E+01
   1.586030E+01   5.310921E+01
   1.586410E+01   5.308820E+01
   1.582465E+01   5.307831E+01
   1.582760E+01   5.306169E+01
   1.580820E+01   5.305414E+01
   1.581437E+01   5.304142E+01
   1.579090E+01   5.303408E+01
   1.578098E+01   5.302358E+01
   1.577800E+01   5.299850E+01
   1.576240E+01   5.298848E+01
   1.572152E+01   5.297988E+01
   1.568462E+01   5.298983E+01
   1.563289E+01   5.296949E+01
   1.556944E+01   5.298063E+01
   1.554778E+01   5.300517E+01
   1.542228E+01   5.297667E+01
   1.536385E+01   5.293713E+01
   1.529159E+01   5.294865E+01
   1.533960E+01   5.289944E+01
   1.528957E+01   5.287313E+01
   1.527784E+01   5.287666E+01
   1.507051E+01   5.282387E+01
   1.503430E+01   5.285184E+01
   1.498850E+01   5.283620E+01
   1.497193E+01   5.286057E+01
   1.491555E+01   5.288124E+01
   1.490215E+01   5.286399E+01
   1.492398E+01   5.285276E+01
   1.492464E+01   5.283973E+01
   1.489564E+01   5.282621E+01
   1.487718E+01   5.283903E+01
   1.487881E+01   5.283026E+01
   1.486347E+01   5.282111E+01
   1.487444E+01   5.281351E+01
   1.487090E+01   5.278788E+01
   1.485220E+01   5.277143E+01
   1.481955E+01   5.276688E+01
   1.480078E+01   5.275140E+01
   1.480646E+01   5.273734E+01
   1.479778E+01   5.269420E+01
   1.475752E+01   5.266157E+01
   1.475392E+01   5.263946E+01
   1.472189E+01   5.262418E+01
   1.466704E+01   5.263140E+01
   1.463489E+01   5.265151E+01
   1.456100E+01   5.261742E+01
   1.453332E+01   5.261762E+01
END
END
