none
1
   -9.462747E+01   3.699559E+01
   -1.020434E+02   3.699136E+01
   -1.020530E+02   4.000375E+01
   -1.020519E+02   4.000375E+01
   -1.001778E+02   4.000230E+01
   -9.735049E+01   4.000272E+01
   -9.530815E+01   4.000068E+01
   -9.530712E+01   3.999091E+01
   -9.530208E+01   3.998493E+01
   -9.526946E+01   3.996995E+01
   -9.523668E+01   3.994463E+01
   -9.521625E+01   3.994463E+01
   -9.520393E+01   3.993944E+01
   -9.520062E+01   3.993443E+01
   -9.519999E+01   3.992811E+01
   -9.520139E+01   3.992212E+01
   -9.520508E+01   3.991494E+01
   -9.519364E+01   3.990137E+01
   -9.515999E+01   3.990767E+01
   -9.514935E+01   3.990658E+01
   -9.514314E+01   3.990213E+01
   -9.514175E+01   3.989545E+01
   -9.514003E+01   3.988211E+01
   -9.512796E+01   3.987483E+01
   -9.510576E+01   3.986985E+01
   -9.503798E+01   3.986621E+01
   -9.502491E+01   3.989167E+01
   -9.501904E+01   3.989801E+01
   -9.501335E+01   3.990062E+01
   -9.498783E+01   3.990450E+01
   -9.495144E+01   3.990123E+01
   -9.494355E+01   3.989875E+01
   -9.493418E+01   3.989399E+01
   -9.488653E+01   3.983367E+01
   -9.488051E+01   3.982941E+01
   -9.487644E+01   3.982411E+01
   -9.487525E+01   3.981325E+01
   -9.487571E+01   3.980659E+01
   -9.488036E+01   3.979693E+01
   -9.488370E+01   3.979365E+01
   -9.489294E+01   3.979040E+01
   -9.492547E+01   3.978906E+01
   -9.493463E+01   3.977583E+01
   -9.492584E+01   3.976707E+01
   -9.491218E+01   3.976004E+01
   -9.490634E+01   3.976012E+01
   -9.489940E+01   3.976192E+01
   -9.488160E+01   3.977194E+01
   -9.486934E+01   3.977352E+01
   -9.486468E+01   3.977051E+01
   -9.486005E+01   3.976319E+01
   -9.485874E+01   3.975366E+01
   -9.486234E+01   3.974263E+01
   -9.486961E+01   3.973414E+01
   -9.487536E+01   3.972985E+01
   -9.488397E+01   3.972612E+01
   -9.489924E+01   3.972335E+01
   -9.491021E+01   3.972510E+01
   -9.491856E+01   3.972814E+01
   -9.493958E+01   3.974097E+01
   -9.497050E+01   3.972922E+01
   -9.496775E+01   3.970738E+01
   -9.496830E+01   3.969279E+01
   -9.497070E+01   3.968608E+01
   -9.497591E+01   3.968081E+01
   -9.504892E+01   3.963750E+01
   -9.504575E+01   3.960164E+01
   -9.504648E+01   3.959499E+01
   -9.504873E+01   3.958915E+01
   -9.505642E+01   3.958005E+01
   -9.506439E+01   3.957643E+01
   -9.507214E+01   3.957542E+01
   -9.511239E+01   3.955897E+01
   -9.511285E+01   3.955403E+01
   -9.505919E+01   3.950679E+01
   -9.498994E+01   3.944685E+01
   -9.498166E+01   3.944106E+01
   -9.494731E+01   3.940903E+01
   -9.490190E+01   3.939349E+01
   -9.489179E+01   3.939401E+01
   -9.488453E+01   3.939030E+01
   -9.487860E+01   3.937993E+01
   -9.487840E+01   3.937558E+01
   -9.488079E+01   3.936998E+01
   -9.488490E+01   3.936629E+01
   -9.489061E+01   3.936341E+01
   -9.490737E+01   3.932378E+01
   -9.490466E+01   3.931216E+01
   -9.485682E+01   3.927448E+01
   -9.484601E+01   3.926911E+01
   -9.483745E+01   3.926299E+01
   -9.483088E+01   3.925664E+01
   -9.482684E+01   3.925015E+01
   -9.482497E+01   3.924164E+01
   -9.478894E+01   3.920868E+01
   -9.477998E+01   3.920557E+01
   -9.477613E+01   3.920237E+01
   -9.477108E+01   3.919561E+01
   -9.476761E+01   3.918584E+01
   -9.468745E+01   3.918417E+01
   -9.468031E+01   3.918500E+01
   -9.466889E+01   3.918266E+01
   -9.466330E+01   3.917955E+01
   -9.465969E+01   3.916840E+01
   -9.462415E+01   3.915727E+01
   -9.461600E+01   3.916068E+01
   -9.460877E+01   3.916120E+01
   -9.460156E+01   3.916051E+01
   -9.459565E+01   3.915829E+01
   -9.459127E+01   3.915524E+01
   -9.458926E+01   3.914019E+01
   -9.459206E+01   3.913539E+01
   -9.459992E+01   3.912802E+01
   -9.460634E+01   3.911925E+01
   -9.460763E+01   3.898180E+01
   -9.460693E+01   3.882754E+01
   -9.461116E+01   3.862045E+01
   -9.461267E+01   3.840342E+01
   -9.461184E+01   3.821510E+01
   -9.461316E+01   3.814977E+01
   -9.461391E+01   3.794436E+01
   -9.461728E+01   3.772217E+01
   -9.461609E+01   3.752151E+01
   -9.461781E+01   3.718118E+01
   -9.461663E+01   3.700426E+01
   -9.462508E+01   3.699799E+01
   -9.462747E+01   3.699559E+01
END
END
