none
1
   3.668323E+01   3.232558E+01
   3.640272E+01   3.236803E+01
   3.630144E+01   3.244964E+01
   3.623692E+01   3.248745E+01
   3.620557E+01   3.248707E+01
   3.619618E+01   3.251534E+01
   3.607453E+01   3.250441E+01
   3.606015E+01   3.256303E+01
   3.601634E+01   3.259871E+01
   3.601703E+01   3.264806E+01
   3.595964E+01   3.265530E+01
   3.592682E+01   3.271103E+01
   3.588300E+01   3.270401E+01
   3.586715E+01   3.272269E+01
   3.583354E+01   3.271673E+01
   3.574672E+01   3.274291E+01
   3.582895E+01   3.283371E+01
   3.584244E+01   3.289479E+01
   3.588277E+01   3.294577E+01
   3.586186E+01   3.297818E+01
   3.584161E+01   3.309395E+01
   3.580758E+01   3.310956E+01
   3.583357E+01   3.316932E+01
   3.580757E+01   3.320028E+01
   3.580514E+01   3.324141E+01
   3.576801E+01   3.327332E+01
   3.579684E+01   3.331405E+01
   3.576394E+01   3.333906E+01
   3.580472E+01   3.336928E+01
   3.582070E+01   3.341281E+01
   3.594026E+01   3.348685E+01
   3.593538E+01   3.353597E+01
   3.602325E+01   3.355768E+01
   3.604271E+01   3.357775E+01
   3.600957E+01   3.360771E+01
   3.592640E+01   3.364102E+01
   3.592805E+01   3.366452E+01
   3.595978E+01   3.368956E+01
   3.595931E+01   3.371930E+01
   3.602990E+01   3.378127E+01
   3.606418E+01   3.383536E+01
   3.609186E+01   3.383046E+01
   3.615156E+01   3.386567E+01
   3.619975E+01   3.384314E+01
   3.624538E+01   3.386970E+01
   3.637420E+01   3.384118E+01
   3.638070E+01   3.385228E+01
   3.635974E+01   3.387000E+01
   3.632241E+01   3.386931E+01
   3.627824E+01   3.389966E+01
   3.627509E+01   3.392344E+01
   3.639902E+01   3.405774E+01
   3.649860E+01   3.407356E+01
   3.650374E+01   3.410842E+01
   3.655950E+01   3.414399E+01
   3.660619E+01   3.420633E+01
   3.658330E+01   3.422494E+01
   3.657171E+01   3.426386E+01
   3.659167E+01   3.430449E+01
   3.655426E+01   3.431388E+01
   3.652322E+01   3.436988E+01
   3.654636E+01   3.441672E+01
   3.646458E+01   3.445858E+01
   3.644350E+01   3.449782E+01
   3.635528E+01   3.448917E+01
   3.633532E+01   3.450312E+01
   3.633519E+01   3.453515E+01
   3.639396E+01   3.456429E+01
   3.640510E+01   3.462047E+01
   3.635303E+01   3.464029E+01
   3.634095E+01   3.467863E+01
   3.631761E+01   3.467346E+01
   3.630540E+01   3.462931E+01
   3.627896E+01   3.461836E+01
   3.612437E+01   3.463079E+01
   3.603307E+01   3.461755E+01
   3.598786E+01   3.463342E+01
   3.568212E+01   3.460039E+01
   3.554263E+01   3.487947E+01
   3.554694E+01   3.494496E+01
   3.562029E+01   3.521345E+01
   3.549822E+01   3.549591E+01
   3.548236E+01   3.560321E+01
   3.565384E+01   3.598217E+01
   3.593067E+01   3.593126E+01
   3.600883E+01   3.595056E+01
   3.602777E+01   3.592257E+01
   3.601352E+01   3.589131E+01
   3.611753E+01   3.587085E+01
   3.615232E+01   3.581910E+01
   3.616608E+01   3.592359E+01
   3.618725E+01   3.595157E+01
   3.624998E+01   3.597251E+01
   3.628601E+01   3.596293E+01
   3.627549E+01   3.599052E+01
   3.628678E+01   3.601991E+01
   3.633762E+01   3.599854E+01
   3.636303E+01   3.601196E+01
   3.637531E+01   3.608269E+01
   3.636057E+01   3.611811E+01
   3.637318E+01   3.613905E+01
   3.635545E+01   3.616715E+01
   3.638099E+01   3.619851E+01
   3.637486E+01   3.622393E+01
   3.639497E+01   3.623533E+01
   3.646453E+01   3.621480E+01
   3.650242E+01   3.625227E+01
   3.661515E+01   3.622712E+01
   3.661930E+01   3.624754E+01
   3.668419E+01   3.624970E+01
   3.667500E+01   3.628819E+01
   3.664678E+01   3.629511E+01
   3.665098E+01   3.632732E+01
   3.659735E+01   3.632114E+01
   3.659420E+01   3.638253E+01
   3.655762E+01   3.641407E+01
   3.653254E+01   3.648571E+01
   3.657941E+01   3.658677E+01
   3.656410E+01   3.666215E+01
   3.662037E+01   3.671193E+01
   3.660353E+01   3.674889E+01
   3.665861E+01   3.680616E+01
   3.666299E+01   3.683801E+01
   3.700217E+01   3.677443E+01
   3.700937E+01   3.674829E+01
   3.705625E+01   3.672863E+01
   3.703082E+01   3.667526E+01
   3.708313E+01   3.664630E+01
   3.710047E+01   3.668055E+01
   3.714147E+01   3.668730E+01
   3.716576E+01   3.666797E+01
   3.721597E+01   3.668529E+01
   3.728537E+01   3.667998E+01
   3.744647E+01   3.664294E+01
   3.747048E+01   3.664475E+01
   3.749399E+01   3.668447E+01
   3.765527E+01   3.675861E+01
   3.778034E+01   3.675904E+01
   3.793679E+01   3.682794E+01
   3.801615E+01   3.683637E+01
   3.804215E+01   3.687391E+01
   3.824298E+01   3.693405E+01
   3.839333E+01   3.691198E+01
   3.855782E+01   3.685422E+01
   3.874167E+01   3.671785E+01
   3.902170E+01   3.672066E+01
   3.921227E+01   3.667910E+01
   3.981776E+01   3.676635E+01
   4.002737E+01   3.683597E+01
   4.005953E+01   3.686573E+01
   4.017938E+01   3.688707E+01
   4.035160E+01   3.697145E+01
   4.040767E+01   3.702403E+01
   4.052741E+01   3.703778E+01
   4.069201E+01   3.711309E+01
   4.074877E+01   3.712013E+01
   4.076507E+01   3.713799E+01
   4.081499E+01   3.713551E+01
   4.083427E+01   3.711761E+01
   4.084352E+01   3.713159E+01
   4.091462E+01   3.714218E+01
   4.116181E+01   3.710528E+01
   4.121191E+01   3.707265E+01
   4.126724E+01   3.708973E+01
   4.151290E+01   3.708799E+01
   4.164127E+01   3.712611E+01
   4.179136E+01   3.713811E+01
   4.203141E+01   3.719169E+01
   4.208243E+01   3.721760E+01
   4.220523E+01   3.732831E+01
   4.223477E+01   3.731884E+01
   4.221879E+01   3.728781E+01
   4.228699E+01   3.729105E+01
   4.234899E+01   3.724080E+01
   4.235777E+01   3.721234E+01
   4.233136E+01   3.718432E+01
   4.236442E+01   3.712712E+01
   4.236129E+01   3.709329E+01
   4.238383E+01   3.708135E+01
   4.237902E+01   3.705049E+01
   4.194559E+01   3.666329E+01
   4.183032E+01   3.658337E+01
   4.141903E+01   3.651190E+01
   4.130444E+01   3.635289E+01
   4.126864E+01   3.605607E+01
   4.139067E+01   3.583813E+01
   4.140422E+01   3.562911E+01
   4.129235E+01   3.548240E+01
   4.128442E+01   3.538181E+01
   4.124312E+01   3.524594E+01
   4.122813E+01   3.513205E+01
   4.124749E+01   3.478270E+01
   4.114787E+01   3.465861E+01
   4.104197E+01   3.444763E+01
   4.100975E+01   3.441134E+01
   3.879870E+01   3.336877E+01
   3.706757E+01   3.244080E+01
   3.689918E+01   3.234727E+01
   3.686209E+01   3.230966E+01
   3.670971E+01   3.230660E+01
   3.668323E+01   3.232558E+01
END
END
