none
1
   -7.976506E+01   4.258461E+01
   -7.896358E+01   4.285492E+01
   -7.891168E+01   4.290070E+01
   -7.890971E+01   4.291847E+01
   -7.891692E+01   4.293863E+01
   -7.893397E+01   4.295207E+01
   -7.895954E+01   4.295303E+01
   -7.897331E+01   4.296263E+01
   -7.899561E+01   4.297607E+01
   -7.902249E+01   4.298854E+01
   -7.902840E+01   4.301012E+01
   -7.902512E+01   4.302450E+01
   -7.901266E+01   4.304080E+01
   -7.902381E+01   4.306572E+01
   -7.907725E+01   4.307621E+01
   -7.907806E+01   4.308170E+01
   -7.907134E+01   4.308916E+01
   -7.906436E+01   4.309681E+01
   -7.906060E+01   4.310426E+01
   -7.905952E+01   4.311014E+01
   -7.906302E+01   4.311543E+01
   -7.907295E+01   4.312112E+01
   -7.905550E+01   4.313014E+01
   -7.904556E+01   4.314151E+01
   -7.904690E+01   4.315326E+01
   -7.905496E+01   4.317364E+01
   -7.905388E+01   4.318911E+01
   -7.905147E+01   4.320008E+01
   -7.905872E+01   4.320908E+01
   -7.905523E+01   4.322318E+01
   -7.905926E+01   4.323805E+01
   -7.905791E+01   4.325174E+01
   -7.907537E+01   4.326426E+01
   -7.921691E+01   4.345496E+01
   -7.867260E+01   4.365219E+01
   -7.684807E+01   4.369868E+01
   -7.645111E+01   4.411666E+01
   -7.632897E+01   4.422070E+01
   -7.614576E+01   4.430270E+01
   -7.585568E+01   4.443367E+01
   -7.577630E+01   4.452444E+01
   -7.565436E+01   4.461354E+01
   -7.550740E+01   4.472695E+01
   -7.533855E+01   4.484013E+01
   -7.509466E+01   4.495088E+01
   -7.492269E+01   4.501281E+01
   -7.478511E+01   4.503270E+01
   -7.474134E+01   4.500175E+01
   -7.470615E+01   4.500607E+01
   -7.449098E+01   4.500335E+01
   -7.390313E+01   4.500607E+01
   -7.334192E+01   4.501707E+01
   -7.334161E+01   4.501006E+01
   -7.335027E+01   4.498789E+01
   -7.333659E+01   4.496516E+01
   -7.333733E+01   4.491725E+01
   -7.335660E+01   4.490049E+01
   -7.337450E+01   4.484451E+01
   -7.332068E+01   4.479913E+01
   -7.335302E+01   4.475426E+01
   -7.336331E+01   4.466979E+01
   -7.335931E+01   4.458785E+01
   -7.330236E+01   4.450273E+01
   -7.329192E+01   4.444042E+01
   -7.331064E+01   4.428039E+01
   -7.331017E+01   4.425112E+01
   -7.336073E+01   4.420743E+01
   -7.338899E+01   4.418992E+01
   -7.338800E+01   4.418089E+01
   -7.341738E+01   4.408594E+01
   -7.343595E+01   4.404504E+01
   -7.340978E+01   4.402832E+01
   -7.340613E+01   4.402186E+01
   -7.340431E+01   4.401114E+01
   -7.341091E+01   4.398023E+01
   -7.340513E+01   4.396744E+01
   -7.340383E+01   4.394893E+01
   -7.340684E+01   4.393300E+01
   -7.339450E+01   4.390407E+01
   -7.337151E+01   4.387819E+01
   -7.338030E+01   4.385526E+01
   -7.337063E+01   4.384482E+01
   -7.337563E+01   4.383796E+01
   -7.338710E+01   4.383125E+01
   -7.339088E+01   4.382142E+01
   -7.337934E+01   4.381182E+01
   -7.337503E+01   4.379993E+01
   -7.335620E+01   4.378697E+01
   -7.334890E+01   4.377181E+01
   -7.336818E+01   4.374350E+01
   -7.336918E+01   4.372441E+01
   -7.338461E+01   4.371019E+01
   -7.339416E+01   4.369581E+01
   -7.340246E+01   4.368102E+01
   -7.341394E+01   4.365180E+01
   -7.342494E+01   4.364180E+01
   -7.342640E+01   4.363528E+01
   -7.341599E+01   4.362144E+01
   -7.337293E+01   4.362584E+01
   -7.330584E+01   4.362967E+01
   -7.330107E+01   4.362654E+01
   -7.329874E+01   4.361207E+01
   -7.329056E+01   4.360285E+01
   -7.329119E+01   4.359332E+01
   -7.329439E+01   4.358798E+01
   -7.328419E+01   4.358081E+01
   -7.326876E+01   4.357356E+01
   -7.325764E+01   4.356633E+01
   -7.324719E+01   4.355474E+01
   -7.323995E+01   4.353544E+01
   -7.324043E+01   4.352855E+01
   -7.324599E+01   4.352291E+01
   -7.325479E+01   4.325919E+01
   -7.327697E+01   4.283333E+01
   -7.328380E+01   4.283305E+01
   -7.328531E+01   4.282046E+01
   -7.328210E+01   4.281347E+01
   -7.328909E+01   4.280155E+01
   -7.327495E+01   4.274733E+01
   -7.326568E+01   4.274502E+01
   -7.350635E+01   4.208621E+01
   -7.349562E+01   4.205137E+01
   -7.348563E+01   4.204990E+01
   -7.348792E+01   4.200001E+01
   -7.354915E+01   4.129592E+01
   -7.348110E+01   4.121220E+01
   -7.372497E+01   4.110007E+01
   -7.365324E+01   4.101261E+01
   -7.365845E+01   4.100048E+01
   -7.365437E+01   4.097903E+01
   -7.341134E+01   4.098698E+01
   -7.208541E+01   4.124737E+01
   -7.062220E+01   4.050414E+01
   -7.075030E+01   4.036936E+01
   -7.194403E+01   4.003666E+01
   -7.408261E+01   4.049999E+01
   -7.422818E+01   4.047570E+01
   -7.425427E+01   4.048598E+01
   -7.426068E+01   4.049659E+01
   -7.426079E+01   4.050289E+01
   -7.425619E+01   4.051634E+01
   -7.424783E+01   4.052185E+01
   -7.425231E+01   4.054188E+01
   -7.424879E+01   4.055020E+01
   -7.423227E+01   4.056006E+01
   -7.421870E+01   4.055918E+01
   -7.421674E+01   4.056117E+01
   -7.420787E+01   4.058918E+01
   -7.420119E+01   4.059820E+01
   -7.420550E+01   4.060579E+01
   -7.420389E+01   4.063134E+01
   -7.418941E+01   4.064559E+01
   -7.418120E+01   4.064816E+01
   -7.414323E+01   4.064386E+01
   -7.411031E+01   4.064972E+01
   -7.409410E+01   4.064993E+01
   -7.408664E+01   4.065335E+01
   -7.405664E+01   4.065346E+01
   -7.402790E+01   4.070054E+01
   -7.401534E+01   4.075729E+01
   -7.396465E+01   4.082778E+01
   -7.394989E+01   4.085927E+01
   -7.393135E+01   4.088944E+01
   -7.389948E+01   4.097807E+01
   -7.389597E+01   4.099553E+01
   -7.390569E+01   4.099603E+01
   -7.414293E+01   4.110262E+01
   -7.430267E+01   4.117104E+01
   -7.445831E+01   4.124669E+01
   -7.469643E+01   4.135598E+01
   -7.469715E+01   4.135855E+01
   -7.469139E+01   4.136237E+01
   -7.469250E+01   4.136625E+01
   -7.470971E+01   4.137776E+01
   -7.471698E+01   4.139116E+01
   -7.473449E+01   4.139550E+01
   -7.474241E+01   4.140423E+01
   -7.474268E+01   4.141199E+01
   -7.479056E+01   4.141997E+01
   -7.479671E+01   4.142290E+01
   -7.483051E+01   4.142881E+01
   -7.483750E+01   4.143003E+01
   -7.489413E+01   4.143724E+01
   -7.489807E+01   4.144249E+01
   -7.490792E+01   4.145978E+01
   -7.491339E+01   4.147409E+01
   -7.495795E+01   4.147472E+01
   -7.498442E+01   4.147958E+01
   -7.498729E+01   4.148573E+01
   -7.502641E+01   4.153469E+01
   -7.504174E+01   4.156854E+01
   -7.506099E+01   4.158942E+01
   -7.507627E+01   4.160533E+01
   -7.507609E+01   4.160877E+01
   -7.507247E+01   4.161100E+01
   -7.506077E+01   4.161904E+01
   -7.505035E+01   4.163365E+01
   -7.505151E+01   4.166186E+01
   -7.506102E+01   4.167210E+01
   -7.507052E+01   4.170797E+01
   -7.506708E+01   4.171423E+01
   -7.505650E+01   4.173490E+01
   -7.510122E+01   4.176744E+01
   -7.510634E+01   4.177415E+01
   -7.510265E+01   4.178915E+01
   -7.511444E+01   4.182149E+01
   -7.511682E+01   4.182697E+01
   -7.515279E+01   4.184687E+01
   -7.516248E+01   4.184842E+01
   -7.517027E+01   4.185854E+01
   -7.522345E+01   4.185578E+01
   -7.523238E+01   4.185795E+01
   -7.525089E+01   4.186037E+01
   -7.526141E+01   4.186235E+01
   -7.526550E+01   4.187100E+01
   -7.527285E+01   4.188668E+01
   -7.527446E+01   4.189739E+01
   -7.528044E+01   4.193762E+01
   -7.529054E+01   4.194164E+01
   -7.530121E+01   4.194674E+01
   -7.531109E+01   4.194748E+01
   -7.531946E+01   4.195313E+01
   -7.532144E+01   4.195956E+01
   -7.533021E+01   4.196673E+01
   -7.534324E+01   4.197152E+01
   -7.533934E+01   4.198631E+01
   -7.534715E+01   4.199372E+01
   -7.535989E+01   4.199775E+01
   -7.634372E+01   4.199665E+01
   -7.683508E+01   4.200007E+01
   -7.783203E+01   4.199682E+01
   -7.812473E+01   4.199875E+01
   -7.887475E+01   4.199586E+01
   -7.976227E+01   4.199717E+01
   -7.976341E+01   4.251535E+01
   -7.976506E+01   4.258461E+01
END
END
