none
1
   7.566702E+00   4.805764E+01
   7.561067E+00   4.808531E+01
   7.574915E+00   4.812580E+01
   7.594912E+00   4.813676E+01
   7.595338E+00   4.815977E+01
   7.633047E+00   4.819717E+01
   7.648080E+00   4.821769E+01
   7.662748E+00   4.822473E+01
   7.684659E+00   4.830305E+01
   7.704310E+00   4.831511E+01
   7.734696E+00   4.834826E+01
   7.724517E+00   4.837637E+01
   7.729866E+00   4.840569E+01
   7.761246E+00   4.846079E+01
   7.763463E+00   4.849158E+01
   7.799582E+00   4.858780E+01
   7.834088E+00   4.864439E+01
   7.863137E+00   4.865746E+01
   7.952845E+00   4.872392E+01
   7.958799E+00   4.872146E+01
   7.978502E+00   4.871713E+01
   7.991530E+00   4.870789E+01
   7.993188E+00   4.869974E+01
   7.982582E+00   4.869624E+01
   7.977697E+00   4.869138E+01
   7.981001E+00   4.869022E+01
   8.011212E+00   4.868747E+01
   8.016007E+00   4.869085E+01
   8.022594E+00   4.868845E+01
   8.021932E+00   4.868308E+01
   8.032306E+00   4.868623E+01
   8.040808E+00   4.867915E+01
   8.075225E+00   4.867641E+01
   8.081577E+00   4.866887E+01
   8.112986E+00   4.865320E+01
   8.142966E+00   4.865971E+01
   8.166491E+00   4.864791E+01
   8.166566E+00   4.864235E+01
   8.181742E+00   4.864289E+01
   8.200306E+00   4.863164E+01
   8.243246E+00   4.863128E+01
   8.244541E+00   4.862044E+01
   8.240032E+00   4.861293E+01
   8.250911E+00   4.861024E+01
   8.249543E+00   4.860073E+01
   8.212325E+00   4.860198E+01
   8.221453E+00   4.859580E+01
   8.223151E+00   4.858839E+01
   8.239788E+00   4.857843E+01
   8.230427E+00   4.856214E+01
   8.216392E+00   4.855588E+01
   8.223070E+00   4.853847E+01
   8.217172E+00   4.852974E+01
   8.217062E+00   4.852381E+01
   8.225669E+00   4.851575E+01
   8.221889E+00   4.850865E+01
   8.242253E+00   4.849541E+01
   8.268066E+00   4.849336E+01
   8.277988E+00   4.847944E+01
   8.270338E+00   4.847245E+01
   8.267037E+00   4.846069E+01
   8.271765E+00   4.844941E+01
   8.267319E+00   4.843482E+01
   8.257330E+00   4.843092E+01
   8.262270E+00   4.842162E+01
   8.256727E+00   4.841168E+01
   8.244250E+00   4.840940E+01
   8.238787E+00   4.840155E+01
   8.249160E+00   4.839719E+01
   8.250909E+00   4.838686E+01
   8.266330E+00   4.838033E+01
   8.255847E+00   4.836771E+01
   8.285457E+00   4.836320E+01
   8.300914E+00   4.835153E+01
   8.316058E+00   4.835873E+01
   8.312064E+00   4.836915E+01
   8.326466E+00   4.838945E+01
   8.353986E+00   4.838473E+01
   8.362952E+00   4.837707E+01
   8.363501E+00   4.836882E+01
   8.359449E+00   4.836633E+01
   8.362556E+00   4.834149E+01
   8.396549E+00   4.832576E+01
   8.434348E+00   4.832531E+01
   8.437611E+00   4.831211E+01
   8.444868E+00   4.830470E+01
   8.458191E+00   4.831564E+01
   8.492356E+00   4.831767E+01
   8.495938E+00   4.832294E+01
   8.497962E+00   4.832865E+01
   8.486007E+00   4.832977E+01
   8.481248E+00   4.833953E+01
   8.467725E+00   4.834743E+01
   8.495547E+00   4.835967E+01
   8.484134E+00   4.836525E+01
   8.480786E+00   4.838294E+01
   8.499912E+00   4.839038E+01
   8.515135E+00   4.839026E+01
   8.516450E+00   4.839518E+01
   8.507527E+00   4.840335E+01
   8.509636E+00   4.840711E+01
   8.530306E+00   4.840366E+01
   8.546315E+00   4.840836E+01
   8.562337E+00   4.840276E+01
   8.596022E+00   4.841393E+01
   8.605877E+00   4.839946E+01
   8.640027E+00   4.840539E+01
   8.654366E+00   4.839753E+01
   8.676680E+00   4.840382E+01
   8.691040E+00   4.839779E+01
   8.690864E+00   4.839187E+01
   8.697875E+00   4.838804E+01
   8.739254E+00   4.838261E+01
   8.736262E+00   4.836768E+01
   8.747977E+00   4.835922E+01
   8.747650E+00   4.834743E+01
   8.719278E+00   4.833866E+01
   8.712087E+00   4.833017E+01
   8.703106E+00   4.832837E+01
   8.721092E+00   4.832347E+01
   8.721151E+00   4.831326E+01
   8.686000E+00   4.830105E+01
   8.670072E+00   4.830192E+01
   8.663518E+00   4.829271E+01
   8.652643E+00   4.829026E+01
   8.685634E+00   4.828297E+01
   8.686219E+00   4.827703E+01
   8.675102E+00   4.826973E+01
   8.684900E+00   4.827031E+01
   8.708165E+00   4.826043E+01
   8.712658E+00   4.825125E+01
   8.701779E+00   4.824285E+01
   8.703819E+00   4.823703E+01
   8.712770E+00   4.823402E+01
   8.707131E+00   4.822573E+01
   8.715509E+00   4.821189E+01
   8.746653E+00   4.820243E+01
   8.742334E+00   4.819053E+01
   8.723291E+00   4.818033E+01
   8.726708E+00   4.817440E+01
   8.747286E+00   4.816966E+01
   8.754500E+00   4.816272E+01
   8.761491E+00   4.816517E+01
   8.759149E+00   4.817444E+01
   8.766983E+00   4.818406E+01
   8.810761E+00   4.818712E+01
   8.835002E+00   4.816664E+01
   8.833560E+00   4.815377E+01
   8.850876E+00   4.815239E+01
   8.862176E+00   4.814575E+01
   8.886489E+00   4.810958E+01
   8.913061E+00   4.811352E+01
   8.931864E+00   4.810667E+01
   8.954517E+00   4.811018E+01
   8.964460E+00   4.809355E+01
   8.981436E+00   4.808821E+01
   8.999147E+00   4.807278E+01
   8.998259E+00   4.806407E+01
   8.989373E+00   4.805515E+01
   8.948261E+00   4.805247E+01
   8.943549E+00   4.805712E+01
   8.938794E+00   4.804971E+01
   8.957449E+00   4.804367E+01
   8.953919E+00   4.803222E+01
   8.962842E+00   4.804158E+01
   8.971742E+00   4.804336E+01
   8.979609E+00   4.803554E+01
   9.010072E+00   4.802706E+01
   9.017055E+00   4.800601E+01
   9.010551E+00   4.799877E+01
   9.020374E+00   4.799214E+01
   9.024487E+00   4.798260E+01
   9.023156E+00   4.797692E+01
   9.015027E+00   4.797368E+01
   9.022869E+00   4.796324E+01
   9.017253E+00   4.795365E+01
   9.023257E+00   4.794685E+01
   9.016930E+00   4.794006E+01
   9.048153E+00   4.793870E+01
   9.069872E+00   4.794516E+01
   9.080650E+00   4.794361E+01
   9.083834E+00   4.793736E+01
   9.071950E+00   4.792933E+01
   9.068642E+00   4.791884E+01
   9.098056E+00   4.791716E+01
   9.105898E+00   4.790906E+01
   9.154226E+00   4.789600E+01
   9.149577E+00   4.789149E+01
   9.152784E+00   4.788508E+01
   9.148370E+00   4.787169E+01
   9.135819E+00   4.786594E+01
   9.141383E+00   4.785763E+01
   9.126515E+00   4.785773E+01
   9.130864E+00   4.785554E+01
   9.131700E+00   4.784626E+01
   9.122011E+00   4.783924E+01
   9.102515E+00   4.783861E+01
   9.082556E+00   4.785431E+01
   9.069549E+00   4.785485E+01
   9.079372E+00   4.784256E+01
   9.075840E+00   4.783671E+01
   9.086362E+00   4.782569E+01
   9.081402E+00   4.782210E+01
   9.086116E+00   4.781374E+01
   9.074430E+00   4.780544E+01
   9.073296E+00   4.779755E+01
   9.098092E+00   4.778157E+01
   9.174583E+00   4.775024E+01
   9.211400E+00   4.772729E+01
   9.235103E+00   4.768880E+01
   9.246965E+00   4.765849E+01
   9.246373E+00   4.765700E+01
   9.202392E+00   4.765489E+01
   9.186843E+00   4.765697E+01
   9.175913E+00   4.765379E+01
   9.170285E+00   4.765474E+01
   9.155548E+00   4.766600E+01
   9.149401E+00   4.766713E+01
   9.139468E+00   4.766367E+01
   9.131947E+00   4.766578E+01
   9.083404E+00   4.767636E+01
   9.031386E+00   4.768340E+01
   8.980785E+00   4.767050E+01
   8.941273E+00   4.765569E+01
   8.896961E+00   4.764593E+01
   8.882626E+00   4.765327E+01
   8.874739E+00   4.765450E+01
   8.872349E+00   4.766971E+01
   8.849493E+00   4.768089E+01
   8.849927E+00   4.770233E+01
   8.818155E+00   4.771242E+01
   8.801323E+00   4.772681E+01
   8.785749E+00   4.772516E+01
   8.772314E+00   4.771606E+01
   8.802318E+00   4.770121E+01
   8.812951E+00   4.769590E+01
   8.796867E+00   4.767232E+01
   8.776356E+00   4.767892E+01
   8.753301E+00   4.768997E+01
   8.725752E+00   4.769170E+01
   8.710025E+00   4.768829E+01
   8.689367E+00   4.769318E+01
   8.670462E+00   4.768235E+01
   8.659414E+00   4.768408E+01
   8.656862E+00   4.769110E+01
   8.669993E+00   4.770030E+01
   8.662608E+00   4.770457E+01
   8.661606E+00   4.771454E+01
   8.705956E+00   4.771584E+01
   8.707874E+00   4.772523E+01
   8.713053E+00   4.774125E+01
   8.730326E+00   4.775527E+01
   8.720028E+00   4.776273E+01
   8.688705E+00   4.775314E+01
   8.682725E+00   4.777008E+01
   8.679226E+00   4.778419E+01
   8.657985E+00   4.778994E+01
   8.650537E+00   4.779565E+01
   8.654287E+00   4.777361E+01
   8.646752E+00   4.776462E+01
   8.631322E+00   4.775749E+01
   8.619180E+00   4.776216E+01
   8.613514E+00   4.778451E+01
   8.616484E+00   4.779603E+01
   8.609139E+00   4.780029E+01
   8.593503E+00   4.779744E+01
   8.567997E+00   4.779977E+01
   8.563882E+00   4.779288E+01
   8.576105E+00   4.779015E+01
   8.578471E+00   4.778102E+01
   8.563150E+00   4.777654E+01
   8.529788E+00   4.777687E+01
   8.519373E+00   4.776965E+01
   8.489374E+00   4.776880E+01
   8.457423E+00   4.774126E+01
   8.462303E+00   4.772909E+01
   8.449293E+00   4.771663E+01
   8.422688E+00   4.770807E+01
   8.414711E+00   4.769991E+01
   8.427303E+00   4.768562E+01
   8.415918E+00   4.767430E+01
   8.440344E+00   4.766490E+01
   8.469661E+00   4.766016E+01
   8.474184E+00   4.765258E+01
   8.496737E+00   4.765153E+01
   8.517506E+00   4.765360E+01
   8.537995E+00   4.767185E+01
   8.556695E+00   4.767164E+01
   8.570331E+00   4.767023E+01
   8.580894E+00   4.767542E+01
   8.611134E+00   4.767422E+01
   8.635919E+00   4.765320E+01
   8.624695E+00   4.763388E+01
   8.602636E+00   4.763262E+01
   8.612806E+00   4.761327E+01
   8.584337E+00   4.759208E+01
   8.555859E+00   4.759672E+01
   8.562340E+00   4.761117E+01
   8.528154E+00   4.762756E+01
   8.507736E+00   4.761413E+01
   8.484145E+00   4.761080E+01
   8.466432E+00   4.759770E+01
   8.472585E+00   4.758861E+01
   8.489851E+00   4.759139E+01
   8.503377E+00   4.757932E+01
   8.478537E+00   4.757087E+01
   8.429318E+00   4.756095E+01
   8.397793E+00   4.757168E+01
   8.385250E+00   4.756086E+01
   8.322916E+00   4.756594E+01
   8.287323E+00   4.758847E+01
   8.290024E+00   4.760451E+01
   8.261561E+00   4.760455E+01
   8.219234E+00   4.760101E+01
   8.212700E+00   4.761424E+01
   8.198736E+00   4.761287E+01
   8.175868E+00   4.759256E+01
   8.137173E+00   4.757947E+01
   8.110832E+00   4.757739E+01
   8.104872E+00   4.755795E+01
   8.087382E+00   4.755210E+01
   8.064812E+00   4.755908E+01
   8.047276E+00   4.754930E+01
   8.015123E+00   4.754586E+01
   7.995521E+00   4.755147E+01
   7.957991E+00   4.755243E+01
   7.951777E+00   4.754002E+01
   7.911362E+00   4.754341E+01
   7.898235E+00   4.755961E+01
   7.904467E+00   4.756857E+01
   7.889876E+00   4.758282E+01
   7.863072E+00   4.758398E+01
   7.846132E+00   4.757840E+01
   7.823701E+00   4.758172E+01
   7.817622E+00   4.756727E+01
   7.799973E+00   4.755435E+01
   7.748120E+00   4.753835E+01
   7.695940E+00   4.752681E+01
   7.663901E+00   4.752914E+01
   7.623871E+00   4.756142E+01
   7.577091E+00   4.758755E+01
   7.586830E+00   4.760099E+01
   7.568601E+00   4.761266E+01
   7.558554E+00   4.763379E+01
   7.521558E+00   4.765161E+01
   7.511028E+00   4.767251E+01
   7.503992E+00   4.770235E+01
   7.536053E+00   4.772271E+01
   7.541032E+00   4.773606E+01
   7.520958E+00   4.777685E+01
   7.557124E+00   4.784839E+01
   7.549463E+00   4.787338E+01
   7.553581E+00   4.788424E+01
   7.578666E+00   4.789745E+01
   7.574615E+00   4.793028E+01
   7.613179E+00   4.796804E+01
   7.611904E+00   4.798710E+01
   7.562205E+00   4.803320E+01
   7.566702E+00   4.805764E+01
END
END
