none
1
   9.555079E+00   4.704956E+01
   9.553739E+00   4.705024E+01
   9.551612E+00   4.705784E+01
   9.548440E+00   4.706045E+01
   9.539684E+00   4.706433E+01
   9.516940E+00   4.705946E+01
   9.514531E+00   4.705676E+01
   9.512244E+00   4.705614E+01
   9.500472E+00   4.705613E+01
   9.499674E+00   4.705347E+01
   9.491666E+00   4.705560E+01
   9.485814E+00   4.704839E+01
   9.483887E+00   4.704876E+01
   9.481322E+00   4.705213E+01
   9.481289E+00   4.705538E+01
   9.477409E+00   4.705409E+01
   9.477267E+00   4.705154E+01
   9.475302E+00   4.705125E+01
   9.471078E+00   4.706148E+01
   9.471212E+00   4.706446E+01
   9.473739E+00   4.706700E+01
   9.491961E+00   4.707447E+01
   9.513120E+00   4.708620E+01
   9.514985E+00   4.708819E+01
   9.518627E+00   4.709672E+01
   9.518168E+00   4.710537E+01
   9.511010E+00   4.713221E+01
   9.506635E+00   4.714197E+01
   9.499135E+00   4.714939E+01
   9.490700E+00   4.716261E+01
   9.485144E+00   4.718151E+01
   9.489090E+00   4.719671E+01
   9.498990E+00   4.721165E+01
   9.501031E+00   4.722052E+01
   9.504108E+00   4.722558E+01
   9.519851E+00   4.724432E+01
   9.529438E+00   4.726270E+01
   9.529704E+00   4.726983E+01
   9.530691E+00   4.727128E+01
   9.537063E+00   4.726650E+01
   9.540281E+00   4.726557E+01
   9.541015E+00   4.726286E+01
   9.540299E+00   4.726162E+01
   9.559963E+00   4.725114E+01
   9.567432E+00   4.724315E+01
   9.567846E+00   4.724029E+01
   9.558914E+00   4.723250E+01
   9.553360E+00   4.722460E+01
   9.555569E+00   4.722453E+01
   9.556065E+00   4.722355E+01
   9.558443E+00   4.722486E+01
   9.560685E+00   4.722428E+01
   9.564384E+00   4.722144E+01
   9.569674E+00   4.721992E+01
   9.576108E+00   4.721423E+01
   9.578792E+00   4.720963E+01
   9.585411E+00   4.720560E+01
   9.581818E+00   4.719970E+01
   9.580853E+00   4.719533E+01
   9.573382E+00   4.719035E+01
   9.574940E+00   4.717813E+01
   9.573604E+00   4.717521E+01
   9.567885E+00   4.717276E+01
   9.566025E+00   4.717072E+01
   9.574540E+00   4.717041E+01
   9.579663E+00   4.717183E+01
   9.591206E+00   4.716539E+01
   9.597135E+00   4.716355E+01
   9.601510E+00   4.715908E+01
   9.601202E+00   4.715692E+01
   9.603618E+00   4.715440E+01
   9.603755E+00   4.715169E+01
   9.609120E+00   4.714842E+01
   9.613979E+00   4.714828E+01
   9.620072E+00   4.715224E+01
   9.622170E+00   4.715185E+01
   9.623935E+00   4.714771E+01
   9.626548E+00   4.714606E+01
   9.623525E+00   4.714119E+01
   9.625715E+00   4.713864E+01
   9.625423E+00   4.713287E+01
   9.635719E+00   4.712825E+01
   9.633097E+00   4.712420E+01
   9.625552E+00   4.711859E+01
   9.625244E+00   4.711434E+01
   9.621695E+00   4.711023E+01
   9.622918E+00   4.710885E+01
   9.629003E+00   4.710812E+01
   9.628964E+00   4.710597E+01
   9.635039E+00   4.710138E+01
   9.636217E+00   4.709342E+01
   9.633830E+00   4.708615E+01
   9.633939E+00   4.708293E+01
   9.623684E+00   4.708189E+01
   9.618857E+00   4.707749E+01
   9.612194E+00   4.707847E+01
   9.611504E+00   4.707519E+01
   9.613737E+00   4.707208E+01
   9.614080E+00   4.706934E+01
   9.612020E+00   4.706654E+01
   9.612345E+00   4.706416E+01
   9.607380E+00   4.706015E+01
   9.603539E+00   4.706104E+01
   9.600089E+00   4.705835E+01
   9.591957E+00   4.705647E+01
   9.582240E+00   4.705201E+01
   9.573111E+00   4.705202E+01
   9.559059E+00   4.704774E+01
   9.556629E+00   4.704788E+01
   9.555079E+00   4.704956E+01
END
END
