none
1
   -1.100051E+02   4.899251E+01
   -1.140695E+02   4.899482E+01
   -1.140695E+02   4.899605E+01
   -1.140751E+02   4.900579E+01
   -1.140573E+02   4.902447E+01
   -1.140664E+02   4.904339E+01
   -1.140823E+02   4.905671E+01
   -1.140933E+02   4.905580E+01
   -1.141082E+02   4.906194E+01
   -1.141538E+02   4.909542E+01
   -1.141567E+02   4.910226E+01
   -1.141531E+02   4.911593E+01
   -1.141695E+02   4.913463E+01
   -1.141554E+02   4.914415E+01
   -1.141649E+02   4.915340E+01
   -1.142134E+02   4.917038E+01
   -1.142372E+02   4.918122E+01
   -1.142564E+02   4.917381E+01
   -1.142874E+02   4.917524E+01
   -1.142942E+02   4.918463E+01
   -1.143138E+02   4.919016E+01
   -1.143486E+02   4.919035E+01
   -1.143971E+02   4.920608E+01
   -1.144053E+02   4.921262E+01
   -1.144089E+02   4.922404E+01
   -1.144047E+02   4.922953E+01
   -1.144061E+02   4.924072E+01
   -1.143882E+02   4.924818E+01
   -1.144490E+02   4.926186E+01
   -1.144538E+02   4.928000E+01
   -1.144857E+02   4.930775E+01
   -1.144941E+02   4.931279E+01
   -1.144947E+02   4.932409E+01
   -1.144837E+02   4.932754E+01
   -1.144945E+02   4.934916E+01
   -1.145257E+02   4.935436E+01
   -1.145371E+02   4.937764E+01
   -1.145675E+02   4.937379E+01
   -1.145890E+02   4.938843E+01
   -1.146011E+02   4.941129E+01
   -1.146085E+02   4.943979E+01
   -1.146065E+02   4.945154E+01
   -1.146018E+02   4.945645E+01
   -1.145987E+02   4.950298E+01
   -1.145851E+02   4.952213E+01
   -1.145760E+02   4.952651E+01
   -1.145765E+02   4.955396E+01
   -1.145881E+02   4.956145E+01
   -1.146057E+02   4.955603E+01
   -1.146149E+02   4.954545E+01
   -1.146379E+02   4.954009E+01
   -1.146501E+02   4.954046E+01
   -1.147037E+02   4.954846E+01
   -1.147355E+02   4.957346E+01
   -1.147487E+02   4.959834E+01
   -1.147558E+02   4.961160E+01
   -1.147488E+02   4.962158E+01
   -1.147242E+02   4.962699E+01
   -1.147042E+02   4.964229E+01
   -1.146954E+02   4.963455E+01
   -1.146757E+02   4.964633E+01
   -1.146656E+02   4.964302E+01
   -1.146728E+02   4.967083E+01
   -1.146799E+02   4.969725E+01
   -1.146401E+02   4.972064E+01
   -1.146625E+02   4.976405E+01
   -1.146504E+02   4.981671E+01
   -1.146434E+02   4.982654E+01
   -1.146751E+02   4.986147E+01
   -1.146950E+02   4.989599E+01
   -1.146963E+02   4.994267E+01
   -1.146858E+02   4.996733E+01
   -1.146619E+02   5.002003E+01
   -1.146800E+02   5.004750E+01
   -1.146701E+02   5.005330E+01
   -1.146948E+02   5.006896E+01
   -1.147074E+02   5.009299E+01
   -1.147381E+02   5.011980E+01
   -1.147366E+02   5.016973E+01
   -1.147421E+02   5.020093E+01
   -1.147673E+02   5.023287E+01
   -1.147721E+02   5.024158E+01
   -1.147742E+02   5.024982E+01
   -1.147669E+02   5.026790E+01
   -1.147840E+02   5.029873E+01
   -1.147868E+02   5.031625E+01
   -1.148042E+02   5.032929E+01
   -1.147772E+02   5.034654E+01
   -1.148587E+02   5.038944E+01
   -1.148681E+02   5.039417E+01
   -1.148702E+02   5.040359E+01
   -1.148641E+02   5.042297E+01
   -1.148928E+02   5.043451E+01
   -1.149149E+02   5.044920E+01
   -1.149615E+02   5.050184E+01
   -1.149833E+02   5.053478E+01
   -1.150160E+02   5.056713E+01
   -1.150190E+02   5.058060E+01
   -1.150534E+02   5.056874E+01
   -1.150753E+02   5.058378E+01
   -1.151187E+02   5.056737E+01
   -1.151569E+02   5.057035E+01
   -1.151726E+02   5.056570E+01
   -1.151765E+02   5.055583E+01
   -1.151881E+02   5.055295E+01
   -1.151821E+02   5.054383E+01
   -1.151895E+02   5.053345E+01
   -1.152111E+02   5.052536E+01
   -1.152339E+02   5.054315E+01
   -1.152466E+02   5.057244E+01
   -1.152368E+02   5.057987E+01
   -1.152412E+02   5.058547E+01
   -1.152801E+02   5.059861E+01
   -1.152984E+02   5.061039E+01
   -1.153021E+02   5.062341E+01
   -1.153150E+02   5.062704E+01
   -1.153147E+02   5.064138E+01
   -1.152901E+02   5.064080E+01
   -1.152824E+02   5.064977E+01
   -1.153011E+02   5.068181E+01
   -1.153173E+02   5.071306E+01
   -1.153172E+02   5.072260E+01
   -1.153586E+02   5.071836E+01
   -1.153798E+02   5.070221E+01
   -1.154165E+02   5.070895E+01
   -1.154207E+02   5.071340E+01
   -1.154174E+02   5.073295E+01
   -1.154589E+02   5.075384E+01
   -1.154710E+02   5.074921E+01
   -1.154842E+02   5.075322E+01
   -1.154888E+02   5.076136E+01
   -1.154866E+02   5.076930E+01
   -1.155123E+02   5.078367E+01
   -1.155187E+02   5.077786E+01
   -1.155333E+02   5.078552E+01
   -1.155475E+02   5.079282E+01
   -1.155621E+02   5.080203E+01
   -1.155695E+02   5.081429E+01
   -1.155652E+02   5.082563E+01
   -1.155771E+02   5.083686E+01
   -1.156055E+02   5.084251E+01
   -1.156269E+02   5.083119E+01
   -1.156442E+02   5.083784E+01
   -1.156543E+02   5.086647E+01
   -1.156518E+02   5.087619E+01
   -1.156149E+02   5.088879E+01
   -1.155934E+02   5.089571E+01
   -1.155789E+02   5.089222E+01
   -1.155687E+02   5.089575E+01
   -1.155813E+02   5.091029E+01
   -1.155989E+02   5.091415E+01
   -1.156126E+02   5.092452E+01
   -1.156018E+02   5.093920E+01
   -1.156147E+02   5.094532E+01
   -1.156155E+02   5.095766E+01
   -1.156259E+02   5.096432E+01
   -1.156399E+02   5.098068E+01
   -1.156523E+02   5.099603E+01
   -1.156730E+02   5.099726E+01
   -1.156922E+02   5.101264E+01
   -1.157229E+02   5.101500E+01
   -1.157707E+02   5.103696E+01
   -1.157774E+02   5.105850E+01
   -1.157906E+02   5.106912E+01
   -1.158043E+02   5.106646E+01
   -1.158333E+02   5.107280E+01
   -1.158432E+02   5.107299E+01
   -1.158608E+02   5.107625E+01
   -1.158698E+02   5.108525E+01
   -1.158948E+02   5.108256E+01
   -1.159037E+02   5.107985E+01
   -1.159245E+02   5.108002E+01
   -1.159360E+02   5.109453E+01
   -1.159513E+02   5.109681E+01
   -1.159702E+02   5.111306E+01
   -1.160112E+02   5.112332E+01
   -1.160316E+02   5.116011E+01
   -1.160394E+02   5.116979E+01
   -1.160240E+02   5.118933E+01
   -1.160045E+02   5.119564E+01
   -1.160284E+02   5.121713E+01
   -1.160517E+02   5.122478E+01
   -1.160687E+02   5.124594E+01
   -1.161014E+02   5.124820E+01
   -1.161559E+02   5.126053E+01
   -1.161627E+02   5.127516E+01
   -1.161567E+02   5.128516E+01
   -1.161830E+02   5.129225E+01
   -1.162210E+02   5.128844E+01
   -1.162459E+02   5.129847E+01
   -1.162712E+02   5.131007E+01
   -1.162897E+02   5.133188E+01
   -1.162937E+02   5.134153E+01
   -1.162987E+02   5.136365E+01
   -1.163147E+02   5.138374E+01
   -1.162967E+02   5.140490E+01
   -1.162986E+02   5.142886E+01
   -1.162923E+02   5.144976E+01
   -1.162889E+02   5.145594E+01
   -1.163377E+02   5.146096E+01
   -1.163636E+02   5.146889E+01
   -1.163857E+02   5.148800E+01
   -1.164005E+02   5.150997E+01
   -1.163946E+02   5.154397E+01
   -1.164676E+02   5.156247E+01
   -1.164781E+02   5.158369E+01
   -1.164710E+02   5.159911E+01
   -1.164939E+02   5.160924E+01
   -1.165200E+02   5.162417E+01
   -1.165678E+02   5.164250E+01
   -1.165832E+02   5.165063E+01
   -1.165981E+02   5.166038E+01
   -1.165998E+02   5.166652E+01
   -1.165939E+02   5.167836E+01
   -1.165930E+02   5.169359E+01
   -1.165885E+02   5.171211E+01
   -1.166007E+02   5.172089E+01
   -1.166304E+02   5.172701E+01
   -1.166369E+02   5.173540E+01
   -1.166317E+02   5.174412E+01
   -1.166539E+02   5.175167E+01
   -1.166550E+02   5.176700E+01
   -1.166586E+02   5.179117E+01
   -1.166623E+02   5.180183E+01
   -1.166960E+02   5.180008E+01
   -1.167164E+02   5.179559E+01
   -1.167289E+02   5.180197E+01
   -1.167467E+02   5.180293E+01
   -1.167543E+02   5.179680E+01
   -1.167582E+02   5.178481E+01
   -1.168153E+02   5.173631E+01
   -1.167947E+02   5.172430E+01
   -1.168091E+02   5.170172E+01
   -1.168367E+02   5.170053E+01
   -1.168979E+02   5.169998E+01
   -1.169224E+02   5.170685E+01
   -1.169323E+02   5.171997E+01
   -1.169558E+02   5.174098E+01
   -1.169794E+02   5.175864E+01
   -1.169762E+02   5.177144E+01
   -1.169929E+02   5.180994E+01
   -1.170096E+02   5.183387E+01
   -1.170375E+02   5.185414E+01
   -1.170331E+02   5.187231E+01
   -1.170174E+02   5.188836E+01
   -1.171002E+02   5.193653E+01
   -1.171212E+02   5.195241E+01
   -1.171650E+02   5.196864E+01
   -1.171981E+02   5.197622E+01
   -1.172185E+02   5.199416E+01
   -1.172373E+02   5.200975E+01
   -1.172525E+02   5.203201E+01
   -1.172737E+02   5.204634E+01
   -1.172958E+02   5.206143E+01
   -1.173081E+02   5.207211E+01
   -1.173067E+02   5.207888E+01
   -1.172964E+02   5.208526E+01
   -1.173321E+02   5.214231E+01
   -1.173509E+02   5.213294E+01
   -1.173773E+02   5.213805E+01
   -1.174302E+02   5.213903E+01
   -1.174678E+02   5.213920E+01
   -1.174986E+02   5.214504E+01
   -1.175093E+02   5.215485E+01
   -1.175161E+02   5.215425E+01
   -1.175166E+02   5.214758E+01
   -1.175606E+02   5.212401E+01
   -1.175800E+02   5.212579E+01
   -1.175844E+02   5.213225E+01
   -1.176059E+02   5.213767E+01
   -1.176247E+02   5.215741E+01
   -1.176251E+02   5.217030E+01
   -1.176570E+02   5.218166E+01
   -1.177048E+02   5.218204E+01
   -1.177327E+02   5.218447E+01
   -1.177493E+02   5.219311E+01
   -1.178157E+02   5.222004E+01
   -1.178195E+02   5.222431E+01
   -1.178357E+02   5.225240E+01
   -1.178466E+02   5.227478E+01
   -1.178272E+02   5.228503E+01
   -1.178243E+02   5.229328E+01
   -1.177955E+02   5.230460E+01
   -1.177755E+02   5.232149E+01
   -1.177402E+02   5.234555E+01
   -1.177260E+02   5.235558E+01
   -1.177223E+02   5.236424E+01
   -1.177318E+02   5.238081E+01
   -1.177281E+02   5.238901E+01
   -1.177928E+02   5.240531E+01
   -1.178533E+02   5.241069E+01
   -1.178941E+02   5.242504E+01
   -1.179176E+02   5.243482E+01
   -1.179775E+02   5.247049E+01
   -1.179883E+02   5.248145E+01
   -1.179934E+02   5.249434E+01
   -1.180165E+02   5.245661E+01
   -1.180274E+02   5.245216E+01
   -1.180363E+02   5.244362E+01
   -1.180312E+02   5.243821E+01
   -1.180368E+02   5.242052E+01
   -1.180499E+02   5.241414E+01
   -1.180440E+02   5.239962E+01
   -1.181416E+02   5.239006E+01
   -1.181727E+02   5.238770E+01
   -1.181864E+02   5.236949E+01
   -1.182170E+02   5.236914E+01
   -1.182248E+02   5.237410E+01
   -1.182287E+02   5.237983E+01
   -1.182463E+02   5.240213E+01
   -1.182553E+02   5.244496E+01
   -1.182517E+02   5.245289E+01
   -1.182373E+02   5.245401E+01
   -1.182108E+02   5.247237E+01
   -1.181977E+02   5.247597E+01
   -1.182030E+02   5.248551E+01
   -1.182364E+02   5.248456E+01
   -1.182651E+02   5.250231E+01
   -1.182886E+02   5.252457E+01
   -1.182878E+02   5.253387E+01
   -1.182936E+02   5.253857E+01
   -1.182745E+02   5.256277E+01
   -1.182848E+02   5.256848E+01
   -1.183301E+02   5.257503E+01
   -1.183394E+02   5.258519E+01
   -1.183471E+02   5.260433E+01
   -1.183591E+02   5.261350E+01
   -1.183578E+02   5.263606E+01
   -1.183304E+02   5.265371E+01
   -1.183199E+02   5.265955E+01
   -1.183030E+02   5.268943E+01
   -1.183468E+02   5.270769E+01
   -1.183438E+02   5.272772E+01
   -1.183384E+02   5.273488E+01
   -1.184163E+02   5.276536E+01
   -1.184215E+02   5.277227E+01
   -1.184261E+02   5.279730E+01
   -1.184061E+02   5.283994E+01
   -1.184398E+02   5.284697E+01
   -1.184547E+02   5.285287E+01
   -1.184674E+02   5.286874E+01
   -1.184551E+02   5.288427E+01
   -1.185108E+02   5.290191E+01
   -1.185223E+02   5.289370E+01
   -1.185767E+02   5.288214E+01
   -1.186019E+02   5.287667E+01
   -1.186175E+02   5.287902E+01
   -1.186200E+02   5.289932E+01
   -1.186228E+02   5.291071E+01
   -1.186258E+02   5.291677E+01
   -1.186191E+02   5.293503E+01
   -1.186511E+02   5.295009E+01
   -1.186652E+02   5.296162E+01
   -1.186757E+02   5.297734E+01
   -1.186723E+02   5.298582E+01
   -1.186519E+02   5.299460E+01
   -1.186579E+02   5.301210E+01
   -1.186591E+02   5.303211E+01
   -1.186978E+02   5.302908E+01
   -1.187041E+02   5.303324E+01
   -1.187050E+02   5.304342E+01
   -1.187569E+02   5.304274E+01
   -1.187612E+02   5.303385E+01
   -1.187807E+02   5.304471E+01
   -1.187808E+02   5.305098E+01
   -1.187728E+02   5.307631E+01
   -1.187544E+02   5.309880E+01
   -1.187341E+02   5.311345E+01
   -1.187841E+02   5.313206E+01
   -1.187926E+02   5.314517E+01
   -1.187879E+02   5.315106E+01
   -1.188144E+02   5.316154E+01
   -1.188305E+02   5.316993E+01
   -1.188632E+02   5.318537E+01
   -1.188784E+02   5.320232E+01
   -1.189214E+02   5.320949E+01
   -1.189271E+02   5.321367E+01
   -1.189273E+02   5.322313E+01
   -1.189584E+02   5.323162E+01
   -1.189836E+02   5.323695E+01
   -1.190110E+02   5.323039E+01
   -1.190220E+02   5.322268E+01
   -1.189975E+02   5.321307E+01
   -1.189903E+02   5.320502E+01
   -1.189926E+02   5.319175E+01
   -1.190034E+02   5.318880E+01
   -1.190252E+02   5.316314E+01
   -1.189968E+02   5.314435E+01
   -1.190265E+02   5.312097E+01
   -1.190506E+02   5.312331E+01
   -1.190521E+02   5.314317E+01
   -1.190949E+02   5.316210E+01
   -1.191237E+02   5.315718E+01
   -1.191414E+02   5.317086E+01
   -1.191501E+02   5.318708E+01
   -1.191919E+02   5.318001E+01
   -1.192361E+02   5.317904E+01
   -1.192621E+02   5.317372E+01
   -1.192639E+02   5.317987E+01
   -1.192852E+02   5.322764E+01
   -1.193456E+02   5.328243E+01
   -1.193632E+02   5.331019E+01
   -1.193531E+02   5.331706E+01
   -1.193543E+02   5.332832E+01
   -1.193927E+02   5.335689E+01
   -1.194101E+02   5.336348E+01
   -1.194409E+02   5.335321E+01
   -1.194414E+02   5.334772E+01
   -1.194481E+02   5.334600E+01
   -1.194831E+02   5.335980E+01
   -1.195301E+02   5.336103E+01
   -1.195942E+02   5.336719E+01
   -1.196059E+02   5.336025E+01
   -1.196818E+02   5.336729E+01
   -1.197317E+02   5.338630E+01
   -1.197369E+02   5.340387E+01
   -1.197693E+02   5.342741E+01
   -1.197970E+02   5.347774E+01
   -1.197873E+02   5.348933E+01
   -1.198165E+02   5.349759E+01
   -1.198372E+02   5.351462E+01
   -1.198481E+02   5.350922E+01
   -1.198537E+02   5.350012E+01
   -1.198653E+02   5.349724E+01
   -1.199034E+02   5.351459E+01
   -1.199010E+02   5.353724E+01
   -1.198673E+02   5.354895E+01
   -1.199337E+02   5.360667E+01
   -1.199337E+02   5.361099E+01
   -1.199231E+02   5.361722E+01
   -1.199031E+02   5.362301E+01
   -1.198781E+02   5.362125E+01
   -1.198014E+02   5.360573E+01
   -1.197703E+02   5.359298E+01
   -1.197511E+02   5.359369E+01
   -1.197419E+02   5.366139E+01
   -1.198381E+02   5.369154E+01
   -1.199004E+02   5.370536E+01
   -1.199144E+02   5.370950E+01
   -1.199196E+02   5.371887E+01
   -1.199012E+02   5.372910E+01
   -1.199070E+02   5.373783E+01
   -1.199493E+02   5.377223E+01
   -1.199835E+02   5.378826E+01
   -1.199907E+02   5.380043E+01
   -1.199971E+02   5.380152E+01
   -1.200008E+02   5.379570E+01
   -1.200043E+02   5.379866E+01
   -1.200035E+02   6.000254E+01
   -1.100042E+02   6.000156E+01
   -1.100018E+02   5.013515E+01
   -1.100021E+02   4.899961E+01
   -1.100051E+02   4.899661E+01
   -1.100051E+02   4.899251E+01
END
END
