none
1
   2.703782E+01   -1.797885E+01
   2.669164E+01   -1.808494E+01
   2.621648E+01   -1.794202E+01
   2.597394E+01   -1.802984E+01
   2.585578E+01   -1.797720E+01
   2.584344E+01   -1.794244E+01
   2.584742E+01   -1.792925E+01
   2.585393E+01   -1.792775E+01
   2.584418E+01   -1.790463E+01
   2.568137E+01   -1.784216E+01
   2.542346E+01   -1.788104E+01
   2.517436E+01   -1.776729E+01
   2.483708E+01   -1.754220E+01
   2.456338E+01   -1.754553E+01
   2.434844E+01   -1.748928E+01
   2.432499E+01   -1.749399E+01
   2.429882E+01   -1.748764E+01
   2.427981E+01   -1.748787E+01
   2.426797E+01   -1.749305E+01
   2.425439E+01   -1.748858E+01
   2.424350E+01   -1.747931E+01
   2.341399E+01   -1.764898E+01
   2.315295E+01   -1.750382E+01
   2.212646E+01   -1.651393E+01
   2.198783E+01   -1.620478E+01
   2.198849E+01   -1.298720E+01
   2.388637E+01   -1.299039E+01
   2.387553E+01   -1.250582E+01
   2.397843E+01   -1.237580E+01
   2.390113E+01   -1.216920E+01
   2.388114E+01   -1.166015E+01
   2.403394E+01   -1.138937E+01
   2.395869E+01   -1.089426E+01
   2.405222E+01   -1.080732E+01
   2.444485E+01   -1.104173E+01
   2.448823E+01   -1.137824E+01
   2.485209E+01   -1.119038E+01
   2.538114E+01   -1.112256E+01
   2.541217E+01   -1.157334E+01
   2.605800E+01   -1.185576E+01
   2.683997E+01   -1.189973E+01
   2.701714E+01   -1.158608E+01
   2.721649E+01   -1.154997E+01
   2.724095E+01   -1.168387E+01
   2.722776E+01   -1.175281E+01
   2.723397E+01   -1.177616E+01
   2.734359E+01   -1.182947E+01
   2.739945E+01   -1.186910E+01
   2.747695E+01   -1.193947E+01
   2.764481E+01   -1.226714E+01
   2.774138E+01   -1.227873E+01
   2.780901E+01   -1.224930E+01
   2.780408E+01   -1.222324E+01
   2.781395E+01   -1.221552E+01
   2.793638E+01   -1.223819E+01
   2.834654E+01   -1.241953E+01
   2.856496E+01   -1.260775E+01
   2.858418E+01   -1.274600E+01
   2.888074E+01   -1.294036E+01
   2.903431E+01   -1.329976E+01
   2.920227E+01   -1.332641E+01
   2.954931E+01   -1.313273E+01
   2.979799E+01   -1.327718E+01
   2.978929E+01   -1.221824E+01
   2.949228E+01   -1.253750E+01
   2.899585E+01   -1.244788E+01
   2.869838E+01   -1.206766E+01
   2.838151E+01   -1.187881E+01
   2.830744E+01   -1.159645E+01
   2.863350E+01   -1.055422E+01
   2.862514E+01   -1.040804E+01
   2.862131E+01   -1.039578E+01
   2.861711E+01   -1.036288E+01
   2.863328E+01   -1.031856E+01
   2.856837E+01   -1.022630E+01
   2.863843E+01   -9.796416E+00
   2.834820E+01   -9.258865E+00
   2.885151E+01   -8.705905E+00
   2.889589E+01   -8.477807E+00
   3.078800E+01   -8.239483E+00
   3.110761E+01   -8.544188E+00
   3.140417E+01   -8.513699E+00
   3.171964E+01   -8.828192E+00
   3.243300E+01   -9.115992E+00
   3.249615E+01   -9.150913E+00
   3.264836E+01   -9.272904E+00
   3.271225E+01   -9.273249E+00
   3.275729E+01   -9.284274E+00
   3.276776E+01   -9.320793E+00
   3.279115E+01   -9.319071E+00
   3.280651E+01   -9.331472E+00
   3.289204E+01   -9.363509E+00
   3.295593E+01   -9.399345E+00
   3.321511E+01   -9.599573E+00
   3.324436E+01   -9.670712E+00
   3.324785E+01   -9.701684E+00
   3.330580E+01   -9.788391E+00
   3.337283E+01   -9.818664E+00
   3.345519E+01   -1.012027E+01
   3.356113E+01   -1.021087E+01
   3.371129E+01   -1.057470E+01
   3.349681E+01   -1.079633E+01
   3.328346E+01   -1.087985E+01
   3.341470E+01   -1.115822E+01
   3.328834E+01   -1.145490E+01
   3.333931E+01   -1.161260E+01
   3.335201E+01   -1.192592E+01
   3.330014E+01   -1.216653E+01
   3.356038E+01   -1.235490E+01
   3.340116E+01   -1.255345E+01
   3.307320E+01   -1.271798E+01
   3.308499E+01   -1.321769E+01
   3.284701E+01   -1.355100E+01
   3.269354E+01   -1.360439E+01
   3.280386E+01   -1.364646E+01
   3.285553E+01   -1.372380E+01
   3.280665E+01   -1.377805E+01
   3.290580E+01   -1.381738E+01
   3.299936E+01   -1.391906E+01
   3.302510E+01   -1.398740E+01
   3.320147E+01   -1.385575E+01
   3.325565E+01   -1.400736E+01
   3.024395E+01   -1.505539E+01
   3.040896E+01   -1.538111E+01
   3.043157E+01   -1.566594E+01
   2.942447E+01   -1.570680E+01
   2.889092E+01   -1.602409E+01
   2.884339E+01   -1.651414E+01
   2.784832E+01   -1.697211E+01
   2.761329E+01   -1.735833E+01
   2.751274E+01   -1.745827E+01
   2.731724E+01   -1.760873E+01
   2.717201E+01   -1.779365E+01
   2.716084E+01   -1.784682E+01
   2.703782E+01   -1.797885E+01
END
END
