none
1
   2.140711E+01   4.941084E+01
   2.127457E+01   4.944995E+01
   2.119500E+01   4.938494E+01
   2.113421E+01   4.942515E+01
   2.106289E+01   4.941615E+01
   2.111798E+01   4.937456E+01
   2.100048E+01   4.930420E+01
   2.093077E+01   4.929064E+01
   2.079495E+01   4.933728E+01
   2.070847E+01   4.940971E+01
   2.056218E+01   4.936793E+01
   2.046808E+01   4.940581E+01
   2.038883E+01   4.938325E+01
   2.034040E+01   4.939223E+01
   2.033034E+01   4.933994E+01
   2.020802E+01   4.933493E+01
   2.012387E+01   4.925896E+01
   2.008244E+01   4.916606E+01
   1.997529E+01   4.921773E+01
   1.988243E+01   4.918699E+01
   1.974645E+01   4.919717E+01
   1.978751E+01   4.930073E+01
   1.978547E+01   4.940672E+01
   1.971919E+01   4.938238E+01
   1.962723E+01   4.940501E+01
   1.961551E+01   4.944247E+01
   1.957044E+01   4.945158E+01
   1.952891E+01   4.953240E+01
   1.951937E+01   4.956889E+01
   1.944974E+01   4.959676E+01
   1.937276E+01   4.953618E+01
   1.934519E+01   4.953168E+01
   1.946387E+01   4.963028E+01
   1.945228E+01   4.966491E+01
   1.939453E+01   4.966491E+01
   1.935975E+01   4.968825E+01
   1.936565E+01   4.970573E+01
   1.943109E+01   4.974139E+01
   1.941961E+01   4.975582E+01
   1.930938E+01   4.976854E+01
   1.927604E+01   4.981088E+01
   1.927716E+01   4.984144E+01
   1.926649E+01   4.984882E+01
   1.920915E+01   4.985754E+01
   1.916140E+01   4.984544E+01
   1.914719E+01   4.987179E+01
   1.918270E+01   4.989965E+01
   1.917092E+01   4.993225E+01
   1.912196E+01   4.992683E+01
   1.907492E+01   4.994181E+01
   1.912619E+01   5.004116E+01
   1.914333E+01   5.006168E+01
   1.920051E+01   5.007720E+01
   1.924105E+01   5.013880E+01
   1.926614E+01   5.015466E+01
   1.933355E+01   5.015913E+01
   1.932838E+01   5.019810E+01
   1.940870E+01   5.021895E+01
   1.933588E+01   5.023852E+01
   1.931333E+01   5.026529E+01
   1.937277E+01   5.028484E+01
   1.940953E+01   5.034193E+01
   1.946871E+01   5.033633E+01
   1.944539E+01   5.037012E+01
   1.951221E+01   5.042663E+01
   1.964424E+01   5.042263E+01
   1.969873E+01   5.046128E+01
   1.984044E+01   5.045039E+01
   1.987970E+01   5.046316E+01
   1.989776E+01   5.048492E+01
   1.993943E+01   5.049047E+01
   1.993927E+01   5.050878E+01
   1.997080E+01   5.053221E+01
   2.003655E+01   5.051612E+01
   2.007778E+01   5.052135E+01
   2.011092E+01   5.049806E+01
   2.020696E+01   5.050729E+01
   2.027873E+01   5.048007E+01
   2.027527E+01   5.043726E+01
   2.029674E+01   5.042868E+01
   2.035059E+01   5.036190E+01
   2.031711E+01   5.033392E+01
   2.037123E+01   5.029176E+01
   2.037245E+01   5.026122E+01
   2.040739E+01   5.024736E+01
   2.039511E+01   5.022227E+01
   2.042614E+01   5.020793E+01
   2.051748E+01   5.019994E+01
   2.063107E+01   5.022310E+01
   2.066617E+01   5.021712E+01
   2.078642E+01   5.030102E+01
   2.083449E+01   5.028664E+01
   2.084805E+01   5.030529E+01
   2.089190E+01   5.031784E+01
   2.092909E+01   5.031161E+01
   2.095385E+01   5.032743E+01
   2.105411E+01   5.032816E+01
   2.113255E+01   5.036619E+01
   2.117534E+01   5.034889E+01
   2.118397E+01   5.036185E+01
   2.121571E+01   5.036438E+01
   2.123310E+01   5.030556E+01
   2.120029E+01   5.029256E+01
   2.117011E+01   5.025870E+01
   2.119432E+01   5.024011E+01
   2.117514E+01   5.022351E+01
   2.117370E+01   5.015558E+01
   2.120369E+01   5.012708E+01
   2.121098E+01   5.009494E+01
   2.117557E+01   5.005169E+01
   2.120449E+01   5.002811E+01
   2.116257E+01   4.998334E+01
   2.118606E+01   4.994203E+01
   2.129451E+01   4.993057E+01
   2.129997E+01   4.990778E+01
   2.128768E+01   4.988339E+01
   2.124042E+01   4.987146E+01
   2.124074E+01   4.986035E+01
   2.130196E+01   4.985388E+01
   2.135913E+01   4.982071E+01
   2.133342E+01   4.979288E+01
   2.125825E+01   4.977673E+01
   2.131907E+01   4.975765E+01
   2.135859E+01   4.969881E+01
   2.135589E+01   4.966671E+01
   2.137412E+01   4.963092E+01
   2.134755E+01   4.959432E+01
   2.139001E+01   4.957610E+01
   2.138167E+01   4.955157E+01
   2.143328E+01   4.949446E+01
   2.141881E+01   4.947917E+01
   2.140673E+01   4.944752E+01
   2.140711E+01   4.941084E+01
END
END
2
   1.921374E+01   4.942248E+01
   1.920607E+01   4.940730E+01
   1.919397E+01   4.940605E+01
   1.921374E+01   4.942248E+01
END
END
