none
1
   1.495675E+01   5.134958E+01
   1.494051E+01   5.145803E+01
   1.472666E+01   5.152466E+01
   1.469185E+01   5.155699E+01
   1.475120E+01   5.160746E+01
   1.472908E+01   5.167104E+01
   1.464395E+01   5.173722E+01
   1.463467E+01   5.178225E+01
   1.460990E+01   5.178991E+01
   1.456443E+01   5.183267E+01
   1.470586E+01   5.194377E+01
   1.469147E+01   5.196754E+01
   1.473117E+01   5.206422E+01
   1.465691E+01   5.211476E+01
   1.469086E+01   5.223777E+01
   1.458336E+01   5.226307E+01
   1.451252E+01   5.242235E+01
   1.459560E+01   5.248455E+01
   1.459063E+01   5.258892E+01
   1.450497E+01   5.263181E+01
   1.455290E+01   5.263681E+01
   1.462747E+01   5.267487E+01
   1.471533E+01   5.264781E+01
   1.477557E+01   5.270225E+01
   1.478066E+01   5.276704E+01
   1.483105E+01   5.279089E+01
   1.483793E+01   5.283427E+01
   1.490661E+01   5.290143E+01
   1.499745E+01   5.286485E+01
   1.504190E+01   5.287609E+01
   1.508062E+01   5.284838E+01
   1.529854E+01   5.290516E+01
   1.526974E+01   5.294060E+01
   1.528278E+01   5.297172E+01
   1.535281E+01   5.295906E+01
   1.541543E+01   5.299757E+01
   1.554597E+01   5.302896E+01
   1.563374E+01   5.299351E+01
   1.568108E+01   5.301195E+01
   1.573940E+01   5.300581E+01
   1.584147E+01   5.312806E+01
   1.599025E+01   5.312801E+01
   1.600916E+01   5.307115E+01
   1.596685E+01   5.299552E+01
   1.599399E+01   5.293787E+01
   1.599398E+01   5.287212E+01
   1.592946E+01   5.281679E+01
   1.594646E+01   5.281156E+01
   1.596108E+01   5.272977E+01
   1.590782E+01   5.270016E+01
   1.582257E+01   5.269247E+01
   1.582813E+01   5.266349E+01
   1.580068E+01   5.265132E+01
   1.584937E+01   5.259335E+01
   1.591321E+01   5.245073E+01
   1.586022E+01   5.241860E+01
   1.591514E+01   5.238865E+01
   1.590647E+01   5.230806E+01
   1.587040E+01   5.225532E+01
   1.587551E+01   5.218228E+01
   1.589750E+01   5.215030E+01
   1.586434E+01   5.210409E+01
   1.591384E+01   5.208810E+01
   1.594867E+01   5.210235E+01
   1.601069E+01   5.207000E+01
   1.600514E+01   5.202729E+01
   1.598110E+01   5.201869E+01
   1.602154E+01   5.199566E+01
   1.613142E+01   5.200489E+01
   1.614798E+01   5.190897E+01
   1.621137E+01   5.188614E+01
   1.625179E+01   5.191644E+01
   1.635979E+01   5.189278E+01
   1.641331E+01   5.184532E+01
   1.642999E+01   5.177633E+01
   1.636083E+01   5.170049E+01
   1.626885E+01   5.164868E+01
   1.620549E+01   5.169940E+01
   1.615076E+01   5.170086E+01
   1.614701E+01   5.174357E+01
   1.602145E+01   5.177763E+01
   1.596798E+01   5.172000E+01
   1.588294E+01   5.170446E+01
   1.583457E+01   5.156304E+01
   1.573013E+01   5.153835E+01
   1.573473E+01   5.150655E+01
   1.569052E+01   5.149665E+01
   1.566363E+01   5.146009E+01
   1.560408E+01   5.143169E+01
   1.549940E+01   5.150417E+01
   1.543963E+01   5.151124E+01
   1.538548E+01   5.149710E+01
   1.539456E+01   5.146462E+01
   1.535575E+01   5.145281E+01
   1.533582E+01   5.139501E+01
   1.518545E+01   5.144442E+01
   1.509672E+01   5.140818E+01
   1.508081E+01   5.138541E+01
   1.502977E+01   5.137740E+01
   1.501115E+01   5.134865E+01
   1.495675E+01   5.134958E+01
END
END
