none
1
   -6.679047E+01   4.434953E+01
   -6.694835E+01   4.478406E+01
   -6.712671E+01   4.509484E+01
   -6.726762E+01   4.518116E+01
   -6.730470E+01   4.511316E+01
   -6.738257E+01   4.511839E+01
   -6.751605E+01   4.529343E+01
   -6.744560E+01   4.538726E+01
   -6.754201E+01   4.549393E+01
   -6.744189E+01   4.552251E+01
   -6.745302E+01   4.558742E+01
   -6.754943E+01   4.557445E+01
   -6.782753E+01   4.567040E+01
   -6.782753E+01   4.584890E+01
   -6.779415E+01   4.593923E+01
   -6.780218E+01   4.706386E+01
   -6.788619E+01   4.710424E+01
   -6.793582E+01   4.715947E+01
   -6.796344E+01   4.719753E+01
   -6.800002E+01   4.721223E+01
   -6.809060E+01   4.726798E+01
   -6.823990E+01   4.734897E+01
   -6.829664E+01   4.735200E+01
   -6.833173E+01   4.735822E+01
   -6.837030E+01   4.734796E+01
   -6.837229E+01   4.728250E+01
   -6.843898E+01   4.727777E+01
   -6.846038E+01   4.728149E+01
   -6.847381E+01   4.729229E+01
   -6.851214E+01   4.729195E+01
   -6.854200E+01   4.727980E+01
   -6.855941E+01   4.727980E+01
   -6.857385E+01   4.728486E+01
   -6.859226E+01   4.727001E+01
   -6.859425E+01   4.724974E+01
   -6.862162E+01   4.724028E+01
   -6.866044E+01   4.723183E+01
   -6.868583E+01   4.724028E+01
   -6.872415E+01   4.723217E+01
   -6.878685E+01   4.721493E+01
   -6.889684E+01   4.717469E+01
   -6.905975E+01   4.723635E+01
   -6.905685E+01   4.730181E+01
   -6.880092E+01   4.735379E+01
   -6.857151E+01   4.743165E+01
   -6.838849E+01   4.755583E+01
   -6.838649E+01   4.791890E+01
   -6.812778E+01   4.792132E+01
   -6.812361E+01   4.800474E+01
   -6.759706E+01   4.800483E+01
   -6.759292E+01   4.799467E+01
   -6.760732E+01   4.798250E+01
   -6.759391E+01   4.797109E+01
   -6.760235E+01   4.794615E+01
   -6.759083E+01   4.792923E+01
   -6.748144E+01   4.790777E+01
   -6.739098E+01   4.787272E+01
   -6.738786E+01   4.786360E+01
   -6.737654E+01   4.786090E+01
   -6.735605E+01   4.787727E+01
   -6.734272E+01   4.787642E+01
   -6.734267E+01   4.788505E+01
   -6.735408E+01   4.789212E+01
   -6.734991E+01   4.790073E+01
   -6.730459E+01   4.789078E+01
   -6.730048E+01   4.790344E+01
   -6.728685E+01   4.790380E+01
   -6.724596E+01   4.788722E+01
   -6.722686E+01   4.789209E+01
   -6.716601E+01   4.790206E+01
   -6.713506E+01   4.791985E+01
   -6.707414E+01   4.792696E+01
   -6.705967E+01   4.794081E+01
   -6.697733E+01   4.789886E+01
   -6.697503E+01   4.791495E+01
   -6.696909E+01   4.794292E+01
   -6.694985E+01   4.795948E+01
   -6.694529E+01   4.797470E+01
   -6.692320E+01   4.798922E+01
   -6.685673E+01   4.800569E+01
   -6.679432E+01   4.799640E+01
   -6.677398E+01   4.799855E+01
   -6.676204E+01   4.800407E+01
   -6.674453E+01   4.800496E+01
   -6.672701E+01   4.801131E+01
   -6.669499E+01   4.800777E+01
   -6.653008E+01   4.805299E+01
   -6.650550E+01   4.808097E+01
   -6.648354E+01   4.808830E+01
   -6.638610E+01   4.809380E+01
   -6.634673E+01   4.808166E+01
   -6.630636E+01   4.805432E+01
   -6.627436E+01   4.804319E+01
   -6.618146E+01   4.805262E+01
   -6.610449E+01   4.804458E+01
   -6.600095E+01   4.802091E+01
   -6.515807E+01   4.792066E+01
   -6.334767E+01   4.838075E+01
   -6.460596E+01   4.686477E+01
   -6.433800E+01   4.635070E+01
   -6.372220E+01   4.618238E+01
   -6.366879E+01   4.606379E+01
   -6.403791E+01   4.600656E+01
   -6.404411E+01   4.597272E+01
   -6.415516E+01   4.597171E+01
   -6.421711E+01   4.589789E+01
   -6.424936E+01   4.587667E+01
   -6.426564E+01   4.583957E+01
   -6.427975E+01   4.582600E+01
   -6.428982E+01   4.582699E+01
   -6.433415E+01   4.583711E+01
   -6.443373E+01   4.576018E+01
   -6.448753E+01   4.568858E+01
   -6.460858E+01   4.562184E+01
   -6.478649E+01   4.553849E+01
   -6.654964E+01   4.439454E+01
   -6.679047E+01   4.434953E+01
END
END
