none
1
   8.552884E+00   5.491803E+01
   8.465686E+00   5.502678E+01
   8.471047E+00   5.504837E+01
   8.443226E+00   5.505734E+01
   8.406276E+00   5.506306E+01
   8.322812E+00   5.505485E+01
   8.008442E+00   5.508922E+01
   8.033032E+00   5.523671E+01
   7.701100E+00   5.548043E+01
   7.711231E+00   5.678479E+01
   7.732708E+00   5.727693E+01
   8.724302E+00   5.749394E+01
   1.073552E+01   5.806239E+01
   1.110578E+01   5.769656E+01
   1.200898E+01   5.672149E+01
   1.204222E+01   5.628617E+01
   1.235927E+01   5.622882E+01
   1.265451E+01   5.605396E+01
   1.267291E+01   5.599475E+01
   1.266399E+01   5.591373E+01
   1.280482E+01   5.579932E+01
   1.291768E+01   5.563810E+01
   1.273642E+01   5.548176E+01
   1.279505E+01   5.523748E+01
   1.294945E+01   5.510333E+01
   1.426342E+01   5.513914E+01
   1.504271E+01   5.565064E+01
   1.565449E+01   5.541461E+01
   1.547857E+01   5.476336E+01
   1.377246E+01   5.476936E+01
   1.319691E+01   5.480719E+01
   1.259162E+01   5.474550E+01
   1.227286E+01   5.459759E+01
   1.215810E+01   5.445784E+01
   1.177816E+01   5.444065E+01
   1.128491E+01   5.459360E+01
   1.103705E+01   5.464079E+01
   1.060224E+01   5.453408E+01
   1.005842E+01   5.476170E+01
   9.878565E+00   5.483668E+01
   9.741480E+00   5.482108E+01
   9.600163E+00   5.485140E+01
   9.625646E+00   5.487845E+01
   9.588001E+00   5.488581E+01
   9.520418E+00   5.484574E+01
   9.462877E+00   5.483096E+01
   9.450390E+00   5.482938E+01
   9.431217E+00   5.482503E+01
   9.416375E+00   5.483167E+01
   9.411613E+00   5.484093E+01
   9.404013E+00   5.483777E+01
   9.392486E+00   5.483724E+01
   9.377424E+00   5.483202E+01
   9.375214E+00   5.482041E+01
   9.356369E+00   5.481360E+01
   9.343557E+00   5.479935E+01
   9.329375E+00   5.480434E+01
   9.297394E+00   5.480705E+01
   9.296897E+00   5.480219E+01
   9.287462E+00   5.480051E+01
   9.282771E+00   5.480874E+01
   9.249527E+00   5.480920E+01
   9.233419E+00   5.483333E+01
   9.239191E+00   5.484889E+01
   9.189305E+00   5.485936E+01
   9.145391E+00   5.487220E+01
   9.091250E+00   5.486927E+01
   9.038281E+00   5.487124E+01
   9.021206E+00   5.488240E+01
   8.977741E+00   5.489178E+01
   8.954456E+00   5.489981E+01
   8.892364E+00   5.490070E+01
   8.846570E+00   5.489312E+01
   8.831047E+00   5.490472E+01
   8.808539E+00   5.490293E+01
   8.777492E+00   5.489222E+01
   8.725954E+00   5.489088E+01
   8.689011E+00   5.490600E+01
   8.662621E+00   5.490702E+01
   8.552884E+00   5.491803E+01
END
END
