Сахалинская область
1
	142.118330585	54.8634578598
	152.827608562	51.3040606803
	154.891155239	51.8037535976
	154.898396619	51.8053498451
	154.910009407	51.8072671243
	154.921722728	51.8084207857
	154.933486423	51.8088058892
	154.945250118	51.8084207857
	154.956963439	51.8072671243
	154.968576228	51.8053498451
	154.980038757	51.8026771582
	154.988143903	51.8003000677
	156.355569165	51.3641385617
	156.358727204	51.3630990024
	156.369742814	51.3589530205
	156.380463678	51.3540954601
	156.390843888	51.348547122
	156.400838995	51.3423317651
	156.410406198	51.3354760045
	156.419504529	51.3280091976
	156.428095027	51.3199633184
	157.312206188	50.4358521575
	157.320252067	50.4272616597
	157.327718874	50.4181633292
	157.334574634	50.4085961263
	157.340789991	50.3986010193
	157.346338329	50.3882208089
	157.35119589	50.3774999446
	157.355341872	50.3664843349
	157.358758521	50.3552211502
	157.361431208	50.3437586213
	157.363348487	50.3321458324
	157.364502149	50.3204325114
	157.364887252	50.3086688164
	157.364502149	50.2969051214
	157.363348487	50.2851918004
	157.361431208	50.2735790116
	157.358758521	50.2621164826
	157.355341872	50.250853298
	157.35119589	50.2398376882
	157.346338329	50.2291168239
	157.342252626	50.2213189391
	157.140176781	49.8575824187
	157.143551614	49.8546956928
	157.152142112	49.8466498136
	157.160187991	49.8380593158
	157.167654798	49.8289609852
	157.174510558	49.8193937824
	157.180725915	49.8093986754
	157.186274253	49.799018465
	157.191131814	49.7882976007
	157.195277796	49.777281991
	157.198694445	49.7660188063
	157.201367132	49.7545562774
	157.203284411	49.7429434885
	157.204438073	49.7312301675
	157.204823176	49.7194664725
	157.204438073	49.7077027775
	157.203284411	49.6959894565
	157.201367132	49.6843766677
	157.198694445	49.6729141387
	157.195277796	49.6616509541
	157.191131814	49.6506353443
	157.186274253	49.63991448
	157.180725915	49.6295342696
	157.174510558	49.6195391626
	157.167654798	49.6099719598
	157.160187991	49.6008736292
	157.152142112	49.5922831314
	157.143551614	49.5842372522
	157.134453283	49.5767704453
	157.12488608	49.5699146847
	157.119276	49.566314702
	146.151938392	42.8121721355
	146.147553366	42.8095567614
	146.137173155	42.8040084233
	146.126452291	42.7991508629
	146.115436681	42.7950048809
	146.104173496	42.7915882312
	146.092710967	42.7889155443
	146.081098179	42.7869982651
	146.069384858	42.7858446037
	146.057621163	42.7854595002
	146.045857468	42.7858446037
	146.034144147	42.7869982651
	146.022531358	42.7889155443
	146.011068829	42.7915882312
	145.999805644	42.7950048809
	145.988790034	42.7991508629
	145.97806917	42.8040084233
	145.96768896	42.8095567614
	145.957693853	42.8157721183
	145.94812665	42.8226278789
	145.939028319	42.8300946858
	145.930437822	42.838140565
	145.922391942	42.8467310628
	145.914925135	42.8558293933
	145.908069375	42.8653965962
	145.901854018	42.8753917031
	145.897862424	42.8826900757
	145.622391598	43.4152670064
	145.492966157	43.4152670064
	145.481202462	43.4156521099
	145.469489141	43.4168057713
	145.457876352	43.4187230505
	145.446413823	43.4213957374
	145.435150639	43.4248123871
	145.424135029	43.4289583691
	145.413414165	43.4338159295
	145.403033954	43.4393642676
	145.393038847	43.4455796245
	145.383471644	43.4524353851
	145.374373314	43.459902192
	145.365782816	43.4679480712
	145.148607814	43.6851230733
	145.140561935	43.6937135711
	145.133095128	43.7028119017
	145.126239367	43.7123791045
	145.12002401	43.7223742115
	145.114475672	43.7327544219
	145.109618112	43.7434752862
	145.10547213	43.754490896
	145.10205548	43.7657540806
	145.099382793	43.7772166095
	145.097465514	43.7888293984
	145.096311853	43.8005427194
	145.095926749	43.8123064144
	145.096311853	43.8240701094
	145.097465514	43.8357834304
	145.099382793	43.8473962193
	145.10205548	43.8588587482
	145.10547213	43.8701219328
	145.109618112	43.8811375426
	145.114475672	43.8918584069
	145.115896275	43.8946765043
	145.418989292	44.483033539
	144.122204165	45.5619082223
	140.943360724	45.6160491081
	140.934659968	45.6164081301
	140.922946647	45.6175617915
	140.911333859	45.6194790707
	140.89987133	45.6221517576
	140.888608145	45.6255684073
	140.877592535	45.6297143892
	140.866871671	45.6345719497
	140.85649146	45.6401202877
	140.846496353	45.6463356446
	140.836929151	45.6531914053
	140.82783082	45.6606582122
	140.819240322	45.6687040914
	140.811194443	45.6772945892
	140.803727636	45.6863929197
	140.796871876	45.6959601226
	140.790656519	45.7059552295
	140.785108181	45.71633544
	140.78025062	45.7270563043
	140.776104638	45.738071914
	140.772687989	45.7493350987
	140.770015302	45.7607976276
	140.768098022	45.7724104164
	140.766944361	45.7841237375
	140.766579288	45.793203188
	140.750628791	46.861886513
	140.149489063	47.019761593
	140.148624514	47.0199909456
	140.13736133	47.0234075954
	140.12634572	47.0275535773
	140.115624856	47.0324111377
	140.105244645	47.0379594758
	140.095249538	47.0441748327
	140.085682335	47.0510305933
	140.076584005	47.0584974002
	140.067993507	47.0665432794
	140.059947628	47.0751337772
	140.052480821	47.0842321078
	140.04562506	47.0937993106
	140.039409703	47.1037944176
	140.033861365	47.114174628
	140.029003805	47.1248954923
	140.024857823	47.135911102
	140.021441173	47.1471742867
	140.018768486	47.1586368156
	140.016851207	47.1702496045
	140.015697546	47.1819629255
	140.015312442	47.1937266205
	140.015697546	47.2054903155
	140.016851207	47.2172036365
	140.018768486	47.2288164253
	140.021441173	47.2402789543
	140.024857823	47.2515421389
	140.029003805	47.2625577487
	140.033861365	47.273278613
	140.039409703	47.2836588234
	140.04562506	47.2936539304
	140.052480821	47.3032211332
	140.059009394	47.3112409984
	140.619881121	47.9611399831
	141.406922034	52.1509754306
	141.376063072	52.3567018399
	141.375611881	52.3599059913
	141.374458219	52.3716193123
	141.374073116	52.3833830073
	141.374458219	52.3951467023
	141.375611881	52.4068600233
	141.37752916	52.4184728122
	141.380201847	52.4299353411
	141.382909597	52.4390665178
	141.469729432	52.7057274408
	141.461035056	52.7128627307
	141.452444558	52.7209086099
	141.444398679	52.7294991077
	141.436931872	52.7385974382
	141.430076112	52.7481646411
	141.423860755	52.758159748
	141.418312417	52.7685399585
	141.413454856	52.7792608228
	141.409308874	52.7902764325
	141.405892225	52.8015396172
	141.403219538	52.8130021461
	141.401302259	52.8246149349
	141.400148597	52.836328256
	141.399763494	52.8480919509
	141.400148597	52.8598556459
	141.401302259	52.871568967
	141.403219538	52.8831817558
	141.405892225	52.8946442847
	141.409308874	52.9059074694
	141.413454856	52.9169230791
	141.418312417	52.9276439434
	141.423860755	52.9380241539
	141.425679159	52.9411026483
	141.472941095	53.0193293002
	141.239186829	53.6871986292
	141.238634327	53.6888013937
	141.235217677	53.7000645783
	141.23254499	53.7115271073
	141.230627711	53.7231398961
	141.22947405	53.7348532171
	141.229088946	53.7466169121
	141.22947405	53.7583806071
	141.230627711	53.7700939281
	141.23254499	53.781706717
	141.235217677	53.7931692459
	141.238634327	53.8044324306
	141.242780309	53.8154480403
	141.247637869	53.8261689046
	141.253186207	53.836549115
	141.259401564	53.846544222
	141.266257325	53.8561114249
	141.273724132	53.8652097554
	141.281770011	53.8738002532
	141.290360509	53.8818461324
	141.299458839	53.8893129393
	141.309026042	53.8961686999
	141.319021149	53.9023840568
	141.321670247	53.9038837683
	141.867363931	54.2067437629
	141.881814463	54.6980618644
	141.882121821	54.7045377164
	141.883275482	54.7162510374
	141.885192762	54.7278638263
	141.887865448	54.7393263552
	141.891282098	54.7505895399
	141.89542808	54.7616051496
	141.900285641	54.7723260139
	141.905833979	54.7827062244
	141.912049336	54.7927013313
	141.918905096	54.8022685342
	141.926371903	54.8113668647
	141.934417782	54.8199573625
	141.94300828	54.8280032417
	141.952106611	54.8354700486
	141.961673813	54.8423258092
	141.97166892	54.8485411661
	141.982049131	54.8540895042
	141.992769995	54.8589470646
	142.003785605	54.8630930466
	142.01504879	54.8665096963
	142.026511318	54.8691823832
	142.038124107	54.8710996624
	142.049837428	54.8722533238
	142.061601123	54.8726384273
	142.073364818	54.8722533238
	142.085078139	54.8710996624
	142.096690928	54.8691823832
	142.108153457	54.8665096963
	142.118330585	54.8634578598
END
END
