none
1
   1.317301E+01   4.917605E+01
   1.317529E+01   4.917479E+01
   1.318396E+01   4.913569E+01
   1.320898E+01   4.912287E+01
   1.323885E+01   4.911528E+01
   1.326470E+01   4.912099E+01
   1.327817E+01   4.912226E+01
   1.328882E+01   4.911899E+01
   1.332938E+01   4.910054E+01
   1.334120E+01   4.909197E+01
   1.334636E+01   4.908784E+01
   1.334849E+01   4.908268E+01
   1.335840E+01   4.907681E+01
   1.340114E+01   4.905057E+01
   1.339795E+01   4.903931E+01
   1.340669E+01   4.902880E+01
   1.341086E+01   4.900263E+01
   1.341104E+01   4.898576E+01
   1.347638E+01   4.895733E+01
   1.349770E+01   4.894801E+01
   1.350614E+01   4.897760E+01
   1.351951E+01   4.898239E+01
   1.354328E+01   4.897896E+01
   1.355362E+01   4.897120E+01
   1.357091E+01   4.897518E+01
   1.358541E+01   4.897401E+01
   1.360272E+01   4.895538E+01
   1.363089E+01   4.895826E+01
   1.363474E+01   4.894806E+01
   1.363103E+01   4.893985E+01
   1.364819E+01   4.891558E+01
   1.366799E+01   4.889922E+01
   1.368450E+01   4.888518E+01
   1.372102E+01   4.888265E+01
   1.373125E+01   4.888841E+01
   1.374007E+01   4.888674E+01
   1.375044E+01   4.887093E+01
   1.376967E+01   4.884364E+01
   1.378607E+01   4.883833E+01
   1.382259E+01   4.879740E+01
   1.381835E+01   4.878202E+01
   1.384947E+01   4.877171E+01
   1.383021E+01   4.875108E+01
   1.382308E+01   4.873193E+01
   1.380484E+01   4.872046E+01
   1.380951E+01   4.871897E+01
   1.382383E+01   4.871758E+01
   1.382979E+01   4.870640E+01
   1.384709E+01   4.870275E+01
   1.384305E+01   4.869716E+01
   1.383441E+01   4.869057E+01
   1.382239E+01   4.869003E+01
   1.383313E+01   4.863579E+01
   1.382488E+01   4.860994E+01
   1.381222E+01   4.860059E+01
   1.381139E+01   4.858081E+01
   1.377373E+01   4.854915E+01
   1.375224E+01   4.855811E+01
   1.376021E+01   4.854969E+01
   1.375148E+01   4.852823E+01
   1.373748E+01   4.852335E+01
   1.372734E+01   4.850779E+01
   1.365439E+01   4.853349E+01
   1.364750E+01   4.854753E+01
   1.362305E+01   4.855145E+01
   1.359644E+01   4.856559E+01
   1.357749E+01   4.855429E+01
   1.355185E+01   4.856431E+01
   1.351659E+01   4.858697E+01
   1.350935E+01   4.858393E+01
   1.351170E+01   4.857356E+01
   1.349098E+01   4.856128E+01
   1.346677E+01   4.855087E+01
   1.344953E+01   4.855935E+01
   1.344108E+01   4.855482E+01
   1.345935E+01   4.853496E+01
   1.345044E+01   4.852699E+01
   1.346336E+01   4.850848E+01
   1.343183E+01   4.845435E+01
   1.344554E+01   4.843281E+01
   1.342823E+01   4.840494E+01
   1.341784E+01   4.837232E+01
   1.332637E+01   4.831573E+01
   1.326537E+01   4.829023E+01
   1.318270E+01   4.829121E+01
   1.314149E+01   4.827787E+01
   1.308493E+01   4.827246E+01
   1.302157E+01   4.825047E+01
   1.300220E+01   4.823255E+01
   1.295525E+01   4.820247E+01
   1.294426E+01   4.820179E+01
   1.292984E+01   4.820755E+01
   1.290955E+01   4.821974E+01
   1.289859E+01   4.823142E+01
   1.289019E+01   4.823508E+01
   1.289245E+01   4.824713E+01
   1.289979E+01   4.825037E+01
   1.289757E+01   4.825715E+01
   1.289329E+01   4.826307E+01
   1.288437E+01   4.825924E+01
   1.288194E+01   4.826244E+01
   1.287417E+01   4.826422E+01
   1.287533E+01   4.826909E+01
   1.286574E+01   4.827116E+01
   1.285894E+01   4.827657E+01
   1.285267E+01   4.827659E+01
   1.285139E+01   4.827915E+01
   1.285409E+01   4.828511E+01
   1.284355E+01   4.829343E+01
   1.283838E+01   4.829323E+01
   1.282133E+01   4.830061E+01
   1.282384E+01   4.830835E+01
   1.281800E+01   4.831343E+01
   1.280871E+01   4.831074E+01
   1.280381E+01   4.831447E+01
   1.280359E+01   4.831972E+01
   1.278331E+01   4.832545E+01
   1.277674E+01   4.832534E+01
   1.276972E+01   4.832014E+01
   1.276219E+01   4.832304E+01
   1.274659E+01   4.831902E+01
   1.273460E+01   4.831944E+01
   1.271845E+01   4.832758E+01
   1.270166E+01   4.832914E+01
   1.269162E+01   4.834058E+01
   1.268371E+01   4.834254E+01
   1.268074E+01   4.833936E+01
   1.267123E+01   4.833849E+01
   1.267126E+01   4.833268E+01
   1.266726E+01   4.832954E+01
   1.265495E+01   4.833541E+01
   1.263883E+01   4.833651E+01
   1.263703E+01   4.834584E+01
   1.262978E+01   4.834444E+01
   1.262002E+01   4.834781E+01
   1.261963E+01   4.834114E+01
   1.261504E+01   4.833935E+01
   1.260547E+01   4.835279E+01
   1.260607E+01   4.835734E+01
   1.260264E+01   4.835988E+01
   1.259852E+01   4.837049E+01
   1.259140E+01   4.837280E+01
   1.258954E+01   4.838446E+01
   1.258203E+01   4.838475E+01
   1.258496E+01   4.837635E+01
   1.258291E+01   4.837351E+01
   1.257846E+01   4.837431E+01
   1.257206E+01   4.838442E+01
   1.257059E+01   4.839212E+01
   1.256520E+01   4.839422E+01
   1.256244E+01   4.839955E+01
   1.255353E+01   4.840419E+01
   1.255140E+01   4.840022E+01
   1.254244E+01   4.839777E+01
   1.253463E+01   4.840532E+01
   1.253358E+01   4.841185E+01
   1.252911E+01   4.841678E+01
   1.252243E+01   4.841412E+01
   1.251568E+01   4.841712E+01
   1.251246E+01   4.842187E+01
   1.248576E+01   4.842661E+01
   1.248362E+01   4.842254E+01
   1.247563E+01   4.841967E+01
   1.247282E+01   4.841391E+01
   1.245850E+01   4.841440E+01
   1.245427E+01   4.840882E+01
   1.243785E+01   4.841061E+01
   1.244272E+01   4.840289E+01
   1.244082E+01   4.839970E+01
   1.244304E+01   4.839667E+01
   1.243950E+01   4.839275E+01
   1.244277E+01   4.838782E+01
   1.243878E+01   4.838360E+01
   1.243169E+01   4.838258E+01
   1.242867E+01   4.837107E+01
   1.241989E+01   4.837012E+01
   1.241471E+01   4.835975E+01
   1.240145E+01   4.836089E+01
   1.239916E+01   4.835737E+01
   1.238695E+01   4.835563E+01
   1.238214E+01   4.834711E+01
   1.237748E+01   4.834653E+01
   1.237662E+01   4.834267E+01
   1.236391E+01   4.834271E+01
   1.236163E+01   4.833081E+01
   1.235657E+01   4.832826E+01
   1.234532E+01   4.832807E+01
   1.233610E+01   4.833188E+01
   1.233287E+01   4.833703E+01
   1.232697E+01   4.833772E+01
   1.233135E+01   4.832937E+01
   1.232679E+01   4.831962E+01
   1.230859E+01   4.831437E+01
   1.230017E+01   4.831737E+01
   1.230032E+01   4.832804E+01
   1.229087E+01   4.832836E+01
   1.228711E+01   4.832022E+01
   1.227767E+01   4.831863E+01
   1.227313E+01   4.832611E+01
   1.226718E+01   4.832695E+01
   1.225764E+01   4.832406E+01
   1.225583E+01   4.832029E+01
   1.225050E+01   4.831994E+01
   1.223262E+01   4.832865E+01
   1.222834E+01   4.834201E+01
   1.223052E+01   4.834467E+01
   1.222944E+01   4.834874E+01
   1.221441E+01   4.834959E+01
   1.220814E+01   4.835920E+01
   1.219646E+01   4.836084E+01
   1.219207E+01   4.836731E+01
   1.218589E+01   4.836986E+01
   1.218559E+01   4.837330E+01
   1.219053E+01   4.837641E+01
   1.218992E+01   4.838071E+01
   1.218401E+01   4.838260E+01
   1.218522E+01   4.838768E+01
   1.217989E+01   4.839341E+01
   1.217326E+01   4.839400E+01
   1.216521E+01   4.839970E+01
   1.216508E+01   4.840458E+01
   1.216882E+01   4.840646E+01
   1.216135E+01   4.842000E+01
   1.215513E+01   4.841920E+01
   1.214647E+01   4.842317E+01
   1.214186E+01   4.841885E+01
   1.213513E+01   4.842262E+01
   1.213014E+01   4.841372E+01
   1.211583E+01   4.842158E+01
   1.209474E+01   4.842350E+01
   1.208721E+01   4.842188E+01
   1.208174E+01   4.842635E+01
   1.207612E+01   4.842651E+01
   1.206259E+01   4.841993E+01
   1.205820E+01   4.842155E+01
   1.204489E+01   4.841918E+01
   1.204161E+01   4.841385E+01
   1.201979E+01   4.841475E+01
   1.201805E+01   4.841944E+01
   1.201992E+01   4.842555E+01
   1.201537E+01   4.842931E+01
   1.201371E+01   4.843553E+01
   1.200851E+01   4.843761E+01
   1.201000E+01   4.844382E+01
   1.200533E+01   4.844975E+01
   1.199639E+01   4.844601E+01
   1.198971E+01   4.844940E+01
   1.199800E+01   4.846455E+01
   1.199603E+01   4.846915E+01
   1.200472E+01   4.848356E+01
   1.200407E+01   4.849206E+01
   1.197421E+01   4.848992E+01
   1.195595E+01   4.849903E+01
   1.195589E+01   4.850275E+01
   1.196390E+01   4.850625E+01
   1.196913E+01   4.851203E+01
   1.195916E+01   4.853210E+01
   1.196606E+01   4.854019E+01
   1.196122E+01   4.854381E+01
   1.196119E+01   4.854806E+01
   1.196760E+01   4.855224E+01
   1.196683E+01   4.855463E+01
   1.196032E+01   4.855613E+01
   1.195609E+01   4.856523E+01
   1.196147E+01   4.856936E+01
   1.195912E+01   4.857592E+01
   1.194227E+01   4.857093E+01
   1.192210E+01   4.857954E+01
   1.191537E+01   4.857881E+01
   1.190918E+01   4.858336E+01
   1.190084E+01   4.858437E+01
   1.189602E+01   4.858139E+01
   1.188798E+01   4.858288E+01
   1.188191E+01   4.857913E+01
   1.186577E+01   4.857727E+01
   1.186183E+01   4.858233E+01
   1.185328E+01   4.858377E+01
   1.184989E+01   4.858815E+01
   1.184140E+01   4.859115E+01
   1.183105E+01   4.859216E+01
   1.182098E+01   4.859682E+01
   1.181035E+01   4.859594E+01
   1.180855E+01   4.859858E+01
   1.181126E+01   4.860323E+01
   1.180739E+01   4.860722E+01
   1.180060E+01   4.860728E+01
   1.179768E+01   4.861102E+01
   1.178338E+01   4.860917E+01
   1.178025E+01   4.860220E+01
   1.177516E+01   4.859829E+01
   1.175167E+01   4.859873E+01
   1.174355E+01   4.860348E+01
   1.173316E+01   4.860424E+01
   1.172406E+01   4.860943E+01
   1.171324E+01   4.861006E+01
   1.169097E+01   4.861799E+01
   1.169172E+01   4.863427E+01
   1.170176E+01   4.863659E+01
   1.170305E+01   4.864235E+01
   1.171026E+01   4.864435E+01
   1.171109E+01   4.864682E+01
   1.170378E+01   4.864898E+01
   1.169956E+01   4.865729E+01
   1.168368E+01   4.866253E+01
   1.168841E+01   4.866982E+01
   1.168674E+01   4.867787E+01
   1.168939E+01   4.868343E+01
   1.168097E+01   4.868811E+01
   1.167438E+01   4.868679E+01
   1.165194E+01   4.869958E+01
   1.165274E+01   4.870805E+01
   1.166693E+01   4.872192E+01
   1.165546E+01   4.872860E+01
   1.165347E+01   4.874474E+01
   1.166828E+01   4.875134E+01
   1.171063E+01   4.875694E+01
   1.170960E+01   4.875985E+01
   1.169795E+01   4.876215E+01
   1.170028E+01   4.876733E+01
   1.169673E+01   4.877735E+01
   1.169219E+01   4.878105E+01
   1.169255E+01   4.878522E+01
   1.169609E+01   4.878776E+01
   1.171151E+01   4.878690E+01
   1.171615E+01   4.878068E+01
   1.171878E+01   4.878529E+01
   1.172298E+01   4.878411E+01
   1.173419E+01   4.879199E+01
   1.173514E+01   4.879933E+01
   1.172694E+01   4.880614E+01
   1.172424E+01   4.881311E+01
   1.171434E+01   4.881006E+01
   1.170586E+01   4.881136E+01
   1.170423E+01   4.881832E+01
   1.170012E+01   4.882119E+01
   1.170250E+01   4.882602E+01
   1.170151E+01   4.883310E+01
   1.169723E+01   4.883880E+01
   1.170318E+01   4.884338E+01
   1.171234E+01   4.883849E+01
   1.171639E+01   4.883908E+01
   1.171855E+01   4.884244E+01
   1.171793E+01   4.885137E+01
   1.171413E+01   4.885511E+01
   1.171704E+01   4.886688E+01
   1.172171E+01   4.887154E+01
   1.173094E+01   4.887137E+01
   1.173270E+01   4.887474E+01
   1.174080E+01   4.887694E+01
   1.173503E+01   4.888109E+01
   1.173499E+01   4.888853E+01
   1.172184E+01   4.888977E+01
   1.171503E+01   4.889722E+01
   1.172174E+01   4.892267E+01
   1.171555E+01   4.891719E+01
   1.170500E+01   4.891615E+01
   1.168884E+01   4.892302E+01
   1.168767E+01   4.892858E+01
   1.166836E+01   4.892343E+01
   1.165804E+01   4.892861E+01
   1.164831E+01   4.892773E+01
   1.163377E+01   4.893076E+01
   1.162849E+01   4.894234E+01
   1.162058E+01   4.894172E+01
   1.159820E+01   4.894990E+01
   1.159302E+01   4.895808E+01
   1.160366E+01   4.896590E+01
   1.161021E+01   4.898116E+01
   1.161379E+01   4.898322E+01
   1.161158E+01   4.899227E+01
   1.160862E+01   4.899428E+01
   1.161293E+01   4.899854E+01
   1.161200E+01   4.900930E+01
   1.161725E+01   4.901158E+01
   1.162750E+01   4.900767E+01
   1.164412E+01   4.900651E+01
   1.165661E+01   4.901740E+01
   1.167129E+01   4.901581E+01
   1.169212E+01   4.902335E+01
   1.169949E+01   4.902094E+01
   1.170088E+01   4.901579E+01
   1.171406E+01   4.901673E+01
   1.171622E+01   4.901359E+01
   1.172564E+01   4.901262E+01
   1.173147E+01   4.899927E+01
   1.174154E+01   4.900035E+01
   1.174746E+01   4.899639E+01
   1.174723E+01   4.899234E+01
   1.176337E+01   4.898982E+01
   1.176900E+01   4.898605E+01
   1.177570E+01   4.899034E+01
   1.177665E+01   4.899444E+01
   1.178236E+01   4.899536E+01
   1.178465E+01   4.899967E+01
   1.178996E+01   4.900126E+01
   1.179031E+01   4.900778E+01
   1.180493E+01   4.901610E+01
   1.180641E+01   4.902052E+01
   1.182977E+01   4.902472E+01
   1.186312E+01   4.902453E+01
   1.187044E+01   4.902162E+01
   1.186905E+01   4.901453E+01
   1.187401E+01   4.901177E+01
   1.189155E+01   4.901476E+01
   1.189851E+01   4.900518E+01
   1.189885E+01   4.899802E+01
   1.190473E+01   4.899827E+01
   1.191491E+01   4.898919E+01
   1.191986E+01   4.897949E+01
   1.190686E+01   4.897594E+01
   1.191099E+01   4.897195E+01
   1.192480E+01   4.897314E+01
   1.192599E+01   4.896870E+01
   1.193381E+01   4.896561E+01
   1.193134E+01   4.895420E+01
   1.192303E+01   4.895197E+01
   1.192760E+01   4.894844E+01
   1.194421E+01   4.894958E+01
   1.194890E+01   4.895626E+01
   1.195932E+01   4.895638E+01
   1.196532E+01   4.896647E+01
   1.198082E+01   4.896644E+01
   1.198535E+01   4.896374E+01
   1.199371E+01   4.896556E+01
   1.199489E+01   4.896255E+01
   1.198902E+01   4.895475E+01
   1.199224E+01   4.895244E+01
   1.199801E+01   4.895535E+01
   1.201286E+01   4.895576E+01
   1.201700E+01   4.896068E+01
   1.201632E+01   4.896446E+01
   1.202006E+01   4.896596E+01
   1.203560E+01   4.896075E+01
   1.203411E+01   4.895533E+01
   1.203712E+01   4.895079E+01
   1.204362E+01   4.895187E+01
   1.205019E+01   4.894611E+01
   1.206550E+01   4.894591E+01
   1.207209E+01   4.894158E+01
   1.207676E+01   4.894200E+01
   1.208352E+01   4.893652E+01
   1.208035E+01   4.893245E+01
   1.208143E+01   4.892634E+01
   1.209603E+01   4.892403E+01
   1.209521E+01   4.892038E+01
   1.208713E+01   4.891788E+01
   1.208392E+01   4.891129E+01
   1.208616E+01   4.890540E+01
   1.209926E+01   4.890868E+01
   1.211036E+01   4.890823E+01
   1.211233E+01   4.889920E+01
   1.211898E+01   4.890125E+01
   1.212300E+01   4.889879E+01
   1.212396E+01   4.889392E+01
   1.211857E+01   4.888361E+01
   1.212177E+01   4.888704E+01
   1.213000E+01   4.888698E+01
   1.213578E+01   4.887799E+01
   1.213111E+01   4.886043E+01
   1.212021E+01   4.886226E+01
   1.210547E+01   4.885397E+01
   1.210931E+01   4.884980E+01
   1.210397E+01   4.884492E+01
   1.210379E+01   4.884006E+01
   1.211203E+01   4.883135E+01
   1.210502E+01   4.882404E+01
   1.210948E+01   4.881486E+01
   1.211084E+01   4.880280E+01
   1.210043E+01   4.879046E+01
   1.210218E+01   4.877967E+01
   1.209994E+01   4.877376E+01
   1.210995E+01   4.876833E+01
   1.211318E+01   4.877106E+01
   1.212534E+01   4.877134E+01
   1.212934E+01   4.878163E+01
   1.216515E+01   4.879092E+01
   1.217125E+01   4.880138E+01
   1.218900E+01   4.879533E+01
   1.219065E+01   4.879824E+01
   1.218861E+01   4.880284E+01
   1.219486E+01   4.880912E+01
   1.220617E+01   4.880657E+01
   1.220968E+01   4.881109E+01
   1.221442E+01   4.880951E+01
   1.222410E+01   4.881276E+01
   1.222621E+01   4.882389E+01
   1.223057E+01   4.882686E+01
   1.223194E+01   4.883934E+01
   1.223992E+01   4.883985E+01
   1.224185E+01   4.883543E+01
   1.224748E+01   4.883383E+01
   1.225500E+01   4.883757E+01
   1.225664E+01   4.884382E+01
   1.224979E+01   4.885158E+01
   1.226067E+01   4.886325E+01
   1.226529E+01   4.886356E+01
   1.226695E+01   4.885654E+01
   1.227472E+01   4.885318E+01
   1.227168E+01   4.884672E+01
   1.227522E+01   4.884422E+01
   1.228073E+01   4.884768E+01
   1.228237E+01   4.885316E+01
   1.228628E+01   4.885251E+01
   1.228738E+01   4.884732E+01
   1.229107E+01   4.884458E+01
   1.229905E+01   4.884784E+01
   1.229853E+01   4.885716E+01
   1.231203E+01   4.886118E+01
   1.231436E+01   4.886510E+01
   1.232639E+01   4.886383E+01
   1.233060E+01   4.885867E+01
   1.233539E+01   4.885786E+01
   1.234306E+01   4.886194E+01
   1.236088E+01   4.884947E+01
   1.237135E+01   4.884875E+01
   1.238378E+01   4.885251E+01
   1.238692E+01   4.885824E+01
   1.241705E+01   4.887678E+01
   1.242880E+01   4.887994E+01
   1.242181E+01   4.888708E+01
   1.242450E+01   4.890054E+01
   1.243266E+01   4.890145E+01
   1.244349E+01   4.891840E+01
   1.245258E+01   4.891963E+01
   1.244517E+01   4.892462E+01
   1.244307E+01   4.893408E+01
   1.243708E+01   4.893489E+01
   1.243624E+01   4.893924E+01
   1.244014E+01   4.894914E+01
   1.243801E+01   4.895827E+01
   1.244930E+01   4.895768E+01
   1.245099E+01   4.895990E+01
   1.244663E+01   4.896652E+01
   1.243714E+01   4.896965E+01
   1.243629E+01   4.897520E+01
   1.244199E+01   4.898358E+01
   1.244928E+01   4.898468E+01
   1.248149E+01   4.897762E+01
   1.248434E+01   4.897970E+01
   1.248052E+01   4.899529E+01
   1.248847E+01   4.901635E+01
   1.248595E+01   4.902058E+01
   1.247865E+01   4.902167E+01
   1.247769E+01   4.903042E+01
   1.247035E+01   4.903570E+01
   1.247202E+01   4.904171E+01
   1.248351E+01   4.904687E+01
   1.249129E+01   4.905547E+01
   1.249186E+01   4.906288E+01
   1.250374E+01   4.906349E+01
   1.251545E+01   4.905864E+01
   1.252516E+01   4.905964E+01
   1.253112E+01   4.906686E+01
   1.253113E+01   4.907693E+01
   1.255396E+01   4.909139E+01
   1.256540E+01   4.909035E+01
   1.257805E+01   4.909689E+01
   1.258437E+01   4.909484E+01
   1.258731E+01   4.910099E+01
   1.260074E+01   4.910363E+01
   1.261807E+01   4.909930E+01
   1.262205E+01   4.910677E+01
   1.264632E+01   4.910310E+01
   1.264870E+01   4.910565E+01
   1.264714E+01   4.911052E+01
   1.265197E+01   4.911180E+01
   1.267740E+01   4.910381E+01
   1.269148E+01   4.910403E+01
   1.271483E+01   4.911536E+01
   1.272228E+01   4.911572E+01
   1.273570E+01   4.912162E+01
   1.274202E+01   4.911810E+01
   1.274311E+01   4.911419E+01
   1.276155E+01   4.911400E+01
   1.276365E+01   4.912616E+01
   1.277751E+01   4.912938E+01
   1.278521E+01   4.913656E+01
   1.279594E+01   4.912908E+01
   1.279724E+01   4.912446E+01
   1.281855E+01   4.913116E+01
   1.282388E+01   4.913027E+01
   1.282623E+01   4.912671E+01
   1.283041E+01   4.913261E+01
   1.283966E+01   4.913713E+01
   1.284385E+01   4.913443E+01
   1.286242E+01   4.913197E+01
   1.287936E+01   4.913948E+01
   1.289394E+01   4.912980E+01
   1.289911E+01   4.912959E+01
   1.291556E+01   4.913453E+01
   1.291163E+01   4.914315E+01
   1.291694E+01   4.915083E+01
   1.294359E+01   4.914251E+01
   1.297156E+01   4.916830E+01
   1.297863E+01   4.916770E+01
   1.297847E+01   4.916273E+01
   1.299421E+01   4.915986E+01
   1.300447E+01   4.916309E+01
   1.301543E+01   4.915926E+01
   1.302648E+01   4.916074E+01
   1.304869E+01   4.915723E+01
   1.306665E+01   4.914757E+01
   1.307147E+01   4.913027E+01
   1.309973E+01   4.912187E+01
   1.310923E+01   4.911579E+01
   1.312817E+01   4.911285E+01
   1.313098E+01   4.911435E+01
   1.313232E+01   4.912748E+01
   1.314022E+01   4.913654E+01
   1.315718E+01   4.914147E+01
   1.316197E+01   4.914722E+01
   1.315833E+01   4.916006E+01
   1.317086E+01   4.917558E+01
   1.317301E+01   4.917605E+01
END
END
