none
1
   2.067691E+01   -2.691155E+01
   2.066488E+01   -2.685365E+01
   2.063659E+01   -2.683618E+01
   2.061097E+01   -2.678729E+01
   2.062243E+01   -2.676792E+01
   2.060341E+01   -2.669023E+01
   2.061960E+01   -2.665949E+01
   2.062087E+01   -2.659826E+01
   2.059946E+01   -2.656359E+01
   2.059306E+01   -2.651596E+01
   2.060776E+01   -2.643840E+01
   2.068389E+01   -2.638320E+01
   2.070805E+01   -2.633129E+01
   2.078019E+01   -2.625997E+01
   2.080953E+01   -2.617685E+01
   2.081013E+01   -2.610653E+01
   2.080887E+01   -2.606223E+01
   2.080546E+01   -2.600778E+01
   2.079149E+01   -2.591987E+01
   2.077529E+01   -2.586203E+01
   2.075280E+01   -2.583623E+01
   2.072993E+01   -2.582797E+01
   2.072310E+01   -2.577776E+01
   2.070875E+01   -2.572624E+01
   2.066715E+01   -2.569145E+01
   2.064028E+01   -2.563687E+01
   2.065565E+01   -2.559883E+01
   2.062082E+01   -2.553004E+01
   2.062845E+01   -2.549163E+01
   2.058900E+01   -2.540736E+01
   2.055709E+01   -2.540101E+01
   2.052991E+01   -2.533612E+01
   2.050655E+01   -2.532724E+01
   2.051479E+01   -2.529196E+01
   2.048443E+01   -2.527123E+01
   2.048004E+01   -2.523888E+01
   2.043685E+01   -2.520404E+01
   2.045211E+01   -2.516958E+01
   2.041906E+01   -2.515560E+01
   2.039953E+01   -2.509442E+01
   2.036909E+01   -2.506699E+01
   2.037130E+01   -2.504413E+01
   2.028502E+01   -2.498520E+01
   2.025017E+01   -2.493346E+01
   2.020069E+01   -2.491611E+01
   2.017694E+01   -2.492168E+01
   2.014816E+01   -2.489393E+01
   2.011179E+01   -2.489156E+01
   1.998770E+01   -2.476380E+01
   1.998745E+01   -2.200319E+01
   2.000243E+01   -2.198822E+01
   2.098451E+01   -2.198635E+01
   2.098855E+01   -1.831312E+01
   2.145481E+01   -1.830508E+01
   2.309457E+01   -1.798964E+01
   2.329482E+01   -1.798909E+01
   2.331858E+01   -1.799659E+01
   2.334565E+01   -1.804960E+01
   2.333797E+01   -1.807110E+01
   2.337640E+01   -1.811010E+01
   2.341780E+01   -1.819110E+01
   2.345171E+01   -1.820406E+01
   2.347080E+01   -1.822818E+01
   2.350546E+01   -1.823201E+01
   2.353498E+01   -1.826716E+01
   2.354530E+01   -1.831243E+01
   2.356920E+01   -1.833464E+01
   2.356930E+01   -1.843585E+01
   2.358514E+01   -1.847278E+01
   2.361299E+01   -1.848696E+01
   2.365372E+01   -1.846378E+01
   2.368095E+01   -1.842166E+01
   2.371665E+01   -1.842070E+01
   2.377949E+01   -1.837214E+01
   2.379528E+01   -1.833173E+01
   2.387184E+01   -1.826318E+01
   2.390803E+01   -1.822451E+01
   2.392389E+01   -1.819659E+01
   2.404605E+01   -1.810047E+01
   2.419066E+01   -1.800879E+01
   2.436502E+01   -1.794053E+01
   2.442298E+01   -1.794055E+01
   2.446571E+01   -1.795646E+01
   2.460970E+01   -1.798623E+01
   2.469390E+01   -1.792504E+01
   2.473116E+01   -1.787686E+01
   2.479438E+01   -1.785919E+01
   2.482004E+01   -1.783545E+01
   2.485920E+01   -1.783418E+01
   2.495584E+01   -1.777784E+01
   2.498075E+01   -1.777819E+01
   2.499204E+01   -1.780581E+01
   2.502172E+01   -1.781381E+01
   2.506191E+01   -1.779870E+01
   2.507577E+01   -1.782550E+01
   2.510851E+01   -1.781388E+01
   2.515820E+01   -1.776871E+01
   2.526758E+01   -1.778145E+01
   2.527588E+01   -1.781799E+01
   2.525252E+01   -1.787157E+01
   2.525217E+01   -1.791035E+01
   2.530657E+01   -1.803430E+01
   2.542549E+01   -1.814675E+01
   2.553389E+01   -1.837850E+01
   2.561106E+01   -1.846835E+01
   2.565628E+01   -1.848914E+01
   2.570100E+01   -1.856443E+01
   2.579022E+01   -1.861660E+01
   2.581461E+01   -1.868446E+01
   2.580658E+01   -1.874609E+01
   2.583543E+01   -1.882667E+01
   2.595091E+01   -1.889583E+01
   2.597728E+01   -1.893450E+01
   2.600725E+01   -1.903393E+01
   2.597844E+01   -1.906929E+01
   2.597668E+01   -1.910418E+01
   2.604948E+01   -1.920131E+01
   2.608301E+01   -1.926987E+01
   2.615218E+01   -1.943441E+01
   2.617850E+01   -1.953378E+01
   2.624337E+01   -1.957014E+01
   2.631745E+01   -1.956644E+01
   2.636904E+01   -1.961113E+01
   2.639932E+01   -1.966340E+01
   2.657016E+01   -1.977357E+01
   2.670844E+01   -1.987854E+01
   2.685842E+01   -1.995208E+01
   2.697653E+01   -2.000178E+01
   2.704904E+01   -2.000005E+01
   2.714215E+01   -2.006611E+01
   2.721675E+01   -2.007642E+01
   2.725535E+01   -2.013595E+01
   2.731146E+01   -2.029643E+01
   2.736264E+01   -2.045721E+01
   2.747706E+01   -2.045681E+01
   2.760616E+01   -2.046831E+01
   2.768878E+01   -2.047645E+01
   2.773523E+01   -2.051019E+01
   2.774055E+01   -2.055588E+01
   2.771698E+01   -2.060896E+01
   2.771656E+01   -2.065246E+01
   2.774402E+01   -2.070134E+01
   2.774427E+01   -2.075855E+01
   2.772827E+01   -2.084144E+01
   2.770554E+01   -2.087550E+01
   2.770567E+01   -2.093286E+01
   2.772142E+01   -2.096255E+01
   2.776006E+01   -2.114195E+01
   2.781620E+01   -2.117042E+01
   2.791569E+01   -2.129871E+01
   2.793452E+01   -2.136093E+01
   2.798822E+01   -2.145344E+01
   2.801114E+01   -2.151009E+01
   2.802414E+01   -2.156023E+01
   2.819604E+01   -2.158973E+01
   2.829293E+01   -2.157839E+01
   2.836745E+01   -2.159145E+01
   2.850355E+01   -2.165548E+01
   2.858257E+01   -2.161934E+01
   2.887101E+01   -2.174463E+01
   2.900478E+01   -2.176157E+01
   2.908772E+01   -2.181559E+01
   2.903790E+01   -2.196927E+01
   2.914457E+01   -2.206101E+01
   2.925606E+01   -2.205186E+01
   2.929939E+01   -2.211602E+01
   2.938549E+01   -2.219971E+01
   2.933182E+01   -2.221555E+01
   2.931036E+01   -2.219972E+01
   2.925684E+01   -2.220450E+01
   2.921726E+01   -2.219186E+01
   2.915342E+01   -2.222685E+01
   2.904225E+01   -2.223087E+01
   2.897777E+01   -2.231665E+01
   2.898084E+01   -2.238287E+01
   2.892478E+01   -2.246993E+01
   2.886361E+01   -2.246152E+01
   2.882981E+01   -2.250052E+01
   2.873708E+01   -2.251743E+01
   2.864769E+01   -2.256748E+01
   2.857102E+01   -2.257326E+01
   2.851946E+01   -2.260005E+01
   2.847139E+01   -2.258320E+01
   2.828725E+01   -2.262635E+01
   2.825208E+01   -2.266613E+01
   2.819171E+01   -2.269723E+01
   2.815613E+01   -2.277994E+01
   2.805426E+01   -2.284235E+01
   2.806241E+01   -2.288321E+01
   2.805089E+01   -2.291355E+01
   2.795381E+01   -2.297442E+01
   2.794655E+01   -2.305609E+01
   2.779474E+01   -2.315244E+01
   2.779323E+01   -2.317874E+01
   2.775263E+01   -2.323564E+01
   2.771229E+01   -2.324027E+01
   2.761025E+01   -2.325335E+01
   2.758769E+01   -2.327039E+01
   2.757598E+01   -2.334897E+01
   2.753609E+01   -2.339318E+01
   2.745452E+01   -2.339825E+01
   2.742347E+01   -2.343763E+01
   2.739171E+01   -2.342506E+01
   2.735571E+01   -2.343895E+01
   2.733363E+01   -2.342594E+01
   2.730901E+01   -2.347196E+01
   2.721348E+01   -2.350541E+01
   2.721624E+01   -2.353698E+01
   2.716350E+01   -2.357423E+01
   2.708493E+01   -2.362458E+01
   2.709222E+01   -2.365653E+01
   2.707539E+01   -2.368086E+01
   2.703526E+01   -2.369324E+01
   2.697696E+01   -2.374099E+01
   2.695808E+01   -2.385055E+01
   2.696639E+01   -2.387547E+01
   2.692559E+01   -2.398201E+01
   2.692134E+01   -2.402746E+01
   2.689489E+01   -2.409410E+01
   2.687666E+01   -2.410921E+01
   2.689403E+01   -2.419186E+01
   2.686064E+01   -2.427443E+01
   2.679100E+01   -2.431656E+01
   2.671811E+01   -2.433227E+01
   2.668624E+01   -2.435531E+01
   2.666805E+01   -2.439210E+01
   2.659934E+01   -2.442378E+01
   2.652481E+01   -2.449609E+01
   2.647906E+01   -2.459662E+01
   2.641284E+01   -2.465578E+01
   2.638385E+01   -2.465110E+01
   2.601578E+01   -2.473411E+01
   2.596764E+01   -2.475902E+01
   2.586387E+01   -2.477131E+01
   2.585778E+01   -2.478859E+01
   2.589897E+01   -2.488125E+01
   2.589113E+01   -2.491857E+01
   2.586781E+01   -2.494024E+01
   2.574007E+01   -2.525884E+01
   2.571003E+01   -2.530178E+01
   2.567114E+01   -2.547688E+01
   2.563996E+01   -2.554367E+01
   2.559188E+01   -2.564207E+01
   2.551628E+01   -2.569607E+01
   2.533592E+01   -2.578231E+01
   2.511959E+01   -2.577473E+01
   2.503881E+01   -2.573663E+01
   2.490032E+01   -2.582126E+01
   2.479411E+01   -2.583626E+01
   2.472172E+01   -2.581673E+01
   2.468109E+01   -2.583477E+01
   2.445098E+01   -2.575161E+01
   2.440351E+01   -2.577325E+01
   2.435569E+01   -2.576975E+01
   2.430978E+01   -2.572840E+01
   2.428260E+01   -2.573681E+01
   2.425254E+01   -2.571437E+01
   2.410582E+01   -2.564354E+01
   2.405916E+01   -2.566269E+01
   2.400059E+01   -2.566123E+01
   2.397324E+01   -2.562997E+01
   2.394997E+01   -2.564906E+01
   2.392202E+01   -2.564744E+01
   2.389617E+01   -2.563458E+01
   2.386753E+01   -2.558676E+01
   2.380274E+01   -2.555466E+01
   2.379402E+01   -2.552506E+01
   2.375597E+01   -2.551141E+01
   2.373806E+01   -2.547254E+01
   2.369880E+01   -2.547279E+01
   2.363006E+01   -2.543981E+01
   2.354278E+01   -2.536560E+01
   2.349163E+01   -2.536166E+01
   2.348339E+01   -2.532607E+01
   2.344728E+01   -2.529926E+01
   2.341555E+01   -2.532696E+01
   2.336310E+01   -2.531301E+01
   2.335267E+01   -2.529904E+01
   2.329366E+01   -2.530513E+01
   2.327372E+01   -2.528942E+01
   2.320888E+01   -2.528688E+01
   2.307650E+01   -2.535701E+01
   2.296427E+01   -2.541020E+01
   2.282090E+01   -2.563738E+01
   2.284074E+01   -2.565425E+01
   2.283212E+01   -2.569281E+01
   2.280843E+01   -2.573031E+01
   2.279711E+01   -2.581842E+01
   2.273613E+01   -2.603343E+01
   2.259283E+01   -2.616425E+01
   2.256169E+01   -2.623211E+01
   2.253170E+01   -2.623824E+01
   2.247725E+01   -2.621526E+01
   2.207649E+01   -2.663571E+01
   2.194933E+01   -2.668125E+01
   2.182758E+01   -2.667375E+01
   2.179195E+01   -2.668785E+01
   2.180426E+01   -2.677118E+01
   2.179027E+01   -2.680808E+01
   2.169553E+01   -2.687238E+01
   2.162493E+01   -2.687769E+01
   2.152550E+01   -2.687294E+01
   2.140302E+01   -2.683463E+01
   2.130249E+01   -2.686018E+01
   2.121826E+01   -2.685722E+01
   2.113313E+01   -2.688497E+01
   2.108018E+01   -2.686211E+01
   2.100765E+01   -2.685731E+01
   2.096797E+01   -2.682089E+01
   2.089558E+01   -2.680871E+01
   2.082135E+01   -2.685177E+01
   2.076832E+01   -2.687638E+01
   2.072437E+01   -2.688047E+01
   2.069208E+01   -2.691539E+01
   2.067691E+01   -2.691155E+01
END
END
