Ульяновская область
1
	49.6718555731	54.8294804747
	49.6787113337	54.8199132718
	49.6849266906	54.8099181648
	49.6904750287	54.7995379544
	49.6953325891	54.7888170901
	49.6974842332	54.7833736906
	49.6990135938	54.781491898
	49.7021290106	54.7775471861
	49.7089847712	54.7679799832
	49.7152001281	54.7579848763
	49.7154041112	54.7576032507
	49.7324459583	54.7569491798
	49.7373114855	54.7566964044
	49.7490248065	54.755542743
	49.7500168364	54.7554093305
	49.7925201934	54.7495728437
	49.8031409523	54.747788977
	49.8109972089	54.7460426898
	49.8290559858	54.7416023822
	49.8326622581	54.7406759825
	49.8439254428	54.7372593327
	49.8481065926	54.7357822977
	49.8783800301	54.7246662699
	49.88521449	54.721997323
	49.8959353543	54.7171397626
	49.9009801654	54.7145523029
	49.9050125252	54.712403188
	49.9095206483	54.7130480482
	49.9115129132	54.7133216736
	49.9232262342	54.7144753351
	49.9349899292	54.7148604386
	49.9395484072	54.7148026643
	49.9503821474	54.7145280061
	49.9575873644	54.7142006769
	49.9693006854	54.7130470154
	49.9809134743	54.7111297362
	49.9923760032	54.7084570494
	50.0036391879	54.7050403996
	50.0124007018	54.7018102828
	50.0170732159	54.7024879334
	50.028786537	54.7036415948
	50.0405502319	54.7040266983
	50.0516902772	54.7036813831
	50.0741893617	54.7022852039
	50.0748130114	54.7022454156
	50.0865263324	54.7010917542
	50.0981391213	54.699174475
	50.1096016502	54.6965017881
	50.1208648349	54.6930851384
	50.1235021773	54.6921669873
	50.1312841597	54.6893898876
	50.139662427	54.6861620569
	50.1503832913	54.6813044965
	50.1573356971	54.6776855374
	50.1633858069	54.6743667507
	50.1668136116	54.6724373718
	50.1768087186	54.6662220149
	50.1863759214	54.6593662542
	50.195474252	54.6518994473
	50.2040647498	54.6438535681
	50.2042537523	54.6436642843
	50.2051013089	54.6432490765
	50.2154815193	54.6377007385
	50.2254766263	54.6314853816
	50.2350438291	54.6246296209
	50.2441421597	54.617162814
	50.2527326575	54.6091169348
	50.2607785367	54.600526437
	50.267433505	54.5924780713
	50.2689208651	54.5919804021
	50.2799364749	54.5878344202
	50.2906573392	54.5829768597
	50.3010375496	54.5774285217
	50.3110326566	54.5712131648
	50.3205998594	54.5643574041
	50.32969819	54.5568905972
	50.3382886878	54.548844718
	50.346334567	54.5402542202
	50.3538013739	54.5311558897
	50.3606571345	54.5215886868
	50.3668724914	54.5115935799
	50.3724208295	54.5012133694
	50.3772783899	54.4904925051
	50.3814243718	54.4794768954
	50.3848410215	54.4682137107
	50.3875137084	54.4567511818
	50.3894309876	54.445138393
	50.390584649	54.4334250719
	50.390917058	54.4260148762
	50.3918682216	54.4244208619
	50.3928850812	54.4231814927
	50.3965014142	54.4187335557
	50.3996387762	54.4147618467
	50.4064945368	54.4051946439
	50.4127098937	54.3951995369
	50.4182582318	54.3848193265
	50.4220349747	54.3766519368
	50.4264752823	54.3663827717
	50.4275560998	54.3638292971
	50.4317020818	54.3528136874
	50.4351187315	54.3415505027
	50.4377914184	54.3300879738
	50.4392700155	54.3215958075
	50.4401016195	54.3160339789
	50.4405403016	54.3129133563
	50.441693963	54.3012000353
	50.4420790665	54.2894363403
	50.441693963	54.2776726454
	50.440716326	54.2673374721
	50.4405877008	54.2651756971
	50.4394340394	54.2534623761
	50.4375167602	54.2418495872
	50.4348440733	54.2303870583
	50.431497304	54.2193301451
	50.4181611224	54.1798861754
	50.4180912419	54.1796799039
	50.41394526	54.1686642942
	50.4104027505	54.1606676018
	50.3972321837	54.1327879055
	50.3992834654	54.1257149314
	50.4019561523	54.1142524025
	50.4038734315	54.1026396137
	50.4050270929	54.0909262926
	50.4054121964	54.0791625977
	50.4050270929	54.0673989027
	50.4038734315	54.0556855816
	50.4019561523	54.0440727928
	50.399496588	54.0334130584
	50.3981080382	54.0281335174
	50.3978949156	54.0273307229
	50.3944782659	54.0160675382
	50.3903322839	54.0050519284
	50.3878317161	53.9993007177
	50.3850469871	53.9931895726
	50.3826899945	53.9882199191
	50.3771416564	53.9778397087
	50.3709262995	53.9678446017
	50.3640705389	53.9582773989
	50.3601860105	53.9533928388
	50.3592685847	53.9520059787
	50.3524128241	53.9424387758
	50.3449460171	53.9333404453
	50.3417402249	53.9297816658
	50.3401829046	53.9277216738
	50.3327160977	53.9186233432
	50.3246702185	53.9100328454
	50.3160797207	53.9019869662
	50.3069813902	53.8945201593
	50.2974141873	53.8876643987
	50.2972124808	53.8875298193
	50.2913836233	53.8836464575
	50.2815902229	53.87756568
	50.2712100125	53.8720173419
	50.2604891482	53.8671597815
	50.2494735385	53.8630137996
	50.2391786464	53.8598594995
	50.2391493511	53.8578469871
	50.2392973893	53.8533248901
	50.2389122858	53.8415611952
	50.2377586243	53.8298478741
	50.2358413451	53.8182350853
	50.2333817809	53.8075753509
	50.2319932311	53.8022958099
	50.2317801084	53.8014930153
	50.2283634587	53.7902298307
	50.2242174768	53.7792142209
	50.2193599164	53.7684933566
	50.2138115783	53.7581131462
	50.2132971703	53.7572279926
	50.2093712707	53.7500565056
	50.2031559138	53.7400613986
	50.1963001532	53.7304941958
	50.1888333463	53.7213958652
	50.1807874671	53.7128053674
	50.1721969693	53.7047594882
	50.1716344359	53.7042682221
	50.1704811358	53.7031732738
	50.1610359453	53.6942850292
	50.1563659756	53.6900423862
	50.1472676451	53.6825755793
	50.1377004422	53.6757198186
	50.1277053353	53.6695044617
	50.1173251248	53.6639561237
	50.1069247701	53.6592316851
	50.1002566792	53.6564545855
	50.0999361697	53.6563214636
	50.08892056	53.6521754817
	50.0776573753	53.648758832
	50.0661948464	53.6460861451
	50.0588672941	53.6447855824
	50.0499790494	53.6433970326
	50.0456938129	53.6427803161
	50.0339804919	53.6416266547
	50.0222167969	53.6412415512
	50.0175364454	53.6413024565
	50.0069849928	53.6415771147
	49.9999016493	53.6419013129
	49.9926786923	53.6425211409
	49.9290140514	53.6492793984
	49.8943455486	53.6512436874
	49.87915802	53.6512436874
	49.867394325	53.6516287909
	49.8588384321	53.6523951423
	49.8368962934	53.6548899543
	49.8337388653	53.6552772643
	49.8221260765	53.6571945435
	49.8106635476	53.6598672304
	49.7994003629	53.6632838801
	49.7883847532	53.6674298621
	49.7879274163	53.6676370787
	49.7844695712	53.666335638
	49.7732063865	53.6629189882
	49.7617438576	53.6602463014
	49.7501310687	53.6583290222
	49.7384177477	53.6571753607
	49.7368028797	53.6570768086
	49.727083031	53.6565274922
	49.7169342041	53.6562409408
	49.7152737907	53.656248605
	49.7062075711	53.651451546
	49.6954867068	53.6465939856
	49.6844710971	53.6424480037
	49.6732079124	53.639031354
	49.6617453835	53.6363586671
	49.6553057251	53.635199088
	49.6466997681	53.6338105382
	49.6415266376	53.6330528381
	49.6298133166	53.6318991766
	49.6180496216	53.6315140731
	49.6062859266	53.6318991766
	49.5945726056	53.6330528381
	49.5884142655	53.6339723062
	49.5784121292	53.6356431436
	49.5729576805	53.6366409547
	49.5614951516	53.6393136416
	49.5502319669	53.6427302913
	49.5392163572	53.6468762732
	49.5284954929	53.6517338336
	49.5181152824	53.6572821717
	49.5081201755	53.6634975286
	49.4985529726	53.6703532892
	49.4947350183	53.6734866034
	49.4650638258	53.6737498505
	49.4548958509	53.6741278754
	49.4434014936	53.6752528464
	49.4118398844	53.6793685948
	49.4031603909	53.6747898639
	49.3927600362	53.6700654253
	49.3860919454	53.6672883257
	49.3857714358	53.6671552039
	49.3747558261	53.6630092219
	49.3634926414	53.6595925722
	49.3520301125	53.6569198853
	49.3404173236	53.6550026061
	49.3287040026	53.6538489447
	49.3169403076	53.6534638412
	49.3063812256	53.6534638412
	49.3017025645	53.6535247025
	49.2805920298	53.6540740189
	49.2735069959	53.6543982611
	49.270147261	53.6546500925
	49.2470912308	53.6565955881
	49.2387376446	53.6574974181
	49.2288797344	53.6590746866
	49.2076651373	53.6630757816
	49.1476798795	53.6686885156
	49.1409593243	53.66944505
	49.13964251	53.6696233629
	49.0893321093	53.6766253626
	49.0839251385	53.6771577478
	49.075637283	53.669067418
	49.0685897915	53.6625460483
	49.059491461	53.6550792414
	49.0499242581	53.6482234807
	49.0493535922	53.6478437448
	49.0458572375	53.6446522723
	49.0415760321	53.6388346499
	49.0380090481	53.6343365583
	49.0299211017	53.6244651439
	49.0262073664	53.6186701022
	49.0193516058	53.6091028994
	49.0118847989	53.6000045688
	49.0038389197	53.591414071
	48.9998622439	53.5875580206
	48.9951396487	53.583117713
	48.9905258267	53.5789278842
	48.9814274961	53.5714610773
	48.9718602933	53.5646053167
	48.9618651863	53.5583899598
	48.9514849759	53.5528416217
	48.9407641116	53.5479840613
	48.9297485018	53.5438380794
	48.9184853172	53.5404214296
	48.9070227883	53.5377487428
	48.9005831299	53.5365891637
	48.8919771728	53.5352006139
	48.8868040424	53.5344429138
	48.8750907213	53.5332892523
	48.8633270264	53.5329041488
	48.8515633314	53.5332892523
	48.8400689741	53.5344142234
	48.8081246992	53.5385798728
	48.8079057355	53.5386085632
	48.7962929466	53.5405258424
	48.7947395266	53.5408419596
	48.7873445172	53.541660321
	48.7873307364	53.5416621358
	48.7451096671	53.5472239644
	48.741817848	53.5476885878
	48.7388539521	53.5481349009
	48.7360592984	53.5447296054
	48.7280134192	53.5361391077
	48.7260100472	53.5341668068
	48.716839515	53.5252785622
	48.7102523892	53.5192049838
	48.7011540586	53.5117381769
	48.6915868558	53.5048824163
	48.6815917488	53.4986670594
	48.6712115384	53.4931187213
	48.6665106785	53.4908844794
	48.6598425877	53.4878327216
	48.6538225833	53.4852094031
	48.6428069735	53.4810634212
	48.6315437889	53.4776467714
	48.6200812599	53.4749740846
	48.6084684711	53.4730568054
	48.5967551501	53.4719031439
	48.5849914551	53.4715180404
	48.5832650123	53.4715745583
	48.5760556363	53.4627899082
	48.5680097571	53.4541994104
	48.5640330813	53.45034336
	48.5593104861	53.4459030524
	48.5557958251	53.4427113757
	48.5547347778	53.4362847069
	48.5520620909	53.4248221779
	48.5486454411	53.4135589933
	48.5444994592	53.4025433835
	48.5396418988	53.3918225192
	48.5340935607	53.3814423088
	48.5278782038	53.3714472018
	48.5210224432	53.361879999
	48.5135556363	53.3527816684
	48.5055097571	53.3441911706
	48.4969192593	53.3361452914
	48.4878209288	53.3286784845
	48.4782537259	53.3218227239
	48.4682586189	53.315607367
	48.4578784085	53.3100590289
	48.4471575442	53.3052014685
	48.4361419345	53.3010554866
	48.4289238313	53.2987735092
	48.3711464265	53.2818362534
	48.367101345	53.280701581
	48.3556388161	53.2780288941
	48.3491744242	53.2768653261
	48.3405608377	53.2754767763
	48.337276292	53.2749959278
	48.33939495	53.2730115881
	48.3474408292	53.2644210904
	48.3549076361	53.2553227598
	48.3613255006	53.2463666403
	48.3713178321	53.2462312627
	48.3806449206	53.2458626642
	48.3923582416	53.2447090028
	48.4039710304	53.2427917236
	48.4154335594	53.2401190367
	48.426696744	53.2367023869
	48.4377123538	53.232556405
	48.4484332181	53.2276988446
	48.4588134285	53.2221505065
	48.4688085355	53.2159351496
	48.4783757383	53.209079389
	48.4874740689	53.2016125821
	48.4960645667	53.1935667029
	48.5041104459	53.1849762051
	48.5115772528	53.1758778746
	48.5184330134	53.1663106717
	48.5240358831	53.1573005243
	48.5340437274	53.1563148377
	48.5456565163	53.1543975585
	48.5571190452	53.1517248716
	48.5683822299	53.1483082219
	48.5793978396	53.14416224
	48.5901187039	53.1393046796
	48.6004989144	53.1337563415
	48.6104940213	53.1275409846
	48.6142081355	53.1249914407
	48.6210302151	53.1206516413
	48.6295707386	53.1145778435
	48.6306143821	53.1140151136
	48.6321551028	53.1133852624
	48.6428759671	53.108527702
	48.6532561775	53.1029793639
	48.6632512845	53.096764007
	48.6728184873	53.0899082464
	48.6750149812	53.0881956351
	48.6897397127	53.0765302908
	48.6966415493	53.0707760953
	48.7052320471	53.0627302161
	48.7132779263	53.0541397183
	48.7176219928	53.0489951104
	48.7284557331	53.0356665581
	48.7315784735	53.0317128355
	48.7384342341	53.0221456326
	48.744649591	53.0121505257
	48.7501979291	53.0017703152
	48.7550554895	52.9910494509
	48.7592014714	52.9800338412
	48.7623824584	52.9696414215
	48.7625355168	52.9691924716
	48.7659521665	52.9579292869
	48.7686248534	52.946466758
	48.7694049173	52.9422875713
	48.7713427835	52.9311791729
	48.7724799988	52.9237455707
	48.7736336603	52.9120322497
	48.7740187638	52.9002685547
	48.7738452541	52.8923700538
	48.7732959377	52.8798731055
	48.7730843439	52.8760079115
	48.7719306824	52.8642945904
	48.7700134032	52.8526818016
	48.7673407164	52.8412192727
	48.7639240666	52.829956088
	48.7639140878	52.8299266996
	48.7634497251	52.8281577492
	48.7600330754	52.8168945646
	48.7558870935	52.8058789548
	48.7534635762	52.800297065
	48.7506864766	52.79418592
	48.7482524335	52.7890469455
	48.7427040954	52.7786667351
	48.7364887385	52.7686716281
	48.7296329779	52.7591044252
	48.722166171	52.7500060947
	48.7141202918	52.7414155969
	48.705529794	52.7333697177
	48.6964314634	52.7259029108
	48.6907943026	52.721749168
	48.6566298738	52.6975868755
	48.6526998318	52.6948848577
	48.6427047249	52.6886695008
	48.6383811254	52.6862520334
	48.6158403945	52.6740531193
	48.6120263762	52.671478133
	48.6113103665	52.6709972234
	48.6013152596	52.6647818665
	48.5947478271	52.6611704696
	48.5896499153	52.6581137757
	48.5792697049	52.6525654376
	48.5744844442	52.6502925947
	48.5550371176	52.6414043501
	48.5491015139	52.6388196326
	48.5380859042	52.6346736506
	48.5364610816	52.6341307134
	48.5320506756	52.632117124
	48.5243962771	52.6274025323
	48.5200011727	52.624780951
	48.5096209622	52.6192326129
	48.4989000979	52.6143750525
	48.4878844882	52.6102290706
	48.4766213035	52.6068124209
	48.4651587746	52.604139734
	48.4535459857	52.6022224548
	48.4418326647	52.6010687933
	48.4300689697	52.6006836898
	48.4183052747	52.6010687933
	48.4065919537	52.6022224548
	48.3949791649	52.604139734
	48.3881438955	52.6056381399
	48.3661178334	52.6109176809
	48.3614905739	52.6120919619
	48.3502273893	52.6155086116
	48.3392117795	52.6196545935
	48.3303471774	52.6236099497
	48.3227859702	52.627231463
	48.2815150041	52.6309026829
	48.2808512392	52.6308981572
	48.2760454837	52.6288251257
	48.2650298739	52.6246791438
	48.2537666892	52.6212624941
	48.2423041603	52.6185898072
	48.2413315078	52.618404941
	48.2397680407	52.6161224109
	48.2340732855	52.6082712954
	48.2266064786	52.5991729648
	48.2250572435	52.5974293379
	48.2175575487	52.5890980391
	48.2110609046	52.5822511682
	48.2024704068	52.574205289
	48.1933720762	52.5667384821
	48.1905515082	52.5646178182
	48.1852795965	52.5607344564
	48.17954047	52.5566774863
	48.1631449012	52.5455614585
	48.1621373929	52.5448833318
	48.1521422859	52.5386679749
	48.1417620755	52.5331196368
	48.1379091058	52.5312761099
	48.1187516962	52.5223878653
	48.1118838015	52.5193738318
	48.1008681918	52.5152278499
	48.094981852	52.5133418667
	48.0802571206	52.508901559
	48.0748802757	52.5073708925
	48.0634177468	52.5046982056
	48.0608095262	52.504199385
	48.0441469285	52.5011399978
	48.0351423603	52.4997215392
	48.0234290392	52.4985678778
	48.0116653442	52.4981827743
	48.0100193625	52.4981903059
	47.9947102935	52.4983304086
	47.9914168978	52.4971767024
	47.9801537132	52.4937600527
	47.9686911843	52.4910873658
	47.9633289491	52.4901049834
	47.9549976503	52.4887088042
	47.9487470966	52.4877739074
	47.9370337755	52.486620246
	47.9252700806	52.4862351425
	47.9135063856	52.486620246
	47.9017930646	52.4877739074
	47.8981199974	52.4883803333
	47.8960224432	52.4854990786
	47.8885556363	52.476400748
	47.8805097571	52.4678102502
	47.8760618201	52.4633623132
	47.8674713223	52.455316434
	47.8612702443	52.450120245
	47.8571045949	52.4467861996
	47.8542073423	52.4445155817
	47.8446401395	52.4376598211
	47.8346450325	52.4314444642
	47.8242648221	52.4258961261
	47.8207040783	52.4241884982
	47.8081995006	52.4183596408
	47.8010393801	52.4152097083
	47.7900237704	52.4110637263
	47.7832638135	52.4089167138
	47.7757641186	52.40669656
	47.7712608909	52.4054269228
	47.759798362	52.4027542359
	47.7481855731	52.4008369567
	47.7409658194	52.4000344147
	47.7318029165	52.3992028107
	47.7273093493	52.3988516913
	47.7155456543	52.3984665878
	47.7037819593	52.3988516913
	47.6920686383	52.4000053527
	47.6804558494	52.4019226319
	47.6719573733	52.4038280818
	47.6630691287	52.4060482356
	47.6601050759	52.4068154726
	47.6488418912	52.4102321223
	47.6378262815	52.4143781043
	47.6271054172	52.4192356647
	47.6262999695	52.4196353735
	47.6201888245	52.4226871313
	47.6106140617	52.4278357606
	47.6011945419	52.4336681205
	47.5920561162	52.4350230804
	47.5862124539	52.4320072711
	47.5837321637	52.4308076555
	47.5456691144	52.4127565081
	47.5374285403	52.4090985632
	47.5264129306	52.4049525813
	47.5214802184	52.4033570541
	47.5070454039	52.3989167465
	47.5007149314	52.397095624
	47.4892524025	52.3944229371
	47.4862394012	52.3938502739
	47.4848763084	52.393479291
	47.4734137795	52.3908066041
	47.4618009906	52.3888893249
	47.4500876696	52.3877356635
	47.4460113003	52.3875149115
	47.4265716031	52.3866833075
	47.4071205824	52.3869040595
	47.405787707	52.3869963937
	47.394397021	52.3878279977
	47.3840165753	52.3888893249
	47.3827610481	52.3890591189
	47.3727589119	52.3904476687
	47.3624016502	52.3921951539
	47.3512731894	52.3947786716
	47.3280147736	52.3906612992
	47.320138393	52.3894462707
	47.3169516457	52.3890556295
	47.2900046242	52.3859962423
	47.2814780504	52.3852332221
	47.274865343	52.3849218911
	47.2554256457	52.3843649453
	47.2502746582	52.3842911728
	47.2400708432	52.3845808403
	47.1958966489	52.3870909111
	47.1943367689	52.3871863471
	47.1826234479	52.3883400085
	47.171010659	52.3902572877
	47.1595481301	52.3929299746
	47.1590623003	52.3930608809
	47.1426743609	52.3975011885
	47.138173833	52.3987836782
	47.1336440707	52.3971782283
	47.122380886	52.3937615786
	47.1109183571	52.3910888917
	47.1032346484	52.3897330546
	47.0960096118	52.388619163
	47.0920805316	52.3880577209
	47.0803672106	52.3869040595
	47.0686035156	52.386518956
	47.0568398206	52.3869040595
	47.0451264996	52.3880577209
	47.0335137108	52.3899750001
	47.0237106794	52.3922114991
	47.015097093	52.3944316529
	47.0134375954	52.3948678408
	47.0021744108	52.3982844905
	46.991158801	52.4024304724
	46.9804379367	52.4072880328
	46.9700577263	52.4128363709
	46.9697924506	52.4129898294
	46.9607849454	52.4157863215
	46.9497693357	52.4199323035
	46.9390484714	52.4247898639
	46.9367576895	52.4259399173
	46.9242607413	52.4323257205
	46.9161713127	52.4367240052
	46.9061762057	52.4429393621
	46.9008055042	52.4466709411
	46.8994105623	52.4463225479
	46.8909171364	52.4444183595
	46.8871097418	52.443703557
	46.8620548101	52.4392785081
	46.8542494159	52.4380760314
	46.8425360949	52.43692237
	46.8307723999	52.4365372665
	46.8190087049	52.43692237
	46.8072953839	52.4380760314
	46.795682595	52.4399933106
	46.7842200661	52.4426659975
	46.7729568815	52.4460826472
	46.7619412717	52.4502286292
	46.7512204074	52.4550861896
	46.740840197	52.4606345277
	46.73084509	52.4668498846
	46.7212778872	52.4737056452
	46.7121795566	52.4811724521
	46.7035890588	52.4892183313
	46.6955431796	52.4978088291
	46.6880763727	52.5069071596
	46.6844410477	52.5118151538
	46.6808857499	52.516789519
	46.6776653142	52.5214487277
	46.6714499573	52.5314438347
	46.6663169481	52.540987326
	46.6613196947	52.5509894623
	46.6609043658	52.5518261813
	46.6560468054	52.5625470456
	46.6519008235	52.5735626554
	46.6484841738	52.5848258401
	46.6472392769	52.5897488091
	46.6458507271	52.5955852959
	46.6453583444	52.5977121699
	46.642855903	52.6088281977
	46.6419204957	52.6132408836
	46.6400032165	52.6248536725
	46.6388495551	52.6365669935
	46.6385264155	52.6436098436
	46.6377754333	52.6487413067
	46.6368462349	52.6574228142
	46.6363868835	52.6606813092
	46.6352332221	52.6723946302
	46.6348481186	52.6841583252
	46.6352332221	52.6959220202
	46.6363868835	52.7076353412
	46.6383041627	52.7192481301
	46.6383409638	52.7194326373
	46.6397295136	52.7263753863
	46.6423653994	52.737653408
	46.6457820491	52.7489165927
	46.6471150202	52.7527039803
	46.6493428034	52.7588151253
	46.6521558142	52.7660433474
	46.6570133746	52.7767642117
	46.6625617127	52.7871444222
	46.6687770696	52.7971395291
	46.6756328302	52.806706732
	46.6830996371	52.8158050625
	46.6911455163	52.8243955603
	46.6997360141	52.8324414395
	46.7023690658	52.834705969
	46.7039977146	52.8364766624
	46.7091966638	52.8418973914
	46.7177871616	52.8499432706
	46.7217678083	52.8533331286
	46.7230897912	52.8546689978
	46.7233942691	52.8549541724
	46.7216682556	52.865408482
	46.7205145941	52.8771218031
	46.7201294906	52.888885498
	46.7205145941	52.900649193
	46.7216682556	52.9123625141
	46.7221122844	52.9155188713
	46.7229438884	52.9210730705
	46.7244171388	52.9295295021
	46.7270898256	52.940992031
	46.7305064754	52.9522552157
	46.7346524573	52.9632708255
	46.7350720922	52.9642753051
	46.7347221496	52.966795506
	46.7335684882	52.978508827
	46.7335027365	52.9795590685
	46.7324545966	52.9904564588
	46.7320694931	53.0022201538
	46.7320694931	53.0272140503
	46.7324545966	53.0389777453
	46.733265848	53.0479247253
	46.7324943664	53.0531831402
	46.7319534565	53.0586750906
	46.7284053522	53.0629984682
	46.7215495916	53.0725656711
	46.7153342347	53.082560778
	46.7097858966	53.0929409885
	46.7049283362	53.1036618528
	46.7007823543	53.1146774625
	46.6973657045	53.1259406472
	46.696607275	53.1288694549
	46.6952187252	53.1344236541
	46.6933044679	53.1429573753
	46.6913871887	53.1545701642
	46.6902335272	53.1662834852
	46.6898484237	53.1780471802
	46.6898484237	53.196937561
	46.6902335272	53.208701256
	46.6912631296	53.2194522026
	46.691622077	53.2281485827
	46.6927757385	53.2398619037
	46.6938241053	53.2462117679
	46.6860657071	53.2485652522
	46.6750500974	53.2527112341
	46.666325767	53.2565994803
	46.6599399638	53.2596512381
	46.6579434299	53.2606205524
	46.6475632194	53.2661688904
	46.6448034003	53.2678680743
	46.6398261452	53.2690286074
	46.6312676195	53.2715509718
	46.6234932665	53.2740534132
	46.6207886075	53.2749476985
	46.6097729978	53.2790936804
	46.5990521335	53.2839512408
	46.588671923	53.2894995789
	46.5786768161	53.2957149358
	46.5764123879	53.2973376021
	46.5575918751	53.2985506186
	46.5573967664	53.2985633002
	46.5456834454	53.2997169616
	46.5450769109	53.2997978632
	46.5348001165	53.301186413
	46.5237938621	53.3030227906
	46.5123313332	53.3056954775
	46.5010681485	53.3091121272
	46.4903733046	53.313125606
	46.476205519	53.3189620928
	46.4758847532	53.319094596
	46.4651638889	53.3239521564
	46.4547836784	53.3295004944
	46.4460494497	53.3348810049
	46.4327426899	53.3393970803
	46.4327316617	53.3394008235
	46.421716052	53.3435468054
	46.4109951877	53.3484043658
	46.4006149772	53.3539527039
	46.3906198703	53.3601680608
	46.3810526674	53.3670238214
	46.3719543369	53.3744906284
	46.3633638391	53.3825365076
	46.3553179599	53.3911270053
	46.347851153	53.4002253359
	46.3409953924	53.4097925388
	46.3347800355	53.4197876457
	46.3292316974	53.4301678561
	46.324374137	53.4408887204
	46.320228155	53.4519043302
	46.3175579609	53.4607067808
	46.3158896546	53.4633896354
	46.3103413165	53.4737698459
	46.3054837561	53.4844907102
	46.3013377742	53.4955063199
	46.2979211245	53.5067695046
	46.2952484376	53.5182320335
	46.2938316917	53.5268131366
	46.2896677797	53.5297969538
	46.288766203	53.5304933051
	46.2837613202	53.5343842963
	46.2755645664	53.5411547519
	46.2669740686	53.5492006311
	46.2625944953	53.5537364934
	46.2587111335	53.5579021428
	46.2550448276	53.5619567783
	46.2475780207	53.5710551088
	46.2443732796	53.575440475
	46.2421242454	53.5758117921
	46.2306617165	53.578484479
	46.2193985318	53.5819011287
	46.2167085742	53.5828380655
	46.2089342211	53.5856151651
	46.2006085691	53.5888242102
	46.1898877048	53.5936817706
	46.1795074943	53.5992301087
	46.1695123874	53.6054454656
	46.1679424044	53.6065064994
	46.1626628634	53.610115203
	46.1546656435	53.6159099298
	46.145567313	53.6233767368
	46.1369768152	53.631422616
	46.128930936	53.6400131137
	46.1214641291	53.6491114443
	46.1146083684	53.6586786472
	46.1083930115	53.6686737541
	46.1028446735	53.6790539645
	46.1009794555	53.682953704
	46.0971706435	53.6857607764
	46.0943857973	53.6878551203
	46.0852874668	53.6953219272
	46.076696969	53.7033678064
	46.0686510898	53.7119583042
	46.0611842829	53.7210566347
	46.0543285223	53.7306238376
	46.0481131653	53.7406189445
	46.0454450492	53.7454073126
	46.0449481799	53.7463318848
	46.0423808904	53.7500711642
	46.0361655335	53.7600662712
	46.0306171954	53.7704464816
	46.025759635	53.7811673459
	46.0216136531	53.7921829557
	46.0205367372	53.7957330716
	46.0192285739	53.7965465398
	46.0099398425	53.8031890529
	46.0093514183	53.8033050782
	46.0059822719	53.8040088197
	45.9970940273	53.8059543153
	45.9890006447	53.8079232607
	45.9777374601	53.8113399104
	45.9704501921	53.81399012
	45.9693743411	53.8135403967
	45.9583587313	53.8093944148
	45.9470955467	53.8059777651
	45.9361352738	53.8034057268
	45.9084686504	53.7947411233
	45.9012657737	53.7926492128
	45.8898032448	53.789976526
	45.8889645582	53.7898117714
	45.8803509717	53.788140934
	45.8695768695	53.7863884094
	45.8578635485	53.7852347479
	45.8460998535	53.7848496444
	45.8377685547	53.7848496444
	45.8260048597	53.7852347479
	45.8142915387	53.7863884094
	45.8026787498	53.7883056886
	45.7912162209	53.7909783754
	45.7799530362	53.7943950252
	45.7689374265	53.7985410071
	45.7628465518	53.8011967791
	45.7561860904	53.8042485369
	45.7515561008	53.8064503253
	45.7411758903	53.8119986634
	45.7311807834	53.8182140203
	45.7269552882	53.8211254396
	45.7058371241	53.8361248292
	45.7004954165	53.8400691706
	45.6913970859	53.8475359775
	45.6828065881	53.8555818567
	45.6747607089	53.8641723545
	45.6746137857	53.8643400979
	45.6707227945	53.868788035
	45.6634029108	53.877718622
	45.6565471502	53.8872858249
	45.6503317933	53.8972809318
	45.6447834552	53.9076611423
	45.6399258948	53.9183820066
	45.6367566696	53.9265963001
	45.6357953659	53.9292818469
	45.6348186091	53.9320831632
	45.6314019594	53.9433463479
	45.6287292725	53.9548088768
	45.6268119933	53.9664216656
	45.6256583319	53.9781349867
	45.6252732284	53.9898986816
	45.6256583319	54.0016623766
	45.6268119933	54.0133756977
	45.6287292725	54.0249884865
	45.6314019594	54.0364510154
	45.6348186091	54.0477142001
	45.6389645911	54.0587298098
	45.6438221515	54.0694506741
	45.6493704896	54.0798308846
	45.6555858465	54.0898259915
	45.6624416071	54.0993931944
	45.669908414	54.1084915249
	45.6779542932	54.1170820227
	45.686544791	54.1251279019
	45.6956431215	54.1325947088
	45.7052103244	54.1394504694
	45.7152054313	54.1456658264
	45.7255856418	54.1512141644
	45.7363065061	54.1560717248
	45.7451151774	54.159387074
	45.7454448553	54.1599172391
	45.7523006159	54.1694844419
	45.7597674228	54.1785827725
	45.767813302	54.1871732703
	45.7764037998	54.1952191495
	45.7778277143	54.1964547475
	45.7875399335	54.2047936757
	45.7952143496	54.2110248846
	45.8047815524	54.2178806452
	45.8147766594	54.2240960021
	45.8219431217	54.2280192976
	45.8225577454	54.2290923592
	45.826246309	54.2351982198
	45.8295803544	54.2404777608
	45.8321071477	54.2443670071
	45.8389629084	54.25393421
	45.8464297153	54.2630325406
	45.8506080201	54.2676341049
	45.8592216065	54.2767970077
	45.8630891809	54.2807859412
	45.8716796787	54.2888318204
	45.8807780092	54.2962986273
	45.8903452121	54.3031543879
	45.900340319	54.3093697448
	45.9107205295	54.3149180829
	45.9112353014	54.3151709208
	45.9242891954	54.321556724
	45.9344952878	54.3261614465
	45.9455108976	54.3303074285
	45.9502384096	54.3318396997
	45.972737494	54.3387900781
	45.9792731667	54.3406744566
	45.9907356956	54.3433471435
	46.0023484845	54.3452644227
	46.0114853051	54.3462306201
	46.0462066796	54.3490077197
	46.04878318	54.3491951837
	46.060546875	54.3495802872
	46.0711054757	54.3492701084
	46.0947184518	54.3478815586
	46.0959235461	54.3478066339
	46.1056078847	54.3469083674
	46.1264437611	54.3444059259
	46.1284727436	54.3441505311
	46.1298255368	54.343967207
	46.1305084562	54.3442005559
	46.1358901683	54.3459335591
	46.1586715403	54.3528763081
	46.1645530129	54.3545599546
	46.1760155418	54.3572326415
	46.1876283307	54.3591499207
	46.1955809503	54.360017465
	46.2189847024	54.3620450483
	46.2271038913	54.3663096844
	46.2378247556	54.3711672449
	46.2488403653	54.3753132268
	46.26010355	54.3787298765
	46.2715660789	54.3814025634
	46.2780304708	54.3825661314
	46.2866440573	54.3839546812
	46.2917924542	54.3847083924
	46.3035057752	54.3858620538
	46.3152694702	54.3862471573
	46.3270331652	54.3858620538
	46.3332207005	54.3852526348
	46.3273845525	54.3933969699
	46.3211691956	54.4033920769
	46.3156208575	54.4137722873
	46.3107632971	54.4244931516
	46.3066173152	54.4355087613
	46.3032006655	54.446771946
	46.3005279786	54.4582344749
	46.300110807	54.4607612461
	46.3000353671	54.4608444126
	46.2925685602	54.4699427431
	46.2857127996	54.479509946
	46.2794974427	54.4895050529
	46.2739491046	54.4998852634
	46.2690915442	54.5106061277
	46.2649455623	54.5216217374
	46.2646302296	54.5225591366
	46.2632416798	54.526724786
	46.2601403627	54.5370505715
	46.2574676759	54.5485131004
	46.2555503967	54.5601258893
	46.2543967352	54.5718392103
	46.2540116317	54.5836029053
	46.2543967352	54.5953666003
	46.2555503967	54.6070799213
	46.2574676759	54.6186927101
	46.2601403627	54.630155239
	46.263526148	54.6413274201
	46.2607875423	54.6488418912
	46.2573708925	54.6601050759
	46.2563606965	54.6640535939
	46.2535835969	54.6754442799
	46.251921106	54.6829582908
	46.2500038268	54.6945710797
	46.2488501654	54.7062844007
	46.2484650619	54.7180480957
	46.2484650619	54.7244338989
	46.2488501654	54.7361975939
	46.2500038268	54.7479109149
	46.2513609909	54.7565798582
	46.2535811447	54.7688021482
	46.2541412598	54.7717459938
	46.2568139467	54.7832085227
	46.2602305964	54.7944717074
	46.2643765784	54.8054873172
	46.2650234855	54.8070287885
	46.2650589234	54.8072074196
	46.2677316103	54.8186699485
	46.27114826	54.8299331332
	46.275294242	54.8409487429
	46.2801518024	54.8516696072
	46.2857001404	54.8620498177
	46.2919154973	54.8720449246
	46.298771258	54.8816121275
	46.3062380649	54.890710458
	46.3142839441	54.8993009558
	46.3228744419	54.907346835
	46.3319727724	54.9148136419
	46.3415399753	54.9216694026
	46.3515350822	54.9278847595
	46.3619152927	54.9334330975
	46.372636157	54.9382906579
	46.3836517667	54.9424366399
	46.3949149514	54.9458532896
	46.4063774803	54.9485259765
	46.4179902691	54.9504432557
	46.4297035902	54.9515969171
	46.4414672852	54.9519820206
	46.4532309801	54.9515969171
	46.4649443012	54.9504432557
	46.47655709	54.9485259765
	46.4880196189	54.9458532896
	46.4896281196	54.9454142925
	46.4919153181	54.9447786578
	46.5227501543	54.9389664384
	46.5245230934	54.9386230224
	46.5359856223	54.9359503355
	46.545081201	54.9332541717
	46.5636568874	54.9272105496
	46.5754595825	54.9241670544
	46.5771004295	54.9237356749
	46.5883636142	54.9203190251
	46.5993792239	54.9161730432
	46.6041977713	54.914094271
	46.6141039553	54.910328927
	46.6150677906	54.9099264107
	46.6361783252	54.901038166
	46.6459353543	54.8965831219
	46.6563155647	54.8910347839
	46.657187512	54.8905281003
	46.6618792239	54.8886614465
	46.6726000882	54.8838038861
	46.6743788388	54.8829144446
	46.6929945614	54.8734768836
	46.7015960213	54.868817987
	46.7089864537	54.8643105829
	46.7153091378	54.8611920444
	46.7186872624	54.8595730576
	46.7756998366	54.856879595
	46.778975609	54.8566948785
	46.7906889301	54.8555412171
	46.7971817286	54.8545655542
	46.8169113429	54.8512315088
	46.8220313332	54.8502898925
	46.8334938621	54.8476172056
	46.8410845622	54.8454033556
	46.8569155558	54.8404061021
	46.8605880404	54.8392033025
	46.8716036502	54.8350573205
	46.8791228099	54.8317395445
	46.8817151365	54.8328371667
	46.8918899034	54.8366954024
	46.8964106027	54.8387681443
	46.9025433835	54.8414431238
	46.9135589933	54.8455891057
	46.9203189502	54.8477361182
	46.927818645	54.849956272
	46.9323218728	54.8512259092
	46.9437844017	54.8538985961
	46.9479159395	54.854670341
	46.9654254	54.8577297283
	46.972906651	54.8588752625
	46.9828588265	54.8599048088
	47.0012468295	54.8612914139
	47.0144986759	54.8646430807
	47.0235115745	54.866677832
	47.0351243634	54.8685951111
	47.0468376844	54.8697487726
	47.0586013794	54.8701338761
	47.0802764893	54.8701338761
	47.0920401842	54.8697487726
	47.1037535053	54.8685951111
	47.113949001	54.8669538398
	47.1314432027	54.8636197944
	47.1328604958	54.8633437865
	47.1443230247	54.8606710997
	47.1528325859	54.8581644884
	47.1606145683	54.855662047
	47.1633681918	54.8547520085
	47.1743838015	54.8506060266
	47.179266566	54.8484984171
	47.1919733468	54.8543244797
	47.1981061277	54.8569994592
	47.2091217374	54.8611454411
	47.2116876664	54.8619950094
	47.2286722967	54.8697477807
	47.2345288572	54.8722963953
	47.2455444669	54.8764423772
	47.2568076516	54.8798590269
	47.2682701805	54.8825317138
	47.2798829693	54.884448993
	47.2915962904	54.8856026544
	47.3033599854	54.8859877579
	47.3151236803	54.8856026544
	47.3268370014	54.884448993
	47.3384497902	54.8825317138
	47.3499123191	54.8798590269
	47.3611755038	54.8764423772
	47.3721911135	54.8722963953
	47.3829119778	54.8674388348
	47.3932921883	54.8618904968
	47.4032872952	54.8556751399
	47.4128544981	54.8488193792
	47.4219528286	54.8413525723
	47.4305433264	54.8333066931
	47.4316411642	54.8321992961
	47.4370501614	54.8296428143
	47.4474303719	54.8240944763
	47.4574254788	54.8178791194
	47.4669926817	54.8110233587
	47.4760910122	54.8035565518
	47.48468151	54.7955106726
	47.4927273892	54.7869201748
	47.5001941961	54.7778218443
	47.5070499568	54.7682546414
	47.5132653137	54.7582595345
	47.5184718191	54.74856877
	47.5209666311	54.7435638872
	47.5210424033	54.7434110614
	47.5228105554	54.7452329627
	47.5314010532	54.7532788419
	47.5404993837	54.7607456488
	47.5500665866	54.7676014094
	47.5600616936	54.7738167663
	47.5672034535	54.7777272564
	47.5696712092	54.7855834628
	47.5735404615	54.7959271522
	47.5760429029	54.8020382972
	47.5763196326	54.8027102176
	47.581177193	54.8134310818
	47.5867255311	54.8238112923
	47.592940888	54.8338063992
	47.5997966486	54.8433736021
	47.6072634555	54.8524719326
	47.6153093347	54.8610624304
	47.6238998325	54.8691083096
	47.632998163	54.8765751165
	47.6425653659	54.8834308772
	47.6525604729	54.8896462341
	47.6629406833	54.8951945721
	47.6736615476	54.9000521326
	47.6846771573	54.9041981145
	47.6929905681	54.9067974106
	47.7007725505	54.9090251938
	47.7037223244	54.9098425474
	47.7151848533	54.9125152343
	47.7267976422	54.9144325135
	47.734941961	54.9153165623
	47.7446618097	54.9161481663
	47.7482308119	54.9164177789
	47.7590681788	54.916800497
	47.8123976466	54.9170751552
	47.8128418663	54.917061758
	47.8133239746	54.9170775406
	47.8250876696	54.9166924371
	47.8261054496	54.916622829
	47.8377784232	54.915791225
	47.8484739643	54.9147071717
	47.8600867531	54.9127898925
	47.871549282	54.9101172056
	47.8828124667	54.9067005559
	47.883611218	54.9064273242
	47.8898936512	54.9042617885
	47.9040550393	54.9105383596
	47.9081052121	54.9122744226
	47.9191208219	54.9164204045
	47.9274342327	54.9190197007
	47.9352162151	54.9212474839
	47.938165989	54.9220648374
	47.9496285179	54.9247375243
	47.9612413067	54.9266548035
	47.9729546278	54.927808465
	47.9847183228	54.9281935685
	47.9880804776	54.9281621418
	47.9927837871	54.9302000776
	47.9994518779	54.9329771772
	47.9997723874	54.9331102991
	48.0107879972	54.937256281
	48.0220511819	54.9406729307
	48.0335137108	54.9433456176
	48.0355207083	54.9437329921
	48.044408953	54.9453962001
	48.0540147442	54.9469261048
	48.0657280653	54.9480797662
	48.0774917603	54.9484648697
	48.0892554552	54.9480797662
	48.1009687763	54.9469261048
	48.108040725	54.9458516
	48.1160973656	54.9444630502
	48.1206382057	54.9436202758
	48.1321007347	54.9409475889
	48.1433639193	54.9375309392
	48.1543795291	54.9333849573
	48.1651003934	54.9285273969
	48.1686433303	54.9267313085
	48.1750291336	54.9234048925
	48.181866407	54.9196526428
	48.191861514	54.9134372859
	48.1961340213	54.9104924644
	48.2060021131	54.9114128961
	48.209491847	54.9116075932
	48.2176982663	54.9119854976
	48.2212358136	54.9124870179
	48.2320853936	54.9135819788
	48.2464478505	54.9145927936
	48.2772151638	54.9186175119
	48.2887810438	54.9197518243
	48.3005447388	54.9201369278
	48.3123084338	54.9197518243
	48.3240217548	54.9185981629
	48.3356345436	54.9166808837
	48.3470970725	54.9140081968
	48.3583602572	54.9105915471
	48.369375867	54.9064455652
	48.3800967313	54.9015880048
	48.3904769417	54.8960396667
	48.4004720486	54.8898243098
	48.4100392515	54.8829685492
	48.4191375821	54.8755017422
	48.4277280798	54.8674558631
	48.4303157774	54.8646930065
	48.4328768826	54.8635325848
	48.44104395	54.8592412118
	48.4718819627	54.8420140389
	48.4740951058	54.8407570739
	48.4820171514	54.8359062985
	48.4826902691	54.8355695387
	48.4911553826	54.8310481721
	48.4924370506	54.8313079589
	48.4979708304	54.8323190039
	48.5142290702	54.8350274389
	48.5203080792	54.8359336732
	48.5320214002	54.8370873346
	48.5437850952	54.8374724381
	48.5549654034	54.8371246198
	48.5611362852	54.8367402967
	48.5743751549	54.8382050228
	48.5823906629	54.8389107599
	48.5941543579	54.8392958634
	48.6059180529	54.8389107599
	48.6176313739	54.8377570985
	48.6250045663	54.8366304111
	48.6336675727	54.835122188
	48.6338094804	54.8351302042
	48.6535314653	54.8362364664
	48.6753684313	54.8361336603
	48.677311068	54.8359957669
	48.7245293907	54.8323870633
	48.7343000751	54.8313712952
	48.7347960164	54.8313053015
	48.7574211701	54.8282625947
	48.7649449014	54.8290001756
	48.7655253687	54.8290561312
	48.7689578337	54.8323731135
	48.7972857756	54.859030218
	48.8019546421	54.8632718228
	48.8110529726	54.8707386297
	48.8206201755	54.8775943903
	48.8232087043	54.8792919536
	48.8271586245	54.8824116034
	48.8362487675	54.8889474999
	48.8423879371	54.8940813535
	48.8482767885	54.8987995428
	48.8502469362	54.9002899068
	48.858947094	54.9084768432
	48.8636154087	54.9127179288
	48.8727137392	54.9201847357
	48.8822809421	54.9270404963
	48.8864080858	54.9297172625
	48.9036352586	54.9405586321
	48.9095032219	54.9440972228
	48.9198834323	54.9496455609
	48.9306042966	54.9545031213
	48.9416199064	54.9586491033
	48.9452607443	54.95984191
	48.9663712789	54.9665100008
	48.9739936257	54.9687338438
	48.9854561546	54.9714065307
	48.9940910101	54.9729064041
	49.0202064276	54.976789766
	49.0231843609	54.9772071717
	49.0319664846	54.9780721354
	49.0386759006	54.9828800349
	49.040608335	54.9841533408
	49.0461625342	54.9877620444
	49.0542252067	54.9927040954
	49.0609517427	54.9963986122
	49.0670035931	54.9995564135
	49.0719864571	55.0027170111
	49.0783951286	55.0065972228
	49.0887753391	55.0121455609
	49.0994962033	55.0170031213
	49.1015273682	55.0178299865
	49.1084701172	55.0206070861
	49.1174545621	55.0239262029
	49.1287177468	55.0273428526
	49.1401802757	55.0300155395
	49.1466199341	55.0311751185
	49.1539382547	55.0323559114
	49.1633421249	55.0381802836
	49.1681168083	55.0410363098
	49.1784970187	55.0465846478
	49.1855864473	55.0498910996
	49.1925368257	55.0529504868
	49.1961682615	55.0545015954
	49.2071838712	55.0586475774
	49.2184470559	55.0620642271
	49.2291253818	55.0645791127
	49.2455056918	55.0679131581
	49.2462898948	55.0680709594
	49.2579026837	55.0699882386
	49.2696160047	55.0711419
	49.2813796997	55.0715270035
	49.2931433947	55.0711419
	49.3048567157	55.0699882386
	49.3164695046	55.0680709594
	49.3279320335	55.0653982725
	49.3391952182	55.0619816228
	49.3502108279	55.0578356409
	49.3609316922	55.0529780804
	49.3713119026	55.0474297424
	49.3813070096	55.0412143855
	49.3908742124	55.0343586248
	49.3921818407	55.0333456596
	49.4122365215	55.0176620518
	49.4231360695	55.0158401244
	49.4345985984	55.0131674375
	49.4448658037	55.010085636
	49.4515338945	55.0078654822
	49.4525298739	55.007530634
	49.4635454837	55.0033846521
	49.474266348	54.9985270917
	49.4779590828	54.9966528829
	49.484344886	54.9933188375
	49.4910323616	54.9896447082
	49.5010274686	54.9834293513
	49.5105946714	54.9765735907
	49.519693002	54.9691067838
	49.5282834998	54.9610609046
	49.536329379	54.9524704068
	49.5406807691	54.9473167881
	49.5414158555	54.9464123055
	49.5450976468	54.9446483075
	49.5489399593	54.9426959145
	49.5553257626	54.9393542397
	49.5618636604	54.9357582946
	49.5718587674	54.9295429377
	49.5814259703	54.9226871771
	49.5869949098	54.9182358838
	49.5919997926	54.9140702344
	49.5955291836	54.9110547208
	49.6041196814	54.9030088416
	49.6121655606	54.8944183438
	49.6196323675	54.8853200132
	49.6264881281	54.8757528104
	49.631412715	54.8679572223
	49.6386540586	54.8626819891
	49.6477523892	54.8552151822
	49.656342887	54.847169303
	49.6643887662	54.8385788052
	49.6718555731	54.8294804747
END
END
