Карелия
1
	31.1087474387	66.8604859264
	31.205679019	66.8410177408
	31.3791108022	66.8415126415
	31.483741039	66.8428890069
	31.4847919588	66.8428615212
	31.4861068726	66.842904567
	31.4957740601	66.8426445875
	31.5371635255	66.8404168043
	31.5392600329	66.8402916803
	31.5509733539	66.8391380189
	31.5564835175	66.838325611
	31.5870392426	66.833335987
	31.5931418678	66.8322311156
	31.6046043968	66.8295584288
	31.6158675814	66.826141779
	31.6268831912	66.8219957971
	31.6342622311	66.8187436389
	31.6514855893	66.8106869983
	31.6548274136	66.8090815961
	31.6652076241	66.803533258
	31.670611213	66.8002859195
	31.6772754891	66.7961202701
	31.6818670071	66.7931522517
	31.69143421	66.7862964911
	31.7005325406	66.7788296841
	31.7091230383	66.7707838049
	31.7170644157	66.7623123629
	31.7251210563	66.7531418307
	31.7252255582	66.7530227749
	31.7326923651	66.7439244444
	31.7395481257	66.7343572415
	31.7457634826	66.7243621346
	31.7513118207	66.7139819241
	31.7520980286	66.7123673832
	31.7535416503	66.7099120613
	31.758576291	66.7005651568
	31.7602433137	66.6972387408
	31.7607570111	66.6962054349
	31.7638802812	66.6895307437
	31.7774304877	66.6884441968
	31.7865309101	66.6874809144
	31.7976787511	66.6856554824
	31.8132350866	66.6826037246
	31.8137000344	66.6825118774
	31.8251625633	66.6798391905
	31.8364257479	66.6764225408
	31.8474413577	66.6722765588
	31.8516999725	66.6704479526
	31.8691979889	66.6626659702
	31.8756602383	66.659637016
	31.8860404488	66.6540886779
	31.8960355557	66.647873321
	31.8976681389	66.646769479
	31.9037792839	66.6425885708
	31.9117139036	66.6368366522
	31.9208122342	66.6293698453
	31.9294027319	66.6213239661
	31.9374486111	66.6127334683
	31.9449154181	66.6036351377
	31.9517711787	66.5940679349
	31.9542609383	66.5902373073
	31.9597388436	66.5815703151
	31.9616526369	66.5784734045
	31.9673275141	66.5704625882
	31.973542871	66.5604674813
	31.9790912091	66.5500872708
	31.9839487695	66.5393664065
	31.9855406658	66.5351368395
	31.9891693534	66.5352600608
	32.0070372851	66.5349785699
	32.0129272945	66.5344952206
	32.0162443236	66.5341680744
	32.0478650717	66.533712302
	32.0570365221	66.5333458795
	32.0631700044	66.5328383502
	32.0634816696	66.5328071837
	32.0663909912	66.5328307145
	32.0675382874	66.5328270553
	32.0931925792	66.5326634116
	32.149151058	66.5356953362
	32.1571994355	66.5359508948
	32.1953516114	66.5363078398
	32.197571236	66.5412066556
	32.2012958066	66.5483513119
	32.2074069516	66.5594597103
	32.2092307191	66.5626952645
	32.215446076	66.5726903714
	32.2223018366	66.5822575743
	32.2297686435	66.5913559048
	32.2378145227	66.5999464026
	32.2464050205	66.6079922818
	32.255503351	66.6154590887
	32.2650705539	66.6223148493
	32.2750656608	66.6285302062
	32.2854458713	66.6340785443
	32.2961667356	66.6389361047
	32.3071823453	66.6430820867
	32.31844553	66.6464987364
	32.3299080589	66.6491714233
	32.3413887021	66.6510712553
	32.3644371029	66.6541230131
	32.3645692486	66.6541404603
	32.3762825697	66.6552941217
	32.3880462646	66.6556792252
	32.3918298332	66.6556394258
	32.3982769819	66.6555037757
	32.4100292936	66.6561202745
	32.4146746553	66.6645537491
	32.4164527039	66.6677062508
	32.4226680608	66.6777013577
	32.4295238214	66.6872685606
	32.4369906284	66.6963668911
	32.4450365076	66.7049573889
	32.4536270053	66.7130032681
	32.4627253359	66.720470075
	32.4722925388	66.7273258357
	32.4798050881	66.7320812626
	32.488136387	66.7370708867
	32.4906189445	66.7385308166
	32.500999155	66.7440791547
	32.5117200193	66.7489367151
	32.51935334	66.7518968527
	32.5293478469	66.7555131857
	32.5327301359	66.75669903
	32.5439933205	66.7601156797
	32.5554558494	66.7627883666
	32.5616835573	66.7639136182
	32.595847986	66.7694678174
	32.601233067	66.770259845
	32.612946388	66.7714135065
	32.624710083	66.77179861
	32.6284914425	66.7717588571
	32.6356669888	66.7716079694
	32.6545047547	66.7724452035
	32.6624908447	66.7726225846
	32.6662339591	66.7725836318
	32.7131911242	66.771606206
	32.7198694434	66.7718997585
	32.7218249439	66.7718787145
	32.7277679443	66.7720732682
	32.7395316393	66.7716881647
	32.7439013101	66.7713482466
	32.765540642	66.7693993996
	32.8118604645	66.7684164499
	32.8198081286	66.7680718317
	32.8259318799	66.7675652752
	32.8327696488	66.7668818738
	32.8520707511	66.7664801162
	32.8600913317	66.7661339654
	32.8655825322	66.7656895007
	32.8767443364	66.7646137561
	32.8800783279	66.7642610447
	32.8810052993	66.7641542331
	32.8838934284	66.7637977479
	32.8955062172	66.7618804687
	32.9069687461	66.7592077818
	32.9182319308	66.7557911321
	32.9246556656	66.7534569696
	32.9307733197	66.7544669984
	32.9424866407	66.7556206598
	32.9428412978	66.7556435534
	32.9446418349	66.7557579943
	32.9451236611	66.7557879697
	32.9522685891	66.7562228452
	32.9749594958	66.7561699762
	32.9866728168	66.7550163148
	32.9982856056	66.7530990356
	32.9997039468	66.752810973
	33.0056500763	66.7545143374
	33.0171126052	66.7571870243
	33.0211973241	66.7579505822
	33.0432326144	66.761806758
	33.0745466172	66.7733098611
	33.0787514868	66.7747956076
	33.0873785147	66.7774843768
	33.1840660282	66.804973964
	33.186702185	66.8057018445
	33.1981647139	66.8083745314
	33.2097775027	66.8102918106
	33.2214908237	66.811445472
	33.2332545187	66.8118305755
	33.2450182137	66.811445472
	33.2567315347	66.8102918106
	33.2683443236	66.8083745314
	33.2798068525	66.8057018445
	33.2910700372	66.8022851948
	33.3020856469	66.7981392129
	33.3128065112	66.7932816525
	33.3189209043	66.7901194968
	33.3334276896	66.7822616547
	33.4215134178	66.772951781
	33.5140861713	66.7635055817
	33.5193044881	66.7628959706
	33.5309172769	66.7609786915
	33.5423798058	66.7583060046
	33.5536429905	66.7548893548
	33.5617124539	66.7519333294
	33.8235744696	66.6488473775
	33.826520616	66.647657421
	33.8372414803	66.6427998606
	33.8456361079	66.6383811481
	34.1587571017	66.4628648959
	34.3952897072	66.391530051
	34.4011711113	66.3896455563
	34.412186721	66.3854995744
	34.4229075853	66.3806420139
	34.4332877958	66.3750936759
	34.4432829027	66.368878319
	34.4528501056	66.3620225583
	34.4619484361	66.3545557514
	34.4705389339	66.3465098722
	34.4785848131	66.3379193744
	34.48605162	66.3288210439
	34.4929073806	66.319253841
	34.4975880484	66.3118660045
	34.5037601345	66.3015791944
	34.5088035252	66.30231601
	34.5205168462	66.3034696714
	34.5322805412	66.3038547749
	34.5440442362	66.3034696714
	34.551612699	66.302812829
	34.7285237582	66.2836873091
	34.7326686164	66.2831904901
	34.7442814052	66.2812732109
	34.7557439341	66.278600524
	34.7670071188	66.2751838743
	34.7780227285	66.2710378923
	34.7887435928	66.2661803319
	34.7991238033	66.2606319939
	34.8091189102	66.254416637
	34.8166572234	66.2490950275
	35.0605076023	66.0674025884
	35.0625364919	66.0658684372
	35.0716348225	66.0584016303
	35.0802253203	66.0503557511
	35.0882711995	66.0417652533
	35.0892730719	66.0406130072
	35.2088075714	65.9019529879
	35.2152725058	65.8940069034
	35.2221282664	65.8844397005
	35.2283436233	65.8744445936
	35.2338919614	65.8640643832
	35.2387495218	65.8533435189
	35.2428955038	65.8423279091
	35.2463121535	65.8310647244
	35.2489848404	65.8196021955
	35.2509021196	65.8079894067
	35.252055781	65.7962760856
	35.2524408845	65.7845123907
	35.252055781	65.7727486957
	35.251208922	65.7634968091
	35.2320834021	65.6009298899
	35.2317765996	65.5984684554
	35.2298593204	65.5868556666
	35.2271866336	65.5753931377
	35.2238861003	65.5644731563
	35.1256942078	65.273283406
	35.2314818112	65.189637394
	35.4386925295	65.0280130338
	35.5563357531	65.0008645975
	35.6985124588	65.0169600737
	35.752404552	65.0939487783
	35.7570591875	65.1002978272
	35.7645259944	65.1093961577
	35.7725718736	65.1179866555
	35.7811623714	65.1260325347
	35.7902607019	65.1334993416
	35.7998279048	65.1403551022
	35.8098230118	65.1465704592
	35.8202032222	65.1521187972
	35.8309240865	65.1569763576
	35.8419396962	65.1611223396
	35.8532028809	65.1645389893
	35.8646654098	65.1672116762
	35.8759836657	65.1690899319
	36.019425065	65.1882154518
	36.019719598	65.1882544753
	36.031432919	65.1894081367
	36.043196614	65.1897932402
	36.054960309	65.1894081367
	36.06667363	65.1882544753
	36.0782864189	65.1863371961
	36.0897489478	65.1836645092
	36.1010121325	65.1802478595
	36.1120277422	65.1761018776
	36.1227486065	65.1712443171
	36.1331288169	65.1656959791
	36.1431239239	65.1594806222
	36.1526911267	65.1526248615
	36.1617894573	65.1451580546
	36.1703799551	65.1371121754
	36.1784258343	65.1285216776
	36.1803894421	65.1262444929
	36.5258010937	64.7188358782
	36.7448208085	64.6255497033
	36.7538907635	64.6213856198
	36.7642709739	64.6158372817
	36.7742660809	64.6096219248
	36.7838332837	64.6027661642
	36.7929316143	64.5952993572
	36.8015221121	64.587253478
	36.8095679913	64.5786629803
	36.8170347982	64.5695646497
	36.8238905588	64.5599974468
	36.8301059157	64.5500023399
	36.8356542538	64.5396221295
	36.8405118142	64.5289012652
	36.8446577961	64.5178856554
	36.8471370567	64.5099896417
	36.9092949964	64.2948275427
	36.9102323856	64.2914603718
	36.9129050724	64.2799978428
	36.9148223516	64.268385054
	36.9159760131	64.256671733
	36.9163611166	64.244908038
	36.9159760131	64.233144343
	36.9148223516	64.221431022
	36.9129050724	64.2098182331
	36.9102323856	64.1983557042
	36.9068157358	64.1870925195
	36.9026697539	64.1760769098
	36.8978121935	64.1653560455
	36.8922638554	64.1549758351
	36.8860484985	64.1449807281
	36.8791927379	64.1354135253
	36.871725931	64.1263151947
	36.8636800518	64.1177246969
	36.855089554	64.1096788177
	36.8469227744	64.1029316704
	36.7608579348	64.0359923507
	36.7599263839	64.0352726911
	36.750359181	64.0284169305
	36.7467568193	64.0260716846
	36.6845933028	63.9866509181
	36.6856833607	63.9804634315
	36.6867069646	63.9775313998
	36.6901236143	63.9662682151
	36.690952245	63.9630576362
	36.6923331654	63.9574958076
	36.6941772216	63.9492438576
	36.6960945008	63.9376310687
	36.6972481622	63.9259177477
	36.6972807647	63.9254092969
	36.6983620538	63.9142524035
	36.6987471573	63.9024887085
	36.698509514	63.8932458377
	36.6998218684	63.8913091458
	36.7030427714	63.8863118598
	36.7094285746	63.8760350654
	36.7124230285	63.8710372444
	36.7179713666	63.860657034
	36.722828927	63.8499361697
	36.7269749089	63.83892056
	36.7303915586	63.8276573753
	36.7311499882	63.8247285676
	36.732538538	63.8191743684
	36.7344527953	63.8106406471
	36.7363700745	63.7990278583
	36.737523736	63.7873145373
	36.7379088395	63.7755508423
	36.7377274559	63.7674752008
	36.7374527977	63.7613640558
	36.7372490778	63.7576760023
	36.7360954163	63.7459626813
	36.7341781371	63.7343498924
	36.7315054502	63.7228873635
	36.7300095115	63.7176258206
	36.7283386741	63.7120716214
	36.7264179631	63.7060699796
	36.7222719812	63.6950543699
	36.7174144208	63.6843335056
	36.7118660827	63.6739532951
	36.7056507258	63.6639581882
	36.6987949652	63.6543909853
	36.6928993139	63.6471085242
	36.6892704157	63.6414514743
	36.6824146551	63.6318842714
	36.6749478482	63.6227859409
	36.6746390256	63.6224347184
	36.6415808591	63.5849362443
	36.6338438025	63.576696969
	36.6252533047	63.5686510898
	36.6161549742	63.5611842829
	36.6145895339	63.5599966077
	36.6085830777	63.5544833041
	36.5994847471	63.5470164972
	36.5968002979	63.5449961991
	36.5787415211	63.5316676468
	36.5718587674	63.5268321844
	36.5618636604	63.5206168275
	36.5524134527	63.5155304582
	36.5301966558	63.5044144304
	36.5292666531	63.5039524615
	36.5185457888	63.4990949011
	36.5082326673	63.4951889997
	36.4823995374	63.4863007551
	36.4816970492	63.4860606746
	36.4704338645	63.4826440249
	36.4660814136	63.4815358425
	36.4177491992	63.4698704983
	36.4106391213	63.4683059937
	36.4001412542	63.4665727889
	36.4019779607	63.4616927767
	36.4053946104	63.4504295921
	36.4080672973	63.4389670632
	36.4099845765	63.4273542743
	36.4108479783	63.4194493958
	36.4126056819	63.4168676175
	36.4166214359	63.4105790527
	36.4196731937	63.4055741699
	36.4218727966	63.4018676277
	36.4274211346	63.3914874173
	36.4280637403	63.3900691564
	36.4293781976	63.3898345393
	36.4328635475	63.3891769164
	36.4443260764	63.3865042295
	36.4555892611	63.3830875798
	36.4631042673	63.3803487655
	36.4794845774	63.3739629622
	36.4829851809	63.3725557947
	36.4937060452	63.3676982343
	36.5040862557	63.3621498962
	36.5076623679	63.3600297478
	36.5140558005	63.3561387566
	36.5204747952	63.3520435481
	36.5300419981	63.3451877874
	36.5391403286	63.3377209805
	36.5477308264	63.3296751013
	36.5557767056	63.3210846035
	36.5632435125	63.311986273
	36.5700992732	63.3024190701
	36.5763146301	63.2924239632
	36.5818629681	63.2820437527
	36.5867205286	63.2713228884
	36.5908665105	63.2603072787
	36.5942831602	63.249044094
	36.5969558471	63.2375815651
	36.5988731263	63.2259687763
	36.6000267877	63.2142554552
	36.6004118912	63.2024917603
	36.6004118912	63.197769165
	36.6000267877	63.1860054701
	36.5988731263	63.174292149
	36.5969558471	63.1626793602
	36.5942831602	63.1512168313
	36.5908665105	63.1399536466
	36.5867205286	63.1289380368
	36.5818629681	63.1182171726
	36.5763146301	63.1078369621
	36.5700992732	63.0978418552
	36.5632435125	63.0882746523
	36.5557767056	63.0791763217
	36.5477308264	63.070585824
	36.5391403286	63.0625399448
	36.5300419981	63.0550731379
	36.5295699901	63.0547121905
	36.5237335033	63.0502642535
	36.5204341931	63.0479082398
	36.5204747952	63.0478824763
	36.5300419981	63.0410267157
	36.5391403286	63.0335599088
	36.5438466002	63.029283095
	36.5603513812	63.013742908
	36.5647633726	63.0104633612
	36.5738617032	63.0029965543
	36.5776514807	62.9995766607
	36.610216187	62.9693409088
	36.6136069726	62.9678067804
	36.6204283299	62.9652619329
	36.6282562666	62.9621596682
	36.6294067541	62.9618309575
	36.6378097201	62.9592060491
	36.6449139414	62.9566267982
	36.6555862094	62.9533695622
	36.6595344358	62.9519778715
	36.6778487702	62.9452817268
	36.6898374599	62.9420723754
	36.6898781394	62.9420614805
	36.7011413241	62.9386448308
	36.7096201915	62.9355270584
	36.7212485065	62.9309164948
	36.752243187	62.9205095703
	36.7528075839	62.9203190251
	36.7638231936	62.9161730432
	36.7639024807	62.9161401793
	36.7719591213	62.9127985045
	36.7826006985	62.907973808
	36.7901353484	62.9040340578
	36.7942566997	62.9023304879
	36.7943789187	62.9022799158
	36.805099783	62.8974223553
	36.8154799935	62.8918740173
	36.8166536323	62.8911904955
	36.8198312991	62.8893237348
	36.8256533719	62.8865809857
	36.8300894005	62.884316491
	36.8332483734	62.8835267601
	36.877153938	62.8721273032
	36.8865090786	62.8704166847
	36.933641689	62.8655766125
	36.9387449603	62.8649787781
	36.9421879362	62.8644915991
	37.0128322721	62.853797934
	37.0493010989	62.8494009329
	37.0512480121	62.8491554139
	37.062860801	62.8472381347
	37.0743233299	62.8445654478
	37.0760825928	62.8440844817
	37.1238135049	62.8307748488
	37.1245903932	62.8311654375
	37.139032837	62.8383828448
	37.139884653	62.8388057172
	37.1506055173	62.8436632776
	37.1616211271	62.8478092595
	37.1728843117	62.8512259092
	37.1793341146	62.8528270289
	37.1987814413	62.8572749659
	37.2037941673	62.8583465331
	37.2154069562	62.8602638123
	37.2271202772	62.8614174737
	37.2307187853	62.8616171468
	37.2918302355	62.8643942464
	37.2937450623	62.8643750613
	37.2999954224	62.8645796769
	37.3009625618	62.8645770767
	37.3534604256	62.8642947891
	37.3642569811	62.8639122858
	37.3714148601	62.863299354
	37.3844687542	62.8619184336
	37.3890241962	62.8613777039
	37.395799392	62.8603540883
	37.4430177147	62.8522974477
	37.4472669212	62.8515198021
	37.4586652366	62.8492920189
	37.4592536232	62.8491760009
	37.4707161521	62.846503314
	37.4742483955	62.8455181518
	37.4934058052	62.8399639526
	37.5011367465	62.8375324651
	37.5120973396	62.8334092611
	37.517930148	62.8309954948
	37.5263687696	62.8286708426
	37.5364150668	62.8255848332
	37.5448587527	62.8224810058
	37.550450816	62.8202651446
	37.5509926414	62.8201208677
	37.5622558261	62.816704218
	37.5732714358	62.8125582361
	37.5839923001	62.8077006757
	37.5943725105	62.8021523376
	37.5995167638	62.7990667961
	37.6120137121	62.7912848137
	37.6168645657	62.7881549983
	37.6264317686	62.7812992376
	37.6355300991	62.7738324307
	37.6441205969	62.7657865515
	37.6485609046	62.7613462439
	37.6566067838	62.7527557461
	37.6640735907	62.7436574156
	37.6709293513	62.7340902127
	37.6771447082	62.7240951058
	37.6772613177	62.7238928291
	37.6889342913	62.7036138984
	37.6943660199	62.6934359647
	37.6992235803	62.6827151004
	37.7033695622	62.6716994906
	37.703683797	62.6707653848
	37.7072605535	62.6611404086
	37.7106772032	62.6498772239
	37.7128607631	62.640789905
	37.7164694667	62.6238450198
	37.7169585937	62.6214698097
	37.7188758729	62.6098570209
	37.7199535053	62.5992512905
	37.723829379	62.5949722378
	37.7312961859	62.5858739073
	37.7381519465	62.5763067044
	37.7443673034	62.5663115975
	37.7499156415	62.555931387
	37.7539104542	62.5472575343
	37.7564128956	62.5414210475
	37.7572756433	62.5393740359
	37.7614216252	62.5283584262
	37.7648382749	62.5170952415
	37.7674461171	62.5059571491
	37.7685600087	62.5004105793
	37.7686248534	62.5000861427
	37.7705421326	62.4884733539
	37.7716957941	62.4767600329
	37.7720808976	62.4649963379
	37.7716957941	62.4532326429
	37.7713385611	62.4486718547
	37.7702246695	62.4364495646
	37.769428241	62.4292970318
	37.7675109618	62.417684243
	37.7663821328	62.4124219736
	37.7650085204	62.4046227196
	37.7623358335	62.3931601906
	37.7595276339	62.3837214294
	37.7597557916	62.3806449206
	37.7597983299	62.3793455118
	37.76632974	62.3780410229
	37.7776543235	62.3753958311
	37.7889175082	62.3719791814
	37.7999331179	62.3678331995
	37.8019344875	62.3669900137
	37.8097164699	62.3636559683
	37.8184359647	62.3596415936
	37.8288161751	62.3540932556
	37.838811282	62.3478778986
	37.8483784849	62.341022138
	37.8574768155	62.3335553311
	37.8660673132	62.3255094519
	37.8741131924	62.3169189541
	37.8815799994	62.3078206236
	37.88843576	62.2982534207
	37.8946511169	62.2882583138
	37.900199455	62.2778781033
	37.9050570154	62.267157239
	37.9092029973	62.2561416293
	37.9100545772	62.2535694677
	37.9130863591	62.2453078891
	37.9164911185	62.234089057
	37.9199505948	62.2302566616
	37.9274174017	62.2211583311
	37.9342731623	62.2115911282
	37.9404885192	62.2015960213
	37.9419963681	62.1989322599
	37.9447734677	62.1939273771
	37.9488139569	62.186210928
	37.9536715173	62.1754900637
	37.9578174993	62.164474454
	37.9581674774	62.1634330124
	37.9617008611	62.153915372
	37.9645795342	62.1446154367
	37.9679500252	62.1436599978
	37.9773952156	62.1408828982
	37.9844741488	62.138641779
	37.9954897586	62.1344957971
	38.0062106229	62.1296382367
	38.0165908333	62.1240898986
	38.0265859402	62.1178745417
	38.0361531431	62.1110187811
	38.0452514737	62.1035519742
	38.0538419714	62.095506095
	38.0578342261	62.0913843953
	38.0619998755	62.0869440877
	38.0660535001	62.0824752896
	38.073520307	62.073376959
	38.0803760676	62.0638097562
	38.0865914245	62.0538146492
	38.0921397626	62.0434344388
	38.096997323	62.0327135745
	38.1011433049	62.0216979647
	38.1045599546	62.0104347801
	38.1072326415	61.9989722511
	38.1091499207	61.9873594623
	38.1103035821	61.9756461413
	38.1106707985	61.9664190195
	38.1130833074	61.9597472811
	38.1164999571	61.9484840965
	38.1191077993	61.9373460041
	38.1202216909	61.9317994343
	38.1202865356	61.9314749977
	38.1222038148	61.9198622089
	38.1233574762	61.9081488879
	38.1237425797	61.8963851929
	38.1233574762	61.8846214979
	38.1230002432	61.8800607096
	38.1224432974	61.8739495646
	38.121646869	61.8667970318
	38.1197295898	61.855184243
	38.1170569029	61.8437217141
	38.1136402532	61.8324585294
	38.1094942712	61.8214429197
	38.1046367108	61.8107220554
	38.0990883727	61.8003418449
	38.0928730158	61.790346738
	38.0860172552	61.7807795351
	38.0785504483	61.7716812046
	38.0705045691	61.7630907068
	38.0655317601	61.7583051487
	38.0653168368	61.7576469766
	38.0663719056	61.7506880145
	38.067525567	61.7389746935
	38.0679106705	61.7272109985
	38.067525567	61.7154473036
	38.0663719056	61.7037339825
	38.0644546264	61.6921211937
	38.0617819395	61.6806586648
	38.0593643942	61.6724268494
	38.0571442404	61.6654841004
	38.056145136	61.6624527311
	38.051999154	61.6514371213
	38.0471415936	61.640716257
	38.0415932556	61.6303360466
	38.0353778986	61.6203409396
	38.028522138	61.6107737368
	38.0210553311	61.6016754062
	38.0200273269	61.600513341
	38.0108567947	61.5902365466
	38.0038389197	61.582808114
	37.9952484219	61.5747622348
	37.9861500914	61.5672954279
	37.985709121	61.5669581394
	37.9740514061	61.5580698948
	37.9649251736	61.5515514226
	37.9549300667	61.5453360657
	37.9527567961	61.5441013815
	37.9528023614	61.5434256823
	37.9531874649	61.5316619873
	37.9531114667	61.5264338914
	37.9528368085	61.516988701
	37.9525277032	61.5104531019
	37.9513740418	61.4987397809
	37.9494567626	61.487126992
	37.9467840757	61.4756644631
	37.943367426	61.4644012784
	37.9392214441	61.4533856687
	37.9343638837	61.4426648044
	37.9288155456	61.4322845939
	37.9226001887	61.422289487
	37.9157444281	61.4127222841
	37.9082776212	61.4036239536
	37.900231742	61.3950334558
	37.8916412442	61.3869875766
	37.8825429136	61.3795207697
	37.8729757108	61.3726650091
	37.8629806038	61.3664496522
	37.8526003934	61.3609013141
	37.8418795291	61.3560437537
	37.8308639193	61.3518977717
	37.8196007347	61.348481122
	37.8081382057	61.3458084351
	37.7965254169	61.3438911559
	37.7965014264	61.3438879992
	37.7584460065	61.3388831164
	37.7467566759	61.3377326117
	37.736991351	61.3373586099
	37.7122721127	61.3370839517
	37.6985100477	61.3374579535
	37.6961835906	61.3376255939
	37.6871410021	61.3383361525
	37.6426313534	61.3392791536
	37.6117804354	61.3390548739
	37.546701887	61.3354155659
	37.5386738606	61.3351462668
	37.4976045263	61.3346862297
	37.4520380091	61.329776598
	37.4445334704	61.3291266547
	37.4411871466	61.328938619
	37.4251913481	61.3281892197
	37.4221995348	61.3277933399
	37.4220823627	61.3277778747
	37.4103690417	61.3266242133
	37.4070373556	61.326436864
	37.3569187923	61.3240847292
	37.3247856534	61.3193068112
	37.3218092304	61.3188896301
	37.3100959093	61.3177359686
	37.3069042287	61.3175552447
	37.2952312551	61.3169982989
	37.2933996232	61.3170145766
	37.2866592407	61.3167939193
	37.2748955457	61.3171790228
	37.2631822247	61.3183326843
	37.2515694359	61.3202499635
	37.240106907	61.3229226503
	37.2288437223	61.3263393001
	37.2178281125	61.330485282
	37.2156898655	61.3313871774
	37.2079078831	61.3347288523
	37.1993252658	61.3386845172
	37.1889450554	61.3442328553
	37.1789499484	61.3504482122
	37.1693827456	61.3573039728
	37.160284415	61.3647707797
	37.1600818029	61.3649605467
	37.1567979474	61.3652839782
	37.1451851585	61.3672012574
	37.1337226296	61.3698739443
	37.1281447552	61.3714653602
	37.118974223	61.3742424598
	37.1132889127	61.3760676936
	37.102273303	61.3802136755
	37.1019797964	61.3803355538
	37.087303013	61.3864452809
	37.0776687906	61.3893237023
	37.071356715	61.3913369173
	37.0637229348	61.3932046328
	37.0588508919	61.3945838805
	37.0455064715	61.3985653305
	37.032027945	61.4017042349
	37.0015316665	61.4082786435
	36.9949404828	61.4042154718
	36.974847608	61.3905859473
	36.9738057889	61.3898845525
	36.9638106819	61.3836691956
	36.9534304715	61.3781208575
	36.9427096072	61.3732632971
	36.9316939975	61.3691173152
	36.9204308128	61.3657006655
	36.9089682839	61.3630279786
	36.8976339863	61.3611475847
	36.8809713886	61.3589274309
	36.8806928974	61.3588905456
	36.8689795763	61.3577368842
	36.8572158813	61.3573517807
	36.8454521864	61.3577368842
	36.8363353783	61.3585679033
	36.7982799584	61.3630158403
	36.7956834454	61.3633384826
	36.7840706566	61.3652557618
	36.7830513486	61.3654615797
	36.7794176019	61.3662062418
	36.769874361	61.3673613398
	36.725032531	61.3685287283
	36.717949745	61.368852912
	36.7062364239	61.3700065734
	36.6966251444	61.3715375052
	36.6790224028	61.3748319743
	36.6778873267	61.374983641
	36.6768949896	61.3750407803
	36.6760648718	61.3742052087
	36.6674743741	61.3661593295
	36.661281116	61.3609693996
	36.656862362	61.3574323741
	36.6568407759	61.3574020228
	36.6552025695	61.3545029167
	36.6489872126	61.3445078098
	36.642131452	61.3349406069
	36.6382067427	61.3300073004
	36.6350905652	61.3262281839
	36.6328815608	61.3228403293
	36.6298748052	61.3184807367
	36.628255548	61.3156158928
	36.6220401911	61.3056207858
	36.6151844305	61.296053583
	36.6077176236	61.2869552524
	36.5996717444	61.2783647546
	36.5910812466	61.2703188754
	36.5819829161	61.2628520685
	36.5724157132	61.2559963079
	36.5624206063	61.249780951
	36.5520403958	61.2442326129
	36.5413195315	61.2393750525
	36.5303039218	61.2352290706
	36.5190407371	61.2318124209
	36.5149810727	61.2307751643
	36.5058181699	61.2285473811
	36.4984153053	61.2269119508
	36.4868025165	61.2249946716
	36.4867846225	61.2249923167
	36.4745354085	61.2233809275
	36.47379232	61.2232068599
	36.4678595802	61.2219223267
	36.4652369785	61.2214208662
	36.4539657308	61.2193523214
	36.3824464065	61.2016590686
	36.1503239129	61.1423921324
	36.1473894462	61.141669092
	36.1103885378	61.1328812848
	35.6463554668	61.0136036793
	35.6435532463	61.0129073115
	35.6433625114	61.0128615351
	35.6364768288	61.0113510377
	35.6294643709	61.0100999863
	35.598111069	61.005144901
	35.5960967954	61.0046551692
	35.5886939308	61.0030197388
	35.577081142	61.0011024597
	35.5749887739	61.0008394634
	35.5302828504	60.9954862649
	35.5007037335	60.9890060133
	35.4973014137	60.9882950074
	35.4862951594	60.9864586298
	35.4852609252	60.9863188892
	35.4668284165	60.9818488524
	35.4595282814	60.9802383668
	35.4479154926	60.9783210876
	35.4451281349	60.9779762426
	35.4259554664	60.9757560888
	35.4170295031	60.9749472723
	35.4052658081	60.9745621688
	35.3935021131	60.9749472723
	35.3817887921	60.9761009338
	35.3701760032	60.978018213
	35.3587134743	60.9806908999
	35.3474502897	60.9841075496
	35.3364346799	60.9882535315
	35.3257138156	60.9931110919
	35.3202704495	60.9959116117
	35.2980312035	61.00162848
	35.2937411297	61.0023994235
	35.2904640892	61.0030197388
	35.2790015603	61.0056924257
	35.2677383756	61.0091090755
	35.2567227658	61.0132550574
	35.2460019016	61.0181126178
	35.2356216911	61.0236609559
	35.2256265842	61.0298763128
	35.2160593813	61.0367320734
	35.2069610508	61.0441988803
	35.198370553	61.0522447595
	35.1903246738	61.0608352573
	35.1828578669	61.0699335878
	35.1793634296	61.0748100693
	35.177752987	61.0748500826
	35.0891382447	61.0751337692
	35.082227908	61.0752887056
	35.0155622586	61.0780658052
	35.0112847059	61.0782950507
	35.0034585463	61.0789799401
	34.9804333662	61.0815027255
	34.9654495689	61.0831405071
	34.9615159649	61.0836143615
	34.9499031761	61.0855316407
	34.9384406472	61.0882043276
	34.9344367957	61.0893269188
	34.91691613	61.0924161846
	34.90233957	61.0940358024
	34.8978269561	61.0942978866
	34.883674117	61.0942978866
	34.8784537083	61.0939223177
	34.8773108752	61.0938437567
	34.8655471802	61.0934586532
	34.8557898314	61.0937235083
	34.8302313598	61.0951120581
	34.8282250135	61.0952323065
	34.8165116925	61.096385968
	34.8148341259	61.0966148614
	34.7912287792	61.0999489068
	34.781293557	61.1016372926
	34.769831028	61.1043099794
	34.7585678434	61.1077266292
	34.7566709024	61.1083823799
	34.7313947183	61.1172782539
	34.7282470946	61.1184190834
	34.7139953672	61.1128841637
	34.7066955233	61.1102290706
	34.6954323387	61.1068124209
	34.6912352342	61.1057418056
	34.6820723314	61.1035216518
	34.6748069069	61.1019195802
	34.6651721082	61.1002738851
	34.6340594373	61.095825948
	34.6320814472	61.0955543639
	34.6247401038	61.0948093012
	34.621312799	61.0883972648
	34.6150974421	61.0784021579
	34.6082416815	61.068834955
	34.6079420374	61.0684455537
	34.5957197473	61.0526069306
	34.5885525845	61.0438980014
	34.5805067053	61.0353075036
	34.5719162075	61.0272616245
	34.5692110606	61.0249363235
	34.5639315196	61.0204883864
	34.557538336	61.0153468805
	34.5479711331	61.0084911199
	34.5379760262	61.002275763
	34.5334335219	60.9997400213
	34.5123306167	60.9883569646
	34.5064929105	60.9853443683
	34.4957720462	60.9804868079
	34.4847564364	60.9763408259
	34.4734932517	60.9729241762
	34.4620307228	60.9702514893
	34.4510244685	60.9684151118
	34.4407476741	60.967026562
	34.4401411395	60.9669456603
	34.4284278185	60.9657919989
	34.4166641235	60.9654068954
	34.4096027785	60.9655455605
	34.3954273635	60.9661025063
	34.3907250135	60.9663489447
	34.3790116925	60.9675026061
	34.3673989036	60.9694198853
	34.3563893513	60.97197183
	34.3469517903	60.9744742714
	34.3464988137	60.9745950136
	34.335235629	60.9780116633
	34.3244094744	60.9820792969
	34.3163528338	60.9854057129
	34.3161633786	60.9854840613
	34.3054425144	60.9903416217
	34.2950623039	60.9958899598
	34.293622408	60.9967302054
	34.2875036336	61.000338909
	34.2789484225	61.0057140203
	34.2693812197	61.0125697809
	34.2602828891	61.0200365878
	34.2574974218	61.0225310719
	34.2477775732	61.0314193165
	34.2419725427	61.0369707117
	34.2339266635	61.0455612094
	34.2310734156	61.048895923
	34.2215580359	61.0527002296
	34.2194989499	61.0535382605
	34.2087780856	61.0583958209
	34.1991607465	61.0635061988
	34.1242745015	61.0560205128
	34.1181479723	61.0555136786
	34.1082964902	61.0551387401
	34.0824633603	61.0548640819
	34.0687874525	61.0552390204
	34.0666176268	61.0553944217
	34.048602301	61.0567942179
	34.0472350829	61.0485131004
	34.0470601759	61.0476449582
	34.0442830762	61.0340341184
	34.0417852964	61.0234397317
	34.0383686467	61.012176547
	34.0342226648	61.0011609372
	34.0293651044	60.9904400729
	34.0238167663	60.9800598625
	34.0176014094	60.9700647556
	34.012889958	60.9633502282
	34.0051156049	60.9527911461
	34.0029712957	60.9499384707
	33.9955044888	60.9408401401
	33.9912064593	60.9361113397
	33.9883086168	60.9307373295
	33.9857613464	60.9261734489
	33.9795459895	60.916178342
	33.9753292944	60.9101390754
	33.9558819677	60.8834667121
	33.9532429022	60.8799387758
	33.9457760953	60.8708404453
	33.9405383132	60.8651214609
	33.9401890081	60.864664728
	33.9327222012	60.8555663974
	33.924676322	60.8469758996
	33.9160858242	60.8389300204
	33.9069874937	60.8314632135
	33.8974202908	60.8246074529
	33.8961122835	60.8237416963
	33.8953221495	60.8231319147
	33.8857549466	60.8162761541
	33.8793558679	60.812193068
	33.8722661192	60.8064616877
	33.8626989163	60.799605927
	33.8534221713	60.7938075311
	33.8467540805	60.7899165399
	33.8460357186	60.7894995789
	33.8356555081	60.7839512408
	33.8249346438	60.7790936804
	33.8238958045	60.7786671736
	33.8163961097	60.7756154158
	33.8064193392	60.7718959407
	33.7951561546	60.768479291
	33.7836936257	60.7658066041
	33.7774678104	60.7646816602
	33.7671910159	60.7630108228
	33.7618040424	60.7622184875
	33.7500907213	60.7610648261
	33.7383270264	60.7606797226
	33.7265633314	60.7610648261
	33.7206063795	60.7615547903
	33.6953301955	60.7640572317
	33.6895738263	60.7647209289
	33.6779610374	60.7666382081
	33.6747945961	60.7672977032
	33.6379258081	60.77532314
	33.6045780872	60.7810211775
	33.5758292652	60.7837729832
	33.5377061195	60.7863838628
	33.5281824487	60.7873359463
	33.526311282	60.7859950872
	33.516901841	60.7801193359
	33.5102337502	60.7762359741
	33.5096480843	60.7758963685
	33.4992678738	60.7703480304
	33.4885470095	60.76549047
	33.4775313998	60.7613444881
	33.4684219742	60.7585192929
	33.4595261002	60.7560168515
	33.4573723411	60.7554253969
	33.4459098122	60.75275271
	33.4373105671	60.7512581355
	33.4327125447	60.750573469
	33.4315882744	60.7501926087
	33.4204308128	60.7468118105
	33.4089682839	60.7441391236
	33.4018103807	60.742865147
	33.3859380504	60.7403699954
	33.3839388513	60.7353299436
	33.3790812909	60.7246090793
	33.3735329528	60.7142288688
	33.3673175959	60.7042337619
	33.3604618353	60.694666559
	33.3529950284	60.6855682285
	33.3449491492	60.6769777307
	33.3363586514	60.6689318515
	33.3272603208	60.6614650446
	33.317693118	60.654609284
	33.3113556073	60.6505636955
	33.304969804	60.6466727043
	33.3013122078	60.6445029359
	33.2909319974	60.6389545978
	33.2802111331	60.6340970374
	33.2791722938	60.6336705306
	33.271672599	60.6306187728
	33.2616958285	60.6268992976
	33.2504326438	60.6234826479
	33.2458363867	60.622315801
	33.2377487271	60.6147707797
	33.2286503965	60.6073039728
	33.2190831937	60.6004482122
	33.2128794009	60.5964841805
	33.2064935976	60.5925855599
	33.2027022835	60.5903342347
	33.1923220731	60.5847858966
	33.1816012088	60.5799283362
	33.1784921735	60.5786743476
	33.1707178205	60.5756225897
	33.162811246	60.5727305964
	33.1515480613	60.5693139467
	33.1400855324	60.5666412598
	33.1341753745	60.5655679248
	33.1237837928	60.5638594518
	33.122380886	60.5634774599
	33.1109183571	60.560804773
	33.1025947927	60.559351467
	33.082315862	60.5562997092
	33.0790266376	60.555835736
	33.0709136516	60.5549543707
	33.0481322795	60.5530012457
	33.0457138793	60.5528103279
	33.0226654784	60.5511471199
	33.0214835436	60.5510657416
	33.0116736014	60.5506912496
	32.992986112	60.5504882473
	32.9925528282	60.5504516863
	32.9905258267	60.5486468173
	32.9814274961	60.5411800104
	32.9718602933	60.5343242498
	32.9618651863	60.5281088929
	32.955482425	60.5245942266
	32.9215926545	60.5068177374
	32.9175952054	60.5047840656
	32.9068743411	60.4999265051
	32.8958587313	60.4957805232
	32.8892331926	60.4936733599
	32.8461881487	60.480894124
	32.8415505027	60.4795846376
	32.8300879738	60.4769119508
	32.818475185	60.4749946716
	32.8168559229	60.4747889621
	32.7737956201	60.4695170504
	32.7637015612	60.4685690985
	32.7625597385	60.4684979057
	32.715616074	60.4657208061
	32.7049942017	60.4654068954
	32.6932305067	60.4657919989
	32.6921843952	60.4658636276
	32.6532897419	60.4686407273
	32.6426225323	60.4697227599
	32.6360413653	60.4707133786
	32.6125884641	60.4746886317
	32.5956278958	60.4757575545
	32.5951775282	60.4757865057
	32.5834642071	60.4769401672
	32.5721180954	60.4788046105
	32.0529274736	60.5812624968
	31.7790578368	60.6344809826
	31.4004813383	60.7066485093
	31.3991764329	60.7069022627
	31.2964977304	60.7272633499
	30.9863485523	60.7853659769
	30.5003436621	60.8746911896
	30.0815371749	60.9499057581
	30.0783339151	60.9505110551
	30.0459915535	60.9569266517
	30.0106998458	60.9579885692
	30.0043457716	60.9582923041
	29.9953421735	60.9591101276
	29.9714507245	60.9618872272
	29.9687410016	60.9622230651
	29.9571282127	60.9641403443
	29.9456656838	60.9668130312
	29.9344024991	60.9702296809
	29.9274513829	60.9727497564
	29.9081773512	60.9801891007
	29.9039977456	60.9812554751
	29.8927345609	60.9846721248
	29.8863596656	60.9869709271
	29.8732435842	60.9919817923
	29.869554844	60.9929284487
	29.8589510565	60.9961226849
	29.8566979139	60.9962561713
	29.8564767052	60.996270807
	29.8047874059	60.9997226913
	29.7593237278	61.0008704774
	29.7478905793	61.0004201745
	29.7214766578	60.9982370407
	29.7184249193	60.998010932
	29.7066612244	60.9976258285
	29.702913959	60.9976258285
	29.700823904	60.9974543772
	29.6893057208	60.9955558898
	29.6780062622	60.9944298337
	29.6166201538	60.9902641842
	29.6162062914	60.990236579
	29.6044425964	60.9898514755
	29.5984353744	60.9899518199
	29.5651025497	60.9910657115
	29.5593460767	60.9913504706
	29.5476327557	60.992504132
	29.5435563262	60.9930883536
	29.5310555633	60.9950262199
	29.5235192039	60.9963592774
	29.512056675	60.9990319643
	29.5007934903	61.002448614
	29.4971303002	61.0037363613
	29.4879635826	61.0070704067
	29.4806111631	61.0099286414
	29.4698902988	61.0147862018
	29.4595100883	61.0203345399
	29.4495149814	61.0265498968
	29.4399477785	61.0334056574
	29.430849448	61.0408724643
	29.4222589502	61.0489183435
	29.414213071	61.0575088413
	29.4102555778	61.0621795037
	29.402755883	61.0713424065
	29.4007895135	61.0737880801
	29.378137295	61.0774994708
	29.3721291282	61.0785888917
	29.3606665993	61.0812615786
	29.3494034147	61.0846782283
	29.3383878049	61.0888242102
	29.3276669406	61.0936817706
	29.3243863356	61.0953414822
	29.3168866408	61.0992324734
	29.3097870354	61.1031210999
	29.2997919284	61.1093364568
	29.2918480165	61.1149611658
	29.2862900026	61.1191268152
	29.2851849517	61.1199616982
	29.2653117295	61.1240703816
	29.2545273966	61.1254182794
	29.2533574719	61.125568402
	29.2417446831	61.1274856812
	29.2302821541	61.1301583681
	29.2190189695	61.1335750178
	29.2080033597	61.1377209998
	29.1972824954	61.1425785602
	29.186902285	61.1481268983
	29.176907178	61.1543422552
	29.1673399752	61.1611980158
	29.1582416446	61.1686648227
	29.1496511468	61.1767107019
	29.1416052676	61.1853011997
	29.1341384607	61.1943995302
	29.1272827001	61.2039667331
	29.1210673432	61.21396184
	29.1155190051	61.2243420505
	29.1106614447	61.2350629148
	29.1065154628	61.2460785245
	29.1030988131	61.2573417092
	29.1004261262	61.2688042381
	29.098508847	61.280417027
	29.0973551856	61.292130348
	29.0969700821	61.303894043
	29.0973551856	61.3156577379
	29.098508847	61.327371059
	29.1004261262	61.3389838478
	29.1030988131	61.3504463767
	29.1065154628	61.3617095614
	29.1106614447	61.3727251712
	29.1155190051	61.3834460355
	29.1210673432	61.3938262459
	29.1272827001	61.4038213528
	29.1341384607	61.4133885557
	29.1416052676	61.4224868863
	29.1496511468	61.431077384
	29.1582416446	61.4391232632
	29.1612106325	61.4416704145
	29.187320328	61.4635820356
	29.1934496706	61.4685016913
	29.1950698198	61.4697303881
	29.1989828153	61.4737676573
	29.2075733131	61.4818135365
	29.2123282269	61.4858399456
	29.2159176491	61.4887742068
	29.2199782529	61.4921012821
	29.224478409	61.4956699577
	29.2340456118	61.5025257183
	29.2413299255	61.5071442251
	29.2755782867	61.5277245243
	29.27828908	61.5293213744
	29.2805784972	61.5306209245
	29.2951172976	61.5387335353
	29.2968221866	61.5398868708
	29.3068172935	61.5461022277
	29.317197504	61.5516505658
	29.3186328283	61.5523504855
	29.3317801686	61.5607257731
	29.3324648825	61.5611597922
	29.3406663156	61.5663325565
	29.3415169299	61.5680811978
	29.347065268	61.5784614083
	29.3532806249	61.5884565152
	29.3601363855	61.5980237181
	29.3676031924	61.6071220486
	29.3756490716	61.6157125464
	29.3842395694	61.6237584256
	29.3933379	61.6312252325
	29.4029051028	61.6380809931
	29.4129002098	61.64429635
	29.4232804202	61.6498446881
	29.4340012845	61.6547022485
	29.4450168943	61.6588482305
	29.4562800789	61.6622648802
	29.4677426079	61.6649375671
	29.4793553967	61.6668548463
	29.4910687177	61.6680085077
	29.4925773998	61.6681010272
	29.4984964986	61.6684390559
	29.5044494356	61.6688029619
	29.511156014	61.6693979664
	29.5409144748	61.6714775926
	29.552222227	61.6722736154
	29.5607903024	61.6775452464
	29.5656520427	61.6802527712
	29.5682951175	61.6820530085
	29.5782902244	61.6882683654
	29.5886704349	61.6938167035
	29.5948584168	61.6967234069
	29.6009771064	61.6994568476
	29.6058336426	61.7022598747
	29.6120532709	61.7108815367
	29.6195200778	61.7199798672
	29.627565957	61.728570365
	29.6361564548	61.7366162442
	29.6452547854	61.7440830511
	29.6531052935	61.7497773903
	29.6714387286	61.7623353737
	29.6731554233	61.7634967951
	29.6831505302	61.769712152
	29.6845034907	61.7704854887
	29.6853314737	61.7709540072
	29.6854879139	61.7710790712
	29.6881428981	61.7739617597
	29.693260766	61.7792943945
	29.7018512638	61.7873402737
	29.7109495943	61.7948070807
	29.7205167972	61.8016628413
	29.7233516359	61.8035186377
	29.7292563265	61.8082500738
	29.7388235294	61.8151058344
	29.7488186363	61.8213211913
	29.7587083506	61.826626715
	29.766484611	61.8304910034
	29.7669751071	61.8307338177
	29.7691463525	61.8317865106
	29.7769056522	61.8372730402
	29.7869007591	61.8434883972
	29.7896795597	61.8450600237
	29.8069364	61.8546189667
	29.808461707	61.8556218752
	29.817345858	61.8611008544
	29.8277260684	61.8666491925
	29.8384469327	61.8715067529
	29.8494625425	61.8756527348
	29.856219997	61.8777990065
	29.8586639133	61.8785225239
	29.8601433658	61.8792605817
	29.8708642301	61.8841181421
	29.8722432153	61.8846826559
	29.8743931605	61.8857608213
	29.8784204386	61.887685107
	29.8828068995	61.8897145524
	29.8964359379	61.8960318749
	29.9088751418	61.9018143804
	29.9154704842	61.910992935
	29.9189469161	61.9153804172
	29.9236962066	61.9211863772
	29.9276865817	61.9258972256
	29.9357324609	61.9344877234
	29.9443229587	61.9425336026
	29.9534212893	61.9500004095
	29.9598197198	61.9546895998
	29.9770144677	61.9667173403
	29.9801832401	61.9688839106
	29.990178347	61.9750992675
	30.0005585574	61.9806476056
	30.0087048776	61.9844152366
	30.0150591954	61.9871637571
	30.0251772543	61.9922509178
	30.0264202976	61.9928698956
	30.0371411618	61.997727456
	30.0401729333	61.9989510948
	30.0405718051	61.9992183833
	30.0505669121	62.0054337402
	30.0609471225	62.0109820782
	30.0714669726	62.0157562334
	30.0750947961	62.0194906226
	30.0836852939	62.0275365018
	30.0927836245	62.0350033087
	30.1023508273	62.0418590693
	30.1123459343	62.0480744262
	30.1227261447	62.0536227643
	30.131765885	62.0577739754
	30.1384751224	62.0612597882
	30.1491959867	62.0661173486
	30.1498505638	62.0663869753
	30.1513673179	62.0670082527
	30.1598486146	62.0716959161
	30.1677404384	62.0762236804
	30.1711543121	62.0785802317
	30.1734052859	62.0801090388
	30.1781032593	62.0831435477
	30.1790484287	62.0842300503
	30.1870943078	62.0928205481
	30.1956848056	62.1008664273
	30.2047831362	62.1083332342
	30.2143503391	62.1151889948
	30.224345446	62.1214043517
	30.2288465933	62.1239177783
	30.2365894282	62.1280969302
	30.2457000105	62.1331735587
	30.2536980533	62.1373706281
	30.2644189176	62.1422281885
	30.2754345273	62.1463741704
	30.2838790791	62.1490109551
	30.2845184504	62.1494537122
	30.2846331165	62.1495330514
	30.2992167042	62.1596152963
	30.301573392	62.161217132
	30.3061643446	62.164184797
	30.3110410455	62.1672331091
	30.3203779422	62.1739124445
	30.3303730491	62.1801278014
	30.3407532596	62.1856761395
	30.3508479886	62.190272962
	30.3536007324	62.1914253663
	30.3537535007	62.1915131437
	30.3625021346	62.1972261676
	30.3749860649	62.2062436707
	30.3750387201	62.2062963477
	30.3836292179	62.2143422269
	30.3927275484	62.2218090338
	30.3992782726	62.2266046365
	30.4125362515	62.2358582231
	30.4172535566	62.2399666024
	30.421548695	62.243711373
	30.4302546328	62.2508350653
	30.4398218356	62.2576908259
	30.4498169426	62.2639061828
	30.4562428015	62.267443448
	30.456715824	62.2676914033
	30.4590942165	62.2689156824
	30.4769693538	62.2779494151
	30.4806419225	62.2836774625
	30.4874976831	62.2932446653
	30.4949644901	62.3023429959
	30.50117493	62.3090711756
	30.507320452	62.3153980291
	30.5076605763	62.3157525026
	30.5086663349	62.3167922894
	30.5118057732	62.320011935
	30.5133996973	62.3216260901
	30.521990195	62.3296719693
	30.5310885256	62.3371387762
	30.5406557285	62.3439945368
	30.5426157098	62.3452857371
	30.5602834827	62.3567603474
	30.5683186083	62.3616845041
	30.5786988188	62.3672328422
	30.589419683	62.3720904026
	30.5929826982	62.3735218877
	30.5993990165	62.3760205135
	30.5997828779	62.3761694899
	30.6056708631	62.3784468642
	30.6127395963	62.3810123845
	30.624002781	62.3844290342
	30.6354653099	62.3871017211
	30.6435295129	62.3885158027
	30.6570583368	62.3905719245
	30.6606069226	62.3910751221
	30.6723202436	62.3922287836
	30.6728746773	62.3922642632
	30.676101999	62.3939874713
	30.6849619113	62.4003032832
	30.6882529341	62.4024506467
	30.6963237674	62.4099789761
	30.705422098	62.417445783
	30.7149893008	62.4243015437
	30.7249844078	62.4305169006
	30.7353646182	62.4360652386
	30.7460854825	62.4409227991
	30.7571010923	62.445068781
	30.7683642769	62.4484854307
	30.7693675403	62.4487511543
	30.7720592698	62.4494557796
	30.7811904943	62.4546426113
	30.7904755496	62.4595637738
	30.7989173728	62.463458909
	30.8198333579	62.4724615946
	30.822112399	62.4734240198
	30.8260172174	62.4748936893
	30.8341719464	62.4815861025
	30.8437391493	62.4884418631
	30.8537342563	62.49465722
	30.8544652494	62.4950769783
	30.8962093916	62.5189178248
	30.902623479	62.5228215385
	30.9074246586	62.5259008583
	30.9137621886	62.5297831252
	30.9440500831	62.5474869908
	30.9520953835	62.5523203281
	30.9547894005	62.5539070983
	30.9609605966	62.5573106112
	30.9717780414	62.5630031181
	30.9945055546	62.5764258815
	30.9960396293	62.5773217101
	31.0027252057	62.5809948479
	31.0112068657	62.5862099548
	31.0215870761	62.5917582928
	31.0293484944	62.5953589037
	31.0394006858	62.599734781
	31.0436912184	62.6017524501
	31.0441097002	62.6022999949
	31.0515765071	62.6113983254
	31.0596223863	62.6199888232
	31.0682128841	62.6280347024
	31.0773112146	62.6355015093
	31.0868784175	62.6423572699
	31.0968735244	62.6485726268
	31.104625579	62.6527980685
	31.1137083709	62.6574634421
	31.1163365268	62.6587863385
	31.1219518456	62.6614360129
	31.123908887	62.6637054532
	31.1319547662	62.6722959509
	31.140545264	62.6803418301
	31.1405697088	62.6803632637
	31.1428798587	62.6824246548
	31.1501401922	62.6884621212
	31.1700762945	62.7105066833
	31.1722541662	62.7138456143
	31.1791099268	62.7234128172
	31.1865767337	62.7325111477
	31.1946226129	62.7411016455
	31.2032131107	62.7491475247
	31.2037138872	62.7495850589
	31.2115167446	62.7587417503
	31.2131880618	62.7606750576
	31.221233941	62.7692655554
	31.22522239	62.7731326743
	31.2277320008	62.7776267525
	31.2304064114	62.7821075744
	31.2328908564	62.786136155
	31.2403334765	62.7991914299
	31.2502358636	62.8174722234
	31.2502723792	62.8175396006
	31.2606063941	62.8365978282
	31.262955008	62.8407943245
	31.2656680816	62.8453378106
	31.2686848224	62.8517726041
	31.2742331605	62.8621528145
	31.2775529481	62.8676722109
	31.2825807191	62.8757021487
	31.2854762884	62.8801778592
	31.292332049	62.8897450621
	31.2992865458	62.8982191409
	31.2976791862	62.8990958314
	31.2876840793	62.9053111883
	31.2781168764	62.9121669489
	31.2766348322	62.9133164879
	31.2752915457	62.9143696636
	31.2728298647	62.9150200923
	31.2722247506	62.9151811037
	31.2609615659	62.9185977534
	31.2499459562	62.9227437354
	31.2484629333	62.9233658056
	31.2451307952	62.9247810583
	31.2440092632	62.9252619017
	31.233925111	62.9296259153
	31.2258088016	62.9333805621
	31.2154285911	62.9389289002
	31.2054334842	62.9451442571
	31.2027932932	62.9469424925
	31.1759874155	62.9655505858
	31.1690604036	62.970608111
	31.1599620731	62.9780749179
	31.1513715753	62.9861207971
	31.1481012045	62.9894775112
	31.1324914633	63.0059226711
	31.1277159549	63.0111564548
	31.120249148	63.0202547854
	31.1187180682	63.0222795529
	31.114329259	63.0281694455
	31.1090045782	63.0357118808
	31.1027892213	63.0457069877
	31.0972408832	63.0560871982
	31.0923833228	63.0668080625
	31.0882373408	63.0778236722
	31.0865200791	63.0834847256
	31.0805584811	63.0861858905
	31.0701782707	63.0917342286
	31.0601831638	63.0979495855
	31.0576565909	63.0996690141
	31.0561114163	63.1003913082
	31.0527264499	63.1020168842
	31.0423462395	63.1075652222
	31.0331992199	63.1132173705
	31.0275476722	63.1169475171
	31.0097935548	63.1214641232
	31.0075858498	63.1220406923
	30.9987915178	63.1246391384
	30.9974001663	63.1250891087
	30.9907166221	63.1262878663
	30.986056362	63.1272791911
	30.9608049734	63.133001237
	30.9540027047	63.1346825991
	30.9506884389	63.1356047133
	30.9487715535	63.1361578444
	30.9484800405	63.136242229
	30.9426473684	63.1379359546
	30.9349899625	63.1403461055
	30.9280084306	63.1428779238
	30.9092305834	63.1501296633
	30.9051965055	63.1517438269
	30.8944756412	63.1566013873
	30.8899552721	63.1589104472
	30.8836495852	63.1622444886
	30.8777897438	63.1654837668
	30.8677946369	63.1716991237
	30.858227434	63.1785548843
	30.8491291035	63.1860216912
	30.8475175415	63.1874521616
	30.841467442	63.188144696
	30.8298546531	63.1900619752
	30.8230102644	63.1915625672
	30.8095653639	63.1947859864
	30.8049472237	63.1959580813
	30.793684039	63.199374731
	30.7826684293	63.2035207129
	30.771947565	63.2083782733
	30.7615673546	63.2139266114
	30.7555826419	63.2175387372
	30.7446115725	63.2244547833
	30.7445508	63.2244931106
	30.7346898075	63.2307148819
	30.7307404396	63.2332796161
	30.7118492345	63.2371550796
	30.6580132585	63.2481667767
	30.6248874988	63.2539789983
	30.6208817222	63.2547287232
	30.616546566	63.2556466951
	30.5900744743	63.2615938081
	30.5883425149	63.2619919012
	30.5781061607	63.2643980426
	30.5650025177	63.2664063399
	30.5571610191	63.267786432
	30.556035308	63.2680140885
	30.5119793693	63.2770701798
	30.5095290142	63.277591684
	30.4994309546	63.2798144555
	30.4967446942	63.2801475646
	30.4851319053	63.2820648438
	30.4808089871	63.2829800668
	30.4657256741	63.286367518
	30.4585860634	63.2881249819
	30.4473228788	63.2915416316
	30.436307269	63.2956876135
	30.4255864047	63.300545174
	30.4152061943	63.306093512
	30.4052110873	63.3123088689
	30.4026971349	63.314019552
	30.378281165	63.3309377343
	30.3753433189	63.3330172255
	30.3442592582	63.3554896071
	30.3415930256	63.3574548064
	30.3324369138	63.3643344997
	30.3112668167	63.3796811539
	30.3081265139	63.3820101086
	30.3073973746	63.3822609032
	30.2996050009	63.3846668109
	30.2948513364	63.3862071589
	30.2875811272	63.3888507459
	30.2793656084	63.3913484721
	30.2133389207	63.4131570964
	30.2119350766	63.4136272029
	30.2009194669	63.4177731848
	30.1901986026	63.4226307452
	30.1798183922	63.4281790833
	30.1698232852	63.4343944402
	30.1602560824	63.4412502008
	30.1511577518	63.4487170078
	30.1480435441	63.4515128552
	30.1395598401	63.4593094293
	30.131957747	63.4633834275
	30.1305464328	63.4641478826
	30.0490208864	63.5087787872
	30.0387795743	63.5126599646
	30.0291990729	63.5169601539
	30.0097555609	63.5263786415
	30.0086151981	63.5269360126
	29.9994043268	63.5318150593
	29.9826794057	63.5413048683
	29.9727528867	63.545077262
	29.9620320224	63.5499348224
	29.951651812	63.5554831605
	29.941656705	63.5616985174
	29.9381495034	63.5641023989
	29.9286067514	63.5708102747
	29.9252260148	63.5724338734
	29.9148458044	63.5779822115
	29.9048506974	63.5841975684
	29.8952834946	63.591053329
	29.886185164	63.598520136
	29.8833037457	63.6012188787
	29.8739229982	63.6079410273
	29.8648246677	63.6154078342
	29.8562341699	63.6234537134
	29.8481882907	63.6320442112
	29.8407214838	63.6411425417
	29.8338657232	63.6507097446
	29.8322856929	63.6531158871
	29.8298118663	63.6569496591
	29.8251765397	63.6645386234
	29.8196282016	63.6749188339
	29.8147706412	63.6856396982
	29.8106246592	63.6966553079
	29.8072080095	63.7079184926
	29.8045353226	63.7193810215
	29.8026180434	63.7309938104
	29.801464382	63.7427071314
	29.8010792785	63.7544708264
	29.801464382	63.7662345214
	29.8026180434	63.7779478424
	29.8045353226	63.7895606312
	29.8072080095	63.8010231602
	29.8106246592	63.8122863448
	29.8147706412	63.8233019546
	29.8196282016	63.8340228189
	29.8251765397	63.8444030293
	29.8313918966	63.8543981363
	29.8382476572	63.8639653391
	29.8457144641	63.8730636697
	29.8537603433	63.8816541675
	29.8623508411	63.8897000467
	29.8714491716	63.8971668536
	29.8810163745	63.9040226142
	29.8910114814	63.9102379711
	29.9013916919	63.9157863092
	29.9121125562	63.9206438696
	29.9231281659	63.9247898515
	29.9292053671	63.9267332745
	29.93194707	63.9278956079
	29.9429626798	63.9320415898
	29.9542258645	63.9354582395
	29.9656883934	63.9381309264
	29.9762224751	63.9399028693
	29.9821878979	63.9407249875
	30.001246431	63.9455175733
	30.0050354239	63.9464268571
	30.0405787951	63.9545504224
	30.0449776673	63.9559457752
	30.0528090859	63.9582357969
	30.0642716148	63.9609084838
	30.068914745	63.9617688573
	30.0794102409	63.9641853088
	30.0794913028	63.9642014136
	30.0830115567	63.9648999543
	30.1284142503	63.9759501339
	30.1481745183	63.980765291
	30.1704374079	64.0028706601
	30.1760481693	64.0095916836
	30.1777830338	64.0115412042
	30.1876173234	64.0224321649
	30.193928338	64.0290731421
	30.2025188358	64.0371190213
	30.2116171663	64.0445858282
	30.2211843692	64.0514415888
	30.2263922036	64.0547931216
	30.2414323632	64.0641100941
	30.2836379013	64.0918417529
	30.2957790306	64.1010391639
	30.3044611179	64.1072200923
	30.3067251685	64.1087083399
	30.3006966886	64.1110791541
	30.2899758243	64.1159367145
	30.2795956138	64.1214850526
	30.2696005069	64.1277004095
	30.260033304	64.1345561701
	30.2514298043	64.1415906185
	30.2457688914	64.1433928579
	30.2425175046	64.1444621638
	30.2315018949	64.1486081458
	30.2207810306	64.1534657062
	30.2104008201	64.1590140443
	30.2084551239	64.1601537136
	30.2031108792	64.1633292034
	30.1592654923	64.1719198923
	30.0946832033	64.1810912995
	30.0848824241	64.1827606446
	30.0734198952	64.1854333315
	30.0621567106	64.1888499812
	30.0511411008	64.1929959631
	30.0404202365	64.1978535236
	30.0300400261	64.2034018616
	30.0283459408	64.2043923033
	30.0034855587	64.2191094054
	29.995184537	64.2243343206
	29.9943140317	64.2249196526
	29.9721468259	64.2399190423
	29.9634501284	64.2461894709
	29.9631753644	64.2464007256
	29.9432302197	64.2617663262
	29.9344066532	64.2690218784
	29.9258161554	64.2770677576
	29.9177702762	64.2856582553
	29.9103034693	64.2947565859
	29.9034477087	64.3043237888
	29.8972323517	64.3143188957
	29.8916840137	64.3246991061
	29.8868264533	64.3354199704
	29.8826804713	64.3464355802
	29.8792638216	64.3576987649
	29.8765911347	64.3691612938
	29.8746738555	64.3807740826
	29.8735201941	64.3924874037
	29.8731350912	64.4042360037
	29.8731133577	64.4042808355
	29.8699706751	64.4082590883
	29.8631149145	64.4178262912
	29.8568995576	64.4278213981
	29.8513512195	64.4382016086
	29.8464936591	64.4489224729
	29.8423476771	64.4599380826
	29.8389310274	64.4712012673
	29.8362583405	64.4826637962
	29.8343410613	64.4942765851
	29.8338306224	64.4985478458
	29.8293865001	64.5399296818
	29.8287432776	64.547371742
	29.8283581741	64.559135437
	29.8287432776	64.570899132
	29.829896939	64.582612453
	29.8318142182	64.5942252419
	29.834461455	64.6055786212
	29.8337355883	64.6055243597
	29.8219718933	64.6051392562
	29.8138548384	64.6053225058
	29.7463003645	64.6083742637
	29.7426537245	64.6085761176
	29.7309404034	64.609729779
	29.7193276146	64.6116470582
	29.7078650857	64.6143197451
	29.696601901	64.6177363948
	29.6855862912	64.6218823767
	29.6810442471	64.6238373269
	29.6350428128	64.6443909158
	29.6349846353	64.644416922
	29.6106239786	64.6553116974
	29.6045033359	64.6581883014
	29.5941231254	64.6637366395
	29.5841280185	64.6699519964
	29.5745608156	64.676807757
	29.5654624851	64.6842745639
	29.5568719873	64.6923204431
	29.5488261081	64.7009109409
	29.5413593012	64.7100092714
	29.5345035406	64.7195764743
	29.5282881837	64.7295715812
	29.5227398456	64.7399517917
	29.5219660013	64.7415406228
	29.5148721704	64.7482591638
	29.5068262912	64.7568496616
	29.4993594843	64.7659479921
	29.4925037237	64.775515195
	29.4902687549	64.7789438778
	29.4809074878	64.7936686092
	29.4769270997	64.8002350334
	29.4713787616	64.8106152438
	29.4666534947	64.8210175875
	29.4550148533	64.8489640597
	29.4548825598	64.8492825803
	29.4538571765	64.8518121951
	29.4405515125	64.8853662723
	29.4374309138	64.8938522672
	29.4357800377	64.8989652473
	29.4295582664	64.9192670662
	29.4289488605	64.9212982396
	29.4236712269	64.9392730931
	29.4225148592	64.9433921242
	29.4198421723	64.9548546531
	29.4179248931	64.966467442
	29.4167712317	64.978180763
	29.4163861282	64.989944458
	29.4167712317	65.001708153
	29.4179248931	65.013421474
	29.4198421723	65.0250342629
	29.4225148592	65.0364967918
	29.4259315089	65.0477599765
	29.4300774909	65.0587755862
	29.4349350513	65.0694964505
	29.4404833893	65.0798766609
	29.4453404608	65.0876874672
	29.4464248902	65.0942557594
	29.4490975771	65.1057182884
	29.4525142268	65.116981473
	29.4566602088	65.1279970828
	29.4615177692	65.1387179471
	29.464666926	65.1446096052
	29.4599758	65.151156064
	29.4537604431	65.1611511709
	29.448212105	65.1715313814
	29.4433545446	65.1822522457
	29.4392085627	65.1932678554
	29.435791913	65.2045310401
	29.4331192261	65.215993569
	29.4312019469	65.2276063579
	29.4300482855	65.2393196789
	29.429663182	65.2510833739
	29.4300482855	65.2628470689
	29.4312019469	65.2745603899
	29.4331192261	65.2861731787
	29.435791913	65.2976357076
	29.4392085627	65.3088988923
	29.4429414256	65.3189085538
	29.4520242198	65.3412169036
	29.4524373389	65.3422228518
	29.4572948993	65.3529437161
	29.4628432374	65.3633239266
	29.4690585943	65.3733190335
	29.4759143549	65.3828862364
	29.4833811618	65.3919845669
	29.491427041	65.4005750647
	29.5000175388	65.4086209439
	29.5091158693	65.4160877508
	29.5186830722	65.4229435114
	29.5286781792	65.4291588683
	29.5390583896	65.4347072064
	29.5497792539	65.4395647668
	29.5562669358	65.4421059768
	29.5624134857	65.4443772555
	29.5624926672	65.4456549914
	29.562829063	65.4499855042
	29.5624926672	65.4543160169
	29.5621075637	65.4660797119
	29.5624926672	65.4778434069
	29.5636463287	65.4895567279
	29.5655636079	65.5011695168
	29.5682362948	65.5126320457
	29.5716529445	65.5238952304
	29.5757989264	65.5349108401
	29.5777786484	65.5395083016
	29.5731014789	65.5483624362
	29.5682439185	65.5590833005
	29.5640979365	65.5700989103
	29.5606812868	65.5813620949
	29.5580085999	65.5928246239
	29.5560913207	65.6044374127
	29.5549376593	65.6161507337
	29.5545525558	65.6279144287
	29.5549376593	65.6396781237
	29.5560913207	65.6513914447
	29.5580085999	65.6630042336
	29.5606812868	65.6744667625
	29.5640979365	65.6857299472
	29.5682439185	65.6967455569
	29.5731014789	65.7074664212
	29.578649817	65.7178466316
	29.5848651739	65.7278417386
	29.5917209345	65.7374089415
	29.5991877414	65.746507272
	29.6072336206	65.7550977698
	29.6158241184	65.763143649
	29.6249224489	65.7706104559
	29.6344896518	65.7774662165
	29.6444847587	65.7836815734
	29.6548649692	65.7892299115
	29.6655858335	65.7940874719
	29.6766014432	65.7982334538
	29.6878646279	65.8016501036
	29.6944456831	65.8032811912
	29.7199183241	65.8090871604
	29.7199413345	65.8090924036
	29.8882263079	65.8474263054
	29.8859274964	65.8511230949
	29.8833680067	65.85570964
	29.8800505479	65.8597533049
	29.8660811425	65.8772947191
	29.8473312791	65.8992520001
	29.8414157587	65.9065577334
	29.8345599981	65.9161249362
	29.8283446412	65.9261200432
	29.8227963031	65.9365002536
	29.8179387427	65.9472211179
	29.8143298758	65.956677946
	29.7868199263	65.9989874982
	29.77735512	66.0053365722
	29.7268751722	66.0377764609
	29.7202394778	66.0420369754
	29.7201445559	66.042097963
	29.6651662943	66.0774460339
	29.6070892089	66.1147625665
	29.605321979	66.1158922076
	29.6043451553	66.1165210615
	29.6036508804	66.1169711958
	29.6015726291	66.1183391424
	29.5920054262	66.125194903
	29.590476487	66.1263812216
	29.5781273127	66.1360699418
	29.5628493714	66.1473789524
	29.5603663271	66.1492503839
	29.5512679966	66.1567171909
	29.5426774988	66.1647630701
	29.5346316196	66.1733535678
	29.5271648127	66.1824518984
	29.520309052	66.1920191013
	29.5140936951	66.2020142082
	29.5085453571	66.2123944186
	29.5056689686	66.2185145794
	29.5018138085	66.2271346279
	29.4716108231	66.2786474372
	29.4688568439	66.2829050197
	29.4637787473	66.2907194627
	29.4406641479	66.3157505099
	29.4406564067	66.3157588935
	29.3575076666	66.4058130165
	29.3433106923	66.4147547426
	29.3392397128	66.4173961492
	29.32967251	66.4242519098
	29.3277935899	66.4257135114
	29.3271260179	66.4262399397
	29.3267185659	66.4265622
	29.3165013685	66.4346671594
	29.3156513897	66.4350188371
	29.315585452	66.435046134
	29.3048645877	66.4399036945
	29.2944843773	66.4454520325
	29.2844892703	66.4516673894
	29.2830814192	66.4526177316
	29.275831587	66.4575615793
	29.2676722353	66.4634669977
	29.2585739048	66.4709338046
	29.249983407	66.4789796838
	29.2419375278	66.4875701816
	29.2344707209	66.4966685122
	29.2276149602	66.506235715
	29.2263859436	66.508100017
	29.222025271	66.5135599917
	29.2151695104	66.5231271945
	29.2089541535	66.5331223015
	29.208684967	66.5335901661
	29.2060909728	66.538114397
	29.2008118213	66.5480267429
	29.1959542609	66.5587476072
	29.1918082789	66.5697632169
	29.1883916292	66.5810264016
	29.1857189423	66.5924889305
	29.1838016631	66.6041017193
	29.1826480017	66.6158150404
	29.1822628982	66.6275787354
	29.1826480017	66.6393424303
	29.1838016631	66.6510557514
	29.1857189423	66.6626685402
	29.1883916292	66.6741310691
	29.1918082789	66.6853942538
	29.1959542609	66.6964098635
	29.2008118213	66.7071307278
	29.2063601594	66.7175109383
	29.2125755163	66.7275060452
	29.2194312769	66.7370732481
	29.2268980838	66.7461715786
	29.234943963	66.7547620764
	29.2435344608	66.7628079556
	29.2526327913	66.7702747625
	29.2621999942	66.7771305232
	29.2721951011	66.7833458801
	29.2825753116	66.7888942181
	29.2932961759	66.7937517786
	29.3043117856	66.7978977605
	29.3155749703	66.8013144102
	29.3270374992	66.8039870971
	29.3386502881	66.8059043763
	29.3503636091	66.8070580377
	29.3565174998	66.8073556376
	29.7721650065	66.8203256083
	29.7736942714	66.8203668189
	29.8704630645	66.8225627538
	29.9944492847	66.8263851819
	30.0406511365	66.8278137918
	30.7888418148	66.8524204095
	30.7890177596	66.8524261098
	30.8516627181	66.8544250111
	30.8523593641	66.854445889
	30.9793928144	66.8580066386
	31.0610650701	66.8635888181
	31.0615662306	66.8636223688
	31.0733299255	66.8640074723
	31.0850936205	66.8636223688
	31.0968069416	66.8624687073
	31.1084197304	66.8605514281
	31.1087474387	66.8604859264
END
END
