none
1
   -9.724987E+01   4.901667E+01
   -9.518458E+01   4.902067E+01
   -9.518433E+01   4.940714E+01
   -9.474314E+01   4.935585E+01
   -9.464860E+01   4.877774E+01
   -9.414963E+01   4.869807E+01
   -9.377147E+01   4.862175E+01
   -9.376096E+01   4.854183E+01
   -9.352986E+01   4.854878E+01
   -9.352461E+01   4.860786E+01
   -9.323574E+01   4.866686E+01
   -9.251618E+01   4.859744E+01
   -9.236386E+01   4.827686E+01
   -9.227982E+01   4.839208E+01
   -9.190691E+01   4.836068E+01
   -9.146047E+01   4.809477E+01
   -9.086171E+01   4.828385E+01
   -9.069889E+01   4.813334E+01
   -9.006953E+01   4.814727E+01
   -8.948612E+01   4.804243E+01
   -8.964534E+01   4.771089E+01
   -9.200347E+01   4.671379E+01
   -9.202495E+01   4.669978E+01
   -9.205836E+01   4.672442E+01
   -9.209118E+01   4.674678E+01
   -9.211979E+01   4.674554E+01
   -9.213540E+01   4.673280E+01
   -9.214807E+01   4.671168E+01
   -9.218860E+01   4.671015E+01
   -9.217234E+01   4.668689E+01
   -9.220849E+01   4.664791E+01
   -9.228927E+01   4.664810E+01
   -9.229229E+01   4.607396E+01
   -9.232514E+01   4.606252E+01
   -9.235132E+01   4.601186E+01
   -9.243724E+01   4.601709E+01
   -9.246326E+01   4.597198E+01
   -9.253649E+01   4.597456E+01
   -9.255062E+01   4.595109E+01
   -9.270686E+01   4.589296E+01
   -9.275651E+01   4.582063E+01
   -9.275611E+01   4.580506E+01
   -9.279298E+01   4.575190E+01
   -9.286631E+01   4.571354E+01
   -9.288108E+01   4.557565E+01
   -9.277068E+01   4.556935E+01
   -9.272401E+01   4.554121E+01
   -9.264466E+01   4.544518E+01
   -9.264910E+01   4.542200E+01
   -9.264627E+01   4.541234E+01
   -9.264981E+01   4.539823E+01
   -9.269929E+01   4.535466E+01
   -9.269861E+01   4.533089E+01
   -9.275776E+01   4.528154E+01
   -9.275073E+01   4.526567E+01
   -9.275101E+01   4.521471E+01
   -9.276438E+01   4.518987E+01
   -9.275201E+01   4.517384E+01
   -9.273773E+01   4.511231E+01
   -9.279163E+01   4.507600E+01
   -9.280085E+01   4.506175E+01
   -9.279371E+01   4.504906E+01
   -9.276114E+01   4.502865E+01
   -9.276830E+01   4.497545E+01
   -9.274932E+01   4.495037E+01
   -9.275745E+01   4.490524E+01
   -9.276565E+01   4.482836E+01
   -9.278798E+01   4.478562E+01
   -9.279770E+01   4.477864E+01
   -9.280345E+01   4.476862E+01
   -9.280649E+01   4.475132E+01
   -9.279802E+01   4.474438E+01
   -9.277597E+01   4.473492E+01
   -9.273715E+01   4.471818E+01
   -9.262882E+01   4.464754E+01
   -9.261984E+01   4.463786E+01
   -9.261829E+01   4.461682E+01
   -9.256999E+01   4.460505E+01
   -9.253793E+01   4.457067E+01
   -9.252179E+01   4.457630E+01
   -9.233162E+01   4.455631E+01
   -9.230871E+01   4.453511E+01
   -9.228860E+01   4.448420E+01
   -9.220481E+01   4.443697E+01
   -9.212225E+01   4.442246E+01
   -9.204926E+01   4.440138E+01
   -9.196388E+01   4.436373E+01
   -9.192283E+01   4.433254E+01
   -9.191218E+01   4.431099E+01
   -9.188595E+01   4.425252E+01
   -9.187393E+01   4.420138E+01
   -9.171860E+01   4.413003E+01
   -9.166624E+01   4.408720E+01
   -9.158114E+01   4.403045E+01
   -9.150727E+01   4.401980E+01
   -9.146305E+01   4.400950E+01
   -9.143794E+01   4.400100E+01
   -9.143107E+01   4.399616E+01
   -9.142276E+01   4.398312E+01
   -9.139224E+01   4.396039E+01
   -9.136476E+01   4.393696E+01
   -9.128447E+01   4.384960E+01
   -9.127673E+01   4.383747E+01
   -9.126123E+01   4.379247E+01
   -9.124220E+01   4.377296E+01
   -9.126977E+01   4.367489E+01
   -9.124685E+01   4.359963E+01
   -9.122923E+01   4.358276E+01
   -9.123403E+01   4.354608E+01
   -9.121680E+01   4.351366E+01
   -9.121670E+01   4.349985E+01
   -9.129080E+01   4.350040E+01
   -9.244536E+01   4.350010E+01
   -9.384056E+01   4.349909E+01
   -9.465412E+01   4.349990E+01
   -9.538474E+01   4.349958E+01
   -9.645476E+01   4.349975E+01
   -9.645717E+01   4.530227E+01
   -9.649644E+01   4.535750E+01
   -9.660902E+01   4.540026E+01
   -9.669365E+01   4.541207E+01
   -9.673335E+01   4.545587E+01
   -9.676452E+01   4.551441E+01
   -9.686774E+01   4.560543E+01
   -9.684235E+01   4.565718E+01
   -9.666836E+01   4.574687E+01
   -9.659094E+01   4.582641E+01
   -9.657131E+01   4.594178E+01
   -9.658786E+01   4.602789E+01
   -9.656740E+01   4.609552E+01
   -9.659898E+01   4.617944E+01
   -9.659939E+01   4.622954E+01
   -9.659991E+01   4.624284E+01
   -9.659633E+01   4.625410E+01
   -9.660093E+01   4.626155E+01
   -9.659786E+01   4.627343E+01
   -9.660131E+01   4.628043E+01
   -9.660246E+01   4.628513E+01
   -9.660655E+01   4.629381E+01
   -9.660924E+01   4.633116E+01
   -9.664503E+01   4.634878E+01
   -9.667029E+01   4.637594E+01
   -9.672336E+01   4.643970E+01
   -9.673919E+01   4.647848E+01
   -9.675564E+01   4.655546E+01
   -9.679906E+01   4.662928E+01
   -9.680292E+01   4.666750E+01
   -9.679908E+01   4.667964E+01
   -9.679063E+01   4.672774E+01
   -9.679781E+01   4.677790E+01
   -9.679142E+01   4.678492E+01
   -9.680100E+01   4.679282E+01
   -9.680369E+01   4.680529E+01
   -9.680279E+01   4.681318E+01
   -9.680049E+01   4.682117E+01
   -9.679461E+01   4.682415E+01
   -9.679180E+01   4.683012E+01
   -9.679486E+01   4.683338E+01
   -9.678911E+01   4.684178E+01
   -9.678068E+01   4.684205E+01
   -9.678693E+01   4.685419E+01
   -9.678537E+01   4.686211E+01
   -9.678256E+01   4.686746E+01
   -9.678287E+01   4.688030E+01
   -9.677382E+01   4.688266E+01
   -9.677850E+01   4.689507E+01
   -9.677414E+01   4.690619E+01
   -9.676571E+01   4.691132E+01
   -9.676384E+01   4.691838E+01
   -9.676665E+01   4.693056E+01
   -9.678141E+01   4.692253E+01
   -9.679046E+01   4.692610E+01
   -9.684929E+01   4.700614E+01
   -9.685481E+01   4.719271E+01
   -9.688176E+01   4.741864E+01
   -9.689738E+01   4.763371E+01
   -9.689707E+01   4.766198E+01
   -9.694840E+01   4.776249E+01
   -9.697320E+01   4.777732E+01
   -9.700675E+01   4.785265E+01
   -9.703162E+01   4.786865E+01
   -9.703363E+01   4.791823E+01
   -9.707164E+01   4.796241E+01
   -9.708154E+01   4.804417E+01
   -9.711215E+01   4.806601E+01
   -9.715178E+01   4.814235E+01
   -9.713672E+01   4.827690E+01
   -9.717320E+01   4.839424E+01
   -9.714746E+01   4.845464E+01
   -9.717199E+01   4.847451E+01
   -9.715452E+01   4.849192E+01
   -9.718543E+01   4.856210E+01
   -9.711079E+01   4.867477E+01
   -9.719925E+01   4.881073E+01
   -9.719076E+01   4.885335E+01
   -9.724872E+01   4.896478E+01
   -9.724987E+01   4.901667E+01
END
END
