Псковская область
1
	27.9464401217	59.1844434443
	27.9487567967	59.1836006432
	27.9557312696	59.1841942682
	27.9674949646	59.1845793717
	27.9792586596	59.1841942682
	27.9822621461	59.183972141
	27.9889302369	59.1834228246
	27.9976400714	59.1824912903
	28.0092528603	59.1805740112
	28.0207153892	59.1779013243
	28.0319785739	59.1744846745
	28.0320004735	59.1744772391
	28.052263809	59.169769997
	28.0601104165	59.1720648374
	28.0715729454	59.1747375243
	28.0831857342	59.1766548035
	28.0948990553	59.177808465
	28.1066627502	59.1781935685
	28.1184264452	59.177808465
	28.1192698556	59.1777511941
	28.1312136728	59.1769119607
	28.1420835834	59.1758155701
	28.1536963722	59.1738982909
	28.1651589012	59.171225604
	28.1764220858	59.1678089543
	28.1874376956	59.1636629724
	28.1981585599	59.158805412
	28.2030462942	59.1563015693
	28.216104003	59.1493588203
	28.2215964791	59.1463143249
	28.231591586	59.140098968
	28.2411587889	59.1332432074
	28.2431261561	59.1317118139
	28.2484018824	59.1275461645
	28.2555328457	59.121610751
	28.2641233435	59.1135648718
	28.2667065465	59.1109281025
	28.273290061	59.1046689978
	28.2777643866	59.1000314168
	28.2824567786	59.095506095
	28.2905026578	59.0869155972
	28.2964993642	59.0797069634
	28.3078900502	59.0652645195
	28.3093601507	59.0633748228
	28.3162159113	59.0538076199
	28.3224312682	59.043812513
	28.3236737614	59.0416252707
	28.3277459513	59.0417601806
	28.3533006083	59.0423171264
	28.368983391	59.0419747247
	28.3806967121	59.0408210633
	28.3881170114	59.0396861682
	28.4030612868	59.0370802872
	28.4095378386	59.0370802872
	28.4110360415	59.0371156967
	28.4209521145	59.0382723066
	28.448592308	59.0425062288
	28.4523492474	59.0430412171
	28.4640625684	59.0441948785
	28.4711450763	59.044519055
	28.5458711811	59.0464645506
	28.5623160631	59.0461403741
	28.5740293842	59.0449867127
	28.5849001509	59.0432154099
	28.6049006087	59.0393244187
	28.6056426308	59.0391784423
	28.6171051597	59.0365057554
	28.6214306524	59.035288634
	28.6326327476	59.0319849994
	28.6412205086	59.030062524
	28.664076367	59.0260770751
	28.7033538004	59.0206830823
	28.7139724037	59.0188995116
	28.7237611293	59.0166666993
	28.7617171947	59.0068868396
	28.7722116043	59.006153996
	28.8007660536	59.0070022055
	28.8061065674	59.0070815079
	28.812570542	59.0069653191
	28.8511829077	59.0055767693
	28.8564826281	59.0053078546
	28.8681780551	59.0041565481
	28.8787333224	59.0027679983
	28.8787512165	59.0027656434
	28.8895290224	59.0010124003
	28.8966824748	59.000865033
	28.9199835493	59.0029983426
	28.9246185987	59.003362359
	28.9363822937	59.0037474625
	28.9400858096	59.0037093297
	28.9534219913	59.0034346714
	28.9614821703	59.0030877008
	28.9731775973	59.0019363943
	28.9837328646	59.0005478444
	28.9837507587	59.0005454896
	28.9953635475	58.9986282104
	29.0068260764	58.9959555235
	29.0112230169	58.9947173151
	29.0281679021	58.9897124323
	29.0350341464	58.987533991
	29.0460497561	58.983388009
	29.0567706204	58.9785304486
	29.0671508309	58.9729821105
	29.0771459378	58.9667667536
	29.0867131407	58.959910993
	29.0958114712	58.9524441861
	29.104401969	58.9443983069
	29.1124478482	58.9358078091
	29.1146998791	58.9330800342
	29.1153944118	58.9327130216
	29.1217840297	58.929104318
	29.1232650276	58.9282585998
	29.1332601346	58.9220432429
	29.1428273374	58.9151874823
	29.1479866052	58.9110761408
	29.1540661221	58.9060464393
	29.1597592281	58.9055420667
	29.1673635822	58.9047050355
	29.1787012883	58.9028422507
	29.1984232731	58.8989512595
	29.1986983559	58.8988967651
	29.2101608848	58.8962240782
	29.2144969169	58.8950038482
	29.2168321741	58.8943149973
	29.2344896125	58.8922231466
	29.2368063312	58.891933429
	29.24841912	58.8900161498
	29.2557137016	58.8884070109
	29.2832138542	58.8817389201
	29.2873818015	58.8806753721
	29.2986449862	58.8772587224
	29.309660596	58.8731127405
	29.314811957	58.8708841872
	29.3289797427	58.8644907546
	29.3345492459	58.8618617474
	29.3449294563	58.8563134094
	29.3549245633	58.8500980525
	29.3644917662	58.8432422918
	29.3735900967	58.8357754849
	29.3821805945	58.8277296057
	29.3902264737	58.8191391079
	29.3976932806	58.8100407774
	29.4045490412	58.8004735745
	29.4088185467	58.7937675833
	29.4106038267	58.7924152655
	29.4164007578	58.7877738922
	29.4213980112	58.7836006134
	29.4246994107	58.7807751797
	29.4274490841	58.7781998295
	29.4332949995	58.776985114
	29.4374659361	58.7765212052
	29.4408302307	58.7765212052
	29.4525939257	58.7761361017
	29.4579272209	58.7757067851
	29.4695925651	58.7745928935
	29.475972591	58.7738685486
	29.4875853798	58.7719512695
	29.4990479087	58.7692785826
	29.5103110934	58.7658619328
	29.5213267031	58.7617159509
	29.5320475674	58.7568583905
	29.5383792649	58.753578335
	29.5511546861	58.746635586
	29.555203199	58.7443673034
	29.565198306	58.7381519465
	29.5747655088	58.7312961859
	29.5838638394	58.723829379
	29.5924543372	58.7157834998
	29.5946537568	58.7134692525
	29.6005302671	58.712001386
	29.6034943199	58.711234149
	29.6147575045	58.7078174993
	29.6257731143	58.7036715173
	29.6364939786	58.6988139569
	29.6455348597	58.6940312414
	29.6519244777	58.6904149084
	29.6532638069	58.6896492858
	29.6632589139	58.6834339289
	29.6728261167	58.6765781683
	29.6784987365	58.6720405143
	29.6834959899	58.6678748649
	29.6869217007	58.664945712
	29.6955121985	58.6568998328
	29.7035580777	58.648309335
	29.7109902374	58.6392532222
	29.7284270556	58.6391960992
	29.7401403766	58.6380424378
	29.7517531655	58.6361251586
	29.7632156944	58.6334524717
	29.774478879	58.630035822
	29.7808652211	58.6277326461
	29.7961392689	58.6218961593
	29.8001288242	58.6203168905
	29.8056829271	58.6213781269
	29.8159623761	58.6230354188
	29.8185384283	58.6233556684
	29.8399274358	58.6258581098
	29.8490647047	58.6266915216
	29.8608283997	58.6270766251
	29.8858299255	58.6270766251
	29.8975936205	58.6266915216
	29.9006014519	58.6264690364
	29.9187411019	58.6249742519
	29.9600929836	58.6240969178
	29.9677660307	58.6244174513
	29.9697626716	58.6243937899
	29.9752731323	58.6245741837
	29.9870368273	58.6241890802
	29.9987501483	58.6230354188
	30.0103629372	58.6211181396
	30.0218254661	58.6184454527
	30.0330886508	58.615028803
	30.0441042605	58.610882821
	30.0548251248	58.6060252606
	30.0652053353	58.6004769225
	30.0752004422	58.5942615656
	30.0847676451	58.587405805
	30.0938659756	58.5799389981
	30.1024564734	58.5718931189
	30.1105023526	58.5633026211
	30.1179691595	58.5542042906
	30.1248249201	58.5446370877
	30.131040277	58.5346419808
	30.1365886151	58.5242617703
	30.1414461755	58.513540906
	30.1455921575	58.5025252963
	30.1490088072	58.4912621116
	30.1516814941	58.4797995827
	30.1535987733	58.4681867938
	30.1547524347	58.4564734728
	30.1551375382	58.4447097778
	30.1547524347	58.4329460829
	30.1535987733	58.4212327618
	30.1516814941	58.409619973
	30.1490088072	58.3981574441
	30.1455921575	58.3868942594
	30.1414461755	58.3758786496
	30.1365886151	58.3651577853
	30.131040277	58.3547775749
	30.1248249201	58.344782468
	30.1179691595	58.3352152651
	30.1105023526	58.3261169345
	30.1024564734	58.3175264368
	30.0938659756	58.3094805576
	30.0847676451	58.3020137506
	30.0847006935	58.3019624018
	30.0845455317	58.3017297946
	30.0776897711	58.2921625918
	30.0702229642	58.2830642612
	30.065930598	58.2783414739
	30.0570423533	58.2689039129
	30.0532888403	58.2650362024
	30.0446983426	58.2569903232
	30.035600012	58.2495235163
	30.03170629	58.2466184532
	30.0205978916	58.2385618126
	30.0149244107	58.234611115
	30.0049293038	58.2283957581
	29.9945490933	58.22284742
	29.9886150258	58.2201399796
	29.9936065674	58.2201399796
	30.0053702624	58.2197548761
	30.0170835834	58.2186012147
	30.0200179028	58.2181902888
	30.0275214123	58.2170763972
	30.0361998818	58.2155700439
	30.0476624107	58.212897357
	30.0589255954	58.2094807073
	30.0699412051	58.2053347253
	30.0806620694	58.2004771649
	30.0910422798	58.1949288268
	30.1010373868	58.1887134699
	30.103604405	58.1869660028
	30.1072131086	58.1844635614
	30.1142132933	58.1793552679
	30.1233116238	58.171888461
	30.1319021216	58.1638425818
	30.1399480008	58.155252084
	30.1474148077	58.1461537535
	30.1542705683	58.1365865506
	30.1604859252	58.1265914437
	30.1660342633	58.1162112332
	30.1708918237	58.1054903689
	30.1709109393	58.1054395802
	30.1814662575	58.1019682327
	30.1830901766	58.1014255925
	30.1941057864	58.0972796106
	30.2018347244	58.0938633207
	30.2167321967	58.0868556148
	30.2366671516	58.0859814642
	30.246383667	58.0862441056
	30.2571309611	58.0859227312
	30.2876617809	58.0840951821
	30.3884686545	58.0802788658
	30.3934279711	58.0800225153
	30.3962771281	58.0798130348
	30.4132181986	58.0784321144
	30.4220823627	58.0774879334
	30.4336951515	58.0755706542
	30.4371403643	58.0748502457
	30.4513729443	58.0717285022
	30.4541515058	58.0713167588
	30.4923506568	58.0715243477
	30.4928182353	58.0715103125
	30.4933280945	58.0715270035
	30.5050917895	58.0711419
	30.5079262455	58.0709336173
	30.5318176945	58.0689881217
	30.5406965595	58.068042743
	30.5523093483	58.0661254638
	30.559096281	58.0646386369
	30.5718755169	58.0615792497
	30.5765511131	58.0603933897
	30.5878142977	58.05697674
	30.5988299075	58.052830758
	30.6065211846	58.0494321784
	30.6112437798	58.0472120246
	30.614273367	58.0457530438
	30.6246535774	58.0402047057
	30.6346486844	58.0339893488
	30.6442158873	58.0271335882
	30.6499144461	58.0225743076
	30.6532446768	58.019797208
	30.6566444485	58.0168896817
	30.6652349463	58.0088438025
	30.6714398893	58.0023201903
	30.6767194303	57.9964837035
	30.6785603665	57.9944168179
	30.6860271734	57.9853184873
	30.692882934	57.9757512845
	30.699098291	57.9657561775
	30.7015643477	57.9613427353
	30.707118547	57.9510659409
	30.7102008282	57.9450991727
	30.7150583887	57.9343783084
	30.7192043706	57.9233626986
	30.7226210203	57.9120995139
	30.7252937072	57.900636985
	30.7272109864	57.8890241962
	30.7283646478	57.8773108752
	30.7286344764	57.8719856917
	30.7291914222	57.8564369857
	30.7289215936	57.8382347791
	30.7277679322	57.8265214581
	30.725850653	57.8149086693
	30.7231779661	57.8034461403
	30.7197613164	57.7921829557
	30.7185898974	57.7888405488
	30.7138673022	57.7757790253
	30.7108927392	57.7681058225
	30.7107358599	57.7677282964
	30.7173434119	57.7627136688
	30.7181027586	57.7621341986
	30.7272010891	57.7546673917
	30.7357915869	57.7466215125
	30.7438374661	57.7380310147
	30.751304273	57.7289326841
	30.7581600337	57.7193654813
	30.7643753906	57.7093703743
	30.7699237286	57.6989901639
	30.7747812891	57.6882692996
	30.778927271	57.6772536898
	30.7823439207	57.6659905052
	30.7850166076	57.6545279762
	30.7866823397	57.6447526259
	30.7872354708	57.6408616347
	30.7874870179	57.6390241962
	30.7886406793	57.6273108752
	30.7890257828	57.6155471802
	30.7886406793	57.6037834852
	30.7874870179	57.5920701642
	30.7855697387	57.5804573753
	30.7836554813	57.5719236541
	30.7825454044	57.5674833465
	30.7817869749	57.5645545388
	30.7783703252	57.5532913541
	30.7742243433	57.5422757444
	30.7693667828	57.5315548801
	30.7642738567	57.5219681196
	30.7620537029	57.5180771284
	30.761598291	57.5172836784
	30.755382934	57.5072885715
	30.7490984271	57.4984698895
	30.7488548926	57.4980536366
	30.743160644	57.4889551364
	30.7363048834	57.4793879335
	30.7308568289	57.4726318614
	30.7146327266	57.4534773328
	30.729121374	57.4502003447
	30.761377991	57.4453359421
	30.780906468	57.4436020636
	30.7884764057	57.4427680848
	30.8000891945	57.4408508056
	30.8105280359	57.4384491876
	30.8169138391	57.4367783502
	30.8179375266	57.4365072813
	30.8292007113	57.4330906316
	30.8402163211	57.4289446496
	30.8509371854	57.4240870892
	30.8613173958	57.4185387512
	30.8713125027	57.4123233943
	30.8808797056	57.4054676336
	30.8899780362	57.3980008267
	30.8985685339	57.3899549475
	30.9050043168	57.3831756522
	30.9075067582	57.3803985526
	30.9091168546	57.3785873501
	30.9165836615	57.3694890196
	30.9234394221	57.3599218167
	30.929654779	57.3499267098
	30.9352031171	57.3395464993
	30.9400606775	57.328825635
	30.9442066594	57.3178100253
	30.9476233091	57.3065468406
	30.950295996	57.2950843117
	30.9522132752	57.2834715228
	30.9533669366	57.2717582018
	30.9537520401	57.2599945068
	30.9533669366	57.2482308119
	30.9522132752	57.2365174908
	30.950295996	57.224904702
	30.9483817387	57.2163709807
	30.9439376164	57.1985944915
	30.9431791868	57.1956656838
	30.9397625371	57.1844024991
	30.9356165552	57.1733868894
	30.9307589948	57.1626660251
	30.9256001268	57.1529637956
	30.9233761583	57.1490728044
	30.9229866882	57.1483948234
	30.9202623635	57.144013753
	30.9370449794	57.1452254084
	30.9382332533	57.1453072443
	30.942725533	57.1455453062
	30.9632791219	57.1463769102
	30.9705505371	57.1465239518
	30.9787785658	57.1463356546
	31.0084340223	57.1449776224
	31.0119696886	57.144780816
	31.0236830097	57.1436271546
	31.0352957985	57.1417098754
	31.0467583274	57.1390371885
	31.0580215121	57.1356205388
	31.0690371218	57.1314745569
	31.0797579861	57.1266169965
	31.0901381966	57.1210686584
	31.1001333035	57.1148533015
	31.1097005064	57.1079975409
	31.1187988369	57.1005307339
	31.1273893347	57.0924848547
	31.1354352139	57.083894357
	31.1429020208	57.0747960264
	31.1497577815	57.0652288235
	31.1559731384	57.0552337166
	31.1615214764	57.0448535062
	31.1663790369	57.0341326419
	31.1705250188	57.0231170321
	31.1739416685	57.0118538474
	31.1766143554	57.0003913185
	31.1785316346	56.9887785297
	31.179685296	56.9770652087
	31.1800463233	56.9682443554
	31.1801149879	56.9640481884
	31.1800840209	56.9627867412
	31.1801390641	56.9611053467
	31.1797539606	56.9493416517
	31.1786002991	56.9376283307
	31.1766830199	56.9260155418
	31.1740103331	56.9145530129
	31.1705936833	56.9032898282
	31.1669171241	56.8934186194
	31.1658672734	56.8902283048
	31.1617212915	56.879212695
	31.1583215529	56.8715189527
	31.1577302241	56.8698853951
	31.1547785425	56.8622754392
	31.1499209821	56.8515545749
	31.144372644	56.8411743645
	31.1432526865	56.8393733263
	31.1432616707	56.8393685241
	31.1505512467	56.834925965
	31.1583294144	56.8299287116
	31.1610349454	56.8281559138
	31.1706021482	56.8213001532
	31.1797004788	56.8138333463
	31.1882909766	56.8057874671
	31.1963368558	56.7971969693
	31.2015016786	56.7910350699
	31.2037256472	56.7882579703
	31.2060276312	56.7853215391
	31.2128833918	56.7757543362
	31.2190987487	56.7657592293
	31.2246470868	56.7553790189
	31.2267863836	56.7508852672
	31.2315089789	56.7406008433
	31.2340659983	56.7347617261
	31.2368430979	56.7281012647
	31.237004342	56.7277132693
	31.241150324	56.7166976596
	31.2419761518	56.7142052266
	31.2429007233	56.7121510414
	31.245057168	56.7071596804
	31.2492031499	56.6961440707
	31.2526197996	56.684880886
	31.2552924865	56.6734183571
	31.2568527429	56.6643741939
	31.2585197656	56.6529835079
	31.2588767884	56.6504148822
	31.2600304498	56.6387015612
	31.2604155533	56.6269378662
	31.2603679848	56.6228015045
	31.2602821445	56.6190698322
	31.2702166262	56.615330758
	31.2809374905	56.6104731976
	31.2817680552	56.6100609435
	31.2862121775	56.6078407897
	31.2957618233	56.6027047057
	31.3057569302	56.5964893488
	31.3153241331	56.5896335882
	31.3175195223	56.587921852
	31.3241837984	56.582642311
	31.3310867398	56.5768872403
	31.3396772376	56.5688413611
	31.3477231168	56.5602508633
	31.3517167338	56.5555360515
	31.3542191752	56.5524766643
	31.3576923651	56.5480931456
	31.3645481257	56.5385259427
	31.3707634826	56.5285308357
	31.3763118207	56.5181506253
	31.3794591657	56.5114215877
	31.3798506112	56.5105375501
	31.3882644173	56.506040277
	31.3982595242	56.4998249201
	31.4078267271	56.4929691595
	31.4100221163	56.4912574233
	31.4166863924	56.4859778823
	31.4198957402	56.4833022079
	31.4542878081	56.4842341385
	31.4560886433	56.4841995949
	31.4591598511	56.4843001358
	31.4709235461	56.4839150323
	31.4759745661	56.483512445
	31.5084757868	56.4804606872
	31.5151380878	56.4797096131
	31.5267508766	56.4777923339
	31.5382134056	56.475119647
	31.5494765902	56.4717029973
	31.5604922	56.4675570154
	31.5712130643	56.462699455
	31.5720436289	56.4622872008
	31.5764877513	56.460067047
	31.586037397	56.4549309631
	31.596032504	56.4487156062
	31.6055997068	56.4418598455
	31.6146980374	56.4343930386
	31.6232885352	56.4263471594
	31.6313344144	56.4177566616
	31.6388012213	56.4086583311
	31.6456569819	56.3990911282
	31.6518723388	56.3890960213
	31.6574206769	56.3787158108
	31.6622782373	56.3679949466
	31.6664242192	56.3569793368
	31.6698408689	56.3457161521
	31.6725135558	56.3342536232
	31.674430835	56.3226408344
	31.6745294976	56.3218788445
	31.6764749932	56.3065971673
	31.6775299921	56.2956458361
	31.6779150956	56.2838821411
	31.6778730039	56.2799911499
	31.6775299921	56.2643364637
	31.6769433745	56.2574290091
	31.6736093291	56.2254847342
	31.6730422852	56.2206788678
	31.671125006	56.2090660789
	31.6701661847	56.2045495299
	31.6686620878	56.1978866317
	31.66831969	56.1951203961
	31.6664024108	56.1835076073
	31.6637297239	56.1720450783
	31.6633919201	56.1708021946
	31.663468837	56.1655426025
	31.6632100737	56.1558980356
	31.6693245788	56.1460540291
	31.6748729169	56.1356738187
	31.6797304773	56.1249529544
	31.6838764592	56.1139373446
	31.6872931089	56.1026741599
	31.6899657958	56.091211631
	31.691883075	56.0795988422
	31.6930367364	56.0678855212
	31.6934218399	56.0561218262
	31.6930367364	56.0443581312
	31.691883075	56.0326448102
	31.6914229582	56.0293812235
	31.6909194181	56.0260319193
	31.6894622558	56.0176827171
	31.6867895689	56.0062201882
	31.6833729192	55.9949570035
	31.6792269372	55.9839413938
	31.6743693768	55.9732205295
	31.6688210388	55.962840319
	31.6626056819	55.9528452121
	31.6606372189	55.9499602332
	31.6570022216	55.9429842756
	31.6532608886	55.9361679558
	31.6470455317	55.9261728488
	31.6401897711	55.916605646
	31.6327229642	55.9075073154
	31.624677085	55.8989168176
	31.6160865872	55.8908709384
	31.6069882566	55.8834041315
	31.5974210538	55.8765483709
	31.5905362407	55.872267119
	31.5905346918	55.8721930741
	31.5927883308	55.8673956482
	31.6005002164	55.8591400235
	31.6079670233	55.8500416929
	31.6148227839	55.8404744901
	31.6210381408	55.8304793831
	31.6265864789	55.8200991727
	31.6314440393	55.8093783084
	31.633664529	55.8037517889
	31.6369143152	55.7963778201
	31.6410602971	55.7853622103
	31.6444769468	55.7740990257
	31.6471496337	55.7626364968
	31.6490669129	55.7510237079
	31.6502205743	55.7393103869
	31.6506056778	55.7275466919
	31.6502205743	55.7157829969
	31.6490669129	55.7040696759
	31.6471496337	55.692456887
	31.6444769468	55.6809943581
	31.6410602971	55.6697311734
	31.6369143152	55.6587155637
	31.6320567548	55.6479946994
	31.6265084167	55.637614489
	31.6202930598	55.627619382
	31.6134372992	55.6180521792
	31.6059704922	55.6089538486
	31.5979246131	55.6003633508
	31.5893341153	55.5923174716
	31.5802357847	55.5848506647
	31.5706685818	55.5779949041
	31.5650637894	55.5743981784
	31.5545962601	55.56795134
	31.5502059456	55.5653327088
	31.5398257352	55.5597843707
	31.5291048709	55.5549268103
	31.5287841051	55.5547943072
	31.5240615098	55.5528488116
	31.5133666659	55.5488353328
	31.5021034812	55.5454186831
	31.4906409523	55.5427459962
	31.4790281635	55.540828717
	31.4673148424	55.5396750555
	31.4630582491	55.5394466844
	31.4497258822	55.5388897386
	31.4477292413	55.5389134001
	31.4422187805	55.5387330062
	31.4304550855	55.5391181097
	31.4187417645	55.5402717712
	31.4122338757	55.5412499848
	31.3908448682	55.5448663178
	31.3857399681	55.5458053834
	31.3794355937	55.5472753573
	31.3695319435	55.54496615
	31.3579191547	55.5430488708
	31.349954475	55.5421802821
	31.3371752391	55.5410740199
	31.3334265978	55.5407889472
	31.3216629028	55.5404038437
	31.3098992079	55.5407889472
	31.2981858868	55.5419426086
	31.2950295296	55.5423866374
	31.2894753304	55.5432182414
	31.2810188988	55.5446914918
	31.2730801524	55.5465425478
	31.2703094149	55.5455089168
	31.2590462303	55.542092267
	31.2475837013	55.5394195802
	31.2359709125	55.537502301
	31.2242575915	55.5363486395
	31.2124938965	55.535963536
	31.2007302015	55.5363486395
	31.1933726413	55.5369828075
	31.1855944736	55.5378144115
	31.1812387127	55.538333905
	31.1696259239	55.5402511842
	31.158163395	55.542923871
	31.1469002103	55.5463405208
	31.1380956776	55.5496543122
	31.129372358	55.5442298035
	31.1189921475	55.5386814655
	31.1082712832	55.533823905
	31.1000712551	55.530737633
	31.0988175292	55.5283920769
	31.0926021723	55.5183969699
	31.0857464117	55.508829767
	31.0782796048	55.4997314365
	31.0702337256	55.4911409387
	31.0616432278	55.4830950595
	31.057134961	55.479270643
	31.0545962818	55.4771878198
	31.050006218	55.4735454293
	31.0404390151	55.4666896687
	31.0304439082	55.4604743118
	31.0200636977	55.4549259737
	31.0093428335	55.4500684133
	30.9983272237	55.4459224314
	30.987064039	55.4425057817
	30.9756015101	55.4398330948
	30.9639887213	55.4379158156
	30.9522754002	55.4367621542
	30.9405117053	55.4363770507
	30.9287480103	55.4367621542
	30.9170346893	55.4379158156
	30.9054219004	55.4398330948
	30.9014556261	55.4406686022
	30.8824952773	55.4319942703
	30.8764979068	55.4293813086
	30.865482297	55.4252353267
	30.8542191123	55.421818677
	30.8462421244	55.4198752489
	30.8258811778	55.4154044237
	30.8223956368	55.4146751649
	30.8107828479	55.4127578857
	30.7990695269	55.4116042243
	30.7873058319	55.4112191208
	30.7755421369	55.4116042243
	30.7701840771	55.4120359072
	30.7570996654	55.4132871279
	30.7507444043	55.4140091064
	30.7391316154	55.4159263856
	30.7276690865	55.4185990725
	30.7164059018	55.4220157222
	30.7053902921	55.4261617041
	30.7026510508	55.4273229699
	30.6950960428	55.4305997948
	30.6871144199	55.4342960895
	30.6767342094	55.4398444276
	30.6667391025	55.4460597845
	30.6571718996	55.4529155451
	30.6480735691	55.460382352
	30.6394830713	55.4684282312
	30.6351719429	55.4729909254
	30.6348365212	55.4730691347
	30.6235733365	55.4764857844
	30.6125577268	55.4806317664
	30.6018368625	55.4854893268
	30.5914566521	55.4910376649
	30.5814615451	55.4972530218
	30.5718943422	55.5041087824
	30.5680718309	55.5071249737
	30.5672170221	55.5076042721
	30.5642948123	55.5092532594
	30.5575122569	55.5130654072
	30.5557072166	55.5140936951
	30.5457121097	55.520309052
	30.5361449068	55.5271648127
	30.5270465763	55.5346316196
	30.5184560785	55.5426774988
	30.5104101993	55.5512679966
	30.5029433924	55.5603663271
	30.4960876317	55.56993353
	30.493271915	55.5744615708
	30.4849468777	55.5766951324
	30.4737396573	55.5800967769
	30.4627240476	55.5842427588
	30.4520031833	55.5891003192
	30.4416229729	55.5946486573
	30.4343403276	55.5990867639
	30.4195068773	55.6086158776
	30.4167944156	55.610393128
	30.4072272127	55.6172488886
	30.3981288822	55.6247156955
	30.3937974704	55.6286405669
	30.3830228467	55.6297302368
	30.3714100578	55.6316475159
	30.3599475289	55.6343202028
	30.3542060251	55.6359612553
	30.3374842996	55.6410424321
	30.3319626188	55.6428180293
	30.3282246479	55.644132994
	30.3254045229	55.6451601204
	30.3198544243	55.6461738831
	30.3083918954	55.64884657
	30.3082824462	55.6488759352
	30.290351033	55.6502237999
	30.2803559918	55.6512565734
	30.268743203	55.6531738526
	30.257280674	55.6558465395
	30.2460174894	55.6592631892
	30.2369253478	55.662625425
	30.2267305693	55.6667109657
	30.2248071012	55.6674947119
	30.2142479525	55.672279
	30.2069975558	55.668993888
	30.1959819461	55.664847906
	30.1847187614	55.6614312563
	30.1732562325	55.6587585694
	30.1690530692	55.6579743245
	30.147387496	55.6541977742
	30.1399778705	55.6530647399
	30.1282645495	55.6519110785
	30.1165008545	55.651525975
	30.1047371595	55.6519110785
	30.0930238385	55.6530647399
	30.0814110496	55.6549820191
	30.0772330028	55.6558647693
	30.0692869884	55.6576424182
	30.0688789534	55.6577342003
	30.0610187697	55.6595118493
	30.0541423226	55.6612100039
	30.0428791379	55.6646266536
	30.0318635282	55.6687726355
	30.0211426639	55.6736301959
	30.0205691774	55.6739142777
	30.0134852845	55.677439058
	30.0103622194	55.6790311778
	30.0021727822	55.6772026307
	29.9905599933	55.6752853515
	29.9788466723	55.6741316901
	29.9767205945	55.6740049769
	29.9595667748	55.6722838578
	29.9565003181	55.6720296055
	29.9521649282	55.667865949
	29.9477006048	55.6625732307
	29.9396547256	55.6539827329
	29.9310642278	55.6459368537
	29.9219658972	55.6384700468
	29.9123986944	55.6316142862
	29.9024035874	55.6253989293
	29.893634835	55.6206553304
	29.8838577712	55.6157114854
	29.8822463132	55.6149067462
	29.8715254489	55.6100491858
	29.8605098391	55.6059032039
	29.8492466545	55.6024865542
	29.8377841255	55.5998138673
	29.8261713367	55.5978965881
	29.8144580157	55.5967429266
	29.8036306813	55.5963602605
	29.7823809102	55.5962496343
	29.7819320954	55.5962631575
	29.7814445496	55.5962471969
	29.7760181762	55.5963290704
	29.7659073211	55.5966342461
	29.7657783045	55.5966381866
	29.7613341822	55.5967755157
	29.7551258772	55.5970748053
	29.7434125561	55.5982284667
	29.7317997673	55.6001457459
	29.7203372384	55.6028184328
	29.7109210603	55.6056747992
	29.7079328528	55.6024843225
	29.699342355	55.5944384433
	29.6902440245	55.5869716364
	29.6806768216	55.5801158758
	29.6706817146	55.5739005189
	29.6603015042	55.5683521808
	29.6495806399	55.5634946204
	29.6408412228	55.5601383423
	29.6271197567	55.5552746033
	29.6248435641	55.5544848994
	29.6135803794	55.5510682497
	29.6060528982	55.5492241268
	29.6013568021	55.5468220294
	29.5906359378	55.541964469
	29.579620328	55.5378184871
	29.5791015376	55.5376432617
	29.5586013545	55.5307539184
	29.5478569602	55.5275124941
	29.5363944313	55.5248398072
	29.5247816425	55.522922528
	29.5130683214	55.5217688666
	29.5013046265	55.5213837631
	29.4895409315	55.5217688666
	29.4778276105	55.522922528
	29.4728036929	55.5236562173
	29.4558321048	55.5263799112
	29.4492432335	55.5275635011
	29.4377807046	55.5302361879
	29.4265175199	55.5336528377
	29.4155019101	55.5377988196
	29.4047810458	55.54265638
	29.3946353309	55.5480695672
	29.3782187812	55.5575147576
	29.3779842857	55.5576499085
	29.3768070717	55.5583355307
	29.3598205384	55.5683150119
	29.3520389155	55.5707366161
	29.3372179088	55.5757198433
	29.330331009	55.5776364967
	29.3298294934	55.5777768532
	29.3236077756	55.5795278093
	29.3145180616	55.5823474583
	29.3035024518	55.5864934402
	29.2927815875	55.5913510006
	29.2824013771	55.5968993387
	29.2724062701	55.6031146956
	29.2628390673	55.6099704562
	29.2537407367	55.6174372631
	29.2451502389	55.6254831423
	29.2371043597	55.6340736401
	29.2296375528	55.6431719706
	29.2240634717	55.6508471361
	29.2234530917	55.6517359761
	29.2221714122	55.6536280135
	29.2213819893	55.6548196923
	29.2210817785	55.6552768125
	29.2210754831	55.6552863989
	29.2207920203	55.6557180776
	29.2187251654	55.6589398446
	29.2181682196	55.6598286691
	29.2158167551	55.6636882865
	29.2152903945	55.6645771831
	29.2142890753	55.6662896405
	29.2102630118	55.6736546882
	29.2102242614	55.6737296824
	29.210196203	55.6737826112
	29.207796532	55.6784741306
	29.2051486154	55.6840855513
	29.2049295073	55.6845660978
	29.2045136811	55.685481644
	29.2021054706	55.6910298415
	29.2010394828	55.6936619438
	29.2006770762	55.694577494
	29.1987355	55.6997099441
	29.1984036729	55.7006292477
	29.1972652549	55.7038803049
	29.1965715687	55.7059656065
	29.1962644887	55.7069079065
	29.1950410451	55.7108123437
	29.1947644249	55.7117316544
	29.193264905	55.7170051003
	29.19314522	55.7174540897
	29.1928953574	55.7183963199
	29.1920026581	55.7219048249
	29.1917794983	55.7228203523
	29.1901191956	55.7303253868
	29.1893979937	55.7341690372
	29.1890642163	55.7360611689
	29.1878681391	55.7438303074
	29.1875567025	55.7463311692
	29.1874460677	55.7472733575
	29.1866038428	55.7564858167
	29.1862187393	55.7682495117
	29.1866038428	55.7800132067
	29.1877575042	55.7917265277
	29.1896747834	55.8033393166
	29.1904465595	55.8070179821
	29.1904643164	55.8072921068
	29.1909122211	55.8118397595
	29.1776921588	55.8146974446
	29.1691420937	55.816765729
	29.157878909	55.8201823787
	29.1468632993	55.8243283606
	29.136142435	55.829185921
	29.1257622246	55.8347342591
	29.1255042425	55.8348834902
	29.1172806644	55.8386845172
	29.1069004539	55.8442328553
	29.096905347	55.8504482122
	29.0944112111	55.852145166
	29.0920926269	55.8533049173
	29.0826237205	55.8584006409
	29.0740493239	55.8636764093
	29.0688002039	55.867112307
	29.0683903354	55.8671374186
	29.0676258772	55.8671858893
	29.058113743	55.8681227527
	29.0516502726	55.8653383615
	29.0252295697	55.8522560746
	29.0249693967	55.8521275104
	29.0238127354	55.8515622453
	29.0092081624	55.8444895677
	29.0087649819	55.8442328553
	28.9983847714	55.8386845172
	28.992612099	55.8359639783
	28.9787886214	55.8297465221
	28.9732872097	55.8247164584
	28.9641888792	55.8172496515
	28.9546216763	55.8103938909
	28.9446265694	55.804178534
	28.9342463589	55.7986301959
	28.9235254947	55.7937726355
	28.9125098849	55.7896266536
	28.9012467002	55.7862100039
	28.8987841283	55.7855687955
	28.8863672887	55.7824292997
	28.8773673317	55.7803978211
	28.8657545429	55.7784805419
	28.8540412218	55.7773268805
	28.8422775269	55.776941777
	28.8305138319	55.7773268805
	28.8188005108	55.7784805419
	28.8107776812	55.7797215584
	28.7953870174	55.7824592525
	28.7815291804	55.784736594
	28.7695532151	55.7854517265
	28.7299685325	55.7871656835
	28.7259854048	55.7873824225
	28.7142720837	55.7885360839
	28.7026592949	55.7904533631
	28.691196766	55.79312605
	28.6799335813	55.7965426997
	28.6689179715	55.8006886817
	28.6581971072	55.8055462421
	28.6525571918	55.8084523081
	28.6393354511	55.8155629038
	28.6345951561	55.8182051758
	28.6246000491	55.8244205327
	28.6150328463	55.8312762934
	28.6059345157	55.8387431003
	28.6027947493	55.8415624409
	28.5941849775	55.8494779378
	28.5887342462	55.8547044763
	28.580688367	55.8632949741
	28.5732215601	55.8723933046
	28.5663657995	55.8819605075
	28.5601504426	55.8919556145
	28.5546021045	55.9023358249
	28.5497445441	55.9130566892
	28.5455985621	55.9240722989
	28.5441367405	55.9285858187
	28.5305549291	55.9278641684
	28.523185384	55.9273366663
	28.5160409412	55.9240770961
	28.5082894736	55.920743047
	28.5060526553	55.9197987891
	28.4950370455	55.9156528071
	28.4837738609	55.9122361574
	28.472311332	55.9095634705
	28.4684591067	55.9089274656
	28.4647090431	55.9065955262
	28.4543288327	55.9010471881
	28.4436079684	55.8961896277
	28.4325923587	55.8920436458
	28.421329174	55.888626996
	28.4098666451	55.8859543092
	28.3982538562	55.88403703
	28.3865405352	55.8828833685
	28.3747768402	55.882498265
	28.3630131452	55.8828833685
	28.3598011845	55.8831227919
	28.3524960393	55.8837331434
	28.3439946789	55.8846473815
	28.3323818901	55.8865646607
	28.3209193612	55.8892373476
	28.3207413212	55.8892851511
	28.3048528218	55.8886817542
	28.2862633436	55.8889372931
	28.2745500226	55.8900909545
	28.2629372337	55.8920082337
	28.2514747048	55.8946809206
	28.2402115201	55.8980975703
	28.2291959104	55.9022435523
	28.2272085161	55.9030807513
	28.211320302	55.9098861712
	28.202586832	55.9139065326
	28.1922066215	55.9194548707
	28.1918027592	55.9196887398
	28.182475748	55.9239620746
	28.1720955375	55.9295104127
	28.1621004306	55.9357257696
	28.1525332277	55.9425815302
	28.1434348972	55.9500483371
	28.1348443994	55.9580942163
	28.1247888574	55.9681497583
	28.1172807597	55.9761298242
	28.1137409543	55.9772906856
	28.1027253446	55.9814366675
	28.0920044803	55.9862942279
	28.0816242698	55.991842566
	28.0716291629	55.9980579229
	28.06206196	56.0049136835
	28.0545784774	56.0109811884
	28.0404946151	56.0230394465
	28.0388797672	56.0244387485
	28.0303074594	56.0324664403
	28.0241678241	56.0386043198
	28.0241496341	56.0386225071
	28.0161037549	56.0472130049
	28.008636948	56.0563113355
	28.0017811874	56.0658785383
	27.9955658305	56.0758736453
	27.9900174924	56.0862538557
	27.985159932	56.09697472
	27.9810139501	56.1079903298
	27.9775973003	56.1192535144
	27.9749246134	56.1307160434
	27.9730073343	56.1423288322
	27.9718536728	56.1540421532
	27.9714685693	56.1658058482
	27.9718536728	56.1775695432
	27.9730073343	56.1892828642
	27.9749246134	56.2008956531
	27.9775973003	56.212358182
	27.9810139501	56.2236213667
	27.985159932	56.2346369764
	27.9900174924	56.2453578407
	27.9955658305	56.2557380511
	28.0017811874	56.2657331581
	28.008636948	56.275300361
	28.0140699955	56.2820387132
	28.0090945344	56.2901527885
	28.0035461963	56.300532999
	27.9986886359	56.3112538633
	27.9945426539	56.322269473
	27.9911260042	56.3335326577
	27.9884533173	56.3449951866
	27.9865360381	56.3566079754
	27.9853823767	56.3683212965
	27.9850221359	56.3770944728
	27.9801925379	56.3831164187
	27.9733367773	56.3926836215
	27.9671214204	56.4026787285
	27.9645911497	56.4072110907
	27.9598602014	56.413115198
	27.9530044408	56.4226824008
	27.9467890839	56.4326775078
	27.9412407459	56.4430577182
	27.9401540016	56.4453004542
	27.9398504459	56.4455028387
	27.930283243	56.4523585993
	27.9211849124	56.4598254062
	27.9125944147	56.4678712854
	27.9045485355	56.4764617832
	27.8970817285	56.4855601137
	27.8902259679	56.4951273166
	27.884010611	56.5051224235
	27.8784622729	56.515502634
	27.8736047125	56.5262234983
	27.8726265724	56.5286340995
	27.8717987535	56.5297553856
	27.8669486852	56.5366579257
	27.8607333283	56.5466530327
	27.8551849902	56.5570332431
	27.8527708187	56.5621285047
	27.8470209933	56.5683807285
	27.8421963407	56.5741191648
	27.8409211063	56.5747417987
	27.8305408958	56.5802901368
	27.8205457889	56.5865054937
	27.810978586	56.5933612543
	27.8018802555	56.6008280612
	27.7941989434	56.6079712082
	27.789518743	56.6119365074
	27.7809282453	56.6199823866
	27.7728823661	56.6285728844
	27.7654155591	56.637671215
	27.7585597985	56.6472384178
	27.7523444416	56.6572335248
	27.7467961036	56.6676137352
	27.7467934232	56.6676196509
	27.74592587	56.667293127
	27.7346626853	56.6638764772
	27.7232001564	56.6612037904
	27.7115873676	56.6592865112
	27.6998740465	56.6581328497
	27.6918873007	56.6577874064
	27.6706375296	56.6573410869
	27.6691095695	56.6573750509
	27.6668605804	56.6573014267
	27.6550968855	56.6576865302
	27.6433835644	56.6588401916
	27.6317707756	56.6607574708
	27.6203082467	56.6634301577
	27.609045062	56.6668468074
	27.5980294522	56.6709927893
	27.587308588	56.6758503497
	27.5769283775	56.6813986878
	27.5669332706	56.6876140447
	27.5573660677	56.6944698053
	27.5482677372	56.7019366122
	27.5396772394	56.7099824914
	27.5316313602	56.7185729892
	27.5241645533	56.7276713198
	27.5173087926	56.7372385226
	27.5110934357	56.7472336296
	27.5055450977	56.75761384
	27.5006875372	56.7683347043
	27.4965415553	56.7793503141
	27.4931249056	56.7906134987
	27.4904522187	56.8020760277
	27.4885349395	56.8136888165
	27.4873812781	56.8254021375
	27.4870629453	56.8322653331
	27.4870076322	56.834294752
	27.4869765279	56.8356134977
	27.4868659017	56.8411676969
	27.4868302353	56.8447494507
	27.4872153388	56.8565131457
	27.4883690002	56.8682264667
	27.4893289877	56.874626356
	27.488409339	56.8844879835
	27.4880242355	56.8962516785
	27.488409339	56.9080153734
	27.4895630004	56.9197286945
	27.4914802796	56.9313414833
	27.4941529665	56.9428040122
	27.4942494083	56.9431624581
	27.4982491184	56.9579672982
	27.5015693263	56.968872037
	27.5057153082	56.9798876467
	27.5105728687	56.990608511
	27.5161212067	57.0009887215
	27.5223365636	57.0109838284
	27.5291923243	57.0205510313
	27.5366591312	57.0296493618
	27.538543548	57.0317642975
	27.5390625121	57.0361151081
	27.5409797913	57.0477278969
	27.5436524782	57.0591904258
	27.5451463344	57.0641150097
	27.5442581298	57.0694947857
	27.5431044684	57.0812081068
	27.5427193649	57.0929718018
	27.5431044684	57.1047354967
	27.5442581298	57.1164488178
	27.546175409	57.1280616066
	27.5488480959	57.1395241355
	27.5522647456	57.1507873202
	27.5564107276	57.16180293
	27.561268288	57.1725237942
	27.566816626	57.1829040047
	27.5714015551	57.1904148218
	27.5756797381	57.1970523951
	27.5773101659	57.1995366849
	27.5841659265	57.2091038877
	27.5916327335	57.2182022183
	27.5935074953	57.2203064873
	27.5902340416	57.2221510987
	27.5802389346	57.2283664556
	27.5706717318	57.2352222162
	27.5615734012	57.2426890231
	27.5614673129	57.2427821337
	27.5579106071	57.2434524781
	27.5505620946	57.2450747028
	27.5324785222	57.2494654193
	27.5283645058	57.2505158815
	27.5171013212	57.2539325313
	27.5158510339	57.2543620773
	27.5092700594	57.2566500975
	27.4999765047	57.2587496566
	27.4930594826	57.2604569826
	27.481796298	57.2638736323
	27.4786118961	57.2649880056
	27.4631947971	57.2705460195
	27.4627781449	57.2706968068
	27.4597225724	57.2718068838
	27.4523080167	57.2746877051
	27.4415871524	57.2795452655
	27.431206942	57.2850936036
	27.421211835	57.2913089605
	27.4116446322	57.2981647211
	27.4086232774	57.3005347562
	27.4010682695	57.3065924954
	27.3949912937	57.3116892673
	27.3864007959	57.3197351465
	27.3783549167	57.3283256443
	27.3708881098	57.3374239748
	27.3640323492	57.3469911777
	27.360560658	57.3525741112
	27.3520034218	57.3545693789
	27.3510634371	57.3548239764
	27.3384806581	57.3582686481
	27.3281574582	57.3614307002
	27.3171418485	57.3655766821
	27.3146650408	57.3666243706
	27.3069706988	57.3681306196
	27.2880509956	57.3717793792
	27.2870213249	57.3719810731
	27.275558796	57.37465376
	27.2642956113	57.3780704097
	27.2532800016	57.3822163916
	27.2425591373	57.387073952
	27.2321789268	57.3926222901
	27.2221838199	57.398837647
	27.212616617	57.4056934076
	27.2035182865	57.4131602145
	27.1949277887	57.4212060937
	27.1868819095	57.4297965915
	27.1794151026	57.4388949221
	27.172559342	57.4484621249
	27.166343985	57.4584572319
	27.160795647	57.4688374423
	27.1559380866	57.4795583066
	27.1517921046	57.4905739164
	27.1483754549	57.501837101
	27.145702768	57.51329963
	27.1437854888	57.5249124188
	27.1426318274	57.5366257398
	27.1422467239	57.5483894348
	27.1426318274	57.5601531298
	27.1437854888	57.5718664508
	27.1452312008	57.5810191029
	27.1493148343	57.6031557911
	27.1494201582	57.6037216577
	27.1503642958	57.6087494287
	27.150730539	57.6106436989
	27.1534032259	57.6221062278
	27.1568198756	57.6333694125
	27.1609658576	57.6443850222
	27.165823418	57.6551058865
	27.171371756	57.665486097
	27.1775871129	57.6754812039
	27.1844428736	57.6850484068
	27.1919096805	57.6941467373
	27.1999555597	57.7027372351
	27.2033155115	57.7060106791
	27.2098424585	57.7122057475
	27.2101176329	57.7124663793
	27.2104030208	57.7133140231
	27.2145490027	57.7243296328
	27.2194065631	57.7350504971
	27.2249549012	57.7454307076
	27.2275151609	57.7497261804
	27.2276736505	57.7499838722
	27.2301922943	57.7554940811
	27.2324623645	57.7602732754
	27.2380107026	57.7706534859
	27.2442260595	57.7806485928
	27.2510818201	57.7902157957
	27.258548627	57.7993141262
	27.2665945062	57.807904624
	27.275185004	57.8159505032
	27.2842833346	57.8234173101
	27.2938505374	57.8302730708
	27.2985689216	57.8333203162
	27.3271524482	57.8511540259
	27.3280117222	57.8516867912
	27.332527552	57.8544691458
	27.3351315833	57.8613878909
	27.3399891437	57.8721087552
	27.3455374818	57.8824889656
	27.3517528387	57.8924840726
	27.3586085993	57.9020512754
	27.3660754062	57.911149606
	27.3741212854	57.9197401038
	27.3827117832	57.927785983
	27.3851422696	57.9298794168
	27.3946980862	57.9379627603
	27.4013659304	57.9433361334
	27.4109331332	57.950191894
	27.4209282402	57.9564072509
	27.4313084506	57.961955589
	27.4322994915	57.9624405431
	27.4330603426	57.9630276007
	27.441627361	57.9691666392
	27.4403485439	57.97264037
	27.4388194636	57.9769630765
	27.4354028139	57.9882262612
	27.432730127	57.9996887901
	27.4308128478	58.011301579
	27.4305578648	58.0133271322
	27.4091949502	58.0364076183
	27.4059656955	58.0399917514
	27.4047995716	58.0413347991
	27.3712989002	58.0803057463
	27.3681347362	58.0840903572
	27.351107835	58.1050330451
	27.347971316	58.1090037172
	27.3411155553	58.1185709201
	27.3349001984	58.1285660271
	27.3293518604	58.1389462375
	27.3244942999	58.1496671018
	27.320348318	58.1606827115
	27.3169316683	58.1719458962
	27.3142589814	58.1834084251
	27.3123417022	58.195021214
	27.3111880408	58.206734535
	27.3108029373	58.21849823
	27.3111880408	58.230261925
	27.3123417022	58.241975246
	27.3127735891	58.245050382
	27.3072985507	58.2510169895
	27.2998317438	58.26011532
	27.2929759832	58.2696825229
	27.2867606263	58.2796776298
	27.2818897493	58.288698582
	27.2764175661	58.2995628399
	27.275740105	58.3009220981
	27.2708825446	58.3116429624
	27.2667365626	58.3226585721
	27.2633199129	58.3339217568
	27.260647226	58.3453842857
	27.2587299468	58.3569970746
	27.2575762854	58.3687103956
	27.2571911819	58.3804740906
	27.2575762854	58.3922377856
	27.2576667826	58.3935454738
	27.2602493326	58.4289878261
	27.2613124969	58.4393934589
	27.2614739551	58.4405888667
	27.2648258346	58.4647934147
	27.270624447	58.5262554783
	27.2713680389	58.5328382831
	27.2731426781	58.5437261955
	27.3001717156	58.6825888053
	27.3003143555	58.6833136818
	27.3029870424	58.6947762107
	27.3047217175	58.7008248331
	27.3341387555	58.7970162393
	27.3358207301	58.8022308016
	27.3368229352	58.8051031645
	27.3788494549	58.9223555143
	27.3819932318	58.9304987613
	27.3868507922	58.9412196255
	27.3923991303	58.951599836
	27.3986144872	58.9615949429
	27.4054702478	58.9711621458
	27.4129370548	58.9802604763
	27.4187039915	58.9865304444
	27.4879827165	59.0583611347
	27.4902616589	59.0606816645
	27.4988521567	59.0687275437
	27.5079504873	59.0761943506
	27.5175176901	59.0830501112
	27.5178820347	59.0832929175
	27.5362708347	59.0955152775
	27.5459015971	59.1014878281
	27.5562818075	59.1070361662
	27.5579834215	59.1078642095
	27.6000197311	59.1280472085
	27.612413877	59.1352022462
	27.622787247	59.1407466351
	27.6335081112	59.1456041955
	27.644523721	59.1497501775
	27.6557869057	59.1531668272
	27.6672494346	59.1558395141
	27.6788622234	59.1577567933
	27.6905755445	59.1589104547
	27.7023392394	59.1592955582
	27.7291421757	59.1592955582
	27.7312981346	59.1597381347
	27.732796859	59.1600296422
	27.7375056026	59.160924786
	27.7413130194	59.1622389938
	27.7421837186	59.1625370427
	27.7534469033	59.1659536924
	27.7626944229	59.1681712936
	27.765269832	59.1690307119
	27.7680861605	59.1704104602
	27.7783864316	59.1750612878
	27.782568129	59.1767323854
	27.8056241593	59.1856130006
	27.8124580716	59.188087885
	27.8237212563	59.1915045347
	27.8351837852	59.1941772216
	27.8467965741	59.1960945008
	27.8585098951	59.1972481622
	27.8702735901	59.1976332657
	27.8783302307	59.1976332657
	27.8900939257	59.1972481622
	27.9018072467	59.1960945008
	27.9134200356	59.1941772216
	27.9248825645	59.1915045347
	27.9361457492	59.188087885
	27.938661954	59.1872129145
	27.9464401217	59.1844434443
END
END
