none
1
   3.424766E+01   1.062829E+01
   3.458252E+01   1.092644E+01
   3.478948E+01   1.075630E+01
   3.487833E+01   1.084784E+01
   3.505239E+01   1.181712E+01
   3.521052E+01   1.194696E+01
   3.568214E+01   1.267885E+01
   3.605891E+01   1.275405E+01
   3.635934E+01   1.372616E+01
   3.653623E+01   1.428708E+01
   3.673965E+01   1.435831E+01
   3.703997E+01   1.429555E+01
   3.714592E+01   1.444657E+01
   3.732097E+01   1.446409E+01
   3.750537E+01   1.422791E+01
   3.789201E+01   1.492381E+01
   3.825844E+01   1.470564E+01
   3.846313E+01   1.444041E+01
   3.897607E+01   1.457890E+01
   3.900075E+01   1.464136E+01
   3.911291E+01   1.467416E+01
   3.929351E+01   1.453703E+01
   3.978673E+01   1.452561E+01
   3.994936E+01   1.445836E+01
   4.009292E+01   1.458304E+01
   4.049088E+01   1.441157E+01
   4.127700E+01   1.372153E+01
   4.199847E+01   1.306556E+01
   4.243137E+01   1.247449E+01
   4.221447E+01   1.213955E+01
   4.196559E+01   1.180024E+01
   4.182396E+01   1.166996E+01
   4.183520E+01   1.099876E+01
   4.238783E+01   1.102313E+01
   4.257752E+01   1.109583E+01
   4.274304E+01   1.109357E+01
   4.298374E+01   1.098752E+01
   4.276419E+01   1.053730E+01
   4.309157E+01   9.933952E+00
   4.327277E+01   9.838645E+00
   4.338489E+01   9.608762E+00
   4.411751E+01   8.986555E+00
   4.584826E+01   8.456520E+00
   4.698183E+01   8.027434E+00
   4.802163E+01   8.017298E+00
   4.609137E+01   5.913104E+00
   4.499062E+01   4.887673E+00
   4.465478E+01   4.834912E+00
   4.336195E+01   4.694043E+00
   4.291323E+01   4.277028E+00
   4.193262E+01   3.928448E+00
   4.113755E+01   3.919977E+00
   4.075101E+01   4.236028E+00
   3.993520E+01   3.855650E+00
   3.956168E+01   3.378665E+00
   3.907822E+01   3.484379E+00
   3.814508E+01   3.581519E+00
   3.689928E+01   4.382031E+00
   3.600736E+01   4.400961E+00
   3.575518E+01   4.741487E+00
   3.571555E+01   4.989509E+00
   3.501857E+01   5.583251E+00
   3.460042E+01   6.513269E+00
   3.383339E+01   7.473462E+00
   3.327508E+01   7.682994E+00
   3.293807E+01   7.849372E+00
   3.316387E+01   8.460380E+00
   3.357229E+01   8.523851E+00
   3.376931E+01   8.420290E+00
   3.406138E+01   8.669669E+00
   3.404997E+01   9.721854E+00
   3.429252E+01   1.015723E+01
   3.424766E+01   1.062829E+01
END
END
