none
1
   6.247808E+01   2.938957E+01
   6.085048E+01   2.985834E+01
   6.178790E+01   3.084559E+01
   6.178674E+01   3.094666E+01
   6.183150E+01   3.103105E+01
   6.178922E+01   3.117952E+01
   6.174924E+01   3.123994E+01
   6.170283E+01   3.136308E+01
   6.082856E+01   3.148980E+01
   6.079449E+01   3.165169E+01
   6.081286E+01   3.173883E+01
   6.079182E+01   3.185775E+01
   6.080435E+01   3.194095E+01
   6.077962E+01   3.203508E+01
   6.081863E+01   3.210256E+01
   6.083897E+01   3.223533E+01
   6.056419E+01   3.306684E+01
   6.048761E+01   3.373846E+01
   6.053525E+01   3.381969E+01
   6.049016E+01   3.414051E+01
   6.053141E+01   3.420674E+01
   6.070678E+01   3.453368E+01
   6.074428E+01   3.456735E+01
   6.084109E+01   3.458365E+01
   6.090351E+01   3.465056E+01
   6.096818E+01   3.474149E+01
   6.105304E+01   3.493254E+01
   6.107826E+01   3.517768E+01
   6.107642E+01   3.526393E+01
   6.110704E+01   3.529867E+01
   6.117779E+01   3.540689E+01
   6.126002E+01   3.552806E+01
   6.127860E+01   3.563966E+01
   6.138707E+01   3.564934E+01
   6.142609E+01   3.557585E+01
   6.160360E+01   3.546196E+01
   6.179166E+01   3.543248E+01
   6.195969E+01   3.547668E+01
   6.204134E+01   3.546304E+01
   6.216498E+01   3.535755E+01
   6.227563E+01   3.530634E+01
   6.230654E+01   3.526262E+01
   6.231673E+01   3.517363E+01
   6.246039E+01   3.530475E+01
   6.251813E+01   3.529140E+01
   6.256794E+01   3.525169E+01
   6.262689E+01   3.524655E+01
   6.270999E+01   3.527045E+01
   6.290591E+01   3.539628E+01
   6.310231E+01   3.553281E+01
   6.308216E+01   3.555462E+01
   6.307887E+01   3.563242E+01
   6.319799E+01   3.569969E+01
   6.311559E+01   3.576575E+01
   6.308634E+01   3.582679E+01
   6.310883E+01   3.587587E+01
   6.331661E+01   3.587087E+01
   6.359902E+01   3.598261E+01
   6.376994E+01   3.599762E+01
   6.388118E+01   3.604850E+01
   6.396898E+01   3.605810E+01
   6.405552E+01   3.611231E+01
   6.415660E+01   3.618083E+01
   6.432570E+01   3.623942E+01
   6.460532E+01   3.644939E+01
   6.459830E+01   3.663592E+01
   6.477854E+01   3.693267E+01
   6.475901E+01   3.707039E+01
   6.478084E+01   3.713430E+01
   6.507230E+01   3.726245E+01
   6.523706E+01   3.724891E+01
   6.554022E+01   3.727119E+01
   6.562816E+01   3.735914E+01
   6.562807E+01   3.745762E+01
   6.566514E+01   3.752574E+01
   6.570341E+01   3.755523E+01
   6.575504E+01   3.755233E+01
   6.577885E+01   3.758778E+01
   6.586033E+01   3.751861E+01
   6.609325E+01   3.745000E+01
   6.622553E+01   3.739109E+01
   6.629619E+01   3.734418E+01
   6.640776E+01   3.736340E+01
   6.644795E+01   3.734073E+01
   6.658313E+01   3.738722E+01
   6.669465E+01   3.737499E+01
   6.684275E+01   3.737432E+01
   6.695602E+01   3.741463E+01
   6.706859E+01   3.738711E+01
   6.712692E+01   3.733716E+01
   6.713686E+01   3.729201E+01
   6.722754E+01   3.726289E+01
   6.726345E+01   3.720584E+01
   6.740700E+01   3.723893E+01
   6.749461E+01   3.728668E+01
   6.756774E+01   3.724281E+01
   6.760461E+01   3.725515E+01
   6.773440E+01   3.723417E+01
   6.780343E+01   3.718485E+01
   6.780065E+01   3.710595E+01
   6.789421E+01   3.707662E+01
   6.802530E+01   3.694446E+01
   6.817502E+01   3.703480E+01
   6.826111E+01   3.702756E+01
   6.826192E+01   3.709048E+01
   6.828658E+01   3.712322E+01
   6.839739E+01   3.715971E+01
   6.852921E+01   3.720841E+01
   6.859960E+01   3.721877E+01
   6.865673E+01   3.729056E+01
   6.876012E+01   3.729465E+01
   6.879648E+01   3.727785E+01
   6.879865E+01   3.733477E+01
   6.888366E+01   3.735474E+01
   6.900407E+01   3.732603E+01
   6.913341E+01   3.718267E+01
   6.922259E+01   3.713213E+01
   6.930403E+01   3.713734E+01
   6.938750E+01   3.718095E+01
   6.941001E+01   3.721791E+01
   6.936595E+01   3.733593E+01
   6.936538E+01   3.745869E+01
   6.950616E+01   3.759524E+01
   6.964664E+01   3.758938E+01
   6.973382E+01   3.761422E+01
   6.980056E+01   3.760207E+01
   6.990417E+01   3.763241E+01
   7.002153E+01   3.756363E+01
   7.014198E+01   3.755210E+01
   7.020212E+01   3.762670E+01
   7.024108E+01   3.763570E+01
   7.027381E+01   3.770121E+01
   7.025561E+01   3.780303E+01
   7.016952E+01   3.784390E+01
   7.016174E+01   3.794620E+01
   7.024421E+01   3.796204E+01
   7.025090E+01   3.799087E+01
   7.035428E+01   3.806856E+01
   7.053213E+01   3.825427E+01
   7.059691E+01   3.835604E+01
   7.066057E+01   3.837653E+01
   7.067395E+01   3.842718E+01
   7.073485E+01   3.843803E+01
   7.076642E+01   3.847211E+01
   7.084091E+01   3.846810E+01
   7.087798E+01   3.848566E+01
   7.092516E+01   3.845679E+01
   7.093538E+01   3.848833E+01
   7.098812E+01   3.850674E+01
   7.104080E+01   3.847519E+01
   7.111486E+01   3.843616E+01
   7.122851E+01   3.834224E+01
   7.134087E+01   3.831998E+01
   7.138998E+01   3.826220E+01
   7.139261E+01   3.815541E+01
   7.135589E+01   3.811967E+01
   7.128851E+01   3.794956E+01
   7.133995E+01   3.791179E+01
   7.153554E+01   3.796954E+01
   7.160599E+01   3.792843E+01
   7.161214E+01   3.780081E+01
   7.156280E+01   3.776052E+01
   7.156769E+01   3.771227E+01
   7.151587E+01   3.754507E+01
   7.154290E+01   3.747519E+01
   7.150608E+01   3.739130E+01
   7.150755E+01   3.727809E+01
   7.146736E+01   3.720339E+01
   7.144973E+01   3.706909E+01
   7.148028E+01   3.699777E+01
   7.147947E+01   3.694280E+01
   7.154616E+01   3.685701E+01
   7.156749E+01   3.677855E+01
   7.167534E+01   3.669537E+01
   7.183923E+01   3.670232E+01
   7.201266E+01   3.682805E+01
   7.233725E+01   3.700578E+01
   7.265632E+01   3.704047E+01
   7.280120E+01   3.724329E+01
   7.307256E+01   3.733547E+01
   7.314009E+01   3.741733E+01
   7.321363E+01   3.742619E+01
   7.330739E+01   3.748212E+01
   7.338371E+01   3.746957E+01
   7.351703E+01   3.749173E+01
   7.363144E+01   3.745584E+01
   7.378442E+01   3.745500E+01
   7.423353E+01   3.743059E+01
   7.436294E+01   3.744173E+01
   7.441214E+01   3.741177E+01
   7.446816E+01   3.744381E+01
   7.457899E+01   3.739595E+01
   7.469665E+01   3.742156E+01
   7.481946E+01   3.736486E+01
   7.490017E+01   3.726989E+01
   7.489740E+01   3.720793E+01
   7.482869E+01   3.719701E+01
   7.479899E+01   3.720079E+01
   7.473818E+01   3.726444E+01
   7.466088E+01   3.721743E+01
   7.457739E+01   3.721831E+01
   7.452270E+01   3.722374E+01
   7.448748E+01   3.713995E+01
   7.458001E+01   3.704025E+01
   7.454806E+01   3.700587E+01
   7.455241E+01   3.695059E+01
   7.451705E+01   3.694263E+01
   7.443900E+01   3.698347E+01
   7.430449E+01   3.689730E+01
   7.423660E+01   3.687789E+01
   7.412400E+01   3.682129E+01
   7.397961E+01   3.681534E+01
   7.368242E+01   3.689585E+01
   7.354306E+01   3.685550E+01
   7.330295E+01   3.685244E+01
   7.308319E+01   3.686690E+01
   7.304187E+01   3.684224E+01
   7.296304E+01   3.685342E+01
   7.293558E+01   3.682685E+01
   7.289078E+01   3.682206E+01
   7.264513E+01   3.682850E+01
   7.257454E+01   3.681050E+01
   7.250140E+01   3.676163E+01
   7.225257E+01   3.672872E+01
   7.221377E+01   3.670150E+01
   7.221999E+01   3.664838E+01
   7.209098E+01   3.657381E+01
   7.195598E+01   3.653273E+01
   7.191736E+01   3.649095E+01
   7.182230E+01   3.648582E+01
   7.184679E+01   3.643203E+01
   7.181107E+01   3.638295E+01
   7.162962E+01   3.639289E+01
   7.159396E+01   3.636695E+01
   7.160503E+01   3.634925E+01
   7.158801E+01   3.631474E+01
   7.154038E+01   3.630731E+01
   7.135581E+01   3.615272E+01
   7.127359E+01   3.611861E+01
   7.122289E+01   3.605082E+01
   7.133448E+01   3.598154E+01
   7.139480E+01   3.596946E+01
   7.144313E+01   3.590036E+01
   7.151832E+01   3.580944E+01
   7.156704E+01   3.573363E+01
   7.163377E+01   3.558169E+01
   7.167420E+01   3.544440E+01
   7.157337E+01   3.530193E+01
   7.169832E+01   3.520874E+01
   7.163465E+01   3.512514E+01
   7.157403E+01   3.502568E+01
   7.152830E+01   3.499201E+01
   7.152421E+01   3.496267E+01
   7.131969E+01   3.486776E+01
   7.128750E+01   3.478547E+01
   7.111555E+01   3.467963E+01
   7.113142E+01   3.461954E+01
   7.109749E+01   3.457186E+01
   7.103633E+01   3.453843E+01
   7.104490E+01   3.446192E+01
   7.112043E+01   3.444555E+01
   7.119330E+01   3.436479E+01
   7.114614E+01   3.415857E+01
   7.109656E+01   3.410075E+01
   7.109130E+01   3.404725E+01
   7.088170E+01   3.395525E+01
   7.049665E+01   3.392279E+01
   7.019120E+01   3.396606E+01
   6.991743E+01   3.401756E+01
   6.991668E+01   3.397426E+01
   6.988042E+01   3.394147E+01
   6.992486E+01   3.390555E+01
   7.000725E+01   3.375471E+01
   7.015708E+01   3.373420E+01
   7.017011E+01   3.366936E+01
   7.021673E+01   3.364680E+01
   7.026880E+01   3.345434E+01
   7.030962E+01   3.344137E+01
   7.034002E+01   3.339961E+01
   7.034433E+01   3.332933E+01
   7.017047E+01   3.320262E+01
   7.002592E+01   3.312224E+01
   6.987652E+01   3.307688E+01
   6.978793E+01   3.310654E+01
   6.971602E+01   3.307294E+01
   6.959354E+01   3.308101E+01
   6.952228E+01   3.301901E+01
   6.951356E+01   3.294442E+01
   6.956200E+01   3.286739E+01
   6.948923E+01   3.283907E+01
   6.945619E+01   3.273861E+01
   6.946857E+01   3.265021E+01
   6.939483E+01   3.254730E+01
   6.930299E+01   3.252034E+01
   6.926042E+01   3.245718E+01
   6.929936E+01   3.234910E+01
   6.929018E+01   3.215154E+01
   6.934409E+01   3.191421E+01
   6.921376E+01   3.183609E+01
   6.912781E+01   3.168748E+01
   6.902711E+01   3.161355E+01
   6.896789E+01   3.161906E+01
   6.891429E+01   3.158002E+01
   6.885369E+01   3.157638E+01
   6.878345E+01   3.160540E+01
   6.876577E+01   3.164635E+01
   6.871166E+01   3.168956E+01
   6.857628E+01   3.170223E+01
   6.855080E+01   3.169597E+01
   6.841659E+01   3.173809E+01
   6.827274E+01   3.174123E+01
   6.808234E+01   3.168378E+01
   6.798991E+01   3.162760E+01
   6.786670E+01   3.160509E+01
   6.780282E+01   3.140581E+01
   6.781104E+01   3.134658E+01
   6.777872E+01   3.130669E+01
   6.772720E+01   3.130556E+01
   6.765801E+01   3.126282E+01
   6.739465E+01   3.119135E+01
   6.727494E+01   3.118135E+01
   6.715790E+01   3.122313E+01
   6.706056E+01   3.119906E+01
   6.679881E+01   3.119189E+01
   6.674167E+01   3.118463E+01
   6.670589E+01   3.106627E+01
   6.659475E+01   3.096717E+01
   6.640574E+01   3.091731E+01
   6.630398E+01   3.058035E+01
   6.636817E+01   3.044656E+01
   6.634361E+01   3.023998E+01
   6.625908E+01   3.007280E+01
   6.637006E+01   2.998217E+01
   6.637852E+01   2.995261E+01
   6.626621E+01   2.983732E+01
   6.504414E+01   2.952491E+01
   6.466384E+01   2.956931E+01
   6.437504E+01   2.953293E+01
   6.420953E+01   2.947596E+01
   6.414674E+01   2.938601E+01
   6.411521E+01   2.937063E+01
   6.400114E+01   2.941559E+01
   6.357987E+01   2.948503E+01
   6.247808E+01   2.938957E+01
END
END
