Тамбовская область
1
	41.7867918121	54.0020541138
	41.8414794482	54.0002915596
	41.8444079378	54.0004460247
	41.8538818359	54.0006957047
	41.8551383946	54.0006913154
	41.9325892313	54.0001502195
	42.0064393157	54.0014973895
	42.0214835436	54.0011422052
	42.023851889	54.0009712683
	42.0344033416	54.0001396643
	42.0437483173	53.9991569398
	42.0525371771	53.9977779511
	42.0617000799	53.9961071137
	42.064524009	53.9955688232
	42.0759865379	53.9928961363
	42.0872497225	53.9894794866
	42.0932965427	53.9873056552
	42.0993172386	53.9886108153
	42.1109300274	53.9905280945
	42.1226433485	53.991681756
	42.1344070435	53.9920668595
	42.1461707384	53.991681756
	42.1578840595	53.9905280945
	42.1694968483	53.9886108153
	42.1809593772	53.9859381285
	42.1922225619	53.9825214787
	42.2032381717	53.9783754968
	42.2139590359	53.9735179364
	42.2243392464	53.9679695983
	42.2343343533	53.9617542414
	42.2439015562	53.9548984808
	42.2529998867	53.9474316739
	42.2615903845	53.9393857947
	42.2696362637	53.9307952969
	42.2771030706	53.9216969664
	42.2834035197	53.9129558881
	42.285721647	53.9103148523
	42.2857724332	53.9102569668
	42.2932392401	53.9011586363
	42.3000950007	53.8915914334
	42.3063103576	53.8815963265
	42.3118586957	53.871216116
	42.3167162561	53.8604952517
	42.3202951893	53.8511239504
	42.3222406849	53.8455697512
	42.3228077336	53.8439254428
	42.3262243833	53.8326622581
	42.3288970702	53.8211997292
	42.3308143494	53.8095869403
	42.3319680109	53.7978736193
	42.3323531144	53.7861099243
	42.3319680109	53.7743462293
	42.3314580492	53.7681884403
	42.3309011034	53.7626266117
	42.3302574036	53.7570710797
	42.3283401244	53.7454582908
	42.3256674375	53.7339957619
	42.3222507878	53.7227325773
	42.3181048059	53.7117169675
	42.3132472455	53.7009961032
	42.3076989074	53.6906158928
	42.3023226405	53.6818881323
	42.3019692316	53.6735008924
	42.3008155701	53.6617875714
	42.300072233	53.6570527706
	42.3024355593	53.6561632776
	42.3057857499	53.6547356796
	42.3393932328	53.6400109481
	42.3467639065	53.6365809857
	42.357144117	53.6310326476
	42.3651594816	53.6261213232
	42.3762755095	53.6189039159
	42.3782552518	53.6175998835
	42.3878224546	53.6107441229
	42.3969207852	53.603277316
	42.4049457426	53.5957944735
	42.4113552614	53.5916278461
	42.4132512845	53.5903782038
	42.4228184873	53.5835224432
	42.4319168179	53.5760556363
	42.4405073157	53.5680097571
	42.4449552527	53.5635618201
	42.4530011319	53.5549713223
	42.4604679388	53.5458729917
	42.4673236994	53.5363057889
	42.4735390563	53.5263106819
	42.4790873944	53.5159304715
	42.4839449548	53.5052096072
	42.4840727453	53.5048700761
	42.4883081004	53.5014302245
	42.4903157408	53.4999119085
	42.4994140713	53.4924451016
	42.5080045691	53.4843992224
	42.5160504483	53.4758087246
	42.5235172552	53.4667103941
	42.5235463771	53.4666724312
	42.5247624571	53.4657474798
	42.5338607876	53.4582806729
	42.5424512854	53.4502347937
	42.5504971646	53.4416442959
	42.5529013757	53.4388454209
	42.5614293272	53.4326893133
	42.5705276577	53.4252225064
	42.5791181555	53.4171766272
	42.5849445434	53.4113502394
	42.5930267422	53.4046689175
	42.60161724	53.3966230383
	42.6029621909	53.3952637119
	42.605939432	53.3922224823
	42.6099867582	53.3892056786
	42.6119893248	53.3876911444
	42.6210876553	53.3802243375
	42.621786775	53.3796080143
	42.6220601215	53.3793657786
	42.6551466559	53.3574508697
	42.6557515897	53.3570484309
	42.6653187925	53.3501926703
	42.6744171231	53.3427258633
	42.6830076209	53.3346799841
	42.6830639091	53.334623671
	42.6916774955	53.3260024551
	42.6996670865	53.3174682705
	42.7071338934	53.30836994
	42.713989654	53.2988027371
	42.7202050109	53.2888076302
	42.725753349	53.2784274197
	42.7287197176	53.2718805047
	42.7465095315	53.2596682349
	42.7542088682	53.254077558
	42.7624809596	53.2473309016
	42.7692082579	53.2424122137
	42.7720741487	53.240166691
	42.7818016267	53.2323847086
	42.7880340664	53.2271634244
	42.7890129201	53.2262986852
	42.7977539151	53.2191067838
	42.8063444129	53.2110609046
	42.8071637502	53.2102362546
	42.8169870007	53.2002851989
	42.824418649	53.1941128873
	42.831451489	53.1876058181
	42.838304147	53.1818905972
	42.8410905274	53.1793952783
	42.8477493374	53.1738339566
	42.8491080833	53.1726301845
	42.8555658559	53.1704954912
	42.8854682161	53.1615900162
	42.9044684744	53.1575049045
	42.9132134056	53.1553946104
	42.9180779459	53.154017601
	42.924932829	53.1519726985
	42.9264701149	53.1516738647
	42.9379326438	53.1490011778
	42.9491958285	53.1455845281
	42.9602114383	53.1414385461
	42.9602990198	53.1414022416
	42.9636382724	53.140304987
	42.9746538821	53.1361590051
	42.9806738865	53.1335356866
	42.9940100681	53.127432171
	42.998710928	53.1251979291
	43.0090911385	53.119649591
	43.0188642433	53.1135823331
	43.0265853401	53.1093727966
	43.0365804471	53.1031574397
	43.0381504301	53.1020964059
	43.0434299711	53.0984877023
	43.051427191	53.0926929754
	43.0605255215	53.0852261685
	43.0691160193	53.0771802893
	43.0771618985	53.0685897915
	43.0842655926	53.0599630611
	43.0885525845	53.0552459805
	43.0960193914	53.0461476499
	43.1019503235	53.037950874
	43.1169710715	53.0226459813
	43.1238309048	53.0152526944
	43.1312977118	53.0061543638
	43.1320292963	53.0051942912
	43.1322730829	53.0049302486
	43.1389236117	53.0028156682
	43.1499392215	52.9986696863
	43.1606600857	52.9938121259
	43.168807059	52.9895319764
	43.1807470614	52.9828638856
	43.1829802986	52.981595697
	43.1929754056	52.9753803401
	43.2025426084	52.9685245794
	43.211640939	52.9610577725
	43.2202314368	52.9530118933
	43.228277316	52.9444213955
	43.2357441229	52.935323065
	43.2369839019	52.9336881285
	43.2455106025	52.9249335081
	43.2518902921	52.9180313199
	43.259357099	52.9089329893
	43.2622560196	52.905047736
	43.2658575024	52.9000826627
	43.2716384976	52.8952237271
	43.2798357402	52.8875698909
	43.2852569668	52.8830014371
	43.2938474646	52.8749555579
	43.2962625007	52.8724937672
	43.325139759	52.8424873585
	43.3307706021	52.8363586514
	43.338237409	52.8272603208
	43.3389372645	52.8263421653
	43.3421689175	52.8227554409
	43.3496357245	52.8136571104
	43.3552994044	52.8058513473
	43.3565784735	52.8042042906
	43.3634342341	52.7946370877
	43.365656866	52.7912278074
	43.3665729803	52.7900441343
	43.3734287409	52.7804769315
	43.3756440235	52.7770792069
	43.3765751165	52.7758763487
	43.3834308772	52.7663091458
	43.388111545	52.7589213093
	43.3939480318	52.7491938313
	43.3954827209	52.7465865608
	43.401031059	52.7362063504
	43.4058886194	52.7254854861
	43.4100346013	52.7144698764
	43.4103275894	52.713599467
	43.412273085	52.7077706096
	43.4153967466	52.6973778343
	43.4180694335	52.6859153053
	43.4199867127	52.6743025165
	43.4211403741	52.6625891955
	43.4215254776	52.6508255005
	43.4211403741	52.6390618055
	43.4199867127	52.6273484845
	43.4180694335	52.6157356956
	43.4153967466	52.6042731667
	43.4119800969	52.593009982
	43.407834115	52.5819943723
	43.4029765546	52.571273508
	43.3974282165	52.5608932976
	43.3912128596	52.5508981906
	43.384357099	52.5413309877
	43.3804779475	52.5364529535
	43.3765869563	52.5317303582
	43.3729993008	52.527510062
	43.3649534216	52.5189195642
	43.3563629239	52.510873685
	43.3472645933	52.5034068781
	43.3376973904	52.4965511175
	43.3277022835	52.4903357606
	43.3173220731	52.4847874225
	43.3066012088	52.4799298621
	43.296476122	52.4760887729
	43.2892510854	52.4735939609
	43.2883605624	52.4732890681
	43.2777372376	52.4700451325
	43.276228961	52.4639991189
	43.2728123113	52.4527359342
	43.2686663293	52.4417203244
	43.2638087689	52.4309994602
	43.2586194729	52.4212909702
	43.2592751398	52.4146338732
	43.2596602433	52.4028701782
	43.2592751398	52.3911064832
	43.2581214783	52.3793931622
	43.2562041991	52.3677803734
	43.2535315123	52.3563178445
	43.2501148625	52.3450546598
	43.2459688806	52.33403905
	43.2411113202	52.3233181857
	43.2355629821	52.3129379753
	43.2293476252	52.3029428683
	43.2224918646	52.2933756655
	43.2150250577	52.2842773349
	43.2069791785	52.2756868371
	43.1983886807	52.2676409579
	43.1892903501	52.260174151
	43.1797231473	52.2533183904
	43.1697280403	52.2471030335
	43.1593478299	52.2415546954
	43.1486269656	52.236697135
	43.1376113558	52.2325511531
	43.1331861994	52.2311125765
	43.1247685606	52.2242397028
	43.1152013577	52.2173839422
	43.1052062508	52.2111685853
	43.095631488	52.206019956
	43.089520343	52.2029681982
	43.0887148953	52.2025684894
	43.077994031	52.197710929
	43.0669784213	52.193564947
	43.0619866734	52.1920507169
	43.0610902337	52.1909616173
	43.057447543	52.1866744907
	43.0494016638	52.1780839929
	43.040811166	52.1700381137
	43.0357692324	52.1657775659
	43.0295676644	52.1607292122
	43.0263019842	52.1563364809
	43.0234427772	52.1527077502
	43.0081611	52.1338173693
	43.0035535001	52.1283477695
	42.9955076209	52.1197572717
	42.9869171231	52.1117113925
	42.9816882068	52.1072988406
	42.9696668612	52.0975396767
	42.9707484662	52.0953829861
	42.9756060266	52.0846621218
	42.9797520085	52.0736465121
	42.9816727195	52.0676448703
	42.9833435569	52.0620906711
	42.9848394957	52.0568291282
	42.9875121825	52.0453665993
	42.9894294617	52.0337538104
	42.9905831232	52.0220404894
	42.9909682267	52.0102767944
	42.9905831232	51.9985130995
	42.9894294617	51.9867997784
	42.9875121825	51.9751869896
	42.9848394957	51.9637244607
	42.9814228459	51.952461276
	42.977276864	51.9414456662
	42.9724193036	51.9307248019
	42.9668709655	51.9203445915
	42.9606556086	51.9103494846
	42.953799848	51.9007822817
	42.9463330411	51.8916839511
	42.9382871619	51.8830934534
	42.9296966641	51.8750475742
	42.9205983335	51.8675807672
	42.9110311307	51.8607250066
	42.9010360237	51.8545096497
	42.8906558133	51.8489613116
	42.879934949	51.8441037512
	42.8689193392	51.8399577693
	42.8633757263	51.8382761327
	42.8616729491	51.8279625633
	42.8590839919	51.8168136492
	42.8557575758	51.8043090716
	42.8556738462	51.8039954568
	42.8522571965	51.7927322721
	42.8481112146	51.7817166623
	42.8432536542	51.770995798
	42.8419940477	51.7684909751
	42.8364398485	51.7576572348
	42.8321511169	51.7497818474
	42.82593576	51.7397867404
	42.819961252	51.7313776796
	42.8159336237	51.7250696384
	42.8090778631	51.7155024355
	42.8016110562	51.706404105
	42.793565177	51.6978136072
	42.7924405233	51.6966988117
	42.7891064786	51.6927856357
	42.7810605994	51.6841951379
	42.7724701016	51.6761492587
	42.7682262399	51.6725421909
	42.7635112741	51.6686588291
	42.7586568052	51.66479909
	42.7490896024	51.6579433294
	42.7453577443	51.6555160412
	42.7375321293	51.6505628029
	42.737263983	51.6503566462
	42.7276967801	51.6435008855
	42.7177016731	51.6372855286
	42.7170292015	51.6368992076
	42.7168509848	51.6367973362
	42.7113088406	51.6329418035
	42.702398095	51.6273575557
	42.6994832212	51.6250728327
	42.6945648428	51.6214300864
	42.6941964044	51.612114784
	42.693042743	51.600401463
	42.6911254638	51.5887886741
	42.6884527769	51.5773261452
	42.6850361272	51.5660629606
	42.6808901453	51.5550473508
	42.6760325848	51.5443264865
	42.6704842468	51.5339462761
	42.6642688899	51.5239511691
	42.6574131292	51.5143839663
	42.6499463223	51.5052856357
	42.6419004431	51.4966951379
	42.6333099453	51.4886492587
	42.6294351173	51.485346961
	42.6197152687	51.4772979498
	42.6144917662	51.4731334406
	42.6049245633	51.46627768
	42.5949294563	51.4600623231
	42.594213002	51.459650869
	42.5825400283	51.4529827782
	42.5728762723	51.4478458942
	42.562155408	51.4429883338
	42.5511397982	51.4388423518
	42.5503047489	51.4385611699
	42.5464900517	51.4372870611
	42.5360619163	51.4341515932
	42.5245993874	51.4314789063
	42.5129865985	51.4295616271
	42.5012732775	51.4284079657
	42.4895095825	51.4280228622
	42.4777458875	51.4284079657
	42.4660325665	51.4295616271
	42.4544197777	51.4314789063
	42.4455409324	51.4334798075
	42.4437106229	51.4325642169
	42.4329897586	51.4277066565
	42.4219741488	51.4235606746
	42.4107109641	51.4201440249
	42.4078224449	51.4193956724
	42.4000480918	51.4174501768
	42.3914740822	51.4155258424
	42.3798612934	51.4136085632
	42.3681479723	51.4124549017
	42.3563842773	51.4120697982
	42.3446205824	51.4124549017
	42.3383729289	51.412973885
	42.2930057946	51.4175398316
	42.28004331	51.4182089819
	42.277312401	51.418009101
	42.2655487061	51.4176239975
	42.2537850111	51.418009101
	42.24207169	51.4191627624
	42.2304589012	51.4210800416
	42.2189963723	51.4237527285
	42.2077331876	51.4271693782
	42.1967175779	51.4313153601
	42.1955367428	51.431809408
	42.1902648311	51.4340371912
	42.1807248019	51.4384007037
	42.1703445915	51.4439490418
	42.1603494846	51.4501643987
	42.1507822817	51.4570201593
	42.1416839511	51.4644869662
	42.141360393	51.4647900116
	42.1409696918	51.4647255065
	42.1394400453	51.4645307916
	42.1213812684	51.4623106378
	42.1111975939	51.4613516913
	42.0994338989	51.4609665878
	42.0876702039	51.4613516913
	42.0796111192	51.4620622551
	42.0721114243	51.4628938591
	42.0684571881	51.4633369567
	42.0568443992	51.4652542359
	42.0453818703	51.4679269228
	42.0341186857	51.4713435725
	42.0231030759	51.4754895545
	42.0123822116	51.4803471149
	42.0104949598	51.4812916091
	41.9884004924	51.4783564136
	41.9881910663	51.478328717
	41.9764777453	51.4771750555
	41.9647140503	51.4767899521
	41.9436035156	51.4767899521
	41.9330160081	51.4771018331
	41.9141256272	51.4782157247
	41.9129494398	51.4782889472
	41.9012361188	51.4794426086
	41.8896233299	51.4813598878
	41.878160801	51.4840325747
	41.8722793284	51.4857162212
	41.8494979563	51.4926589702
	41.8441162442	51.4943919734
	41.8349783506	51.4977725515
	41.7982349065	51.5086830549
	41.7916183805	51.5107875423
	41.7806027707	51.5149335242
	41.7698819064	51.5197910846
	41.759769284	51.5251963939
	41.7523964613	51.5252326117
	41.7406831402	51.5263862731
	41.7309307612	51.5279436709
	41.7220425166	51.5296145083
	41.7201821068	51.5299743897
	41.7087195778	51.5326470766
	41.7059265517	51.5334196342
	41.6981445693	51.535639788
	41.6896744108	51.5382838801
	41.678658801	51.5424298621
	41.6679379367	51.5472874225
	41.6575577263	51.5528357606
	41.6525447823	51.5558396126
	41.6482247083	51.5560706244
	41.6365113873	51.5572242858
	41.6248985985	51.559141565
	41.617707529	51.5607256374
	41.5924389743	51.5668367824
	41.5881675149	51.5679253969
	41.5769043302	51.5713420466
	41.5658887204	51.5754880286
	41.5551678561	51.580345589
	41.5485587034	51.5837767421
	41.5473946302	51.5838492499
	41.5356813092	51.5850029113
	41.5259289301	51.5865603091
	41.5170406855	51.5882311465
	41.5151802757	51.5885910279
	41.5037177468	51.5912637148
	41.5012630086	51.5919401183
	41.4907051658	51.5887612734
	41.4792426369	51.5860885865
	41.467629848	51.5841713073
	41.455916527	51.5830176459
	41.4541602844	51.5829111598
	41.4441657775	51.582354214
	41.4341583252	51.5820755966
	41.4246810127	51.5823254567
	41.403570478	51.5834393483
	41.4012840955	51.5835745917
	41.3895707745	51.5847282531
	41.3813622252	51.5860834901
	41.3765914437	51.5831168275
	41.3758749893	51.5827053734
	41.3700385025	51.579371328
	41.3603747464	51.574234444
	41.3496538821	51.5693768836
	41.3386382724	51.5652309016
	41.3273750877	51.5618142519
	41.3159125588	51.559141565
	41.3085850065	51.5578410023
	41.2996967618	51.5564524525
	41.2954115253	51.555835736
	41.2836982043	51.5546820746
	41.2770126239	51.5543686706
	41.267018117	51.554086383
	41.2501763075	51.554399787
	41.2469012492	51.5546444934
	41.2427367987	51.5549939133
	41.2091836769	51.5556178114
	41.1778296063	51.5543478758
	41.1764910794	51.5536808551
	41.1657702151	51.5488232947
	41.1547546054	51.5446773128
	41.1434914207	51.541260663
	41.140562613	51.5405022335
	41.1327806306	51.5385567379
	41.1242469094	51.5366424805
	41.1138556111	51.5348902735
	41.0958044636	51.5323878321
	41.094582973	51.5322227599
	41.082869652	51.5310690985
	41.0811057995	51.5309621886
	41.0711036633	51.5304052428
	41.0611038208	51.5301270492
	41.0493401258	51.5305121527
	41.0376268048	51.5316658141
	41.0260140159	51.5335830933
	41.0244358012	51.533904372
	41.0177677104	51.5352929218
	41.0078833962	51.53764433
	40.9966202115	51.5410609798
	40.9856046018	51.5452069617
	40.9748837375	51.5500645221
	40.9712683789	51.5518983564
	40.9595704693	51.553051007
	40.9479576805	51.5549682862
	40.9364951516	51.5576409731
	40.9252319669	51.5610576228
	40.9228621983	51.5618805249
	40.9199354865	51.5615860938
	40.9136954577	51.5610678778
	40.9072345482	51.56076096
	40.8883517967	51.5602040142
	40.8864707041	51.5602378431
	40.8830490112	51.5601258285
	40.8712853163	51.560510932
	40.8595719952	51.5616645934
	40.8479592064	51.5635818726
	40.8364966775	51.5662545595
	40.8252334928	51.5696712092
	40.814217883	51.5738171912
	40.8034970187	51.5786747516
	40.7931168083	51.5842230897
	40.7831217014	51.5904384466
	40.7735544985	51.5972942072
	40.7644561679	51.6047610141
	40.7558656702	51.6128068933
	40.747819791	51.6213973911
	40.740352984	51.6304957216
	40.7334972234	51.6400629245
	40.7272818665	51.6500580314
	40.7217335284	51.6604382419
	40.716875968	51.6711591062
	40.7127299861	51.6821747159
	40.7093133364	51.6934379006
	40.7066406495	51.7049004295
	40.7047233703	51.7165132184
	40.7035697089	51.7282265394
	40.7034985001	51.7304017426
	40.6993252658	51.7322926105
	40.6889450554	51.7378409486
	40.6835022138	51.7411128298
	40.6790619062	51.7438899294
	40.6745096408	51.7468334051
	40.6649424379	51.7536891657
	40.6558441074	51.7611559726
	40.6513313207	51.7652508787
	40.6480669798	51.7653627551
	40.6472785842	51.7653526331
	40.6464029091	51.7651802592
	40.6351408344	51.7633323791
	40.6234275133	51.7621787177
	40.6216636608	51.7620718077
	40.6116615246	51.7615148619
	40.6103555817	51.7615212772
	40.6016616821	51.7612366684
	40.5898979871	51.7616217719
	40.5867587019	51.7618551379
	40.5767565657	51.7626867419
	40.5681825299	51.7636070373
	40.556569741	51.7655243165
	40.5451072121	51.7681970034
	40.542314186	51.7689695609
	40.5421408126	51.7690190233
	40.5246587457	51.7723809593
	40.5106133671	51.7735487291
	40.5017731418	51.7736550777
	40.4921730726	51.7740271674
	40.4804597516	51.7751808288
	40.4688469627	51.777098108
	40.4573844338	51.7797707949
	40.4461212491	51.7831874446
	40.4351056394	51.7873334265
	40.4243847751	51.7921909869
	40.4140045646	51.797739325
	40.4040094577	51.8039546819
	40.3944422548	51.8108104425
	40.3853439243	51.8182772495
	40.3767534265	51.8263231286
	40.3687075473	51.8349136264
	40.3612407404	51.844011957
	40.3543849798	51.8535791599
	40.3481696229	51.8635742668
	40.3426212848	51.8739544772
	40.3377637244	51.8846753415
	40.3336177424	51.8956909513
	40.3302010927	51.906954136
	40.3275284058	51.9184166649
	40.3256111266	51.9300294537
	40.3244574652	51.9417427747
	40.3240723617	51.9535064697
	40.3244574652	51.9652701647
	40.3255652253	51.9766321564
	40.3246979005	51.9807411888
	40.3228884726	51.9915488198
	40.3220568686	51.9976523354
	40.3219490173	51.9984574933
	40.3207953558	52.0101708143
	40.3204102523	52.0219345093
	40.3207953558	52.0336982043
	40.3219490173	52.0454115253
	40.3238662965	52.0570243141
	40.3265389834	52.0684868431
	40.3299556331	52.0797500277
	40.334101615	52.0907656375
	40.3362861742	52.0958194306
	40.3387886156	52.1013736299
	40.3414616168	52.107040701
	40.3470099549	52.1174209114
	40.3532253118	52.1274160184
	40.3600810724	52.1369832212
	40.3675478793	52.1460815518
	40.3755937585	52.1546720496
	40.3795957326	52.1585518815
	40.3840360402	52.1627251603
	40.3886245639	52.1668912076
	40.3928448602	52.170478863
	40.3975674554	52.1743698542
	40.4024454897	52.1782490057
	40.4120126926	52.1851047663
	40.4220077995	52.1913201232
	40.4226362522	52.1916812741
	40.4279618356	52.194727452
	40.426189776	52.1968867128
	40.4256343096	52.197614438
	40.4113780702	52.1988299856
	40.403662693	52.1996558122
	40.3756094093	52.2032721452
	40.3751283307	52.2033348205
	40.3685923562	52.204317785
	40.3324824319	52.21042893
	40.3274056175	52.2113632447
	40.3167458831	52.2138228089
	40.3009072601	52.2179884583
	40.3001044655	52.218201581
	40.2888412809	52.2216182307
	40.2778256711	52.2257642127
	40.2671048068	52.2306217731
	40.2567245964	52.2361701111
	40.2492549755	52.2407284955
	40.2328746655	52.2512799481
	40.2303491794	52.2529369207
	40.2207819765	52.2597926813
	40.211683646	52.2672594882
	40.2030931482	52.2753053674
	40.195047269	52.2838958652
	40.1928460828	52.2864538521
	40.1884027682	52.2893291326
	40.1788355654	52.2961848932
	40.1697372348	52.3036517001
	40.1653808437	52.3075999613
	40.1609329066	52.3117656107
	40.1566988	52.3158632287
	40.1502431324	52.3226645951
	40.1417267326	52.3272803406
	40.1317316257	52.3334956975
	40.1221644228	52.3403514582
	40.1130660923	52.3478182651
	40.1087097011	52.3517665262
	40.1053835558	52.3548815782
	40.1024285939	52.3556715185
	40.1023276711	52.3556985293
	40.0910644864	52.359115179
	40.0800488767	52.3632611609
	40.0789780973	52.363708745
	40.0534168634	52.3744903051
	40.0314729802	52.3813294544
	40.0271759366	52.382728155
	40.0170343004	52.3865148121
	40.0051824483	52.3913512181
	40.002329197	52.3920907412
	39.9910660123	52.3955073909
	39.9800504026	52.3996533728
	39.9796624072	52.3998146169
	39.9730019458	52.4025917166
	39.9626690769	52.4072880328
	39.9522888664	52.4128363709
	39.9422937595	52.4190517278
	39.9327265566	52.4259074884
	39.923628226	52.4333742954
	39.9150377283	52.4414201745
	39.9069918491	52.4500106723
	39.8995250421	52.4591090029
	39.8953673045	52.4649111191
	39.8855388203	52.4710497056
	39.8808923923	52.474052033
	39.8713251894	52.4809077936
	39.8622268589	52.4883746005
	39.8536363611	52.4964204797
	39.8455904819	52.5050109775
	39.838123675	52.5141093081
	39.8371370166	52.515407285
	39.8280850779	52.5240024317
	39.8247514734	52.527250863
	39.8167055942	52.5358413608
	39.8092387873	52.5449396914
	39.8023830266	52.5545068942
	39.7961676697	52.5645020012
	39.7906193317	52.5748822116
	39.7857617713	52.5856030759
	39.7816157893	52.5966186857
	39.7781991396	52.6078818703
	39.7755264527	52.6193443992
	39.7749469426	52.6223952011
	39.7738406804	52.6285063461
	39.7725029113	52.6370683331
	39.7713492499	52.6487816541
	39.7709641464	52.6605453491
	39.7711044197	52.6676475102
	39.7713790779	52.6745978886
	39.7716239081	52.6792594225
	39.7727775695	52.6909727436
	39.7729922349	52.6925493675
	39.7716354615	52.6987892845
	39.7697181823	52.7104020733
	39.7685645209	52.7221153944
	39.7681794174	52.7338790894
	39.7681794174	52.7394332886
	39.7685645209	52.7511969836
	39.7697181823	52.7629103046
	39.7716354615	52.7745230934
	39.7743081484	52.7859856223
	39.7777247981	52.797248807
	39.78187078	52.8082644168
	39.7867283405	52.8189852811
	39.7922766785	52.8293654915
	39.7984920354	52.8393605984
	39.8053477961	52.8489278013
	39.812814603	52.8580261319
	39.8208604822	52.8666166297
	39.8246476808	52.8702942702
	39.8258385914	52.8719633799
	39.829447295	52.8769606333
	39.8325694757	52.8811543638
	39.8400362827	52.8902526944
	39.8480821619	52.8988431922
	39.8566726596	52.9068890713
	39.8657709902	52.9143558783
	39.8753381931	52.9212116389
	39.8826948797	52.9258736125
	39.8860845942	52.9279083724
	39.8863471137	52.9359275133
	39.8875007751	52.9476408344
	39.8894180543	52.9592536232
	39.8920907412	52.9707161521
	39.8955073909	52.9819793368
	39.8963286699	52.9843445341
	39.8983678239	52.9900877694
	39.8997688703	52.9967908148
	39.9020928774	53.0065437889
	39.9055095271	53.0178069735
	39.905901685	53.0189496122
	39.9091182307	53.0294723178
	39.9123922121	53.0381710777
	39.9127769592	53.0420774799
	39.9146942384	53.0536902687
	39.9173669252	53.0651527976
	39.920783575	53.0764159823
	39.9249295569	53.0874315921
	39.9270761706	53.092401107
	39.929578612	53.0979629356
	39.9322895587	53.103714285
	39.9378378968	53.1140944954
	39.9393942742	53.1167379034
	39.9373711977	53.1237204934
	39.9346985108	53.1351830223
	39.9327812316	53.1467958111
	39.9327485045	53.1470457517
	39.9319169005	53.153431555
	39.9307959662	53.1648949354
	39.9304108627	53.1766586304
	39.9307959662	53.1884223254
	39.9315757292	53.1970958301
	39.9293145571	53.204836216
	39.9266418702	53.2162987449
	39.924724591	53.2279115338
	39.9235709296	53.2396248548
	39.9231858261	53.2513885498
	39.9232292506	53.2553406593
	39.9235039088	53.2678376075
	39.9238455878	53.275649193
	39.9249992492	53.2873625141
	39.9269165284	53.2989753029
	39.9295760576	53.3103886988
	39.9359694902	53.3342763331
	39.9359826479	53.3343254661
	39.9393992976	53.3455886508
	39.9435452796	53.3566042605
	39.94840284	53.3673251248
	39.953951178	53.3777053353
	39.9571912295	53.3830972653
	39.9600623231	53.3882644173
	39.96627768	53.3982595242
	39.971167657	53.4052161
	39.9853278133	53.4243811391
	39.9872935968	53.4269917662
	39.9947604037	53.4360900967
	40.0028062829	53.4446805945
	40.0113967807	53.4527264737
	40.0138336111	53.4548252737
	40.0282836843	53.4670475637
	40.0349451845	53.4724155706
	40.0422425927	53.4777295307
	40.0508677309	53.4847828192
	40.0604349338	53.4916385798
	40.0704300407	53.4978539367
	40.0808102512	53.5034022748
	40.0915311155	53.5082598352
	40.1025467252	53.5124058171
	40.1138099099	53.5158224668
	40.1252724388	53.5184951537
	40.1368852276	53.5204124329
	40.1485985487	53.5215660944
	40.1508239164	53.5216981079
	40.1577301359	53.5242008611
	40.1689933205	53.5276175108
	40.1804558494	53.5302901977
	40.1920686383	53.5322074769
	40.2037819593	53.5333611383
	40.2112352941	53.5336945866
	40.2140180881	53.5352863156
	40.2237698459	53.5404735028
	40.2344907102	53.5453310632
	40.2455063199	53.5494770452
	40.2473958521	53.5500502285
	40.2496518469	53.556044263
	40.2532937555	53.5642510136
	40.2557961969	53.5695305546
	40.2570118488	53.5720446683
	40.2625601868	53.5824248787
	40.2687755437	53.5924199857
	40.2756313044	53.6019871885
	40.2830981113	53.6110855191
	40.2911439905	53.6196760169
	40.2993467721	53.6273808924
	40.3040693674	53.6315465418
	40.3044570835	53.6318875455
	40.313555414	53.6393543524
	40.3231226169	53.646210113
	40.3331177238	53.6524254699
	40.3434979343	53.657973808
	40.3542187986	53.6628313684
	40.3652344083	53.6669773503
	40.376497593	53.670394
	40.3879601219	53.6730666869
	40.3891037565	53.6732903212
	40.3963287931	53.674678871
	40.4067979474	53.6763725159
	40.4185112684	53.6775261774
	40.4302749634	53.6779112809
	40.4420386584	53.6775261774
	40.4537519794	53.6763725159
	40.4653647682	53.6744552367
	40.4768272972	53.6717825499
	40.4880904818	53.6683659001
	40.4968516613	53.6651359165
	40.4988353758	53.666218393
	40.5054394626	53.6696467816
	40.5161603269	53.674504342
	40.5204595376	53.6762206556
	40.5276845742	53.6789977552
	40.5344009733	53.6814274236
	40.5451363769	53.6847017949
	40.555744264	53.6936789926
	40.5624415224	53.6990772528
	40.5720087253	53.7059330134
	40.5820038322	53.7121483703
	40.5837363244	53.7131358603
	40.6015128136	53.7231379966
	40.6101605319	53.7276988446
	40.6208813962	53.732556405
	40.631897006	53.7367023869
	40.6431601906	53.7401190367
	40.6546227196	53.7427917236
	40.6635516107	53.7443350718
	40.6729968011	53.7457236216
	40.6756806988	53.7460975526
	40.6873940199	53.747251214
	40.6991577148	53.7476363175
	40.709905009	53.7473149431
	40.7424062297	53.7453694475
	40.7434226305	53.7453057184
	40.7551359516	53.7441520569
	40.7667487404	53.7422347778
	40.7782112693	53.7395620909
	40.7795190327	53.7392063906
	40.795632314	53.7347584536
	40.8055877352	53.7316975041
	40.816603345	53.7275515222
	40.8273242093	53.7226939618
	40.8377044197	53.7171456237
	40.8476995267	53.7109302668
	40.8572667295	53.7040745062
	40.8663650601	53.6966076993
	40.8749555579	53.6885618201
	40.8762212638	53.6872114567
	40.8845569817	53.6876570185
	40.8860504145	53.6876480215
	40.8941574097	53.6879134171
	40.9059211046	53.6875283136
	40.9085046514	53.6873402858
	40.945119372	53.6844103036
	40.9517205757	53.6842548796
	40.9592505724	53.68391961
	40.9709638935	53.6827659486
	40.9776327614	53.6817604423
	40.9975901425	53.6783675231
	41.0208025011	53.676500974
	41.0298628192	53.6755409119
	41.0377170492	53.6743298032
	41.0471622397	53.6726589658
	41.0509207985	53.6719527953
	41.0623833274	53.6692801084
	41.0736465121	53.6658634587
	41.0807737275	53.6632753068
	41.0863885393	53.6617280433
	41.0964202548	53.6586460515
	41.1074358645	53.6545000696
	41.1181567288	53.6496425092
	41.1285369393	53.6440941711
	41.1315457816	53.6422498877
	41.1325365076	53.6432889929
	41.1411270053	53.6513348721
	41.1502253359	53.658801679
	41.1597925388	53.6656574397
	41.1697876457	53.6718727966
	41.170695011	53.6723931522
	41.1692665122	53.6874573216
	41.1688483344	53.6926735609
	41.1684632309	53.7044372559
	41.1686038123	53.7115472094
	41.1688102929	53.7167665798
	41.1681965931	53.7275549985
	41.1682017268	53.7287452683
	41.1679062851	53.7377700806
	41.1682276387	53.7485170288
	41.1690592427	53.7624101562
	41.1691229926	53.763426903
	41.170276654	53.775140224
	41.1721939332	53.7867530129
	41.1732558739	53.7917236263
	41.1746520531	53.7978347713
	41.1762627993	53.8043266868
	41.179679449	53.8155898715
	41.1838254309	53.8266054812
	41.1886829913	53.8373263455
	41.1942313294	53.847706556
	41.2004466863	53.8577016629
	41.2073024469	53.8672688658
	41.2110715166	53.8720131598
	41.2149548784	53.876735755
	41.2186526157	53.8810897915
	41.2266984949	53.8896802893
	41.2352889926	53.8977261685
	41.2443873232	53.9051929754
	41.2539545261	53.912048736
	41.263949633	53.918264093
	41.2743298435	53.923812431
	41.2850507077	53.9286699914
	41.2893499184	53.930386305
	41.2954964414	53.9327488545
	41.3022873405	53.9368721862
	41.3060772787	53.9389996732
	41.3121884237	53.9423337186
	41.318778696	53.9457545697
	41.3294995603	53.9506121301
	41.34051517	53.954758112
	41.3517783547	53.9581747618
	41.3632408836	53.9608474487
	41.3748536725	53.9627647278
	41.3865669935	53.9639183893
	41.3888499591	53.9640534523
	41.3994014118	53.9646103981
	41.4088821411	53.9648604386
	41.41314881	53.9648098254
	41.4600924746	53.9636959338
	41.464868839	53.9635190751
	41.4682105215	53.9653444691
	41.4748837375	53.9688106
	41.4856046018	53.9736681604
	41.4966202115	53.9778141423
	41.5078833962	53.981230792
	41.5193459251	53.9839034789
	41.530958714	53.9858207581
	41.542672035	53.9869744195
	41.5450912586	53.987116623
	41.5556503406	53.9876659394
	41.576758507	53.987523736
	41.588471828	53.9863700745
	41.6000846169	53.9844527953
	41.6115471458	53.9817801084
	41.612778615	53.9814454505
	41.6132416389	53.9813178559
	41.616158801	53.982556405
	41.6261235624	53.986342049
	41.633348599	53.9888444904
	41.6343994474	53.9892048284
	41.645662632	53.9926214781
	41.6507419638	53.9939035012
	41.6671299033	53.997786863
	41.6735131004	53.9991775268
	41.6851258893	54.001094806
	41.6968392103	54.0022484674
	41.7015497954	54.0024952292
	41.7229349882	54.0033344626
	41.7299880981	54.0034728043
	41.763885498	54.0034728043
	41.775649193	54.0030877008
	41.7827684239	54.0024788533
	41.7867918121	54.0020541138
END
END
