Дагестан
1
	45.9354302024	45.1656714048
	45.944397092	45.1630170567
	45.9548478741	45.1647071717
	45.9591943587	45.1652256731
	45.9747430648	45.1668888811
	45.9821099012	45.1675240411
	45.9938735962	45.1679091446
	46.0056372912	45.1675240411
	46.0173506122	45.1663703797
	46.0196523576	45.1660522104
	46.0368795304	45.1635573984
	46.0461905739	45.1619582885
	46.0566099132	45.159561772
	46.0938337292	45.1498266646
	46.0948769187	45.1495504942
	46.1061401034	45.1461338445
	46.108655561	45.14525914
	46.1159703194	45.146256358
	46.1167894024	45.1463661072
	46.1285027235	45.1475197687
	46.1338027685	45.147788695
	46.1571410864	45.1486279284
	46.1591503431	45.1485982838
	46.1636047363	45.1487441056
	46.1753684313	45.1483590021
	46.1870817523	45.1472053406
	46.1948508665	45.1460092677
	46.2208279743	45.1414268363
	46.2692502227	45.1368193094
	46.2756895404	45.1360893128
	46.2813151991	45.1352580065
	46.2902049838	45.1338004022
	46.3012437942	45.1330053267
	46.3117994647	45.1319312928
	46.3157884371	45.1313606067
	46.3816720713	45.1211805297
	46.4000482859	45.1188582608
	46.4511427749	45.1156046672
	46.4514762194	45.1155831232
	46.4631895404	45.1144294617
	46.4748023293	45.1125121825
	46.4862648582	45.1098394957
	46.4975280429	45.1064228459
	46.5052172874	45.103616001
	46.5080325968	45.102515089
	46.5126687999	45.1013117996
	46.5140358543	45.100951251
	46.525299039	45.0975346013
	46.5330750001	45.0946938204
	46.5405307553	45.0917738351
	46.5767573663	45.0801802584
	46.5797500277	45.0791935369
	46.5856602984	45.0770715043
	46.6249513645	45.0669948002
	46.6268211936	45.0665045347
	46.6380843783	45.063087885
	46.6442380528	45.0608734311
	46.6468039135	45.0602081596
	46.6482140159	45.0598364439
	46.6568325993	45.0572947362
	46.6982144352	45.0439585546
	46.7008590365	45.0430836125
	46.7116366799	45.039036
	46.7244159158	45.0337640884
	46.7246538821	45.033665719
	46.7331895758	45.0298674871
	46.7448625494	45.0243056585
	46.74704772	45.02324633
	46.7574279305	45.0176979919
	46.7578418222	45.0174582971
	46.7596499148	45.0167208337
	46.7703707791	45.0118632733
	46.7751271438	45.0094292099
	46.7757478218	45.0091806355
	46.7777086917	45.0083819055
	46.780724273	45.007100508
	46.7887745071	45.0040840686
	46.8143253493	44.9938072741
	46.8160387698	44.9931078577
	46.8267596341	44.9882502972
	46.8333449145	44.9848321694
	46.8384326077	44.9824214398
	46.8488128182	44.9768731017
	46.8588079251	44.9706577448
	46.8588610305	44.9706204923
	46.8638590656	44.9705050226
	46.8821772419	44.9696581598
	46.8856345446	44.9694649591
	46.8973478656	44.9683112977
	46.9089606545	44.9663940185
	46.9188685879	44.9641304472
	46.9263682828	44.962192581
	46.9279228782	44.9617834654
	46.9391860629	44.9583668157
	46.9502016726	44.9542208337
	46.9609225369	44.9493632733
	46.9713027474	44.9438149352
	46.9714537118	44.9437276783
	46.9767408822	44.9406682911
	46.9865850247	44.9345401911
	46.9961522276	44.9276844305
	47.0050746739	44.9203619681
	47.0423448704	44.9250207427
	47.0528906093	44.9260245743
	47.0646543042	44.9264096778
	47.0764179992	44.9260245743
	47.0881313203	44.9248709128
	47.0997441091	44.9229536336
	47.111206638	44.9202809468
	47.1159456911	44.9189413221
	47.7606627675	44.7271246713
	47.7671868991	44.7250476462
	47.7782025089	44.7209016643
	47.7889233732	44.7160441039
	47.7993035836	44.7104957658
	47.8092986906	44.7042804089
	47.8188658934	44.6974246483
	47.827964224	44.6899578413
	47.8291994482	44.6888645176
	48.2288174708	44.3318724174
	48.2361727444	44.324919862
	48.2442186236	44.3163293642
	48.2516854305	44.3072310336
	48.2585411911	44.2976638308
	48.264756548	44.2876687238
	48.2703048861	44.2772885134
	48.2751624465	44.2665676491
	48.2793084284	44.2555520393
	48.2827250781	44.2442888547
	48.285397765	44.2328263257
	48.2873150442	44.2212135369
	48.2884687056	44.2095002159
	48.2888538091	44.1977365209
	48.2886978798	44.1902486677
	48.2514001977	43.2951042971
	48.2511710235	43.2908284553
	48.2500173621	43.2791151343
	48.2481000829	43.2675023454
	48.245427396	43.2560398165
	48.2420107463	43.2447766318
	48.2378647644	43.2337610221
	48.233007204	43.2230401578
	48.2274588659	43.2126599474
	48.221243509	43.2026648404
	48.2143877484	43.1930976375
	48.2069209414	43.183999307
	48.2040595154	43.1808137796
	47.890614878	42.8401130868
	47.8902298822	42.8281525343
	47.8900573575	42.8257640574
	47.8885548176	42.8067270076
	47.8892684692	42.8033126137
	47.8911857484	42.7916998249
	47.8923394098	42.7799865038
	47.8926496942	42.7734101943
	47.8972053195	42.7719311162
	47.9082209292	42.7677851343
	47.9188226815	42.7629862588
	47.9202951546	42.7622614663
	47.9204142667	42.7622027814
	47.921789492	42.7615172768
	47.9543174156	42.7451293374
	47.9633224007	42.7402665038
	47.9733175076	42.7340511469
	47.9828847105	42.7271953863
	47.991983041	42.7197285794
	47.9947945452	42.7172102815
	47.9982203005	42.7140763904
	48.006757414	42.706303459
	48.0128492346	42.7004903784
	48.0129903784	42.7003492346
	48.0210362576	42.6917587368
	48.0257874219	42.6861114399
	48.0336762159	42.6763343708
	48.0363918585	42.6728833372
	48.0432476191	42.6633161343
	48.049462976	42.6533210274
	48.0550113141	42.6429408169
	48.0598688745	42.6322199527
	48.0617433691	42.6275076947
	48.0666969469	42.6145249872
	48.0706510503	42.6041782265
	48.0706688147	42.6041317228
	48.0778672782	42.5852797521
	48.1072069217	42.5482891285
	48.1190096803	42.5349938958
	48.1190892255	42.5349042319
	48.1286960194	42.5240681101
	48.1412588297	42.5124258832
	48.1413155361	42.5123733095
	48.1424859067	42.5112877661
	48.1575686076	42.5034040619
	48.1641814774	42.4997689067
	48.1741765843	42.4935535498
	48.1837437872	42.4866977892
	48.1923770488	42.4796374263
	48.1942342557	42.4784130244
	48.2038014585	42.4715572638
	48.2085039521	42.4678225558
	48.2183077241	42.4597659152
	48.2227035611	42.4560338162
	48.2312940589	42.447987937
	48.2326934722	42.4465729535
	48.2463310149	42.432630235
	48.2529774808	42.4254547207
	48.2604442877	42.4163563902
	48.2673000483	42.4067891873
	48.2678740794	42.405924701
	48.273193117	42.3978639083
	48.2816784667	42.3882809418
	48.2867495142	42.3826041254
	48.2878399991	42.3813720791
	48.295306806	42.3722737486
	48.3021625666	42.3627065457
	48.3083779235	42.3527114388
	48.3139262616	42.3423312283
	48.3147901114	42.340554994
	48.3186077265	42.3350652493
	48.3235323791	42.3272695511
	48.3263088507	42.32374317
	48.3331646113	42.3141759671
	48.3372813149	42.3077216439
	48.3388130554	42.3060139194
	48.340147128	42.3045097439
	48.3476139349	42.2954114134
	48.3522685704	42.2890623645
	48.3640712437	42.2722014026
	48.3662723689	42.2689832486
	48.3677971908	42.266662611
	48.3725440499	42.264016809
	48.3825391568	42.2578014521
	48.3921063597	42.2509456915
	48.4012046902	42.2434788846
	48.409795188	42.2354330054
	48.4178410672	42.2268425076
	48.4253078741	42.217744177
	48.4321636347	42.2081769742
	48.4383789916	42.1981818672
	48.4439273297	42.1878016568
	48.4487848901	42.1770807925
	48.4529308721	42.1660651828
	48.4563475218	42.1548019981
	48.4590202087	42.1433394692
	48.4592159996	42.1423403924
	48.461770678	42.1378954151
	48.4683643621	42.1298001463
	48.4752201228	42.1202329434
	48.4814354797	42.1102378365
	48.4869838177	42.099857626
	48.4899122631	42.0933944093
	48.4965964587	42.0931755914
	48.5083097797	42.09202193
	48.5199225685	42.0901046508
	48.5313850974	42.0874319639
	48.5426482821	42.0840153142
	48.5536638919	42.0798693323
	48.5643847562	42.0750117719
	48.5747649666	42.0694634338
	48.5847600735	42.0632480769
	48.5943272764	42.0563923163
	48.598714437	42.0529161474
	48.6050800274	42.0501687669
	48.6133578397	42.0463443219
	48.6237380501	42.0407959838
	48.633733157	42.0345806269
	48.6433003599	42.0277248663
	48.6523986905	42.0202580594
	48.6609891882	42.0122121802
	48.6690350674	42.0036216824
	48.6765018744	41.9945233519
	48.683357635	41.984956149
	48.6895729919	41.974961042
	48.69512133	41.9645808316
	48.6999788904	41.9538599673
	48.7041248723	41.9428443576
	48.707541522	41.9315811729
	48.7102142089	41.920118644
	48.7121314881	41.9085058551
	48.7132851495	41.8967925341
	48.713670253	41.8850288391
	48.7132851495	41.8732651441
	48.7121314881	41.8615518231
	48.7102142089	41.8499390343
	48.707541522	41.8384765053
	48.7041248723	41.8272133207
	48.6999788904	41.8161977109
	48.69512133	41.8054768466
	48.6895729919	41.7950966362
	48.683357635	41.7851015292
	48.6765018744	41.7755343264
	48.6690350674	41.7664359958
	48.6679355389	41.7651938264
	48.6659212739	41.7601140421
	48.6610637135	41.7493931778
	48.6555153755	41.7390129674
	48.6493000186	41.7290178605
	48.6424442579	41.7194506576
	48.6393290301	41.7155061781
	48.6360941522	41.7084229487
	48.6265383356	41.6886437434
	48.6265129768	41.688591276
	48.6078171455	41.6499255045
	48.6072186629	41.6486996369
	48.6040424748	41.6383247709
	48.6028056506	41.634801771
	48.602447662	41.6323689607
	48.6023724665	41.6318629465
	48.6018727411	41.6285327158
	48.6004081481	41.6201340416
	48.5995434368	41.6160367145
	48.5988092829	41.611824258
	48.5984228719	41.6094070287
	48.5977591145	41.6058822485
	48.5974097961	41.6040779808
	48.5947371092	41.5926154519
	48.5913204595	41.5813522672
	48.5871744775	41.5703366574
	48.5823169171	41.5596157932
	48.5790605844	41.5533277625
	48.5769168456	41.5493804483
	48.573581764	41.5431830884
	48.5734389429	41.5429182247
	48.5726916462	41.5415351232
	48.5724728801	41.5411256894
	48.5719941884	41.5402358122
	48.5696328908	41.5358756132
	48.5672394653	41.5315964226
	48.5610241084	41.5216013156
	48.5541683477	41.5120341127
	48.5467015408	41.5029357822
	48.5386556616	41.4943452844
	48.5310531022	41.4871722295
	48.5245985022	41.4803720483
	48.5210126443	41.4768845562
	48.5143178506	41.4705521588
	48.5093132107	41.4659937717
	48.5002148802	41.4585269648
	48.4906476773	41.4516712041
	48.4836330126	41.4472150543
	48.4639682482	41.4353513458
	48.460987806	41.4335921387
	48.4506075955	41.4280438007
	48.4398867312	41.4231862402
	48.4288711215	41.4190402583
	48.423387192	41.417276137
	48.3920879011	41.4038843319
	48.3901659671	41.4030751563
	48.3853337652	41.4011549458
	48.3790716162	41.3945680627
	48.3704811184	41.3865221835
	48.3613827879	41.3790553766
	48.351815585	41.372199616
	48.3418204781	41.3659842591
	48.3314402676	41.360435921
	48.3207194033	41.3555783606
	48.3097037936	41.3514323787
	48.3061656258	41.3502720357
	48.2892207405	41.3449085713
	48.2814957237	41.3426522646
	48.2700331948	41.3399795777
	48.2682675568	41.3396375381
	48.2623850528	41.3370770789
	48.251369443	41.3329310969
	48.2401062583	41.3295144472
	48.2286437294	41.3268417603
	48.2170309406	41.3249244811
	48.2111605401	41.324249531
	48.1939409966	41.3225558055
	48.1880980761	41.3220770941
	48.1763343811	41.3216919906
	48.1672931948	41.3219879684
	48.1576198855	41.3086680872
	48.1547809881	41.3048655336
	48.1473141812	41.2957672031
	48.1472974919	41.2957481753
	48.1328245305	41.2792496096
	48.1303754519	41.2765145804
	48.1253476809	41.271013787
	48.1197675696	41.2651773462
	48.1127737904	41.2585486037
	48.1069814566	41.253345949
	48.1032572412	41.2435582456
	48.1004749524	41.2371918614
	48.0978924024	41.2315804417
	48.0958171307	41.2272259616
	48.0902687927	41.2168457512
	48.0840534358	41.2068506442
	48.0819465768	41.2037672874
	48.077445234	41.1973242637
	48.0726963324	41.1908404177
	48.072688067	41.1908301342
	48.0694584276	41.18018344
	48.0653124457	41.1691678302
	48.0629739983	41.1637734256
	48.0600290538	41.1572731854
	48.0575099408	41.1519467258
	48.0519616027	41.1415665153
	48.0457462458	41.1315714084
	48.0388904852	41.1220042055
	48.0355584575	41.1177934847
	48.0305039836	41.1115984163
	48.0263692044	41.1067108066
	48.0183233252	41.0981203088
	48.0097328274	41.0900744296
	48.0006344969	41.0826076227
	47.991067294	41.0757518621
	47.9810721871	41.0695365052
	47.9706919766	41.0639881671
	47.9706783632	41.0639814544
	47.958345447	41.057900827
	47.9476381961	41.0530499793
	47.9366225863	41.0489039973
	47.9253594016	41.0454873476
	47.9138968727	41.0428146607
	47.9041169287	41.0411482757
	47.8906167151	41.039229483
	47.8887838703	41.0389785888
	47.8770705492	41.0378249274
	47.8728397253	41.0375976346
	47.864176742	41.037234503
	47.8637931343	41.0370123963
	47.8534129239	41.0314640582
	47.8470515021	41.0284799827
	47.8404406317	41.0255350364
	47.8360811892	41.0236615515
	47.8250655795	41.0195155696
	47.8138023948	41.0160989199
	47.8023398659	41.013426233
	47.790727077	41.0115089538
	47.7796937724	41.0104011571
	47.7656671305	41.0094284093
	47.7649871142	41.0093825446
	47.7532234192	41.0089974411
	47.7414597242	41.0093825446
	47.734642226	41.0099597962
	47.7228891437	41.0111804993
	47.7183315169	41.0117127109
	47.7078334701	41.0130745579
	47.707495274	41.013118756
	47.6958824852	41.0150360352
	47.6844199563	41.0177087221
	47.6731567716	41.0211253718
	47.6621411618	41.0252713538
	47.6514202976	41.0301289142
	47.645168872	41.0333653726
	47.6341138794	41.0393658914
	47.6299850944	41.0416777711
	47.6293692611	41.0420349495
	47.6193106911	41.0397323853
	47.6159163512	41.0390910309
	47.6072746848	41.0365418825
	47.598155688	41.0343515792
	47.5793492305	41.0303499618
	47.5770056984	41.0298675782
	47.5653929096	41.027950299
	47.5536795885	41.0267966376
	47.5419158936	41.0264115341
	47.5301521986	41.0267966376
	47.5184388775	41.027950299
	47.5146766364	41.0284860995
	47.5086761176	41.0294054415
	47.5008255699	41.0307869202
	47.489363041	41.0334596071
	47.4780998563	41.0368762569
	47.4670842466	41.0410222388
	47.4563633823	41.0458797992
	47.4459831718	41.0514281373
	47.4359880649	41.0576434942
	47.4350848646	41.0582509544
	47.4206424207	41.0680280235
	47.4119784182	41.0742763239
	47.4115682312	41.0745920102
	47.4086567837	41.0768393833
	47.4046634205	41.0793507292
	47.4004884921	41.0820575567
	47.3939515325	41.0867418757
	47.3925536724	41.0868381714
	47.3814378399	41.0879516723
	47.3698250511	41.0898689515
	47.3583625222	41.0925416384
	47.3504280622	41.0948643796
	47.3338188703	41.1001439207
	47.3329384057	41.1004262866
	47.3071052758	41.1087842883
	47.3046570157	41.1095958308
	47.3030217997	41.110159695
	47.291122682	41.1143269397
	47.2774864632	41.1180663727
	47.2672386503	41.1212077693
	47.2562230405	41.1253537512
	47.2516524099	41.1273214769
	47.2257353567	41.1389067125
	47.219585123	41.1417965472
	47.2146008809	41.1443517405
	47.1957273914	41.1544014433
	47.1885861632	41.1580185902
	47.179927111	41.1627066712
	47.1699320041	41.1689220281
	47.1603648012	41.1757777887
	47.1541603168	41.1807605393
	47.146691137	41.1870357266
	47.1437972909	41.189519783
	47.1352067931	41.1975656622
	47.1271609139	41.20615616
	47.119694107	41.2152544905
	47.1128383464	41.2248216934
	47.1066229895	41.2348168003
	47.1010746514	41.2451970108
	47.096217091	41.2559178751
	47.0920711091	41.2669334848
	47.0892956861	41.2760828282
	47.0884843821	41.2768426973
	47.0804385029	41.2854331951
	47.072971696	41.2945315256
	47.0661159353	41.3040987285
	47.0599005784	41.3140938355
	47.0543522404	41.3244740459
	47.04949468	41.3351949102
	47.045348698	41.3462105199
	47.0419320483	41.3574737046
	47.0402104979	41.3644537425
	47.0395113	41.3651491174
	47.0370317371	41.3676779928
	47.0336137683	41.3712332907
	47.0291528118	41.3760911954
	47.0288835187	41.3761177184
	47.026632152	41.3764285993
	47.024372174	41.3767552327
	47.0234999501	41.3766883606
	47.0215140612	41.3765471564
	47.0097503662	41.3761620529
	46.9979866712	41.3765471564
	46.9862733502	41.3777008178
	46.9746605614	41.379618097
	46.9631980324	41.3822907839
	46.9519348478	41.3857074336
	46.940919238	41.3898534155
	46.9301983737	41.394710976
	46.9198181633	41.400259314
	46.9098230563	41.4064746709
	46.9002558535	41.4133304316
	46.8911575229	41.4207972385
	46.8825670251	41.4288431177
	46.8745211459	41.4374336155
	46.867054339	41.446531946
	46.8601985784	41.4560991489
	46.8572090815	41.4607250372
	46.8362625788	41.4942524114
	46.8330367188	41.4996216301
	46.8274883807	41.5100018405
	46.8226308203	41.5207227048
	46.8224043795	41.5212719452
	46.8180732709	41.525292633
	46.8132616052	41.5299287805
	46.805215726	41.5385192783
	46.7977489191	41.5476176088
	46.7949381607	41.5513814267
	46.7878999019	41.5610674921
	46.785113538	41.5620688416
	46.7771123227	41.5651616431
	46.7663914584	41.5700192035
	46.7638209779	41.5713124881
	46.757599207	41.5745054652
	46.7497894771	41.5787605187
	46.7397943701	41.5849758756
	46.7302271673	41.5918316362
	46.7211288367	41.5992984431
	46.7125383389	41.6073443223
	46.7044924597	41.6159348201
	46.6987536206	41.6228172756
	46.6952557668	41.6250184686
	46.6911264621	41.6276965948
	46.6815592592	41.6345523554
	46.6767314434	41.6383901466
	46.6668437481	41.6465307106
	46.6662859117	41.646991865
	46.6658884707	41.6468266821
	46.654872861	41.6426807002
	46.65391984	41.6423601611
	46.641419077	41.6381945117
	46.6350973839	41.6362164882
	46.6273192161	41.6339391139
	46.6233307456	41.6328210268
	46.6118682167	41.6301483399
	46.6002554279	41.6282310607
	46.5885421068	41.6270773993
	46.5767784119	41.6266922958
	46.5650147169	41.6270773993
	46.5629537086	41.6272243787
	46.5471189083	41.6284450812
	46.5374665956	41.6294517632
	46.5258538068	41.6313690424
	46.5143912778	41.6340417293
	46.5031280932	41.637458379
	46.4921124834	41.641604361
	46.4813916191	41.6464619214
	46.4748530884	41.649854555
	46.4659381327	41.6547144799
	46.4620964531	41.6568701844
	46.4521013461	41.6630855413
	46.4425341433	41.6699413019
	46.4334358127	41.6774081088
	46.4303258841	41.6802000239
	46.4227956717	41.6871198847
	46.4173151025	41.6923738489
	46.4092692233	41.7009643467
	46.4018024164	41.7100626772
	46.3982451333	41.7150268601
	46.3960326577	41.715542737
	46.384769473	41.7189593867
	46.3737538633	41.7231053687
	46.3666897674	41.7262105749
	46.3550511261	41.731627445
	46.3513943576	41.7333797992
	46.3410141472	41.7389281373
	46.3310190402	41.7451434942
	46.3214518374	41.7519992548
	46.3158117569	41.7565097909
	46.314918457	41.7569364224
	46.3144062476	41.756951597
	46.2985180335	41.7578938272
	46.2974022596	41.7579634772
	46.2856889386	41.7591171386
	46.2740761497	41.7610344178
	46.2626136208	41.7637071047
	46.2513504361	41.7671237544
	46.2403348264	41.7712697363
	46.2296139621	41.7761272968
	46.2192337517	41.7816756348
	46.2092386447	41.7878909917
	46.1996714419	41.7947467524
	46.1905731113	41.8022135593
	46.1846379277	41.8077724654
	46.1822302179	41.8076968241
	46.1648186414	41.8079932318
	46.1532930274	41.8091222816
	46.1420167823	41.8105947548
	46.1418290753	41.8106193664
	46.1302162865	41.8125366456
	46.1272902631	41.8131439797
	46.1268934589	41.8130912902
	46.1151801379	41.8119376288
	46.1034164429	41.8115525253
	46.0916527479	41.8119376288
	46.0799394269	41.8130912902
	46.068326638	41.8150085694
	46.0568641091	41.8176812563
	46.0456009244	41.821097906
	46.0345853147	41.825243888
	46.0334027336	41.8257386736
	46.0222905205	41.830434566
	46.0127522373	41.8347973407
	46.0023720268	41.8403456788
	45.9923769199	41.8465610357
	45.9918766232	41.8468965364
	45.9838660622	41.848847333
	45.982770166	41.8491446883
	45.9818137428	41.8489517457
	45.970200954	41.8470344665
	45.958487633	41.8458808051
	45.946723938	41.8454957016
	45.934960243	41.8458808051
	45.923246922	41.8470344665
	45.9172035953	41.8479347601
	45.9105088016	41.8490486517
	45.9049393394	41.8500656373
	45.8934768105	41.8527383242
	45.8822136258	41.8561549739
	45.8711980161	41.8603009558
	45.8616280767	41.8645960292
	45.8526253912	41.8689562282
	45.8514744663	41.8695187152
	45.8410942558	41.8750670533
	45.8310991489	41.8812824102
	45.8240422196	41.8862465876
	45.8198765702	41.889328863
	45.8173662966	41.8912204462
	45.808267966	41.8986872531
	45.7996774682	41.9067331323
	45.7916315891	41.9153236301
	45.7841647821	41.9244219606
	45.7773090215	41.9339891635
	45.7770967447	41.9343305324
	45.7738281944	41.9348701722
	45.7623656655	41.9375428591
	45.7532367534	41.9402498716
	45.7471790141	41.94222207
	45.7450447416	41.9429317073
	45.7355950597	41.9464376714
	45.7259903287	41.9494014339
	45.7163676208	41.9529772729
	45.7012575984	41.9590884258
	45.6998646966	41.9596585687
	45.6891438323	41.9645161291
	45.6787636218	41.9700644672
	45.6687685149	41.9762798241
	45.6612699384	41.9815718343
	45.6548721794	41.9850943665
	45.6448770724	41.9913097234
	45.6353098696	41.998165484
	45.626211539	42.005632291
	45.6199902339	42.0113523114
	45.6127743916	42.0146462249
	45.6035220841	42.0191188469
	45.5957549477	42.0210160647
	45.584491763	42.0244327144
	45.5734761533	42.0285786963
	45.562755289	42.0334362567
	45.5523750786	42.0389845948
	45.5423799716	42.0451999517
	45.5395557149	42.0471261318
	45.5330311679	42.0501827777
	45.5226509575	42.0557311158
	45.5126558505	42.0619464727
	45.5060181165	42.0666014147
	45.5018219495	42.0696875048
	45.4988924807	42.0718883234
	45.4897941501	42.0793551303
	45.4812036523	42.0874010095
	45.4731577731	42.0959915073
	45.4656909662	42.1050898378
	45.4588352056	42.1146570407
	45.4526198487	42.1246521477
	45.4482984948	42.1325911978
	45.4460516381	42.1369780997
	45.4448246539	42.13941926
	45.4399670935	42.1501401242
	45.4358211116	42.161155734
	45.4324044619	42.1724189187
	45.429731775	42.1838814476
	45.4278144958	42.1954942364
	45.4266608344	42.2072075575
	45.4262757309	42.2189712524
	45.4266608344	42.2307349474
	45.4278144958	42.2424482685
	45.429731775	42.2540610573
	45.4324044619	42.2655235862
	45.4358211116	42.2767867709
	45.4399670935	42.2878023806
	45.4448246539	42.2985232449
	45.450372992	42.3089034554
	45.4511149733	42.3101765329
	45.4552601078	42.3172221794
	45.4600449169	42.326818729
	45.4715927746	42.3543051191
	45.4761013568	42.3641894437
	45.4816496949	42.3745696541
	45.4878650518	42.384564761
	45.4897217383	42.3872891026
	45.4930252661	42.3920422154
	45.4980243402	42.3988850767
	45.5054911472	42.4079834073
	45.5135370264	42.416573905
	45.5221275241	42.4246197842
	45.5312258547	42.4320865912
	45.5407930576	42.4389423518
	45.5507881645	42.4451577087
	45.5611683749	42.4507060468
	45.5635891057	42.4518028656
	45.5651502638	42.4553301747
	45.5685682326	42.4625780995
	45.5699352802	42.4654124356
	45.5754836182	42.475792646
	45.5816989751	42.485787753
	45.5849778953	42.4905287416
	45.5860519531	42.5010847431
	45.5879692323	42.5126975319
	45.5906419191	42.5241600608
	45.5940585689	42.5354232455
	45.5982045508	42.5464388552
	45.6030621112	42.5571597195
	45.6086104493	42.56753993
	45.6148258062	42.5775350369
	45.6216815668	42.5871022398
	45.6291483737	42.5962005703
	45.6371942529	42.6047910681
	45.6457847507	42.6128369473
	45.6548830813	42.6203037542
	45.6644502841	42.6271595149
	45.6744453911	42.6333748718
	45.6848256015	42.6389232098
	45.6955464658	42.6437807703
	45.7065620755	42.6479267522
	45.7178252602	42.6513434019
	45.7292877891	42.6540160888
	45.740900578	42.655933368
	45.7449105802	42.6563283187
	45.7461227329	42.6574460171
	45.7502430342	42.6609512253
	45.7677372359	42.6753860398
	45.7727152651	42.6793476385
	45.782282468	42.6862033991
	45.790551139	42.6914091586
	45.7955658707	42.6943792462
	45.7964481891	42.6962054349
	45.8019965272	42.7065856453
	45.8082118841	42.7165807523
	45.8150676447	42.7261479551
	45.8225344516	42.7352462857
	45.8305803308	42.7438367835
	45.8352363093	42.7483282308
	45.8394095881	42.7522115927
	45.8433441074	42.7557660245
	45.8524424379	42.7632328314
	45.8620096408	42.770088592
	45.8720047478	42.7763039489
	45.8823849582	42.781852287
	45.8873103898	42.784083971
	45.8912941435	42.7889553026
	45.9024101714	42.8017192797
	45.9028185703	42.8021865933
	45.9108644494	42.8107770911
	45.9194549472	42.8188229703
	45.9285532778	42.8262897772
	45.9340607298	42.8303516993
	45.9377161806	42.8332325262
	45.9390091903	42.8341590839
	45.9390091903	42.8397064209
	45.9393942938	42.8514701159
	45.9405479553	42.8631834369
	45.9424652345	42.8747962258
	45.9451379213	42.8862587547
	45.9485545711	42.8975219393
	45.952700553	42.9085375491
	45.9575581134	42.9192584134
	45.9631064515	42.9296386238
	45.9693218084	42.9396337308
	45.9750414055	42.9477041311
	45.9783754509	42.9521444387
	45.9795116144	42.9536412413
	45.9869784213	42.9627395718
	45.9950243005	42.9713300696
	46.0036147983	42.9793759488
	46.0127131289	42.9868427557
	46.0203075487	42.9923613552
	46.0221583193	42.9938007635
	46.0317255222	43.0006565241
	46.041142251	43.0065365195
	46.0465114455	43.0096630931
	46.0484920354	43.0126928128
	46.0553477961	43.0222600157
	46.062814603	43.0313583462
	46.0708604822	43.039948844
	46.07945098	43.0479947232
	46.0885493105	43.0554615301
	46.0981165134	43.0623172907
	46.1081116203	43.0685326476
	46.1184918308	43.0740809857
	46.129212695	43.0789385461
	46.1402283048	43.0830845281
	46.1514914895	43.0865011778
	46.1629540184	43.0891738647
	46.1745668072	43.0910911439
	46.1862801283	43.0922448053
	46.1980438232	43.0926299088
	46.2098075182	43.0922448053
	46.2213688064	43.0911110934
	46.2224919972	43.0909641966
	46.2216682556	43.095953526
	46.2205145941	43.107666847
	46.2204157754	43.1092864344
	46.2201334878	43.1142836878
	46.2202323065	43.1361914904
	46.221385968	43.1479048114
	46.2233032472	43.1595176003
	46.225975934	43.1709801292
	46.2267166339	43.1736613523
	46.2283798419	43.1795054685
	46.2305964849	43.186716272
	46.2294349792	43.1942887921
	46.2282813178	43.2060021131
	46.2278962143	43.2177658081
	46.228266605	43.2293028362
	46.2211474277	43.2369598301
	46.2136806208	43.2460581606
	46.2068248601	43.2556253635
	46.2006095032	43.2656204704
	46.1950611652	43.2760006809
	46.1902036047	43.2867215451
	46.1860576228	43.2977371549
	46.1826409731	43.3090003396
	46.1817623662	43.3124127024
	46.1773830266	43.3186746799
	46.1711676697	43.3286697868
	46.1656193317	43.3390499973
	46.1607617713	43.3497708616
	46.1605347519	43.3503215117
	46.1585968857	43.355044107
	46.1546779231	43.3655090665
	46.1512612734	43.3767722512
	46.1486908909	43.3877243234
	46.1475693699	43.3932785226
	46.1474670655	43.3937889793
	46.1455497863	43.4054017682
	46.1443961249	43.4171150892
	46.1440110214	43.4288787842
	46.1443961249	43.4406424792
	46.1455497863	43.4523558002
	46.1474670655	43.463968589
	46.1501397524	43.475431118
	46.1535564021	43.4866943026
	46.157702384	43.4977099124
	46.1589610881	43.5006733887
	46.1595923005	43.5021233023
	46.1630015925	43.5133590365
	46.1671475745	43.5243746463
	46.1720051349	43.5350955106
	46.177553473	43.545475721
	46.1837688299	43.5554708279
	46.1906245905	43.5650380308
	46.1980913974	43.5741363614
	46.2061372766	43.5827268591
	46.2147277744	43.5907727383
	46.2238261049	43.5982395453
	46.2333933078	43.6050953059
	46.2395113969	43.6090069815
	46.2445162797	43.6120663687
	46.2483932976	43.61437005
	46.2555117278	43.6182684418
	46.2563820007	43.6262525897
	46.2582992799	43.6378653786
	46.2609719668	43.6493279075
	46.2643886165	43.6605910922
	46.2685345984	43.6716067019
	46.272954707	43.6813620895
	46.2714233065	43.6807857112
	46.2659978372	43.6790393788
	46.2532186014	43.6751483876
	46.247380886	43.6734780703
	46.2359183571	43.6708053834
	46.2243055683	43.6688881042
	46.2201138727	43.6683862279
	46.2123318903	43.6675469945
	46.2048102648	43.6668952094
	46.1930465698	43.6665101059
	46.1812828748	43.6668952094
	46.1795945202	43.6670138503
	46.1732720205	43.6674880378
	46.1693618294	43.6650565247
	46.1589816189	43.6595081866
	46.1482607547	43.6546506262
	46.1372451449	43.6505046443
	46.1259819602	43.6470879946
	46.1145194313	43.6444153077
	46.1029066425	43.6424980285
	46.0989884281	43.6420258569
	46.0837143803	43.6403550195
	46.0759192736	43.6396735297
	46.0641555786	43.6392884262
	46.0555496216	43.6392884262
	46.0437859266	43.6396735297
	46.0320726056	43.6408271911
	46.0317353366	43.6408719179
	46.0233964084	43.6419858095
	46.0121208885	43.6438583619
	46.0006583596	43.6465310488
	45.9893951749	43.6499476985
	45.9783795652	43.6540936804
	45.9676587009	43.6589512408
	45.9572784904	43.6644995789
	45.9472833835	43.6707149358
	45.9377161806	43.6775706964
	45.9286178501	43.6850375034
	45.9243143164	43.6889362816
	45.9201562963	43.6928272728
	45.9158693323	43.6969743738
	45.9078234531	43.7055648716
	45.9003566462	43.7146632021
	45.8984494906	43.7171945247
	45.8889966708	43.7299737606
	45.8840480657	43.7370096408
	45.8778327088	43.7470047478
	45.8722843707	43.7573849582
	45.8674268103	43.7681058225
	45.8670831624	43.7689413914
	45.8629865027	43.7781003293
	45.8594695948	43.7872948498
	45.8582877083	43.7896035044
	45.8565813147	43.7900221372
	45.8528846169	43.790970746
	45.8483332617	43.7922546379
	45.8470555871	43.7916486852
	45.8388125125	43.7879895545
	45.8277969027	43.7838435725
	45.8165337181	43.7804269228
	45.8050711891	43.7777542359
	45.8002366715	43.7768610971
	45.7855271988	43.7743510263
	45.7787489276	43.7733268859
	45.7746088087	43.7728305794
	45.7515375197	43.7703357673
	45.7439643175	43.7696784125
	45.7322006226	43.769293309
	45.7204369276	43.7696784125
	45.7162818472	43.769999134
	45.7068366568	43.7708383674
	45.6992784161	43.7716713073
	45.6876656273	43.7735885865
	45.6762030984	43.7762612734
	45.6649399137	43.7796779231
	45.6559906726	43.7829829627
	45.6435089832	43.7879725867
	45.6414426145	43.7888135291
	45.6307217502	43.7936710895
	45.6203415397	43.7992194276
	45.6201773218	43.7993143543
	45.6111481479	43.804540054
	45.6015077252	43.805545819
	45.6007870057	43.805642186
	45.5577419617	43.8114863022
	45.5468498924	43.8133072144
	45.5392113558	43.8150001122
	45.5244866244	43.8186011865
	45.520662632	43.8195809755
	45.5107439716	43.8225471235
	45.4771288593	43.8336631514
	45.4757843351	43.8341136531
	45.4672308231	43.837261041
	45.4483404422	43.8447607358
	45.4458783445	43.8457593298
	45.4351574802	43.8506168903
	45.4247772697	43.8561652283
	45.4206155914	43.8586432801
	45.4153207916	43.8618934022
	45.409487363	43.8656307073
	45.3999201601	43.8724864679
	45.3908218296	43.8799532748
	45.3822313318	43.887999154
	45.3741854526	43.8965896518
	45.3667186457	43.9056879824
	45.359862885	43.9152551852
	45.3536475281	43.9252502922
	45.3480991901	43.9356305026
	45.3432416297	43.9463513669
	45.3390956477	43.9573669767
	45.335678998	43.9686301613
	45.3330063111	43.9800926903
	45.3328453862	43.98091164
	45.3305343873	43.9910027244
	45.3286171081	44.0026155133
	45.3283694248	44.0051302842
	45.3196752702	44.0042002912
	45.3123084338	44.0035651312
	45.3034145501	44.0032029237
	45.286202636	44.0029282655
	45.2715691297	44.003290473
	45.2598558087	44.0044441345
	45.2482430198	44.0063614137
	45.2367804909	44.0090341005
	45.2255173063	44.0124507503
	45.2145016965	44.0165967322
	45.2037808322	44.0214542926
	45.2031074457	44.021788121
	45.1791534424	44.021788121
	45.1673897474	44.0221732245
	45.1648244455	44.0223597932
	45.1564704211	44.0216162787
	45.1447067261	44.0212311752
	45.142802144	44.0212412593
	45.1161450395	44.0215235469
	45.1062859266	44.0218985663
	45.1047291282	44.0220073891
	45.0972294334	44.0225643349
	45.0870729107	44.0236091735
	45.0754601219	44.0255264527
	45.063997593	44.0281991396
	45.0527344083	44.0316157893
	45.0451658059	44.0343755078
	45.0387723733	44.0368703198
	45.0353253659	44.0382565833
	45.0246045017	44.0431141437
	45.0142242912	44.0486624818
	45.0042291843	44.0548778387
	44.9946619814	44.0617335993
	44.9855636509	44.0692004062
	44.9769731531	44.0772462854
	44.9689272739	44.0858367832
	44.961460467	44.0949351137
	44.9546047063	44.1045023166
	44.9483893494	44.1144974235
	44.9428410114	44.124877634
	44.9379834509	44.1355984983
	44.933837469	44.146614108
	44.9304208193	44.1578772927
	44.9296061199	44.1610317999
	44.9282251995	44.1665859991
	44.926367212	44.1748940208
	44.9244499328	44.1865068097
	44.9232962714	44.1982201307
	44.9229111679	44.2099838257
	44.9232962714	44.2217475207
	44.9244499328	44.2334608417
	44.926367212	44.2450736305
	44.9290398989	44.2565361595
	44.9292090101	44.2571627669
	44.9308722181	44.2632815413
	44.9341197566	44.2739181185
	44.9382657385	44.2849337283
	44.9426029096	44.2945905291
	44.9656436811	44.3420987688
	44.9661640704	44.3431628323
	44.9717124085	44.3535430428
	44.9779277654	44.3635381497
	44.980621778	44.3674568718
	44.9839558234	44.3721718376
	44.9881175714	44.3778203184
	44.9955843784	44.386918649
	45.0036302576	44.3955091467
	45.0122207553	44.4035550259
	45.0213190859	44.4110218329
	45.0308862888	44.4178775935
	45.0408813957	44.4240929504
	45.0481280353	44.42796636
	45.0477432496	44.429616616
	45.0458259704	44.4412294049
	45.044672309	44.4529427259
	45.044468589	44.4566307794
	45.0441939308	44.4627419245
	45.0443976508	44.4825812609
	45.0453584226	44.4927797779
	45.0478532346	44.5130587086
	45.0480461242	44.5145735126
	45.0499634034	44.5261863014
	45.0526360903	44.5376488304
	45.0528517581	44.538446382
	45.0578566409	44.5567874465
	45.0610576228	44.5672530795
	45.0638477614	44.5748995857
	45.0682956984	44.5862826424
	45.0696515418	44.5896517459
	45.0725746901	44.5963234411
	45.0741333253	44.6053565285
	45.0768060122	44.6168190574
	45.0802226619	44.6280822421
	45.0843686438	44.6390978518
	45.0892262042	44.6498187161
	45.0947745423	44.6601989266
	45.1009898992	44.6701940335
	45.1073419623	44.6791016599
	45.1179010444	44.6929947873
	45.1184047419	44.6936543638
	45.1258715488	44.7027526944
	45.133917428	44.7113431922
	45.1425079258	44.7193890713
	45.1516062563	44.7268558783
	45.1545731617	44.7290842223
	45.1640183522	44.7360269713
	45.1706186496	44.7406543879
	45.1806137565	44.7468697448
	45.190993967	44.7524180829
	45.2017148313	44.7572756433
	45.2090615822	44.760131816
	45.2151650978	44.7623519699
	45.2188339567	44.763641779
	45.2300971413	44.7670584288
	45.2346086462	44.7682049234
	45.2415590246	44.7698757608
	45.2485100487	44.771401953
	45.2601228375	44.7733192322
	45.2718361585	44.7744728937
	45.280532725	44.7748318442
	45.2853271965	44.7777001281
	45.2957074069	44.7832484662
	45.3064282712	44.7881060266
	45.317443881	44.7922520085
	45.3287070656	44.7956686582
	45.3401695946	44.7983413451
	45.3517823834	44.8002586243
	45.3561474115	44.8007791084
	45.363929394	44.8016107124
	45.3712776869	44.8022438898
	45.3732740698	44.8023092446
	45.4074619853	44.8324348044
	45.4077819736	44.8327160977
	45.4168803042	44.8401829046
	45.426447507	44.8470386652
	45.4284971328	44.8483880486
	45.4330832607	44.8520776959
	45.4363352602	44.8546329779
	45.4429202605	44.8594524982
	45.4430924699	44.8596051833
	45.441084314	44.8685127952
	45.4391670348	44.8801255841
	45.4380133734	44.8918389051
	45.4376282699	44.9036026001
	45.4380133734	44.9153662951
	45.4391670348	44.9270796161
	45.441084314	44.938692405
	45.4437570009	44.9501549339
	45.4471736506	44.9614181185
	45.4513196326	44.9724337283
	45.456177193	44.9831545926
	45.4617255311	44.993534803
	45.467940888	45.00352991
	45.4747966486	45.0130971128
	45.4822634555	45.0221954434
	45.4903093347	45.0307859412
	45.4988998325	45.0388318204
	45.507998163	45.0462986273
	45.5175653659	45.0531543879
	45.5275604729	45.0593697448
	45.5379406833	45.0649180829
	45.5486615476	45.0697756433
	45.5510316746	45.0707376946
	45.5542129268	45.0728110566
	45.5606579525	45.0816653634
	45.5633815485	45.0853093321
	45.5708483554	45.0944076626
	45.5788942346	45.1029981604
	45.5874847324	45.1110440396
	45.5965830629	45.1185108465
	45.6061502658	45.1253666071
	45.6161453728	45.131581964
	45.6265255832	45.1371303021
	45.6372464475	45.1419878625
	45.6482620572	45.1461338445
	45.6595252419	45.1495504942
	45.6709877708	45.1522231811
	45.6826005597	45.1541404603
	45.6833396835	45.1542362103
	45.7082087168	45.1597662766
	45.7127834007	45.1608422383
	45.7175396268	45.1624628577
	45.7177353238	45.1625294133
	45.7289985085	45.165946063
	45.7364719869	45.1677781744
	45.7714680196	45.1755677862
	45.7754570701	45.1764083617
	45.787069859	45.1783256409
	45.7951173327	45.1792013776
	45.8176240465	45.1811392438
	45.8212898939	45.1814171686
	45.8330535889	45.1818022721
	45.8419265747	45.1818022721
	45.85236114	45.1814993441
	45.8618139598	45.1809500277
	45.8631430895	45.1808678522
	45.8748564105	45.1797141907
	45.8864691994	45.1777969115
	45.8945568239	45.1759935729
	45.917048279	45.1704317443
	45.919013081	45.1699341117
	45.9340201001	45.1660431205
	45.9354302024	45.1656714048
END
END
