none
1
   4.615067E+01   3.883258E+01
   4.581947E+01   3.888307E+01
   4.565634E+01   3.894480E+01
   4.561074E+01   3.894378E+01
   4.560701E+01   3.895328E+01
   4.560022E+01   3.895883E+01
   4.554490E+01   3.896279E+01
   4.543213E+01   3.899249E+01
   4.538159E+01   3.908132E+01
   4.531994E+01   3.915539E+01
   4.513257E+01   3.921705E+01
   4.513366E+01   3.925863E+01
   4.507648E+01   3.934829E+01
   4.500662E+01   3.941007E+01
   4.496807E+01   3.942157E+01
   4.494840E+01   3.943558E+01
   4.492338E+01   3.947825E+01
   4.491608E+01   3.952143E+01
   4.481740E+01   3.962441E+01
   4.478770E+01   3.969633E+01
   4.479949E+01   3.971859E+01
   4.484404E+01   3.973682E+01
   4.500297E+01   3.975620E+01
   4.507251E+01   3.979750E+01
   4.512930E+01   3.976631E+01
   4.518996E+01   3.970064E+01
   4.521000E+01   3.959144E+01
   4.526849E+01   3.963459E+01
   4.549925E+01   3.954202E+01
   4.570472E+01   3.962485E+01
   4.582484E+01   3.958832E+01
   4.586909E+01   3.937117E+01
   4.603979E+01   3.929048E+01
   4.612197E+01   3.901840E+01
   4.615767E+01   3.889081E+01
   4.615067E+01   3.883258E+01
END
END
2
   4.963651E+01   4.232010E+01
   5.164070E+01   3.851855E+01
   4.910876E+01   3.844640E+01
   4.887125E+01   3.843678E+01
   4.870355E+01   3.839681E+01
   4.862969E+01   3.838874E+01
   4.813708E+01   3.870995E+01
   4.800841E+01   3.884243E+01
   4.800829E+01   3.890581E+01
   4.807219E+01   3.895932E+01
   4.830209E+01   3.900443E+01
   4.812853E+01   3.923342E+01
   4.816696E+01   3.930135E+01
   4.837218E+01   3.937123E+01
   4.836924E+01   3.938057E+01
   4.835455E+01   3.939217E+01
   4.834357E+01   3.941028E+01
   4.824355E+01   3.949428E+01
   4.800479E+01   3.970282E+01
   4.791644E+01   3.965734E+01
   4.775360E+01   3.961871E+01
   4.760140E+01   3.955346E+01
   4.754916E+01   3.951166E+01
   4.751554E+01   3.950184E+01
   4.744543E+01   3.948750E+01
   4.735720E+01   3.943480E+01
   4.732423E+01   3.939797E+01
   4.729028E+01   3.937123E+01
   4.720260E+01   3.933582E+01
   4.710877E+01   3.930406E+01
   4.705653E+01   3.924038E+01
   4.704608E+01   3.920345E+01
   4.701997E+01   3.917056E+01
   4.695631E+01   3.914170E+01
   4.686653E+01   3.913486E+01
   4.677103E+01   3.905549E+01
   4.675398E+01   3.902190E+01
   4.670258E+01   3.900875E+01
   4.666414E+01   3.896897E+01
   4.658576E+01   3.889479E+01
   4.655457E+01   3.888414E+01
   4.654175E+01   3.887817E+01
   4.650410E+01   3.895647E+01
   4.643422E+01   3.916481E+01
   4.643167E+01   3.919328E+01
   4.645054E+01   3.920079E+01
   4.649284E+01   3.919191E+01
   4.648364E+01   3.932245E+01
   4.641943E+01   3.935439E+01
   4.637964E+01   3.942496E+01
   4.639731E+01   3.945164E+01
   4.654947E+01   3.956040E+01
   4.643245E+01   3.956580E+01
   4.636216E+01   3.962232E+01
   4.618142E+01   3.956900E+01
   4.556895E+01   3.999599E+01
   4.560299E+01   4.003607E+01
   4.567870E+01   4.005360E+01
   4.583100E+01   4.001480E+01
   4.596575E+01   4.022311E+01
   4.564149E+01   4.036242E+01
   4.544119E+01   4.049948E+01
   4.534582E+01   4.064083E+01
   4.535309E+01   4.067391E+01
   4.540214E+01   4.074087E+01
   4.558502E+01   4.085338E+01
   4.548104E+01   4.092757E+01
   4.529210E+01   4.101168E+01
   4.521719E+01   4.101592E+01
   4.514247E+01   4.105092E+01
   4.506713E+01   4.105203E+01
   4.500706E+01   4.119954E+01
   4.501000E+01   4.130108E+01
   4.505767E+01   4.132911E+01
   4.507007E+01   4.133083E+01
   4.507040E+01   4.133965E+01
   4.508344E+01   4.134841E+01
   4.517388E+01   4.142716E+01
   4.527016E+01   4.147830E+01
   4.545739E+01   4.146050E+01
   4.576247E+01   4.135527E+01
   4.592611E+01   4.119403E+01
   4.605443E+01   4.119488E+01
   4.609929E+01   4.118454E+01
   4.613708E+01   4.121103E+01
   4.627578E+01   4.119531E+01
   4.658607E+01   4.111703E+01
   4.663914E+01   4.111422E+01
   4.665189E+01   4.120687E+01
   4.671010E+01   4.128450E+01
   4.666221E+01   4.133882E+01
   4.662128E+01   4.135828E+01
   4.658621E+01   4.139130E+01
   4.650332E+01   4.141186E+01
   4.644338E+01   4.144390E+01
   4.632992E+01   4.149571E+01
   4.618586E+01   4.162338E+01
   4.616642E+01   4.171268E+01
   4.619516E+01   4.177780E+01
   4.628399E+01   4.178154E+01
   4.637734E+01   4.184990E+01
   4.641975E+01   4.192271E+01
   4.654702E+01   4.188584E+01
   4.658282E+01   4.181742E+01
   4.664820E+01   4.184990E+01
   4.675873E+01   4.186845E+01
   4.691543E+01   4.173758E+01
   4.705294E+01   4.158380E+01
   4.712349E+01   4.159227E+01
   4.754708E+01   4.122193E+01
   4.761647E+01   4.124174E+01
   4.780820E+01   4.123139E+01
   4.806777E+01   4.150884E+01
   4.817999E+01   4.152090E+01
   4.825938E+01   4.156051E+01
   4.837769E+01   4.161524E+01
   4.840157E+01   4.166575E+01
   4.852402E+01   4.176519E+01
   4.857779E+01   4.185470E+01
   4.963651E+01   4.232010E+01
END
END
