none
1
   6.772549E+01   2.332744E+01
   6.143227E+01   2.452501E+01
   6.168921E+01   2.579917E+01
   6.178035E+01   2.581825E+01
   6.184788E+01   2.622814E+01
   6.210674E+01   2.631423E+01
   6.212809E+01   2.638037E+01
   6.226353E+01   2.635823E+01
   6.229134E+01   2.638684E+01
   6.225771E+01   2.644883E+01
   6.228960E+01   2.645452E+01
   6.229939E+01   2.651363E+01
   6.316203E+01   2.664362E+01
   6.320343E+01   2.684925E+01
   6.327553E+01   2.686477E+01
   6.327320E+01   2.710243E+01
   6.331341E+01   2.714762E+01
   6.329924E+01   2.717892E+01
   6.282136E+01   2.721232E+01
   6.278148E+01   2.725142E+01
   6.283066E+01   2.731095E+01
   6.278694E+01   2.828118E+01
   6.259232E+01   2.825513E+01
   6.241668E+01   2.841835E+01
   6.182291E+01   2.863269E+01
   6.141336E+01   2.914122E+01
   6.142244E+01   2.920051E+01
   6.138349E+01   2.922146E+01
   6.137260E+01   2.934867E+01
   6.087860E+01   2.986178E+01
   6.241480E+01   2.940118E+01
   6.413107E+01   2.939194E+01
   6.448762E+01   2.957178E+01
   6.500000E+01   2.953742E+01
   6.615580E+01   2.982521E+01
   6.636195E+01   2.996813E+01
   6.624165E+01   3.005505E+01
   6.632592E+01   3.049329E+01
   6.629790E+01   3.050930E+01
   6.639133E+01   3.094050E+01
   6.657964E+01   3.098849E+01
   6.671816E+01   3.120270E+01
   6.701881E+01   3.131133E+01
   6.704774E+01   3.127528E+01
   6.702187E+01   3.125504E+01
   6.778985E+01   3.135662E+01
   6.774094E+01   3.141478E+01
   6.759763E+01   3.142682E+01
   6.755949E+01   3.153238E+01
   6.769977E+01   3.151939E+01
   6.803149E+01   3.167922E+01
   6.816496E+01   3.183072E+01
   6.825935E+01   3.180155E+01
   6.827822E+01   3.175980E+01
   6.856351E+01   3.171977E+01
   6.858202E+01   3.175034E+01
   6.843311E+01   3.176325E+01
   6.855479E+01   3.182036E+01
   6.870184E+01   3.176988E+01
   6.883152E+01   3.160584E+01
   6.891688E+01   3.160471E+01
   6.894916E+01   3.164575E+01
   6.902101E+01   3.162671E+01
   6.931285E+01   3.192481E+01
   6.925024E+01   3.241400E+01
   6.930071E+01   3.254111E+01
   6.938524E+01   3.256655E+01
   6.943880E+01   3.269997E+01
   6.939237E+01   3.277417E+01
   6.953054E+01   3.286117E+01
   6.949203E+01   3.294269E+01
   6.958006E+01   3.309757E+01
   6.996514E+01   3.313130E+01
   7.032659E+01   3.334047E+01
   7.017941E+01   3.356452E+01
   7.019359E+01   3.361656E+01
   7.013697E+01   3.371507E+01
   6.996980E+01   3.376262E+01
   6.986574E+01   3.392691E+01
   6.989754E+01   3.402774E+01
   7.065117E+01   3.395434E+01
   7.104237E+01   3.404933E+01
   7.112608E+01   3.416243E+01
   7.115394E+01   3.436956E+01
   7.102300E+01   3.444813E+01
   7.099556E+01   3.455477E+01
   7.110579E+01   3.464210E+01
   7.109586E+01   3.466085E+01
   7.155603E+01   3.502806E+01
   7.155260E+01   3.510798E+01
   7.167197E+01   3.521883E+01
   7.155945E+01   3.528408E+01
   7.164895E+01   3.545247E+01
   7.160607E+01   3.548493E+01
   7.160123E+01   3.557744E+01
   7.149948E+01   3.562642E+01
   7.154678E+01   3.570546E+01
   7.137672E+01   3.595612E+01
   7.119901E+01   3.604922E+01
   7.157217E+01   3.634709E+01
   7.156539E+01   3.637582E+01
   7.165620E+01   3.647822E+01
   7.184373E+01   3.639475E+01
   7.186168E+01   3.642942E+01
   7.182187E+01   3.648640E+01
   7.210623E+01   3.660574E+01
   7.210291E+01   3.664854E+01
   7.221446E+01   3.666423E+01
   7.219690E+01   3.669356E+01
   7.222691E+01   3.673823E+01
   7.359763E+01   3.690757E+01
   7.412743E+01   3.684810E+01
   7.416648E+01   3.691153E+01
   7.426399E+01   3.690445E+01
   7.442787E+01   3.699763E+01
   7.452832E+01   3.699049E+01
   7.455075E+01   3.695967E+01
   7.461977E+01   3.708896E+01
   7.467796E+01   3.709664E+01
   7.474920E+01   3.702148E+01
   7.483175E+01   3.706239E+01
   7.489983E+01   3.694247E+01
   7.508530E+01   3.700710E+01
   7.540186E+01   3.694281E+01
   7.545450E+01   3.672161E+01
   7.553848E+01   3.673202E+01
   7.552705E+01   3.675428E+01
   7.580976E+01   3.670096E+01
   7.602782E+01   3.639755E+01
   7.598826E+01   3.629343E+01
   7.605557E+01   3.622731E+01
   7.601564E+01   3.622742E+01
   7.601918E+01   3.616667E+01
   7.593307E+01   3.612531E+01
   7.594628E+01   3.606933E+01
   7.609187E+01   3.601445E+01
   7.617518E+01   3.583339E+01
   7.657729E+01   3.591471E+01
   7.659601E+01   3.578494E+01
   7.739636E+01   3.546979E+01
   7.783562E+01   3.551007E+01
   7.701810E+01   3.503846E+01
   7.698875E+01   3.493521E+01
   7.674337E+01   3.491814E+01
   7.668719E+01   3.476321E+01
   7.647434E+01   3.479437E+01
   7.572923E+01   3.451616E+01
   7.525808E+01   3.461760E+01
   7.525964E+01   3.464408E+01
   7.426990E+01   3.476269E+01
   7.394156E+01   3.467720E+01
   7.394807E+01   3.457309E+01
   7.389534E+01   3.454667E+01
   7.389874E+01   3.449577E+01
   7.376432E+01   3.437107E+01
   7.377339E+01   3.434975E+01
   7.389941E+01   3.435981E+01
   7.397623E+01   3.426481E+01
   7.389817E+01   3.403282E+01
   7.423722E+01   3.402553E+01
   7.426358E+01   3.394262E+01
   7.396646E+01   3.374032E+01
   7.402844E+01   3.357468E+01
   7.417815E+01   3.348168E+01
   7.418006E+01   3.340207E+01
   7.406829E+01   3.325999E+01
   7.403650E+01   3.326474E+01
   7.401427E+01   3.319825E+01
   7.419926E+01   3.304687E+01
   7.432648E+01   3.302946E+01
   7.435283E+01   3.299029E+01
   7.432722E+01   3.291331E+01
   7.438580E+01   3.290865E+01
   7.454121E+01   3.274467E+01
   7.463280E+01   3.277766E+01
   7.463800E+01   3.281810E+01
   7.470039E+01   3.282703E+01
   7.466196E+01   3.255147E+01
   7.469842E+01   3.248494E+01
   7.506140E+01   3.248201E+01
   7.513945E+01   3.241460E+01
   7.518852E+01   3.242448E+01
   7.538187E+01   3.226111E+01
   7.522357E+01   3.209101E+01
   7.521166E+01   3.211895E+01
   7.501061E+01   3.203040E+01
   7.492014E+01   3.205627E+01
   7.476189E+01   3.193627E+01
   7.470920E+01   3.195795E+01
   7.454184E+01   3.181878E+01
   7.454164E+01   3.175606E+01
   7.451715E+01   3.176042E+01
   7.463425E+01   3.148365E+01
   7.453365E+01   3.119393E+01
   7.457413E+01   3.111001E+01
   7.463687E+01   3.111491E+01
   7.468715E+01   3.106509E+01
   7.463913E+01   3.102112E+01
   7.457170E+01   3.106744E+01
   7.426629E+01   3.076244E+01
   7.427966E+01   3.072936E+01
   7.410035E+01   3.060776E+01
   7.408481E+01   3.054068E+01
   7.387321E+01   3.038344E+01
   7.396896E+01   3.020155E+01
   7.339652E+01   2.993901E+01
   7.296248E+01   2.906898E+01
   7.247285E+01   2.880563E+01
   7.189023E+01   2.795828E+01
   7.076721E+01   2.771494E+01
   7.056263E+01   2.801980E+01
   7.033289E+01   2.797712E+01
   6.953726E+01   2.706927E+01
   6.948751E+01   2.679365E+01
   6.991834E+01   2.658261E+01
   7.015022E+01   2.656828E+01
   7.009130E+01   2.596516E+01
   7.026745E+01   2.571850E+01
   7.064001E+01   2.571543E+01
   7.066408E+01   2.540536E+01
   7.107930E+01   2.467433E+01
   7.100813E+01   2.463574E+01
   7.102026E+01   2.443334E+01
   7.112340E+01   2.442060E+01
   7.086451E+01   2.429163E+01
   7.090408E+01   2.426514E+01
   7.057220E+01   2.425920E+01
   7.059319E+01   2.441173E+01
   7.011010E+01   2.428490E+01
   7.005930E+01   2.419280E+01
   6.966956E+01   2.421665E+01
   6.959010E+01   2.428676E+01
   6.897057E+01   2.423753E+01
   6.893394E+01   2.429353E+01
   6.886751E+01   2.420620E+01
   6.883205E+01   2.429933E+01
   6.876750E+01   2.428969E+01
   6.874924E+01   2.396205E+01
   6.772549E+01   2.332744E+01
END
END
