none
1
   -7.997791E+01   2.451624E+01
   -8.160627E+01   2.420031E+01
   -8.846896E+01   2.498296E+01
   -8.752216E+01   3.022524E+01
   -8.752430E+01   3.029032E+01
   -8.750154E+01   3.034241E+01
   -8.740295E+01   3.043830E+01
   -8.745604E+01   3.048758E+01
   -8.744850E+01   3.055370E+01
   -8.740737E+01   3.064947E+01
   -8.753441E+01   3.073686E+01
   -8.764106E+01   3.086252E+01
   -8.760373E+01   3.100063E+01
   -8.672138E+01   3.100023E+01
   -8.632502E+01   3.099472E+01
   -8.574864E+01   3.099853E+01
   -8.498233E+01   3.100293E+01
   -8.485936E+01   3.071532E+01
   -8.395849E+01   3.067073E+01
   -8.305939E+01   3.062415E+01
   -8.221253E+01   3.056913E+01
   -8.223322E+01   3.053203E+01
   -8.219665E+01   3.048467E+01
   -8.220474E+01   3.042019E+01
   -8.216669E+01   3.036316E+01
   -8.211866E+01   3.037166E+01
   -8.205857E+01   3.036384E+01
   -8.201155E+01   3.057236E+01
   -8.205394E+01   3.065464E+01
   -8.204813E+01   3.072568E+01
   -8.203971E+01   3.075559E+01
   -8.202482E+01   3.075699E+01
   -8.202514E+01   3.078912E+01
   -8.200911E+01   3.079623E+01
   -8.197854E+01   3.077822E+01
   -8.197013E+01   3.081370E+01
   -8.195589E+01   3.082934E+01
   -8.191563E+01   3.083647E+01
   -8.176465E+01   3.077794E+01
   -8.166109E+01   3.075559E+01
   -8.154104E+01   3.071841E+01
   -8.153873E+01   3.072515E+01
   -8.150388E+01   3.073085E+01
   -8.134591E+01   3.071554E+01
   -7.943702E+01   2.700959E+01
   -7.997791E+01   2.451624E+01
END
END
