none
1
   -8.955299E+01   3.649944E+01
   -8.958125E+01   3.655210E+01
   -8.956357E+01   3.657926E+01
   -8.949984E+01   3.658479E+01
   -8.945490E+01   3.655114E+01
   -8.946646E+01   3.649908E+01
   -8.955299E+01   3.649944E+01
END
END
2
   -8.942799E+01   3.649892E+01
   -8.938091E+01   3.662996E+01
   -8.932464E+01   3.663809E+01
   -8.925397E+01   3.657353E+01
   -8.922145E+01   3.657794E+01
   -8.920700E+01   3.663223E+01
   -8.916892E+01   3.666489E+01
   -8.920438E+01   3.670701E+01
   -8.920455E+01   3.674333E+01
   -8.916630E+01   3.676857E+01
   -8.912493E+01   3.677172E+01
   -8.918086E+01   3.679365E+01
   -8.918456E+01   3.684200E+01
   -8.913509E+01   3.685558E+01
   -8.910945E+01   3.696626E+01
   -8.915778E+01   3.699141E+01
   -8.918699E+01   3.701752E+01
   -8.918246E+01   3.706934E+01
   -8.914323E+01   3.710198E+01
   -8.910420E+01   3.715003E+01
   -8.906820E+01   3.718988E+01
   -8.900090E+01   3.722882E+01
   -8.893856E+01   3.723339E+01
   -8.889354E+01   3.721979E+01
   -8.879665E+01   3.718713E+01
   -8.872365E+01   3.714298E+01
   -8.869143E+01   3.714411E+01
   -8.859970E+01   3.711323E+01
   -8.855663E+01   3.708237E+01
   -8.851146E+01   3.706839E+01
   -8.846358E+01   3.707842E+01
   -8.843270E+01   3.715302E+01
   -8.850424E+01   3.724735E+01
   -8.852500E+01   3.727956E+01
   -8.847889E+01   3.739083E+01
   -8.843488E+01   3.742659E+01
   -8.839835E+01   3.742652E+01
   -8.836468E+01   3.740531E+01
   -8.832983E+01   3.743726E+01
   -8.828151E+01   3.745793E+01
   -8.821887E+01   3.746280E+01
   -8.814664E+01   3.747374E+01
   -8.807792E+01   3.748589E+01
   -8.807538E+01   3.752117E+01
   -8.813794E+01   3.756992E+01
   -8.815664E+01   3.761326E+01
   -8.816318E+01   3.766307E+01
   -8.814442E+01   3.769084E+01
   -8.811590E+01   3.771748E+01
   -8.805735E+01   3.774733E+01
   -8.804101E+01   3.779025E+01
   -8.802387E+01   3.780597E+01
   -8.799789E+01   3.780122E+01
   -8.796243E+01   3.778400E+01
   -8.795412E+01   3.777496E+01
   -8.793699E+01   3.779822E+01
   -8.790506E+01   3.781549E+01
   -8.791514E+01   3.784522E+01
   -8.793934E+01   3.786248E+01
   -8.794405E+01   3.788901E+01
   -8.792086E+01   3.791448E+01
   -8.789800E+01   3.793039E+01
   -8.786774E+01   3.792535E+01
   -8.784186E+01   3.789246E+01
   -8.783480E+01   3.787787E+01
   -8.778959E+01   3.787949E+01
   -8.775034E+01   3.789707E+01
   -8.771239E+01   3.789613E+01
   -8.768621E+01   3.790572E+01
   -8.767008E+01   3.790387E+01
   -8.766008E+01   3.788757E+01
   -8.766436E+01   3.787177E+01
   -8.767966E+01   3.785353E+01
   -8.767417E+01   3.783262E+01
   -8.763833E+01   3.782824E+01
   -8.761170E+01   3.783707E+01
   -8.758970E+01   3.786425E+01
   -8.759679E+01   3.788981E+01
   -8.762162E+01   3.790319E+01
   -8.763352E+01   3.792706E+01
   -8.760822E+01   3.795186E+01
   -8.760520E+01   3.797200E+01
   -8.759132E+01   3.797959E+01
   -8.757561E+01   3.797174E+01
   -8.756015E+01   3.793755E+01
   -8.752425E+01   3.791664E+01
   -8.750842E+01   3.790919E+01
   -8.746939E+01   3.793463E+01
   -8.744264E+01   3.794528E+01
   -8.740989E+01   3.794603E+01
   -8.737681E+01   3.793726E+01
   -8.730063E+01   3.789936E+01
   -8.721146E+01   3.784879E+01
   -8.716213E+01   3.784416E+01
   -8.714066E+01   3.782430E+01
   -8.712729E+01   3.778731E+01
   -8.711228E+01   3.778585E+01
   -8.708554E+01   3.779370E+01
   -8.705998E+01   3.782587E+01
   -8.704724E+01   3.790097E+01
   -8.700044E+01   3.792747E+01
   -8.691728E+01   3.794343E+01
   -8.686530E+01   3.798737E+01
   -8.681395E+01   3.800254E+01
   -8.679034E+01   3.798817E+01
   -8.677319E+01   3.794868E+01
   -8.674165E+01   3.790730E+01
   -8.672478E+01   3.789405E+01
   -8.668512E+01   3.791580E+01
   -8.665822E+01   3.791633E+01
   -8.663974E+01   3.790546E+01
   -8.665654E+01   3.786221E+01
   -8.665251E+01   3.784284E+01
   -8.660746E+01   3.785956E+01
   -8.660242E+01   3.790864E+01
   -8.659469E+01   3.791872E+01
   -8.658029E+01   3.792731E+01
   -8.653417E+01   3.792038E+01
   -8.651404E+01   3.792871E+01
   -8.652914E+01   3.795928E+01
   -8.652722E+01   3.804168E+01
   -8.647092E+01   3.805298E+01
   -8.646710E+01   3.812074E+01
   -8.644644E+01   3.813057E+01
   -8.638761E+01   3.812660E+01
   -8.637801E+01   3.819207E+01
   -8.635769E+01   3.820167E+01
   -8.627399E+01   3.814696E+01
   -8.626660E+01   3.812602E+01
   -8.626475E+01   3.806123E+01
   -8.621382E+01   3.802710E+01
   -8.616943E+01   3.801106E+01
   -8.614141E+01   3.801948E+01
   -8.610259E+01   3.801441E+01
   -8.607598E+01   3.800143E+01
   -8.606006E+01   3.797261E+01
   -8.604123E+01   3.796056E+01
   -8.603531E+01   3.799267E+01
   -8.601261E+01   3.800017E+01
   -8.597122E+01   3.800629E+01
   -8.593566E+01   3.801590E+01
   -8.592111E+01   3.804462E+01
   -8.591934E+01   3.806734E+01
   -8.590702E+01   3.809427E+01
   -8.591346E+01   3.815672E+01
   -8.589767E+01   3.819048E+01
   -8.586505E+01   3.821745E+01
   -8.584414E+01   3.823735E+01
   -8.583832E+01   3.826794E+01
   -8.582666E+01   3.828136E+01
   -8.580000E+01   3.828879E+01
   -8.577949E+01   3.829037E+01
   -8.576868E+01   3.828363E+01
   -8.574684E+01   3.826863E+01
   -8.570950E+01   3.828476E+01
   -8.567166E+01   3.830906E+01
   -8.565410E+01   3.832836E+01
   -8.564195E+01   3.836488E+01
   -8.563830E+01   3.838819E+01
   -8.562318E+01   3.843297E+01
   -8.559002E+01   3.845187E+01
   -8.553039E+01   3.846009E+01
   -8.549739E+01   3.847418E+01
   -8.548269E+01   3.850024E+01
   -8.546260E+01   3.851461E+01
   -8.542284E+01   3.853456E+01
   -8.541883E+01   3.856674E+01
   -8.544123E+01   3.860474E+01
   -8.544064E+01   3.865856E+01
   -8.545972E+01   3.868630E+01
   -8.545599E+01   3.870824E+01
   -8.544002E+01   3.872780E+01
   -8.542047E+01   3.873858E+01
   -8.540153E+01   3.873732E+01
   -8.536128E+01   3.873206E+01
   -8.531993E+01   3.874111E+01
   -8.528034E+01   3.874430E+01
   -8.524981E+01   3.873614E+01
   -8.521817E+01   3.870016E+01
   -8.518000E+01   3.868908E+01
   -8.515362E+01   3.869462E+01
   -8.513046E+01   3.870691E+01
   -8.509145E+01   3.873491E+01
   -8.504734E+01   3.875236E+01
   -8.499447E+01   3.877867E+01
   -8.496817E+01   3.878138E+01
   -8.494536E+01   3.877635E+01
   -8.489330E+01   3.879563E+01
   -8.487618E+01   3.879472E+01
   -8.481990E+01   3.878400E+01
   -8.481455E+01   3.879429E+01
   -8.483242E+01   3.882780E+01
   -8.482488E+01   3.884123E+01
   -8.479808E+01   3.885736E+01
   -8.478616E+01   3.887859E+01
   -8.480280E+01   3.889098E+01
   -8.483263E+01   3.889600E+01
   -8.485393E+01   3.889567E+01
   -8.487023E+01   3.889867E+01
   -8.488135E+01   3.891282E+01
   -8.487732E+01   3.892429E+01
   -8.484403E+01   3.895241E+01
   -8.483120E+01   3.896902E+01
   -8.484411E+01   3.899378E+01
   -8.488715E+01   3.903552E+01
   -8.489760E+01   3.905005E+01
   -8.489864E+01   3.906219E+01
   -8.485930E+01   3.908129E+01
   -8.483994E+01   3.909782E+01
   -8.482152E+01   3.910766E+01
   -8.478936E+01   3.911510E+01
   -8.477390E+01   3.913267E+01
   -8.475980E+01   3.914574E+01
   -8.474802E+01   3.914831E+01
   -8.473050E+01   3.914551E+01
   -8.471684E+01   3.913686E+01
   -8.469713E+01   3.911336E+01
   -8.468176E+01   3.910046E+01
   -8.466716E+01   3.909849E+01
   -8.465405E+01   3.909515E+01
   -8.463547E+01   3.908036E+01
   -8.461959E+01   3.907412E+01
   -8.460581E+01   3.907480E+01
   -8.459788E+01   3.907717E+01
   -8.457353E+01   3.908275E+01
   -8.456386E+01   3.908937E+01
   -8.455370E+01   3.909951E+01
   -8.454599E+01   3.910020E+01
   -8.453720E+01   3.909852E+01
   -8.452429E+01   3.909267E+01
   -8.451135E+01   3.909382E+01
   -8.449874E+01   3.909943E+01
   -8.449059E+01   3.910814E+01
   -8.448372E+01   3.911564E+01
   -8.447334E+01   3.912159E+01
   -8.445723E+01   3.912266E+01
   -8.444331E+01   3.911475E+01
   -8.443260E+01   3.909878E+01
   -8.443189E+01   3.907152E+01
   -8.442776E+01   3.905736E+01
   -8.441431E+01   3.905016E+01
   -8.438381E+01   3.904655E+01
   -8.435100E+01   3.904002E+01
   -8.431963E+01   3.902613E+01
   -8.429754E+01   3.899907E+01
   -8.429379E+01   3.897259E+01
   -8.427972E+01   3.894639E+01
   -8.425563E+01   3.892393E+01
   -8.423377E+01   3.889718E+01
   -8.423051E+01   3.887755E+01
   -8.423089E+01   3.883830E+01
   -8.421357E+01   3.880843E+01
   -8.419341E+01   3.880195E+01
   -8.414498E+01   3.879468E+01
   -8.410449E+01   3.877879E+01
   -8.404273E+01   3.877236E+01
   -8.399008E+01   3.878856E+01
   -8.395438E+01   3.878916E+01
   -8.392412E+01   3.877532E+01
   -8.388628E+01   3.876873E+01
   -8.385201E+01   3.875569E+01
   -8.382819E+01   3.871439E+01
   -8.378325E+01   3.870083E+01
   -8.376603E+01   3.865656E+01
   -8.372971E+01   3.865213E+01
   -8.370684E+01   3.864218E+01
   -8.365062E+01   3.863463E+01
   -8.363866E+01   3.867240E+01
   -8.362867E+01   3.868094E+01
   -8.358174E+01   3.869323E+01
   -8.351768E+01   3.870538E+01
   -8.348676E+01   3.869257E+01
   -8.345571E+01   3.867494E+01
   -8.338937E+01   3.866693E+01
   -8.334613E+01   3.865305E+01
   -8.332046E+01   3.863296E+01
   -8.331717E+01   3.861086E+01
   -8.329990E+01   3.859978E+01
   -8.328878E+01   3.860102E+01
   -8.326570E+01   3.862200E+01
   -8.325386E+01   3.862789E+01
   -8.323307E+01   3.862982E+01
   -8.320490E+01   3.861838E+01
   -8.317596E+01   3.862053E+01
   -8.313677E+01   3.863305E+01
   -8.312636E+01   3.866040E+01
   -8.310743E+01   3.867698E+01
   -8.305314E+01   3.869795E+01
   -8.303165E+01   3.872901E+01
   -8.300833E+01   3.873244E+01
   -8.298148E+01   3.872811E+01
   -8.294406E+01   3.874544E+01
   -8.289807E+01   3.875950E+01
   -8.287551E+01   3.875390E+01
   -8.286795E+01   3.873076E+01
   -8.287467E+01   3.868837E+01
   -8.286213E+01   3.867118E+01
   -8.285536E+01   3.864891E+01
   -8.285423E+01   3.862053E+01
   -8.284212E+01   3.859002E+01
   -8.281293E+01   3.857075E+01
   -8.277705E+01   3.856190E+01
   -8.272732E+01   3.856018E+01
   -8.272048E+01   3.855536E+01
   -8.269213E+01   3.854105E+01
   -8.267488E+01   3.851698E+01
   -8.265160E+01   3.849535E+01
   -8.261164E+01   3.847573E+01
   -8.260225E+01   3.846097E+01
   -8.259584E+01   3.842698E+01
   -8.259337E+01   3.842447E+01
   -8.259326E+01   3.842211E+01
   -8.259582E+01   3.841246E+01
   -8.259466E+01   3.840006E+01
   -8.259739E+01   3.839063E+01
   -8.259239E+01   3.837378E+01
   -8.259714E+01   3.835138E+01
   -8.257217E+01   3.832363E+01
   -8.257083E+01   3.831584E+01
   -8.257934E+01   3.829654E+01
   -8.257384E+01   3.827346E+01
   -8.257354E+01   3.826309E+01
   -8.258286E+01   3.824565E+01
   -8.259496E+01   3.824477E+01
   -8.260384E+01   3.824510E+01
   -8.260827E+01   3.824295E+01
   -8.261094E+01   3.823554E+01
   -8.260756E+01   3.822448E+01
   -8.259709E+01   3.821748E+01
   -8.259829E+01   3.819766E+01
   -8.261074E+01   3.817082E+01
   -8.262289E+01   3.816713E+01
   -8.264217E+01   3.816747E+01
   -8.263152E+01   3.813734E+01
   -8.262192E+01   3.813408E+01
   -8.261980E+01   3.813025E+01
   -8.261971E+01   3.812207E+01
   -8.260689E+01   3.812142E+01
   -8.260390E+01   3.812006E+01
   -8.258509E+01   3.810706E+01
   -8.258372E+01   3.809191E+01
   -8.257355E+01   3.808236E+01
   -8.256528E+01   3.808143E+01
   -8.255001E+01   3.806993E+01
   -8.251033E+01   3.800511E+01
   -8.248105E+01   3.799829E+01
   -8.246006E+01   3.798362E+01
   -8.247945E+01   3.793009E+01
   -8.247236E+01   3.792109E+01
   -8.241246E+01   3.789063E+01
   -8.238929E+01   3.782806E+01
   -8.230379E+01   3.777049E+01
   -8.231532E+01   3.774339E+01
   -8.229545E+01   3.770175E+01
   -8.229532E+01   3.767960E+01
   -8.229316E+01   3.767798E+01
   -8.229361E+01   3.767057E+01
   -8.228782E+01   3.767003E+01
   -8.228532E+01   3.767653E+01
   -8.228260E+01   3.767662E+01
   -8.227408E+01   3.766787E+01
   -8.226953E+01   3.766380E+01
   -8.226158E+01   3.765983E+01
   -8.225295E+01   3.765748E+01
   -8.224545E+01   3.766182E+01
   -8.223905E+01   3.766207E+01
   -8.222478E+01   3.765297E+01
   -8.221521E+01   3.764046E+01
   -8.221320E+01   3.762686E+01
   -8.218991E+01   3.762939E+01
   -8.219406E+01   3.764764E+01
   -8.217624E+01   3.765141E+01
   -8.214868E+01   3.759544E+01
   -8.213186E+01   3.759595E+01
   -8.211287E+01   3.756185E+01
   -8.207197E+01   3.755832E+01
   -8.205482E+01   3.754732E+01
   -8.196995E+01   3.755650E+01
   -8.195512E+01   3.754476E+01
   -8.235182E+01   3.726237E+01
   -8.249761E+01   3.722238E+01
   -8.271829E+01   3.711059E+01
   -8.271394E+01   3.703988E+01
   -8.285876E+01   3.696827E+01
   -8.284815E+01   3.692761E+01
   -8.287828E+01   3.688396E+01
   -8.290816E+01   3.687406E+01
   -8.297099E+01   3.685681E+01
   -8.300990E+01   3.684577E+01
   -8.306804E+01   3.685101E+01
   -8.311879E+01   3.677779E+01
   -8.312990E+01   3.674356E+01
   -8.331358E+01   3.670779E+01
   -8.342152E+01   3.666637E+01
   -8.352388E+01   3.666011E+01
   -8.365516E+01   3.661127E+01
   -8.369031E+01   3.658141E+01
   -8.412693E+01   3.659065E+01
   -8.456859E+01   3.659502E+01
   -8.484216E+01   3.660382E+01
   -8.516174E+01   3.662314E+01
   -8.549345E+01   3.661310E+01
   -8.569287E+01   3.661689E+01
   -8.589208E+01   3.662337E+01
   -8.609127E+01   3.663220E+01
   -8.650762E+01   3.665114E+01
   -8.656362E+01   3.663271E+01
   -8.659066E+01   3.665079E+01
   -8.785757E+01   3.663253E+01
   -8.785751E+01   3.666421E+01
   -8.806447E+01   3.667551E+01
   -8.802256E+01   3.654184E+01
   -8.804535E+01   3.649325E+01
   -8.852715E+01   3.650004E+01
   -8.887502E+01   3.650205E+01
   -8.942729E+01   3.649892E+01
   -8.942799E+01   3.649892E+01
END
END
