none
1
   -2.792836E+00   5.130145E+00
   -2.780924E+00   5.587620E+00
   -2.919780E+00   5.587960E+00
   -3.043747E+00   5.713065E+00
   -3.267460E+00   6.608472E+00
   -3.241702E+00   6.823028E+00
   -3.012440E+00   7.170612E+00
   -2.944075E+00   7.593914E+00
   -2.786120E+00   7.953496E+00
   -2.540018E+00   8.240531E+00
   -2.667649E+00   8.896055E+00
   -2.825290E+00   9.059095E+00
   -2.722421E+00   9.390751E+00
   -2.816638E+00   9.576956E+00
   -2.826217E+00   1.023623E+01
   -2.986027E+00   1.062186E+01
   -2.844823E+00   1.101657E+01
   -1.433727E+00   1.102654E+01
   -6.174360E-01   1.100253E+01
   -4.239830E-01   1.112162E+01
   -2.818670E-01   1.117772E+01
   -6.632000E-03   1.111433E+01
   2.542900E-02   1.106223E+01
   3.931200E-02   1.096828E+01
   -6.699200E-02   1.070470E+01
   4.271550E-01   1.031367E+01
   4.022120E-01   9.544009E+00
   5.846790E-01   9.428165E+00
   5.080310E-01   9.053245E+00
   5.407280E-01   8.840082E+00
   4.182400E-01   8.720231E+00
   6.511740E-01   8.500287E+00
   7.755940E-01   8.340470E+00
   6.344370E-01   8.159078E+00
   6.391520E-01   7.666764E+00
   5.436550E-01   7.581622E+00
   5.343860E-01   7.467357E+00
   6.757010E-01   7.386318E+00
   6.080870E-01   7.023668E+00
   5.629880E-01   6.870406E+00
   7.507140E-01   6.591373E+00
   7.718460E-01   6.457777E+00
   1.013998E+00   6.342901E+00
   1.089449E+00   6.171191E+00
   1.199655E+00   6.169649E+00
   1.199776E+00   6.147436E+00
   1.199444E+00   6.113369E+00
   1.313326E+00   5.906423E+00
   1.394038E+00   3.983727E+00
   -3.807399E+00   3.704056E+00
   -3.116748E+00   5.136393E+00
   -2.792836E+00   5.130145E+00
END
END
