none
1
   1.599706E+01   -2.929848E+01
   1.643786E+01   -2.856216E+01
   1.672595E+01   -2.826270E+01
   1.690260E+01   -2.803969E+01
   1.709444E+01   -2.800467E+01
   1.721555E+01   -2.808773E+01
   1.722815E+01   -2.821119E+01
   1.737123E+01   -2.821993E+01
   1.744426E+01   -2.838216E+01
   1.737513E+01   -2.847552E+01
   1.745974E+01   -2.856260E+01
   1.745675E+01   -2.866956E+01
   1.759958E+01   -2.866058E+01
   1.764852E+01   -2.873669E+01
   1.793021E+01   -2.873619E+01
   1.806090E+01   -2.883872E+01
   1.819153E+01   -2.887428E+01
   1.874145E+01   -2.880043E+01
   1.894243E+01   -2.882613E+01
   1.915804E+01   -2.892672E+01
   1.922687E+01   -2.887367E+01
   1.923865E+01   -2.873053E+01
   1.943038E+01   -2.868621E+01
   1.954669E+01   -2.850330E+01
   1.980271E+01   -2.846991E+01
   1.998768E+01   -2.839121E+01
   1.998845E+01   -2.475139E+01
   2.038693E+01   -2.499995E+01
   2.058408E+01   -2.535439E+01
   2.069942E+01   -2.543493E+01
   2.071488E+01   -2.567228E+01
   2.081886E+01   -2.579996E+01
   2.089320E+01   -2.613588E+01
   2.064836E+01   -2.647434E+01
   2.068110E+01   -2.680292E+01
   2.071926E+01   -2.683697E+01
   2.090135E+01   -2.676503E+01
   2.114369E+01   -2.683517E+01
   2.140331E+01   -2.679110E+01
   2.168171E+01   -2.682304E+01
   2.175212E+01   -2.677459E+01
   2.176842E+01   -2.665102E+01
   2.202796E+01   -2.660074E+01
   2.222310E+01   -2.632772E+01
   2.246011E+01   -2.617242E+01
   2.253632E+01   -2.618755E+01
   2.264691E+01   -2.599400E+01
   2.269327E+01   -2.598164E+01
   2.270587E+01   -2.578340E+01
   2.278403E+01   -2.567972E+01
   2.281808E+01   -2.547829E+01
   2.296612E+01   -2.537869E+01
   2.296852E+01   -2.535248E+01
   2.297591E+01   -2.533914E+01
   2.298672E+01   -2.533603E+01
   2.300860E+01   -2.528905E+01
   2.320937E+01   -2.527225E+01
   2.327889E+01   -2.527287E+01
   2.329142E+01   -2.528327E+01
   2.346088E+01   -2.526638E+01
   2.393709E+01   -2.559277E+01
   2.416499E+01   -2.557866E+01
   2.436780E+01   -2.572166E+01
   2.445820E+01   -2.570397E+01
   2.466969E+01   -2.578379E+01
   2.487614E+01   -2.577322E+01
   2.502759E+01   -2.569208E+01
   2.532438E+01   -2.573675E+01
   2.550276E+01   -2.564983E+01
   2.562579E+01   -2.546994E+01
   2.584505E+01   -2.488831E+01
   2.582251E+01   -2.473715E+01
   2.639522E+01   -2.460385E+01
   2.656464E+01   -2.439029E+01
   2.682567E+01   -2.423677E+01
   2.694204E+01   -2.369331E+01
   2.711578E+01   -2.349978E+01
   2.733194E+01   -2.336942E+01
   2.751155E+01   -2.334876E+01
   2.758527E+01   -2.319168E+01
   2.772752E+01   -2.318016E+01
   2.774851E+01   -2.310926E+01
   2.789730E+01   -2.304152E+01
   2.791317E+01   -2.294081E+01
   2.800209E+01   -2.289553E+01
   2.801695E+01   -2.281420E+01
   2.833923E+01   -2.256516E+01
   2.862555E+01   -2.254614E+01
   2.890601E+01   -2.241615E+01
   2.901464E+01   -2.220245E+01
   2.965737E+01   -2.211736E+01
   2.977282E+01   -2.213729E+01
   2.993126E+01   -2.218772E+01
   2.997383E+01   -2.221887E+01
   3.002052E+01   -2.222650E+01
   3.023522E+01   -2.229185E+01
   3.084406E+01   -2.226163E+01
   3.128997E+01   -2.234598E+01
   3.157050E+01   -2.318116E+01
   3.156753E+01   -2.345510E+01
   3.168518E+01   -2.359750E+01
   3.176631E+01   -2.385190E+01
   3.188760E+01   -2.394471E+01
   3.191774E+01   -2.416016E+01
   3.200098E+01   -2.431323E+01
   3.206596E+01   -2.513610E+01
   3.201810E+01   -2.538639E+01
   3.199077E+01   -2.543312E+01
   3.198442E+01   -2.544903E+01
   3.199875E+01   -2.552478E+01
   3.201786E+01   -2.564380E+01
   3.194022E+01   -2.583692E+01
   3.199391E+01   -2.596505E+01
   3.186601E+01   -2.600824E+01
   3.141226E+01   -2.572321E+01
   3.131794E+01   -2.574885E+01
   3.126380E+01   -2.581310E+01
   3.112571E+01   -2.593464E+01
   3.111617E+01   -2.598482E+01
   3.084427E+01   -2.647281E+01
   3.081609E+01   -2.681792E+01
   3.089283E+01   -2.677773E+01
   3.097822E+01   -2.691003E+01
   3.098173E+01   -2.701616E+01
   3.117882E+01   -2.719897E+01
   3.150065E+01   -2.730032E+01
   3.185483E+01   -2.731665E+01
   3.197326E+01   -2.731683E+01
   3.196813E+01   -2.710536E+01
   3.201138E+01   -2.680473E+01
   3.210054E+01   -2.680068E+01
   3.221052E+01   -2.683021E+01
   3.289740E+01   -2.685498E+01
   3.924259E+01   -2.685341E+01
   3.924259E+01   -4.758493E+01
   1.599606E+01   -4.758493E+01
   1.599706E+01   -2.929848E+01
END
END
