none
1
   -9.146394E+01   4.037266E+01
   -9.148379E+01   4.037944E+01
   -9.149378E+01   4.039241E+01
   -9.152676E+01   4.040867E+01
   -9.152952E+01   4.042034E+01
   -9.153662E+01   4.043841E+01
   -9.155328E+01   4.045583E+01
   -9.157645E+01   4.046320E+01
   -9.159291E+01   4.049010E+01
   -9.162389E+01   4.050846E+01
   -9.162235E+01   4.053880E+01
   -9.169029E+01   4.055484E+01
   -9.169456E+01   4.056491E+01
   -9.168884E+01   4.057912E+01
   -9.171855E+01   4.059611E+01
   -9.173058E+01   4.061058E+01
   -9.268663E+01   4.058681E+01
   -9.429474E+01   4.056834E+01
   -9.463207E+01   4.056819E+01
   -9.576709E+01   4.058480E+01
   -9.576802E+01   4.058705E+01
   -9.575526E+01   4.059504E+01
   -9.575166E+01   4.060301E+01
   -9.577156E+01   4.061983E+01
   -9.582409E+01   4.066448E+01
   -9.584473E+01   4.067520E+01
   -9.585487E+01   4.070025E+01
   -9.588503E+01   4.071522E+01
   -9.589176E+01   4.073091E+01
   -9.588090E+01   4.075543E+01
   -9.584834E+01   4.081133E+01
   -9.585150E+01   4.086178E+01
   -9.584572E+01   4.087176E+01
   -9.583881E+01   4.091981E+01
   -9.584266E+01   4.093207E+01
   -9.586981E+01   4.099998E+01
   -9.587246E+01   4.100976E+01
   -9.588176E+01   4.105134E+01
   -9.588537E+01   4.105989E+01
   -9.586563E+01   4.108859E+01
   -9.586887E+01   4.111727E+01
   -9.588473E+01   4.114257E+01
   -9.588623E+01   4.115611E+01
   -9.587322E+01   4.117082E+01
   -9.591501E+01   4.118213E+01
   -9.592891E+01   4.119502E+01
   -9.592777E+01   4.121203E+01
   -9.591500E+01   4.122526E+01
   -9.591313E+01   4.123828E+01
   -9.592367E+01   4.126095E+01
   -9.591955E+01   4.127309E+01
   -9.593130E+01   4.128355E+01
   -9.592913E+01   4.129940E+01
   -9.591797E+01   4.130272E+01
   -9.590301E+01   4.130124E+01
   -9.590436E+01   4.129097E+01
   -9.591039E+01   4.127972E+01
   -9.590221E+01   4.127674E+01
   -9.588029E+01   4.128559E+01
   -9.587387E+01   4.129750E+01
   -9.588113E+01   4.131233E+01
   -9.589739E+01   4.131818E+01
   -9.592702E+01   4.131951E+01
   -9.594858E+01   4.133162E+01
   -9.595947E+01   4.134436E+01
   -9.595694E+01   4.135399E+01
   -9.594044E+01   4.139363E+01
   -9.593273E+01   4.141157E+01
   -9.593610E+01   4.143006E+01
   -9.596298E+01   4.145988E+01
   -9.601402E+01   4.147425E+01
   -9.602194E+01   4.149057E+01
   -9.604078E+01   4.150408E+01
   -9.605527E+01   4.150631E+01
   -9.607466E+01   4.152247E+01
   -9.609008E+01   4.152824E+01
   -9.609699E+01   4.153850E+01
   -9.609648E+01   4.155914E+01
   -9.611119E+01   4.159447E+01
   -9.612034E+01   4.160887E+01
   -9.611879E+01   4.162315E+01
   -9.612360E+01   4.167639E+01
   -9.612440E+01   4.168869E+01
   -9.611286E+01   4.170064E+01
   -9.610457E+01   4.172575E+01
   -9.610940E+01   4.173826E+01
   -9.610463E+01   4.174869E+01
   -9.608243E+01   4.175964E+01
   -9.610993E+01   4.181881E+01
   -9.614437E+01   4.186697E+01
   -9.616466E+01   4.190105E+01
   -9.614756E+01   4.194192E+01
   -9.618770E+01   4.197478E+01
   -9.623779E+01   4.199372E+01
   -9.624463E+01   4.199941E+01
   -9.624478E+01   4.200790E+01
   -9.626166E+01   4.203602E+01
   -9.627395E+01   4.204336E+01
   -9.628234E+01   4.207049E+01
   -9.631171E+01   4.213000E+01
   -9.634468E+01   4.215855E+01
   -9.635250E+01   4.217100E+01
   -9.636276E+01   4.221135E+01
   -9.635778E+01   4.221794E+01
   -9.633293E+01   4.223954E+01
   -9.633173E+01   4.225366E+01
   -9.636810E+01   4.228396E+01
   -9.640962E+01   4.233489E+01
   -9.642067E+01   4.235061E+01
   -9.641997E+01   4.236231E+01
   -9.641797E+01   4.239321E+01
   -9.641468E+01   4.240994E+01
   -9.638927E+01   4.243242E+01
   -9.638206E+01   4.244740E+01
   -9.638597E+01   4.247149E+01
   -9.639701E+01   4.248382E+01
   -9.641540E+01   4.248733E+01
   -9.647882E+01   4.249168E+01
   -9.647671E+01   4.250317E+01
   -9.649087E+01   4.251207E+01
   -9.649597E+01   4.251740E+01
   -9.648218E+01   4.252657E+01
   -9.647996E+01   4.255312E+01
   -9.650059E+01   4.255657E+01
   -9.650118E+01   4.257258E+01
   -9.652866E+01   4.260608E+01
   -9.653442E+01   4.261413E+01
   -9.653270E+01   4.261952E+01
   -9.652028E+01   4.262287E+01
   -9.651895E+01   4.262882E+01
   -9.656037E+01   4.265511E+01
   -9.661119E+01   4.269175E+01
   -9.663247E+01   4.270352E+01
   -9.664260E+01   4.273630E+01
   -9.663505E+01   4.276053E+01
   -9.663465E+01   4.277251E+01
   -9.662102E+01   4.278662E+01
   -9.659886E+01   4.281598E+01
   -9.658361E+01   4.283975E+01
   -9.657047E+01   4.284002E+01
   -9.655747E+01   4.284732E+01
   -9.655247E+01   4.287134E+01
   -9.654542E+01   4.290219E+01
   -9.654116E+01   4.291135E+01
   -9.654456E+01   4.292346E+01
   -9.651185E+01   4.294725E+01
   -9.651775E+01   4.297051E+01
   -9.652372E+01   4.298094E+01
   -9.651522E+01   4.298720E+01
   -9.651191E+01   4.299743E+01
   -9.649871E+01   4.300110E+01
   -9.651341E+01   4.302292E+01
   -9.651919E+01   4.303791E+01
   -9.652117E+01   4.304329E+01
   -9.651145E+01   4.305267E+01
   -9.647823E+01   4.306508E+01
   -9.646280E+01   4.306643E+01
   -9.646484E+01   4.308758E+01
   -9.646561E+01   4.309261E+01
   -9.644051E+01   4.311910E+01
   -9.645057E+01   4.313759E+01
   -9.646040E+01   4.314303E+01
   -9.647144E+01   4.315087E+01
   -9.647676E+01   4.318858E+01
   -9.647933E+01   4.321171E+01
   -9.647820E+01   4.321867E+01
   -9.649601E+01   4.322030E+01
   -9.650834E+01   4.321648E+01
   -9.652224E+01   4.321722E+01
   -9.653454E+01   4.322395E+01
   -9.656045E+01   4.322032E+01
   -9.657444E+01   4.323907E+01
   -9.656718E+01   4.324685E+01
   -9.655481E+01   4.325005E+01
   -9.655582E+01   4.325626E+01
   -9.658791E+01   4.326755E+01
   -9.658904E+01   4.327568E+01
   -9.658083E+01   4.327947E+01
   -9.658191E+01   4.328899E+01
   -9.659019E+01   4.329322E+01
   -9.658881E+01   4.329740E+01
   -9.657471E+01   4.329965E+01
   -9.654706E+01   4.329704E+01
   -9.653186E+01   4.330739E+01
   -9.653812E+01   4.333649E+01
   -9.653576E+01   4.334421E+01
   -9.653399E+01   4.336865E+01
   -9.652461E+01   4.338563E+01
   -9.654584E+01   4.339330E+01
   -9.654977E+01   4.340046E+01
   -9.659700E+01   4.343272E+01
   -9.660478E+01   4.344758E+01
   -9.660422E+01   4.345646E+01
   -9.659266E+01   4.346780E+01
   -9.658706E+01   4.346748E+01
   -9.658722E+01   4.347366E+01
   -9.658922E+01   4.348843E+01
   -9.660147E+01   4.349334E+01
   -9.660194E+01   4.350182E+01
   -9.121570E+01   4.350171E+01
   -9.121310E+01   4.348054E+01
   -9.123034E+01   4.345545E+01
   -9.119746E+01   4.341348E+01
   -9.119603E+01   4.338915E+01
   -9.120350E+01   4.337343E+01
   -9.121188E+01   4.336711E+01
   -9.113174E+01   4.333083E+01
   -9.110580E+01   4.331628E+01
   -9.107133E+01   4.327657E+01
   -9.105857E+01   4.326183E+01
   -9.105495E+01   4.325583E+01
   -9.106427E+01   4.323718E+01
   -9.111967E+01   4.319552E+01
   -9.114414E+01   4.315023E+01
   -9.117311E+01   4.313242E+01
   -9.117630E+01   4.306780E+01
   -9.115357E+01   4.297886E+01
   -9.114250E+01   4.295885E+01
   -9.114687E+01   4.294178E+01
   -9.114083E+01   4.292329E+01
   -9.114275E+01   4.290904E+01
   -9.109793E+01   4.288451E+01
   -9.109032E+01   4.284549E+01
   -9.107491E+01   4.283590E+01
   -9.107513E+01   4.280701E+01
   -9.106680E+01   4.277119E+01
   -9.105727E+01   4.276206E+01
   -9.106265E+01   4.275373E+01
   -9.105411E+01   4.274940E+01
   -9.105145E+01   4.274045E+01
   -9.103401E+01   4.273999E+01
   -9.102511E+01   4.272675E+01
   -9.099870E+01   4.271883E+01
   -9.097621E+01   4.269942E+01
   -9.094835E+01   4.268845E+01
   -9.092025E+01   4.268827E+01
   -9.088679E+01   4.267540E+01
   -9.069704E+01   4.264157E+01
   -9.066108E+01   4.256927E+01
   -9.063958E+01   4.254296E+01
   -9.063402E+01   4.251245E+01
   -9.065323E+01   4.249008E+01
   -9.065155E+01   4.248031E+01
   -9.062300E+01   4.246160E+01
   -9.056641E+01   4.244295E+01
   -9.055784E+01   4.243440E+01
   -9.055315E+01   4.241860E+01
   -9.047203E+01   4.238651E+01
   -9.041272E+01   4.232713E+01
   -9.041691E+01   4.225632E+01
   -9.038921E+01   4.222781E+01
   -9.035595E+01   4.220835E+01
   -9.032760E+01   4.220397E+01
   -9.028098E+01   4.218161E+01
   -9.023356E+01   4.216811E+01
   -9.020751E+01   4.215494E+01
   -9.019598E+01   4.213087E+01
   -9.016520E+01   4.212436E+01
   -9.015817E+01   4.210666E+01
   -9.016523E+01   4.207549E+01
   -9.013581E+01   4.200252E+01
   -9.015064E+01   4.190601E+01
   -9.017903E+01   4.184233E+01
   -9.017923E+01   4.180585E+01
   -9.027728E+01   4.176464E+01
   -9.030831E+01   4.174037E+01
   -9.031465E+01   4.172246E+01
   -9.031064E+01   4.169700E+01
   -9.033167E+01   4.167833E+01
   -9.034044E+01   4.164643E+01
   -9.033654E+01   4.159840E+01
   -9.034156E+01   4.158534E+01
   -9.040687E+01   4.156618E+01
   -9.046058E+01   4.152065E+01
   -9.050191E+01   4.151618E+01
   -9.053737E+01   4.152510E+01
   -9.055436E+01   4.152348E+01
   -9.057068E+01   4.151592E+01
   -9.058665E+01   4.151383E+01
   -9.059852E+01   4.150754E+01
   -9.060474E+01   4.149352E+01
   -9.065492E+01   4.145927E+01
   -9.075002E+01   4.144663E+01
   -9.084622E+01   4.145215E+01
   -9.092927E+01   4.141850E+01
   -9.102710E+01   4.142065E+01
   -9.104353E+01   4.141219E+01
   -9.104891E+01   4.138392E+01
   -9.106363E+01   4.136442E+01
   -9.107209E+01   4.130438E+01
   -9.108942E+01   4.128542E+01
   -9.107078E+01   4.120919E+01
   -9.103973E+01   4.116881E+01
   -9.100713E+01   4.116915E+01
   -9.099292E+01   4.116282E+01
   -9.094388E+01   4.109784E+01
   -9.094637E+01   4.107274E+01
   -9.093931E+01   4.103412E+01
   -9.094310E+01   4.100556E+01
   -9.094924E+01   4.095386E+01
   -9.096018E+01   4.092373E+01
   -9.101966E+01   4.088170E+01
   -9.105443E+01   4.084615E+01
   -9.109039E+01   4.081953E+01
   -9.109461E+01   4.080567E+01
   -9.108887E+01   4.077871E+01
   -9.110757E+01   4.074457E+01
   -9.111267E+01   4.072504E+01
   -9.110898E+01   4.069654E+01
   -9.112180E+01   4.066704E+01
   -9.118613E+01   4.063442E+01
   -9.125258E+01   4.063499E+01
   -9.130569E+01   4.062334E+01
   -9.135770E+01   4.059971E+01
   -9.137762E+01   4.057234E+01
   -9.139940E+01   4.055725E+01
   -9.140344E+01   4.055109E+01
   -9.140187E+01   4.054122E+01
   -9.138240E+01   4.053306E+01
   -9.136646E+01   4.051403E+01
   -9.136122E+01   4.050031E+01
   -9.136207E+01   4.048322E+01
   -9.137850E+01   4.044553E+01
   -9.136951E+01   4.041206E+01
   -9.137013E+01   4.039802E+01
   -9.138079E+01   4.038487E+01
   -9.141919E+01   4.037527E+01
   -9.144029E+01   4.038294E+01
   -9.145144E+01   4.037268E+01
   -9.146394E+01   4.037266E+01
END
END
