none
1
   8.975415E+00   5.150036E+01
   8.918211E+00   5.148154E+01
   8.946994E+00   5.144128E+01
   8.963442E+00   5.144055E+01
   8.968141E+00   5.141124E+01
   8.946994E+00   5.138339E+01
   8.893539E+00   5.138559E+01
   8.862112E+00   5.137111E+01
   8.820993E+00   5.138431E+01
   8.750503E+00   5.136927E+01
   8.698811E+00   5.136891E+01
   8.689412E+00   5.135754E+01
   8.657104E+00   5.133479E+01
   8.623034E+00   5.132268E+01
   8.575453E+00   5.128007E+01
   8.607761E+00   5.125471E+01
   8.622447E+00   5.126721E+01
   8.715846E+00   5.128559E+01
   8.748741E+00   5.126317E+01
   8.741105E+00   5.125104E+01
   8.756965E+00   5.122253E+01
   8.779287E+00   5.121150E+01
   8.777525E+00   5.120193E+01
   8.761077E+00   5.119530E+01
   8.764014E+00   5.116805E+01
   8.708209E+00   5.113489E+01
   8.709972E+00   5.112346E+01
   8.728769E+00   5.112236E+01
   8.728769E+00   5.110207E+01
   8.653580E+00   5.108510E+01
   8.543733E+00   5.108898E+01
   8.521999E+00   5.107459E+01
   8.537859E+00   5.106388E+01
   8.530810E+00   5.104505E+01
   8.540187E+00   5.101876E+01
   8.523761E+00   5.100127E+01
   8.467369E+00   5.096022E+01
   8.461202E+00   5.091623E+01
   8.433705E+00   5.091353E+01
   8.369067E+00   5.086137E+01
   8.306710E+00   5.085020E+01
   8.274990E+00   5.087059E+01
   8.179241E+00   5.080270E+01
   8.140450E+00   5.078964E+01
   8.172713E+00   5.072633E+01
   8.127437E+00   5.067897E+01
   8.097207E+00   5.069970E+01
   8.037017E+00   5.069052E+01
   8.034623E+00   5.072096E+01
   7.962597E+00   5.077676E+01
   7.966627E+00   5.084117E+01
   7.961154E+00   5.084675E+01
   7.908149E+00   5.083926E+01
   7.881466E+00   5.087076E+01
   7.823628E+00   5.088224E+01
   7.842514E+00   5.092329E+01
   7.799363E+00   5.093761E+01
   7.785037E+00   5.093189E+01
   7.785033E+00   5.093788E+01
   7.779289E+00   5.094749E+01
   7.786671E+00   5.095404E+01
   7.782007E+00   5.096050E+01
   7.782238E+00   5.096841E+01
   7.777769E+00   5.097081E+01
   7.779184E+00   5.097752E+01
   7.747801E+00   5.097556E+01
   7.724305E+00   5.099586E+01
   7.721935E+00   5.101044E+01
   7.730234E+00   5.102356E+01
   7.726742E+00   5.102862E+01
   7.730370E+00   5.103277E+01
   7.721587E+00   5.104456E+01
   7.699563E+00   5.106067E+01
   7.702491E+00   5.107032E+01
   7.709055E+00   5.107317E+01
   7.706679E+00   5.107477E+01
   7.690465E+00   5.108275E+01
   7.626058E+00   5.106612E+01
   7.598729E+00   5.107977E+01
   7.597012E+00   5.108834E+01
   7.603391E+00   5.109681E+01
   7.580614E+00   5.110368E+01
   7.534863E+00   5.109813E+01
   7.502289E+00   5.110036E+01
   7.492687E+00   5.110748E+01
   7.500493E+00   5.111793E+01
   7.501465E+00   5.112707E+01
   7.492255E+00   5.112277E+01
   7.479228E+00   5.113026E+01
   7.478546E+00   5.113774E+01
   7.469749E+00   5.113862E+01
   7.470967E+00   5.114283E+01
   7.466415E+00   5.114657E+01
   7.472549E+00   5.116066E+01
   7.456246E+00   5.115612E+01
   7.450638E+00   5.116025E+01
   7.442318E+00   5.115524E+01
   7.436924E+00   5.115678E+01
   7.440476E+00   5.116366E+01
   7.435639E+00   5.116515E+01
   7.436802E+00   5.117280E+01
   7.418623E+00   5.118652E+01
   7.414736E+00   5.119728E+01
   7.425885E+00   5.120684E+01
   7.427585E+00   5.122284E+01
   7.420678E+00   5.122537E+01
   7.414506E+00   5.121769E+01
   7.402313E+00   5.121905E+01
   7.392879E+00   5.122931E+01
   7.398369E+00   5.123990E+01
   7.390958E+00   5.124315E+01
   7.378842E+00   5.123901E+01
   7.370576E+00   5.124304E+01
   7.353416E+00   5.123639E+01
   7.339506E+00   5.123649E+01
   7.333075E+00   5.124790E+01
   7.306254E+00   5.123767E+01
   7.294000E+00   5.124777E+01
   7.281625E+00   5.124787E+01
   7.274572E+00   5.125609E+01
   7.272237E+00   5.125263E+01
   7.266447E+00   5.125363E+01
   7.264549E+00   5.126166E+01
   7.273606E+00   5.127342E+01
   7.265948E+00   5.128183E+01
   7.253873E+00   5.128203E+01
   7.253620E+00   5.129115E+01
   7.263063E+00   5.131049E+01
   7.257665E+00   5.131366E+01
   7.229783E+00   5.130737E+01
   7.199503E+00   5.129235E+01
   7.167396E+00   5.129574E+01
   7.167554E+00   5.130022E+01
   7.176188E+00   5.130471E+01
   7.174915E+00   5.130736E+01
   7.164555E+00   5.131182E+01
   7.163692E+00   5.132451E+01
   7.146985E+00   5.133190E+01
   7.142998E+00   5.133888E+01
   7.147629E+00   5.134840E+01
   7.145043E+00   5.135340E+01
   7.154376E+00   5.136099E+01
   7.155121E+00   5.136609E+01
   7.146628E+00   5.137387E+01
   7.139187E+00   5.137237E+01
   7.128918E+00   5.137804E+01
   7.115745E+00   5.137870E+01
   7.116185E+00   5.139280E+01
   7.105614E+00   5.140603E+01
   7.126445E+00   5.141438E+01
   7.134042E+00   5.142326E+01
   7.118947E+00   5.142959E+01
   7.120851E+00   5.143580E+01
   7.129940E+00   5.144126E+01
   7.119800E+00   5.145267E+01
   7.107519E+00   5.145789E+01
   7.105851E+00   5.146319E+01
   7.111330E+00   5.147103E+01
   7.099633E+00   5.148058E+01
   7.105424E+00   5.148594E+01
   7.135405E+00   5.149405E+01
   7.135317E+00   5.150899E+01
   7.139497E+00   5.151314E+01
   7.124567E+00   5.154458E+01
   7.119626E+00   5.154709E+01
   7.121670E+00   5.155334E+01
   7.174952E+00   5.155385E+01
   7.211042E+00   5.156207E+01
   7.243089E+00   5.157582E+01
   7.251712E+00   5.156740E+01
   7.265261E+00   5.157090E+01
   7.267286E+00   5.156253E+01
   7.284161E+00   5.155792E+01
   7.288139E+00   5.154836E+01
   7.298513E+00   5.154297E+01
   7.296874E+00   5.153292E+01
   7.305536E+00   5.152827E+01
   7.334473E+00   5.152293E+01
   7.351760E+00   5.152600E+01
   7.359176E+00   5.153024E+01
   7.348019E+00   5.153755E+01
   7.345417E+00   5.154413E+01
   7.352411E+00   5.155669E+01
   7.336999E+00   5.157854E+01
   7.353436E+00   5.158782E+01
   7.366964E+00   5.158541E+01
   7.371044E+00   5.159334E+01
   7.395032E+00   5.158996E+01
   7.399319E+00   5.159560E+01
   7.435489E+00   5.160968E+01
   7.448335E+00   5.161094E+01
   7.457968E+00   5.161790E+01
   7.455809E+00   5.162504E+01
   7.461897E+00   5.162907E+01
   7.448789E+00   5.164381E+01
   7.441666E+00   5.164584E+01
   7.439391E+00   5.165182E+01
   7.442127E+00   5.165768E+01
   7.413243E+00   5.165985E+01
   7.407023E+00   5.166320E+01
   7.406349E+00   5.166896E+01
   7.410485E+00   5.167360E+01
   7.429150E+00   5.167061E+01
   7.446849E+00   5.167891E+01
   7.446821E+00   5.169142E+01
   7.435676E+00   5.170165E+01
   7.422704E+00   5.170419E+01
   7.420218E+00   5.171370E+01
   7.424623E+00   5.171994E+01
   7.466461E+00   5.173849E+01
   7.484744E+00   5.173076E+01
   7.482322E+00   5.172191E+01
   7.486198E+00   5.171926E+01
   7.501052E+00   5.172474E+01
   7.518806E+00   5.172340E+01
   7.520427E+00   5.170905E+01
   7.531168E+00   5.170608E+01
   7.531995E+00   5.169873E+01
   7.546070E+00   5.168909E+01
   7.566351E+00   5.170057E+01
   7.603489E+00   5.170885E+01
   7.613279E+00   5.171816E+01
   7.629365E+00   5.171281E+01
   7.642989E+00   5.171581E+01
   7.652471E+00   5.170891E+01
   7.652523E+00   5.171469E+01
   7.664735E+00   5.171765E+01
   7.668201E+00   5.172540E+01
   7.687365E+00   5.173127E+01
   7.700589E+00   5.171522E+01
   7.712308E+00   5.171928E+01
   7.724870E+00   5.173156E+01
   7.734660E+00   5.173290E+01
   7.736681E+00   5.174037E+01
   7.752722E+00   5.174144E+01
   7.760999E+00   5.173243E+01
   7.771022E+00   5.172880E+01
   7.799426E+00   5.173449E+01
   7.831435E+00   5.174709E+01
   7.837758E+00   5.173225E+01
   7.861000E+00   5.172728E+01
   7.871907E+00   5.173293E+01
   7.876872E+00   5.173072E+01
   7.890362E+00   5.171922E+01
   7.891144E+00   5.170672E+01
   7.922021E+00   5.170878E+01
   7.951235E+00   5.170321E+01
   7.957487E+00   5.170810E+01
   7.955575E+00   5.171741E+01
   7.974129E+00   5.172548E+01
   8.004635E+00   5.171868E+01
   8.008693E+00   5.171378E+01
   8.028361E+00   5.171936E+01
   8.056494E+00   5.171889E+01
   8.074676E+00   5.171003E+01
   8.093073E+00   5.170914E+01
   8.098214E+00   5.170440E+01
   8.115509E+00   5.172041E+01
   8.149381E+00   5.171570E+01
   8.158303E+00   5.171294E+01
   8.158962E+00   5.170906E+01
   8.180604E+00   5.170366E+01
   8.185306E+00   5.169637E+01
   8.212489E+00   5.169988E+01
   8.213660E+00   5.168944E+01
   8.203415E+00   5.168160E+01
   8.206981E+00   5.166998E+01
   8.200848E+00   5.166304E+01
   8.218657E+00   5.166061E+01
   8.224315E+00   5.166444E+01
   8.258206E+00   5.166422E+01
   8.293462E+00   5.167871E+01
   8.290261E+00   5.168792E+01
   8.307709E+00   5.172103E+01
   8.323808E+00   5.173013E+01
   8.380219E+00   5.172024E+01
   8.438103E+00   5.172016E+01
   8.462575E+00   5.172648E+01
   8.470104E+00   5.172274E+01
   8.471022E+00   5.171704E+01
   8.479012E+00   5.171578E+01
   8.481868E+00   5.170682E+01
   8.474072E+00   5.170115E+01
   8.485276E+00   5.169647E+01
   8.486861E+00   5.168590E+01
   8.511676E+00   5.168280E+01
   8.530137E+00   5.167204E+01
   8.554338E+00   5.167130E+01
   8.576016E+00   5.166004E+01
   8.588570E+00   5.161495E+01
   8.579346E+00   5.161678E+01
   8.534992E+00   5.159665E+01
   8.513582E+00   5.159233E+01
   8.508094E+00   5.158325E+01
   8.493444E+00   5.158503E+01
   8.492560E+00   5.158030E+01
   8.479008E+00   5.157175E+01
   8.483928E+00   5.156311E+01
   8.476057E+00   5.156225E+01
   8.479657E+00   5.154918E+01
   8.490736E+00   5.153860E+01
   8.488895E+00   5.153451E+01
   8.503737E+00   5.153552E+01
   8.514075E+00   5.153133E+01
   8.512392E+00   5.152452E+01
   8.522697E+00   5.149136E+01
   8.550007E+00   5.146989E+01
   8.571328E+00   5.146990E+01
   8.585322E+00   5.148180E+01
   8.603484E+00   5.148658E+01
   8.626786E+00   5.148111E+01
   8.652299E+00   5.148403E+01
   8.666449E+00   5.147489E+01
   8.688662E+00   5.147511E+01
   8.701785E+00   5.146561E+01
   8.721504E+00   5.146201E+01
   8.752936E+00   5.146844E+01
   8.754325E+00   5.146121E+01
   8.767271E+00   5.144976E+01
   8.786591E+00   5.145897E+01
   8.819775E+00   5.149193E+01
   8.834452E+00   5.149746E+01
   8.831080E+00   5.150430E+01
   8.816751E+00   5.151686E+01
   8.808235E+00   5.151885E+01
   8.803593E+00   5.152571E+01
   8.807349E+00   5.153291E+01
   8.813661E+00   5.153328E+01
   8.812853E+00   5.154088E+01
   8.823841E+00   5.154367E+01
   8.842326E+00   5.154157E+01
   8.842746E+00   5.154814E+01
   8.852284E+00   5.155127E+01
   8.857873E+00   5.154839E+01
   8.892677E+00   5.155027E+01
   8.894489E+00   5.153447E+01
   8.905493E+00   5.153332E+01
   8.911676E+00   5.152494E+01
   8.934785E+00   5.151834E+01
   8.950247E+00   5.150905E+01
   8.972240E+00   5.151065E+01
   8.971160E+00   5.150429E+01
   8.975415E+00   5.150036E+01
END
END
