none
1
   1.027449E+01   4.850045E+01
   1.019179E+01   4.846265E+01
   1.005698E+01   4.844790E+01
   1.005476E+01   4.842517E+01
   9.994251E+00   4.837953E+01
   1.007790E+01   4.828399E+01
   1.008145E+01   4.823689E+01
   1.009703E+01   4.822119E+01
   1.012328E+01   4.813129E+01
   1.014797E+01   4.811169E+01
   1.014752E+01   4.802874E+01
   1.012305E+01   4.797367E+01
   1.009591E+01   4.796086E+01
   1.011905E+01   4.793582E+01
   1.011460E+01   4.785841E+01
   1.014575E+01   4.782019E+01
   1.012172E+01   4.780166E+01
   1.008613E+01   4.778881E+01
   1.009947E+01   4.777356E+01
   1.012439E+01   4.776699E+01
   1.014486E+01   4.770624E+01
   1.013774E+01   4.767150E+01
   1.007411E+01   4.765472E+01
   1.000871E+01   4.767779E+01
   9.964219E+00   4.764813E+01
   9.887248E+00   4.765832E+01
   9.867672E+00   4.767120E+01
   9.844091E+00   4.767030E+01
   9.762226E+00   4.760735E+01
   9.728635E+00   4.760030E+01
   9.653444E+00   4.759610E+01
   9.648105E+00   4.758379E+01
   9.606728E+00   4.757809E+01
   9.568846E+00   4.753637E+01
   9.566016E+00   4.753274E+01
   9.511991E+00   4.753246E+01
   9.257166E+00   4.765752E+01
   9.241888E+00   4.765679E+01
   9.207614E+00   4.772258E+01
   9.172076E+00   4.774479E+01
   9.095549E+00   4.777613E+01
   9.067607E+00   4.779434E+01
   9.069111E+00   4.780956E+01
   9.078148E+00   4.781525E+01
   9.073503E+00   4.781978E+01
   9.077653E+00   4.782700E+01
   9.067294E+00   4.783650E+01
   9.063597E+00   4.785804E+01
   9.084681E+00   4.786086E+01
   9.104239E+00   4.784458E+01
   9.116904E+00   4.784457E+01
   9.123744E+00   4.785227E+01
   9.114901E+00   4.786041E+01
   9.141120E+00   4.787395E+01
   9.144135E+00   4.789521E+01
   9.103782E+00   4.790270E+01
   9.095858E+00   4.791090E+01
   9.063335E+00   4.791337E+01
   9.066476E+00   4.793201E+01
   9.075642E+00   4.793879E+01
   9.048357E+00   4.793248E+01
   9.009896E+00   4.793492E+01
   9.009001E+00   4.794412E+01
   9.015376E+00   4.794630E+01
   9.010970E+00   4.795497E+01
   9.016011E+00   4.796173E+01
   9.008768E+00   4.797468E+01
   9.018482E+00   4.798177E+01
   9.015971E+00   4.798804E+01
   9.004171E+00   4.799409E+01
   9.003504E+00   4.800090E+01
   9.011060E+00   4.800563E+01
   9.004878E+00   4.802320E+01
   8.976869E+00   4.802981E+01
   8.970201E+00   4.803708E+01
   8.962697E+00   4.803397E+01
   8.961487E+00   4.802544E+01
   8.950510E+00   4.802688E+01
   8.949607E+00   4.804059E+01
   8.934561E+00   4.804373E+01
   8.931154E+00   4.804904E+01
   8.933000E+00   4.806005E+01
   8.939566E+00   4.806327E+01
   8.949506E+00   4.805852E+01
   8.974857E+00   4.805819E+01
   8.985972E+00   4.806068E+01
   8.993646E+00   4.806889E+01
   8.977405E+00   4.808251E+01
   8.960903E+00   4.808861E+01
   8.951232E+00   4.810378E+01
   8.931195E+00   4.810071E+01
   8.912283E+00   4.810743E+01
   8.881038E+00   4.810399E+01
   8.879309E+00   4.811307E+01
   8.864546E+00   4.812618E+01
   8.857512E+00   4.814126E+01
   8.848050E+00   4.814678E+01
   8.829644E+00   4.814736E+01
   8.828372E+00   4.816394E+01
   8.814613E+00   4.817152E+01
   8.810950E+00   4.818057E+01
   8.771646E+00   4.817841E+01
   8.766374E+00   4.817172E+01
   8.766717E+00   4.816123E+01
   8.755168E+00   4.815675E+01
   8.721789E+00   4.817057E+01
   8.716729E+00   4.818321E+01
   8.738402E+00   4.819765E+01
   8.711274E+00   4.820695E+01
   8.706744E+00   4.821894E+01
   8.699558E+00   4.822263E+01
   8.702388E+00   4.823070E+01
   8.694905E+00   4.824536E+01
   8.703739E+00   4.825565E+01
   8.695913E+00   4.825533E+01
   8.683308E+00   4.826451E+01
   8.664017E+00   4.826624E+01
   8.663526E+00   4.827077E+01
   8.677766E+00   4.828061E+01
   8.657011E+00   4.828070E+01
   8.646342E+00   4.828670E+01
   8.645593E+00   4.829368E+01
   8.658972E+00   4.829802E+01
   8.666373E+00   4.830770E+01
   8.685477E+00   4.830735E+01
   8.716700E+00   4.831753E+01
   8.694115E+00   4.832469E+01
   8.690352E+00   4.833001E+01
   8.709017E+00   4.833533E+01
   8.716919E+00   4.834421E+01
   8.740557E+00   4.835010E+01
   8.729371E+00   4.836733E+01
   8.735436E+00   4.838032E+01
   8.752043E+00   4.838345E+01
   8.746010E+00   4.839093E+01
   8.763094E+00   4.840848E+01
   8.762208E+00   4.841446E+01
   8.768052E+00   4.842067E+01
   8.760279E+00   4.842797E+01
   8.766470E+00   4.843966E+01
   8.777252E+00   4.844199E+01
   8.777269E+00   4.844826E+01
   8.788873E+00   4.845467E+01
   8.820107E+00   4.846549E+01
   8.811954E+00   4.846578E+01
   8.790691E+00   4.848248E+01
   8.774870E+00   4.848383E+01
   8.765444E+00   4.849984E+01
   8.753220E+00   4.850221E+01
   8.767139E+00   4.852514E+01
   8.790893E+00   4.852294E+01
   8.799851E+00   4.851214E+01
   8.828699E+00   4.850906E+01
   8.839789E+00   4.850192E+01
   8.840774E+00   4.851206E+01
   8.857392E+00   4.851388E+01
   8.851751E+00   4.852178E+01
   8.854756E+00   4.852689E+01
   8.848235E+00   4.853090E+01
   8.848524E+00   4.853975E+01
   8.883493E+00   4.854416E+01
   8.887984E+00   4.856571E+01
   8.911048E+00   4.857522E+01
   8.937607E+00   4.856887E+01
   8.933199E+00   4.857865E+01
   8.944966E+00   4.858280E+01
   8.948573E+00   4.858976E+01
   8.983913E+00   4.859423E+01
   8.993572E+00   4.858756E+01
   9.006521E+00   4.859131E+01
   9.033086E+00   4.858083E+01
   9.038206E+00   4.858942E+01
   9.051362E+00   4.859636E+01
   9.075264E+00   4.859427E+01
   9.075701E+00   4.860001E+01
   9.084114E+00   4.860494E+01
   9.080609E+00   4.861414E+01
   9.092244E+00   4.861767E+01
   9.094201E+00   4.862434E+01
   9.107441E+00   4.862582E+01
   9.118591E+00   4.861586E+01
   9.115366E+00   4.860553E+01
   9.122294E+00   4.860322E+01
   9.155303E+00   4.860876E+01
   9.181820E+00   4.860813E+01
   9.186324E+00   4.860157E+01
   9.206242E+00   4.860606E+01
   9.210073E+00   4.859863E+01
   9.204262E+00   4.858913E+01
   9.217271E+00   4.857074E+01
   9.225187E+00   4.856993E+01
   9.241018E+00   4.858156E+01
   9.262973E+00   4.856961E+01
   9.293160E+00   4.856858E+01
   9.292565E+00   4.857594E+01
   9.316113E+00   4.858285E+01
   9.325278E+00   4.857471E+01
   9.323946E+00   4.856737E+01
   9.317414E+00   4.856376E+01
   9.328631E+00   4.854366E+01
   9.339646E+00   4.855223E+01
   9.361951E+00   4.854655E+01
   9.370939E+00   4.853725E+01
   9.384823E+00   4.853863E+01
   9.393625E+00   4.853407E+01
   9.407711E+00   4.854171E+01
   9.415246E+00   4.853939E+01
   9.425139E+00   4.854662E+01
   9.437566E+00   4.854334E+01
   9.450954E+00   4.854968E+01
   9.492541E+00   4.853259E+01
   9.491468E+00   4.852539E+01
   9.483421E+00   4.852529E+01
   9.481788E+00   4.852101E+01
   9.497513E+00   4.852467E+01
   9.503695E+00   4.852056E+01
   9.501960E+00   4.852795E+01
   9.507054E+00   4.852962E+01
   9.529348E+00   4.851857E+01
   9.530514E+00   4.852929E+01
   9.550092E+00   4.853174E+01
   9.568051E+00   4.854215E+01
   9.611647E+00   4.854416E+01
   9.633712E+00   4.853970E+01
   9.652931E+00   4.852498E+01
   9.679211E+00   4.852570E+01
   9.692740E+00   4.854378E+01
   9.719074E+00   4.854850E+01
   9.716293E+00   4.855830E+01
   9.725055E+00   4.856478E+01
   9.761999E+00   4.856365E+01
   9.770358E+00   4.856932E+01
   9.781035E+00   4.856303E+01
   9.815080E+00   4.856190E+01
   9.815547E+00   4.856847E+01
   9.824510E+00   4.856731E+01
   9.832123E+00   4.857536E+01
   9.830692E+00   4.858177E+01
   9.837704E+00   4.858851E+01
   9.850687E+00   4.858592E+01
   9.855043E+00   4.858723E+01
   9.854522E+00   4.859341E+01
   9.870135E+00   4.859315E+01
   9.890121E+00   4.861265E+01
   9.884533E+00   4.861583E+01
   9.889877E+00   4.862458E+01
   9.944245E+00   4.863480E+01
   9.972004E+00   4.861637E+01
   9.967620E+00   4.859830E+01
   9.988502E+00   4.860001E+01
   9.990675E+00   4.860683E+01
   9.998380E+00   4.861029E+01
   1.000773E+01   4.860638E+01
   1.004071E+01   4.860985E+01
   1.005338E+01   4.859471E+01
   1.009943E+01   4.858032E+01
   1.011185E+01   4.857171E+01
   1.011527E+01   4.855923E+01
   1.012360E+01   4.856209E+01
   1.014972E+01   4.855602E+01
   1.016045E+01   4.856013E+01
   1.017084E+01   4.855237E+01
   1.018825E+01   4.856086E+01
   1.019681E+01   4.854480E+01
   1.021735E+01   4.853464E+01
   1.021755E+01   4.851751E+01
   1.024312E+01   4.850781E+01
   1.027449E+01   4.850045E+01
END
END
