none
1
   1.179350E+02   2.334136E+01
   1.174019E+02   2.296044E+01
   1.172907E+02   1.564366E+01
   1.184373E+02   1.532778E+01
   1.174759E+02   1.438467E+01
   1.106666E+02   1.427437E+01
   1.089264E+02   1.802341E+01
   1.084046E+02   1.838155E+01
   1.083153E+02   1.932641E+01
   1.090702E+02   2.013898E+01
   1.095711E+02   2.029233E+01
   1.094236E+02   2.068073E+01
   1.091412E+02   2.061042E+01
   1.088653E+02   2.080159E+01
   1.087739E+02   2.129258E+01
   1.081113E+02   2.117834E+01
   1.078034E+02   2.154858E+01
   1.073249E+02   2.150571E+01
   1.066330E+02   2.188242E+01
   1.064575E+02   2.245882E+01
   1.066744E+02   2.276698E+01
   1.058525E+02   2.282162E+01
   1.053212E+02   2.322594E+01
   1.049588E+02   2.307219E+01
   1.047698E+02   2.272477E+01
   1.043739E+02   2.259021E+01
   1.041698E+02   2.270574E+01
   1.039997E+02   2.240953E+01
   1.036733E+02   2.262583E+01
   1.035295E+02   2.249299E+01
   1.033635E+02   2.262422E+01
   1.030154E+02   2.234399E+01
   1.025180E+02   2.261841E+01
   1.023037E+02   2.232139E+01
   1.017708E+02   2.233946E+01
   1.016914E+02   2.220420E+01
   1.019335E+02   2.161703E+01
   1.019389E+02   2.118786E+01
   1.017700E+02   2.104476E+01
   1.011811E+02   2.112737E+01
   1.010475E+02   2.161566E+01
   1.006062E+02   2.135506E+01
   1.002131E+02   2.137188E+01
   9.989910E+01   2.166346E+01
   9.986099E+01   2.192686E+01
   9.909953E+01   2.207647E+01
   9.936286E+01   2.300384E+01
   9.880597E+01   2.312184E+01
   9.857720E+01   2.398438E+01
   9.813813E+01   2.399561E+01
   9.764862E+01   2.374522E+01
   9.742851E+01   2.392130E+01
   9.762910E+01   2.417514E+01
   9.742864E+01   2.443768E+01
   9.762947E+01   2.512518E+01
   9.800009E+01   2.540752E+01
   9.810454E+01   2.570339E+01
   9.831319E+01   2.568849E+01
   9.852029E+01   2.594608E+01
   9.867111E+01   2.662125E+01
   9.858664E+01   2.746956E+01
   9.824229E+01   2.745678E+01
   9.804460E+01   2.808121E+01
   9.763349E+01   2.842119E+01
   9.736126E+01   2.811584E+01
   9.662970E+01   2.850621E+01
   9.643369E+01   2.835126E+01
   9.630850E+01   2.851801E+01
   9.647226E+01   2.877220E+01
   9.612125E+01   2.895990E+01
   9.605184E+01   2.926952E+01
   9.526536E+01   2.896838E+01
   9.465905E+01   2.919190E+01
   9.406981E+01   2.870692E+01
   9.336193E+01   2.850819E+01
   9.248290E+01   2.769707E+01
   9.185951E+01   2.762316E+01
   9.130894E+01   2.795606E+01
   8.965697E+01   2.806860E+01
   8.896127E+01   2.720586E+01
   8.868263E+01   2.743650E+01
   8.871848E+01   2.797377E+01
   8.773139E+01   2.770529E+01
   8.712577E+01   2.773131E+01
   8.667339E+01   2.797846E+01
   8.647119E+01   2.781028E+01
   8.596346E+01   2.781856E+01
   8.567094E+01   2.817566E+01
   8.508328E+01   2.824289E+01
   8.500671E+01   2.849353E+01
   8.416184E+01   2.881645E+01
   8.403339E+01   2.918835E+01
   8.348396E+01   2.911875E+01
   8.316789E+01   2.949295E+01
   8.210588E+01   2.999042E+01
   8.200122E+01   3.022153E+01
   8.166014E+01   3.032679E+01
   8.130819E+01   2.993331E+01
   8.110321E+01   2.992005E+01
   8.094060E+01   3.016371E+01
   8.016660E+01   3.049458E+01
   7.979957E+01   3.087343E+01
   7.937446E+01   3.093813E+01
   7.910061E+01   3.129242E+01
   7.873111E+01   3.122337E+01
   7.848633E+01   3.197892E+01
   7.829403E+01   3.254977E+01
   7.872205E+01   3.279421E+01
   7.896728E+01   3.247000E+01
   7.918557E+01   3.262103E+01
   7.904507E+01   3.312203E+01
   7.862149E+01   3.359562E+01
   7.856245E+01   3.410681E+01
   7.886978E+01   3.429596E+01
   7.819247E+01   3.457046E+01
   7.792140E+01   3.536271E+01
   7.717636E+01   3.542341E+01
   7.647713E+01   3.576658E+01
   7.612776E+01   3.572988E+01
   7.584864E+01   3.603493E+01
   7.580298E+01   3.658519E+01
   7.541189E+01   3.663203E+01
   7.528397E+01   3.686762E+01
   7.442881E+01   3.699024E+01
   7.444285E+01   3.732069E+01
   7.499745E+01   3.739555E+01
   7.480284E+01   3.762822E+01
   7.481151E+01   3.794381E+01
   7.456860E+01   3.835649E+01
   7.373266E+01   3.854128E+01
   7.341788E+01   3.943895E+01
   7.378210E+01   3.956854E+01
   7.386801E+01   4.010481E+01
   7.433731E+01   4.020877E+01
   7.480874E+01   4.061774E+01
   7.518971E+01   4.055429E+01
   7.560625E+01   4.076320E+01
   7.581411E+01   4.042664E+01
   7.639092E+01   4.048814E+01
   7.682288E+01   4.111335E+01
   7.767229E+01   4.111069E+01
   7.811578E+01   4.147326E+01
   8.003368E+01   4.214878E+01
   8.008456E+01   4.271187E+01
   8.034051E+01   4.313067E+01
   8.062340E+01   4.324699E+01
   8.063966E+01   4.346165E+01
   8.030102E+01   4.407590E+01
   8.028700E+01   4.458868E+01
   7.993427E+01   4.471292E+01
   7.980926E+01   4.497931E+01
   8.172638E+01   4.547457E+01
   8.248469E+01   4.528478E+01
   8.216033E+01   4.563846E+01
   8.296855E+01   4.730111E+01
   8.493988E+01   4.700556E+01
   8.547971E+01   4.716149E+01
   8.558785E+01   4.737434E+01
   8.542691E+01   4.801515E+01
   8.550767E+01   4.825252E+01
   8.575339E+01   4.850885E+01
   8.650327E+01   4.861684E+01
   8.663984E+01   4.903985E+01
   8.688711E+01   4.923440E+01
   8.785186E+01   4.926201E+01
   8.793551E+01   4.887440E+01
   8.869322E+01   4.827810E+01
   8.911067E+01   4.808566E+01
   8.961252E+01   4.812709E+01
   8.983385E+01   4.793048E+01
   9.007953E+01   4.798288E+01
   9.043278E+01   4.773304E+01
   9.114760E+01   4.673244E+01
   9.111655E+01   4.598977E+01
   9.076817E+01   4.554643E+01
   9.097423E+01   4.531122E+01
   9.352022E+01   4.506600E+01
   9.476315E+01   4.443989E+01
   9.544358E+01   4.438743E+01
   9.544796E+01   4.410426E+01
   9.647195E+01   4.283198E+01
   9.717030E+01   4.289497E+01
   9.949890E+01   4.266670E+01
   1.008779E+02   4.277054E+01
   1.018334E+02   4.259450E+01
   1.021260E+02   4.231625E+01
   1.034124E+02   4.198471E+01
   1.045484E+02   4.197058E+01
   1.046211E+02   4.175035E+01
   1.050104E+02   4.170616E+01
   1.074242E+02   4.255237E+01
   1.094418E+02   4.255165E+01
   1.103623E+02   4.285504E+01
   1.109575E+02   4.340940E+01
   1.118625E+02   4.377313E+01
   1.113097E+02   4.435399E+01
   1.116477E+02   4.499078E+01
   1.119390E+02   4.517823E+01
   1.136161E+02   4.484715E+01
   1.145213E+02   4.547917E+01
   1.156537E+02   4.554833E+01
   1.161253E+02   4.577963E+01
   1.165415E+02   4.638586E+01
   1.172813E+02   4.646364E+01
   1.173811E+02   4.667325E+01
   1.188966E+02   4.687579E+01
   1.193250E+02   4.671636E+01
   1.198045E+02   4.678166E+01
   1.196283E+02   4.712120E+01
   1.185110E+02   4.789464E+01
   1.178461E+02   4.791941E+01
   1.173791E+02   4.754012E+01
   1.168179E+02   4.779472E+01
   1.162655E+02   4.777329E+01
   1.159236E+02   4.758267E+01
   1.154953E+02   4.784709E+01
   1.154213E+02   4.816679E+01
   1.157061E+02   4.832603E+01
   1.157014E+02   4.857167E+01
   1.166631E+02   4.992947E+01
   1.177768E+02   4.962775E+01
   1.191997E+02   5.016015E+01
   1.190179E+02   5.039327E+01
   1.191883E+02   5.065497E+01
   1.200155E+02   5.175303E+01
   1.206539E+02   5.215337E+01
   1.205543E+02   5.249332E+01
   1.199657E+02   5.253243E+01
   1.199398E+02   5.282550E+01
   1.208545E+02   5.339018E+01
   1.235214E+02   5.365559E+01
   1.245350E+02   5.330145E+01
   1.256660E+02   5.316349E+01
   1.261776E+02   5.283853E+01
   1.261634E+02   5.266873E+01
   1.266367E+02   5.218632E+01
   1.265891E+02   5.197081E+01
   1.270727E+02   5.134867E+01
   1.270147E+02   5.112175E+01
   1.273862E+02   5.079485E+01
   1.274580E+02   5.036903E+01
   1.276960E+02   5.027626E+01
   1.275989E+02   5.001948E+01
   1.277722E+02   4.973613E+01
   1.287823E+02   4.968807E+01
   1.291179E+02   4.946911E+01
   1.295226E+02   4.952089E+01
   1.302658E+02   4.896404E+01
   1.307334E+02   4.895545E+01
   1.306640E+02   4.866158E+01
   1.309353E+02   4.830554E+01
   1.308028E+02   4.809553E+01
   1.310516E+02   4.778382E+01
   1.324974E+02   4.782187E+01
   1.325917E+02   4.802176E+01
   1.330257E+02   4.820076E+01
   1.341819E+02   4.848227E+01
   1.348342E+02   4.844783E+01
   1.346747E+02   4.799545E+01
   1.348559E+02   4.767485E+01
   1.342853E+02   4.726662E+01
   1.340025E+02   4.622653E+01
   1.335399E+02   4.554879E+01
   1.332615E+02   4.541439E+01
   1.332069E+02   4.505769E+01
   1.329336E+02   4.491660E+01
   1.318835E+02   4.519037E+01
   1.315315E+02   4.487704E+01
   1.311548E+02   4.481437E+01
   1.314019E+02   4.405462E+01
   1.314077E+02   4.336854E+01
   1.311963E+02   4.285316E+01
   1.306601E+02   4.273394E+01
   1.306936E+02   4.233338E+01
   1.299575E+02   4.287448E+01
   1.297591E+02   4.234529E+01
   1.294144E+02   4.233154E+01
   1.289458E+02   4.191465E+01
   1.282044E+02   4.192238E+01
   1.284124E+02   4.156557E+01
   1.281518E+02   4.126973E+01
   1.272188E+02   4.138356E+01
   1.269250E+02   4.166954E+01
   1.260735E+02   4.081461E+01
   1.244757E+02   4.005926E+01
   1.241518E+02   3.953209E+01
   1.234547E+02   3.943237E+01
   1.235768E+02   3.902503E+01
   1.234235E+02   3.879109E+01
   1.227231E+02   3.871010E+01
   1.223094E+02   3.884488E+01
   1.219808E+02   3.859279E+01
   1.212784E+02   3.843105E+01
   1.213767E+02   3.793336E+01
   1.229302E+02   3.764892E+01
   1.230565E+02   3.738478E+01
   1.229067E+02   3.688026E+01
   1.210540E+02   3.563119E+01
   1.205148E+02   3.565963E+01
   1.200363E+02   3.473401E+01
   1.205741E+02   3.444554E+01
   1.212606E+02   3.279181E+01
   1.216172E+02   3.260671E+01
   1.221086E+02   3.211977E+01
   1.222613E+02   3.172233E+01
   1.233807E+02   3.095678E+01
   1.234933E+02   3.071087E+01
   1.221926E+02   2.823906E+01
   1.210983E+02   2.686393E+01
   1.207052E+02   2.663054E+01
   1.204578E+02   2.653253E+01
   1.197870E+02   2.620480E+01
   1.198935E+02   2.578169E+01
   1.200474E+02   2.538843E+01
   1.186024E+02   2.446068E+01
   1.184416E+02   2.455302E+01
   1.182283E+02   2.449486E+01
   1.181036E+02   2.436172E+01
   1.181978E+02   2.434453E+01
   1.179350E+02   2.334136E+01
END
END
