none
1
   1.349481E+01   -4.916158E+00
   1.339607E+01   -4.965672E+00
   1.279402E+01   -4.465373E+00
   1.182521E+01   -5.195885E+00
   1.094417E+01   -4.106426E+00
   1.117914E+01   -3.654545E+00
   1.146213E+01   -3.455916E+00
   1.180429E+01   -3.631098E+00
   1.186639E+01   -3.341831E+00
   1.165686E+01   -3.220240E+00
   1.163485E+01   -2.911065E+00
   1.148268E+01   -2.864523E+00
   1.158076E+01   -2.619552E+00
   1.154553E+01   -2.279001E+00
   1.207275E+01   -2.344989E+00
   1.239940E+01   -2.276417E+00
   1.238544E+01   -1.864367E+00
   1.265195E+01   -1.761690E+00
   1.286878E+01   -1.873584E+00
   1.310341E+01   -2.287189E+00
   1.345312E+01   -2.359588E+00
   1.377473E+01   -2.028414E+00
   1.397218E+01   -2.406594E+00
   1.407141E+01   -2.415488E+00
   1.419806E+01   -1.958477E+00
   1.440440E+01   -1.881244E+00
   1.437142E+01   -1.629156E+00
   1.441964E+01   -1.406918E+00
   1.438292E+01   -9.760880E-01
   1.449148E+01   -6.039130E-01
   1.433578E+01   -4.395340E-01
   1.415768E+01   -4.781940E-01
   1.413705E+01   -2.886380E-01
   1.385334E+01   -2.529690E-01
   1.381896E+01   2.516480E-01
   1.403802E+01   6.093580E-01
   1.429794E+01   6.951950E-01
   1.441561E+01   9.464300E-01
   1.416475E+01   1.329778E+00
   1.385635E+01   1.360932E+00
   1.352828E+01   1.204949E+00
   1.310630E+01   1.195190E+00
   1.318177E+01   1.369581E+00
   1.306504E+01   1.570032E+00
   1.309440E+01   1.903850E+00
   1.323629E+01   2.193938E+00
   1.460712E+01   2.267143E+00
   1.576624E+01   1.977665E+00
   1.605547E+01   1.816558E+00
   1.602205E+01   2.205807E+00
   1.616338E+01   2.275763E+00
   1.643239E+01   2.849913E+00
   1.642065E+01   3.159348E+00
   1.660113E+01   3.569588E+00
   1.747319E+01   3.775194E+00
   1.819732E+01   3.585719E+00
   1.852443E+01   3.688875E+00
   1.868961E+01   3.476957E+00
   1.870164E+01   3.192052E+00
   1.815711E+01   2.215852E+00
   1.813372E+01   1.525619E+00
   1.790330E+01   9.774300E-01
   1.802097E+01   3.739230E-01
   1.773463E+01   -1.961920E-01
   1.774804E+01   -5.974270E-01
   1.737383E+01   -1.045829E+00
   1.691708E+01   -1.288123E+00
   1.657159E+01   -1.910065E+00
   1.625686E+01   -2.199391E+00
   1.627453E+01   -3.318371E+00
   1.596296E+01   -3.958959E+00
   1.555322E+01   -4.047550E+00
   1.547268E+01   -4.259764E+00
   1.540666E+01   -4.291263E+00
   1.531770E+01   -4.288386E+00
   1.527967E+01   -4.299154E+00
   1.525701E+01   -4.321415E+00
   1.522319E+01   -4.322427E+00
   1.519680E+01   -4.330184E+00
   1.518057E+01   -4.364924E+00
   1.517777E+01   -4.391777E+00
   1.483934E+01   -4.824355E+00
   1.470980E+01   -4.970327E+00
   1.435225E+01   -4.906327E+00
   1.433025E+01   -4.384958E+00
   1.395673E+01   -4.576924E+00
   1.379869E+01   -4.518311E+00
   1.374328E+01   -4.788145E+00
   1.349481E+01   -4.916158E+00
END
END
