none
1
   1.046182E+02   1.051544E+01
   1.044962E+02   1.039446E+01
   1.044729E+02   1.041813E+01
   1.042276E+02   1.023296E+01
   1.040970E+02   1.023457E+01
   1.040883E+02   1.039597E+01
   1.039898E+02   1.047405E+01
   1.039271E+02   1.038828E+01
   1.038174E+02   1.038202E+01
   1.038103E+02   9.927275E+00
   1.028040E+02   8.858092E+00
   1.018522E+02   1.054908E+01
   1.026105E+02   1.139510E+01
   1.029111E+02   1.165576E+01
   1.029088E+02   1.170818E+01
   1.029068E+02   1.174063E+01
   1.028946E+02   1.177356E+01
   1.028805E+02   1.178468E+01
   1.028527E+02   1.181848E+01
   1.028333E+02   1.185303E+01
   1.028209E+02   1.187837E+01
   1.028155E+02   1.190951E+01
   1.027804E+02   1.197700E+01
   1.027632E+02   1.206666E+01
   1.027229E+02   1.211641E+01
   1.026913E+02   1.218658E+01
   1.027297E+02   1.241326E+01
   1.026543E+02   1.257039E+01
   1.024600E+02   1.269690E+01
   1.024913E+02   1.278714E+01
   1.024790E+02   1.299206E+01
   1.023910E+02   1.315282E+01
   1.023447E+02   1.327162E+01
   1.023266E+02   1.358026E+01
   1.025376E+02   1.357994E+01
   1.025458E+02   1.368832E+01
   1.027106E+02   1.377679E+01
   1.027709E+02   1.393809E+01
   1.028789E+02   1.402074E+01
   1.029320E+02   1.419766E+01
   1.030402E+02   1.429515E+01
   1.035470E+02   1.446878E+01
   1.036946E+02   1.444253E+01
   1.037528E+02   1.441750E+01
   1.039219E+02   1.437714E+01
   1.042722E+02   1.444638E+01
   1.045387E+02   1.437616E+01
   1.046339E+02   1.442948E+01
   1.048091E+02   1.444799E+01
   1.050151E+02   1.441157E+01
   1.050764E+02   1.425258E+01
   1.051430E+02   1.436486E+01
   1.052069E+02   1.438566E+01
   1.053842E+02   1.414537E+01
   1.055538E+02   1.417126E+01
   1.057924E+02   1.409478E+01
   1.059007E+02   1.395820E+01
   1.060634E+02   1.393621E+01
   1.061254E+02   1.405393E+01
   1.059582E+02   1.432694E+01
   1.059869E+02   1.440666E+01
   1.061772E+02   1.439908E+01
   1.062376E+02   1.452226E+01
   1.063921E+02   1.446644E+01
   1.064422E+02   1.458473E+01
   1.065389E+02   1.463080E+01
   1.066496E+02   1.446194E+01
   1.067658E+02   1.445745E+01
   1.068319E+02   1.435266E+01
   1.069342E+02   1.436585E+01
   1.070128E+02   1.447530E+01
   1.071494E+02   1.446064E+01
   1.072581E+02   1.460288E+01
   1.073459E+02   1.462487E+01
   1.074133E+02   1.457801E+01
   1.075115E+02   1.471875E+01
   1.075789E+02   1.471649E+01
   1.075968E+02   1.461742E+01
   1.075414E+02   1.444243E+01
   1.074382E+02   1.432324E+01
   1.073862E+02   1.412630E+01
   1.074056E+02   1.403449E+01
   1.074751E+02   1.398115E+01
   1.074758E+02   1.379683E+01
   1.075439E+02   1.375594E+01
   1.076276E+02   1.352933E+01
   1.076397E+02   1.336675E+01
   1.075076E+02   1.301857E+01
   1.075923E+02   1.269773E+01
   1.075773E+02   1.233276E+01
   1.074217E+02   1.220225E+01
   1.073370E+02   1.228596E+01
   1.072100E+02   1.225671E+01
   1.070282E+02   1.206104E+01
   1.068120E+02   1.203952E+01
   1.067349E+02   1.193313E+01
   1.064861E+02   1.193070E+01
   1.064677E+02   1.163641E+01
   1.062870E+02   1.163661E+01
   1.060578E+02   1.173477E+01
   1.059711E+02   1.160671E+01
   1.058791E+02   1.162903E+01
   1.059503E+02   1.125348E+01
   1.062219E+02   1.106716E+01
   1.062083E+02   1.075771E+01
   1.060600E+02   1.077570E+01
   1.060092E+02   1.084100E+01
   1.058387E+02   1.082556E+01
   1.057518E+02   1.098589E+01
   1.055216E+02   1.093837E+01
   1.054336E+02   1.094885E+01
   1.053438E+02   1.084527E+01
   1.050814E+02   1.092087E+01
   1.050443E+02   1.088823E+01
   1.051089E+02   1.071762E+01
   1.048752E+02   1.050879E+01
   1.046182E+02   1.051544E+01
END
END
