none
1
   -5.107380E-01   5.159798E+01
   -5.220120E-01   5.160087E+01
   -5.315800E-01   5.161633E+01
   -5.373600E-01   5.163603E+01
   -5.409800E-01   5.163812E+01
   -5.336170E-01   5.164858E+01
   -5.382350E-01   5.165166E+01
   -5.382490E-01   5.166167E+01
   -5.324240E-01   5.166469E+01
   -5.241960E-01   5.165976E+01
   -5.221000E-01   5.166935E+01
   -5.155930E-01   5.166784E+01
   -5.077410E-01   5.167417E+01
   -5.116790E-01   5.167812E+01
   -5.253070E-01   5.167705E+01
   -5.266950E-01   5.168010E+01
   -5.463990E-01   5.167874E+01
   -5.499180E-01   5.168146E+01
   -5.502700E-01   5.168752E+01
   -5.454600E-01   5.169584E+01
   -5.488690E-01   5.170191E+01
   -5.562450E-01   5.170408E+01
   -5.648990E-01   5.171154E+01
   -5.626650E-01   5.171908E+01
   -5.534260E-01   5.172423E+01
   -5.538660E-01   5.173020E+01
   -5.672810E-01   5.173629E+01
   -5.712530E-01   5.173404E+01
   -5.759160E-01   5.173558E+01
   -5.877100E-01   5.175033E+01
   -6.132880E-01   5.174575E+01
   -6.153910E-01   5.174982E+01
   -6.226120E-01   5.175220E+01
   -6.442840E-01   5.175249E+01
   -6.515010E-01   5.175797E+01
   -6.727060E-01   5.176592E+01
   -6.776110E-01   5.177064E+01
   -6.815740E-01   5.178511E+01
   -6.917340E-01   5.179156E+01
   -6.910510E-01   5.179399E+01
   -6.853780E-01   5.179522E+01
   -6.866670E-01   5.179901E+01
   -7.095080E-01   5.181851E+01
   -7.191400E-01   5.181443E+01
   -7.254940E-01   5.181693E+01
   -7.390690E-01   5.182973E+01
   -7.391580E-01   5.183281E+01
   -7.461470E-01   5.183654E+01
   -7.468330E-01   5.184336E+01
   -7.370420E-01   5.184412E+01
   -7.320590E-01   5.185044E+01
   -7.238970E-01   5.185147E+01
   -7.238250E-01   5.185538E+01
   -7.180350E-01   5.185871E+01
   -7.102070E-01   5.185947E+01
   -7.068750E-01   5.185639E+01
   -6.958830E-01   5.185975E+01
   -6.911860E-01   5.185829E+01
   -6.851620E-01   5.184971E+01
   -6.920860E-01   5.184212E+01
   -6.893420E-01   5.184269E+01
   -6.826540E-01   5.183736E+01
   -6.753380E-01   5.182495E+01
   -6.668420E-01   5.181768E+01
   -6.477760E-01   5.181558E+01
   -6.326230E-01   5.182160E+01
   -6.108630E-01   5.181377E+01
   -5.943440E-01   5.181564E+01
   -5.909220E-01   5.180978E+01
   -5.827890E-01   5.180877E+01
   -5.769990E-01   5.181540E+01
   -5.762800E-01   5.182012E+01
   -5.681050E-01   5.182127E+01
   -5.637040E-01   5.182487E+01
   -5.620630E-01   5.183110E+01
   -5.571960E-01   5.183266E+01
   -5.405370E-01   5.181967E+01
   -5.412090E-01   5.181668E+01
   -5.203960E-01   5.180739E+01
   -5.056000E-01   5.181603E+01
   -5.041760E-01   5.182089E+01
   -5.128800E-01   5.182624E+01
   -5.075340E-01   5.182844E+01
   -5.030190E-01   5.183801E+01
   -4.937760E-01   5.183738E+01
   -4.915850E-01   5.184439E+01
   -4.747940E-01   5.184596E+01
   -4.799110E-01   5.185374E+01
   -4.697790E-01   5.185759E+01
   -4.645230E-01   5.185215E+01
   -4.539710E-01   5.185472E+01
   -4.473600E-01   5.184958E+01
   -4.391140E-01   5.185352E+01
   -4.265500E-01   5.184879E+01
   -4.210460E-01   5.185183E+01
   -3.976770E-01   5.183887E+01
   -3.738360E-01   5.183089E+01
   -3.703090E-01   5.183244E+01
   -3.641140E-01   5.184361E+01
   -3.570820E-01   5.184194E+01
   -3.424460E-01   5.184973E+01
   -3.508520E-01   5.185608E+01
   -3.567680E-01   5.186650E+01
   -3.563000E-01   5.187552E+01
   -3.536700E-01   5.187734E+01
   -3.555980E-01   5.188298E+01
   -3.657400E-01   5.189269E+01
   -3.739850E-01   5.189345E+01
   -3.786970E-01   5.189720E+01
   -3.801670E-01   5.190316E+01
   -3.865940E-01   5.191074E+01
   -3.860550E-01   5.191830E+01
   -3.910780E-01   5.192469E+01
   -4.071100E-01   5.193160E+01
   -4.049470E-01   5.193447E+01
   -4.080140E-01   5.194108E+01
   -4.047800E-01   5.194937E+01
   -4.056900E-01   5.195588E+01
   -4.008270E-01   5.196868E+01
   -3.957630E-01   5.196904E+01
   -3.911020E-01   5.197922E+01
   -3.799040E-01   5.198092E+01
   -3.765320E-01   5.197166E+01
   -3.777550E-01   5.195770E+01
   -3.813170E-01   5.195230E+01
   -3.727150E-01   5.194974E+01
   -3.524080E-01   5.195910E+01
   -3.513580E-01   5.197075E+01
   -3.648410E-01   5.197389E+01
   -3.696480E-01   5.197973E+01
   -3.682110E-01   5.198511E+01
   -3.589750E-01   5.198724E+01
   -3.125860E-01   5.198362E+01
   -3.079150E-01   5.199038E+01
   -2.978330E-01   5.199589E+01
   -3.017570E-01   5.200106E+01
   -2.963390E-01   5.200387E+01
   -2.815700E-01   5.200301E+01
   -2.811690E-01   5.199737E+01
   -2.708180E-01   5.198894E+01
   -2.725190E-01   5.198398E+01
   -2.617510E-01   5.198133E+01
   -2.583460E-01   5.198684E+01
   -2.500570E-01   5.198681E+01
   -2.473540E-01   5.198960E+01
   -2.447860E-01   5.200057E+01
   -2.359240E-01   5.200040E+01
   -2.139830E-01   5.201052E+01
   -2.039990E-01   5.201059E+01
   -2.209220E-01   5.203769E+01
   -1.961050E-01   5.206370E+01
   -1.738570E-01   5.206221E+01
   -1.655830E-01   5.207800E+01
   -1.573460E-01   5.208224E+01
   -1.479080E-01   5.207454E+01
   -1.458420E-01   5.206958E+01
   -1.498550E-01   5.206433E+01
   -1.488170E-01   5.205818E+01
   -1.531880E-01   5.205348E+01
   -1.441300E-01   5.204862E+01
   -1.326520E-01   5.204751E+01
   -1.221070E-01   5.203407E+01
   -1.207110E-01   5.202924E+01
   -1.238880E-01   5.202205E+01
   -1.214050E-01   5.202138E+01
   -1.076310E-01   5.203022E+01
   -5.536600E-02   5.204792E+01
   -3.791800E-02   5.205964E+01
   -2.486300E-02   5.206495E+01
   -1.181200E-02   5.206319E+01
   4.244000E-03   5.205148E+01
   4.117700E-02   5.205476E+01
   5.348300E-02   5.202568E+01
   6.150100E-02   5.201965E+01
   6.050400E-02   5.201534E+01
   6.635800E-02   5.200872E+01
   7.577900E-02   5.200188E+01
   7.188300E-02   5.198351E+01
   9.699800E-02   5.198592E+01
   9.965800E-02   5.198293E+01
   9.919000E-02   5.197839E+01
   1.085640E-01   5.197244E+01
   1.061510E-01   5.196605E+01
   1.162270E-01   5.195669E+01
   1.200900E-01   5.194747E+01
   1.223180E-01   5.192654E+01
   1.264920E-01   5.192391E+01
   1.234450E-01   5.191134E+01
   1.260740E-01   5.188652E+01
   1.376500E-01   5.188687E+01
   1.412480E-01   5.188987E+01
   1.470300E-01   5.188863E+01
   1.661700E-01   5.189309E+01
   1.672810E-01   5.189577E+01
   1.795670E-01   5.189723E+01
   1.855660E-01   5.189320E+01
   1.793080E-01   5.188703E+01
   1.787710E-01   5.188239E+01
   1.943670E-01   5.187463E+01
   1.970980E-01   5.186882E+01
   1.948650E-01   5.186420E+01
   1.730380E-01   5.186017E+01
   1.750340E-01   5.184941E+01
   1.664430E-01   5.184847E+01
   1.629490E-01   5.183443E+01
   1.677490E-01   5.183022E+01
   1.631120E-01   5.182664E+01
   1.675220E-01   5.182329E+01
   1.670860E-01   5.182043E+01
   1.737760E-01   5.182038E+01
   1.748360E-01   5.181685E+01
   1.675670E-01   5.181168E+01
   1.603530E-01   5.181219E+01
   1.553840E-01   5.180246E+01
   1.521410E-01   5.180115E+01
   1.514250E-01   5.179544E+01
   1.265490E-01   5.179325E+01
   1.212420E-01   5.178864E+01
   1.080560E-01   5.178639E+01
   9.953100E-02   5.178155E+01
   6.386300E-02   5.178225E+01
   5.209700E-02   5.177439E+01
   2.734600E-02   5.177257E+01
   1.997900E-02   5.176875E+01
   1.407000E-02   5.176105E+01
   1.411600E-02   5.175621E+01
   4.922000E-03   5.175376E+01
   2.104000E-03   5.174364E+01
   -5.966000E-03   5.174003E+01
   -1.191300E-02   5.174121E+01
   -1.312700E-02   5.171823E+01
   -1.799700E-02   5.170310E+01
   -1.478400E-02   5.169095E+01
   -9.330000E-03   5.168599E+01
   -1.130100E-02   5.167930E+01
   -6.220700E-02   5.168131E+01
   -8.427300E-02   5.168829E+01
   -1.049670E-01   5.169015E+01
   -1.491480E-01   5.168383E+01
   -1.618530E-01   5.168621E+01
   -1.622180E-01   5.168145E+01
   -1.712760E-01   5.167191E+01
   -1.868300E-01   5.166640E+01
   -1.902750E-01   5.166240E+01
   -1.973300E-01   5.166390E+01
   -2.005800E-01   5.166752E+01
   -2.073750E-01   5.166501E+01
   -2.071270E-01   5.166134E+01
   -2.259890E-01   5.165553E+01
   -2.297090E-01   5.165798E+01
   -2.483610E-01   5.165362E+01
   -2.508160E-01   5.164569E+01
   -2.569940E-01   5.164017E+01
   -2.665760E-01   5.164239E+01
   -2.732540E-01   5.163704E+01
   -2.959550E-01   5.163376E+01
   -3.167870E-01   5.163871E+01
   -3.378380E-01   5.162783E+01
   -3.990640E-01   5.161176E+01
   -4.404370E-01   5.161836E+01
   -4.573330E-01   5.161060E+01
   -4.968080E-01   5.162997E+01
   -4.983590E-01   5.162260E+01
   -4.937100E-01   5.161878E+01
   -4.970630E-01   5.161069E+01
   -4.952410E-01   5.160052E+01
   -5.107380E-01   5.159798E+01
END
END
