none
1
   9.296787E+00   4.977479E+01
   9.442775E+00   4.980024E+01
   9.529757E+00   4.979292E+01
   9.654779E+00   4.980469E+01
   9.674800E+00   4.972595E+01
   9.717067E+00   4.973573E+01
   9.821178E+00   4.973242E+01
   9.858996E+00   4.968926E+01
   9.938859E+00   4.958193E+01
   9.950871E+00   4.948982E+01
   1.002028E+01   4.949676E+01
   1.002918E+01   4.952853E+01
   1.007144E+01   4.955192E+01
   1.010837E+01   4.953748E+01
   1.014174E+01   4.951091E+01
   1.014308E+01   4.945918E+01
   1.017333E+01   4.938567E+01
   1.012661E+01   4.937335E+01
   1.013462E+01   4.934728E+01
   1.012305E+01   4.934351E+01
   1.013551E+01   4.933220E+01
   1.015954E+01   4.933017E+01
   1.016755E+01   4.931161E+01
   1.017289E+01   4.927911E+01
   1.014797E+01   4.923962E+01
   1.016221E+01   4.920097E+01
   1.027344E+01   4.914629E+01
   1.028189E+01   4.912446E+01
   1.024630E+01   4.910174E+01
   1.028634E+01   4.907639E+01
   1.028745E+01   4.905336E+01
   1.037243E+01   4.903586E+01
   1.041470E+01   4.899793E+01
   1.048255E+01   4.893513E+01
   1.048077E+01   4.890882E+01
   1.046208E+01   4.883947E+01
   1.045897E+01   4.875359E+01
   1.052081E+01   4.868784E+01
   1.046030E+01   4.865714E+01
   1.035530E+01   4.865068E+01
   1.032638E+01   4.868241E+01
   1.028723E+01   4.868270E+01
   1.034418E+01   4.861304E+01
   1.033306E+01   4.852722E+01
   1.027259E+01   4.849958E+01
   1.024741E+01   4.850489E+01
   1.021870E+01   4.850793E+01
   1.020911E+01   4.851425E+01
   1.020537E+01   4.852949E+01
   1.019809E+01   4.853677E+01
   1.018802E+01   4.853703E+01
   1.018131E+01   4.854586E+01
   1.016767E+01   4.854482E+01
   1.015895E+01   4.855211E+01
   1.015134E+01   4.854618E+01
   1.012270E+01   4.855388E+01
   1.011188E+01   4.855139E+01
   1.009544E+01   4.857325E+01
   1.005520E+01   4.858082E+01
   1.003701E+01   4.860124E+01
   1.002974E+01   4.860099E+01
   1.002279E+01   4.859395E+01
   1.001742E+01   4.859943E+01
   9.998393E+00   4.860115E+01
   9.994401E+00   4.859212E+01
   9.962585E+00   4.859024E+01
   9.956147E+00   4.860420E+01
   9.963236E+00   4.861214E+01
   9.944261E+00   4.861972E+01
   9.941963E+00   4.862599E+01
   9.903104E+00   4.861800E+01
   9.902666E+00   4.861169E+01
   9.871666E+00   4.858303E+01
   9.859986E+00   4.857872E+01
   9.844062E+00   4.857986E+01
   9.832501E+00   4.856227E+01
   9.817568E+00   4.855401E+01
   9.797092E+00   4.855215E+01
   9.773667E+00   4.855884E+01
   9.769132E+00   4.855481E+01
   9.730353E+00   4.855693E+01
   9.725502E+00   4.854260E+01
   9.695179E+00   4.853049E+01
   9.690602E+00   4.852456E+01
   9.694024E+00   4.851699E+01
   9.688346E+00   4.851275E+01
   9.666788E+00   4.851973E+01
   9.659466E+00   4.851477E+01
   9.648988E+00   4.851556E+01
   9.629326E+00   4.853195E+01
   9.614961E+00   4.853188E+01
   9.610543E+00   4.853557E+01
   9.584864E+00   4.853174E+01
   9.573504E+00   4.853482E+01
   9.541344E+00   4.852127E+01
   9.532934E+00   4.850904E+01
   9.513641E+00   4.851559E+01
   9.501437E+00   4.850753E+01
   9.493409E+00   4.851316E+01
   9.479611E+00   4.851308E+01
   9.473918E+00   4.850738E+01
   9.462305E+00   4.851127E+01
   9.461606E+00   4.851838E+01
   9.475962E+00   4.853089E+01
   9.459140E+00   4.853941E+01
   9.445859E+00   4.853932E+01
   9.440259E+00   4.853521E+01
   9.427693E+00   4.853856E+01
   9.419757E+00   4.853138E+01
   9.393679E+00   4.852592E+01
   9.382486E+00   4.853065E+01
   9.368794E+00   4.852953E+01
   9.358847E+00   4.853914E+01
   9.341374E+00   4.854190E+01
   9.332485E+00   4.853567E+01
   9.322100E+00   4.853661E+01
   9.308900E+00   4.854614E+01
   9.312671E+00   4.855713E+01
   9.306346E+00   4.856429E+01
   9.316952E+00   4.857265E+01
   9.312807E+00   4.857531E+01
   9.304105E+00   4.857185E+01
   9.296120E+00   4.856046E+01
   9.259986E+00   4.856106E+01
   9.240191E+00   4.857161E+01
   9.226599E+00   4.856168E+01
   9.215131E+00   4.856297E+01
   9.203950E+00   4.857001E+01
   9.201885E+00   4.858080E+01
   9.193165E+00   4.858607E+01
   9.193573E+00   4.859358E+01
   9.199002E+00   4.859716E+01
   9.185756E+00   4.859321E+01
   9.175049E+00   4.860021E+01
   9.155450E+00   4.860064E+01
   9.120989E+00   4.859532E+01
   9.106767E+00   4.860173E+01
   9.108083E+00   4.861119E+01
   9.102393E+00   4.861729E+01
   9.092406E+00   4.860770E+01
   9.093970E+00   4.860109E+01
   9.081598E+00   4.858596E+01
   9.053355E+00   4.858802E+01
   9.044223E+00   4.858301E+01
   9.036820E+00   4.857134E+01
   9.005394E+00   4.858308E+01
   8.992980E+00   4.857911E+01
   8.977123E+00   4.858474E+01
   8.947997E+00   4.857508E+01
   8.945614E+00   4.857316E+01
   8.949902E+00   4.856712E+01
   8.946009E+00   4.856241E+01
   8.932018E+00   4.855926E+01
   8.912764E+00   4.856619E+01
   8.896319E+00   4.855870E+01
   8.893061E+00   4.853904E+01
   8.877607E+00   4.853305E+01
   8.860153E+00   4.853397E+01
   8.865533E+00   4.852852E+01
   8.862553E+00   4.852242E+01
   8.868258E+00   4.851933E+01
   8.868108E+00   4.850845E+01
   8.851831E+00   4.850454E+01
   8.846268E+00   4.849386E+01
   8.835268E+00   4.849471E+01
   8.825530E+00   4.850063E+01
   8.797840E+00   4.850380E+01
   8.786478E+00   4.851563E+01
   8.752016E+00   4.852182E+01
   8.752264E+00   4.854294E+01
   8.760226E+00   4.855027E+01
   8.754340E+00   4.855303E+01
   8.751387E+00   4.856552E+01
   8.745659E+00   4.856824E+01
   8.750215E+00   4.858273E+01
   8.741474E+00   4.859733E+01
   8.748178E+00   4.860976E+01
   8.788143E+00   4.860208E+01
   8.794802E+00   4.861438E+01
   8.785723E+00   4.862528E+01
   8.785750E+00   4.863901E+01
   8.792405E+00   4.864488E+01
   8.794876E+00   4.866189E+01
   8.812498E+00   4.866878E+01
   8.834145E+00   4.868732E+01
   8.848382E+00   4.869012E+01
   8.856763E+00   4.869904E+01
   8.850290E+00   4.870843E+01
   8.859441E+00   4.871396E+01
   8.859090E+00   4.871977E+01
   8.864605E+00   4.872459E+01
   8.852149E+00   4.873005E+01
   8.826036E+00   4.873249E+01
   8.824171E+00   4.873963E+01
   8.830185E+00   4.875147E+01
   8.797985E+00   4.876783E+01
   8.795022E+00   4.877551E+01
   8.829085E+00   4.880197E+01
   8.838968E+00   4.880386E+01
   8.849669E+00   4.879812E+01
   8.865068E+00   4.879745E+01
   8.885943E+00   4.880763E+01
   8.887103E+00   4.881624E+01
   8.893691E+00   4.881829E+01
   8.869070E+00   4.883123E+01
   8.867234E+00   4.883860E+01
   8.891312E+00   4.885064E+01
   8.899988E+00   4.886506E+01
   8.919129E+00   4.887145E+01
   8.905964E+00   4.889360E+01
   8.909115E+00   4.890125E+01
   8.901825E+00   4.891023E+01
   8.906233E+00   4.891609E+01
   8.895859E+00   4.892252E+01
   8.900059E+00   4.894622E+01
   8.906797E+00   4.894944E+01
   8.928749E+00   4.894289E+01
   8.942058E+00   4.894494E+01
   8.939646E+00   4.895922E+01
   8.915845E+00   4.898019E+01
   8.915904E+00   4.898965E+01
   8.922273E+00   4.899437E+01
   8.899907E+00   4.901814E+01
   8.875831E+00   4.902714E+01
   8.867698E+00   4.903538E+01
   8.866571E+00   4.905128E+01
   8.873783E+00   4.905491E+01
   8.873336E+00   4.906388E+01
   8.861980E+00   4.906714E+01
   8.860145E+00   4.907281E+01
   8.865406E+00   4.908163E+01
   8.887479E+00   4.908525E+01
   8.885626E+00   4.911177E+01
   8.874364E+00   4.911500E+01
   8.868258E+00   4.912633E+01
   8.857963E+00   4.912089E+01
   8.822578E+00   4.912343E+01
   8.822487E+00   4.913684E+01
   8.832024E+00   4.914486E+01
   8.831285E+00   4.915122E+01
   8.827710E+00   4.915589E+01
   8.823598E+00   4.915124E+01
   8.815685E+00   4.915258E+01
   8.811614E+00   4.915887E+01
   8.819752E+00   4.918781E+01
   8.813192E+00   4.919128E+01
   8.813209E+00   4.919688E+01
   8.824269E+00   4.919880E+01
   8.867552E+00   4.918024E+01
   8.888097E+00   4.918579E+01
   8.881224E+00   4.919961E+01
   8.884410E+00   4.920709E+01
   8.954556E+00   4.921784E+01
   8.954060E+00   4.922390E+01
   8.961743E+00   4.923177E+01
   8.979781E+00   4.923622E+01
   8.986808E+00   4.924516E+01
   8.999642E+00   4.924615E+01
   8.992271E+00   4.925191E+01
   8.996018E+00   4.925838E+01
   8.992405E+00   4.926491E+01
   8.994741E+00   4.926969E+01
   9.012232E+00   4.926548E+01
   9.033497E+00   4.928051E+01
   9.025175E+00   4.928057E+01
   9.018673E+00   4.928803E+01
   9.016527E+00   4.929877E+01
   9.020503E+00   4.930352E+01
   9.051128E+00   4.929751E+01
   9.054813E+00   4.929088E+01
   9.071988E+00   4.928350E+01
   9.105311E+00   4.928427E+01
   9.121550E+00   4.927700E+01
   9.148375E+00   4.927937E+01
   9.132124E+00   4.928288E+01
   9.125999E+00   4.929427E+01
   9.132008E+00   4.930074E+01
   9.144956E+00   4.929758E+01
   9.151478E+00   4.930118E+01
   9.149539E+00   4.931084E+01
   9.155382E+00   4.932646E+01
   9.162642E+00   4.933349E+01
   9.174197E+00   4.932878E+01
   9.193211E+00   4.933244E+01
   9.206967E+00   4.932905E+01
   9.214410E+00   4.931918E+01
   9.232141E+00   4.931482E+01
   9.247853E+00   4.930437E+01
   9.255336E+00   4.930876E+01
   9.265459E+00   4.933370E+01
   9.283845E+00   4.933507E+01
   9.290494E+00   4.935073E+01
   9.306309E+00   4.935921E+01
   9.303907E+00   4.937236E+01
   9.307503E+00   4.938150E+01
   9.314904E+00   4.938885E+01
   9.327483E+00   4.939241E+01
   9.341199E+00   4.938906E+01
   9.361733E+00   4.937178E+01
   9.376964E+00   4.936815E+01
   9.399730E+00   4.937117E+01
   9.425535E+00   4.936354E+01
   9.436289E+00   4.936747E+01
   9.443440E+00   4.937745E+01
   9.440134E+00   4.938312E+01
   9.442371E+00   4.939418E+01
   9.463331E+00   4.940184E+01
   9.477486E+00   4.939025E+01
   9.509254E+00   4.938045E+01
   9.531479E+00   4.938698E+01
   9.568106E+00   4.938149E+01
   9.583937E+00   4.939330E+01
   9.572126E+00   4.939549E+01
   9.564903E+00   4.941575E+01
   9.568769E+00   4.942127E+01
   9.591556E+00   4.942778E+01
   9.586361E+00   4.943531E+01
   9.542342E+00   4.944431E+01
   9.531794E+00   4.943837E+01
   9.521674E+00   4.943985E+01
   9.513267E+00   4.943333E+01
   9.507387E+00   4.943471E+01
   9.500428E+00   4.945446E+01
   9.509065E+00   4.947223E+01
   9.488777E+00   4.948251E+01
   9.485683E+00   4.948853E+01
   9.491919E+00   4.950646E+01
   9.500488E+00   4.950523E+01
   9.514368E+00   4.952001E+01
   9.526291E+00   4.952000E+01
   9.536745E+00   4.952692E+01
   9.517487E+00   4.953421E+01
   9.518202E+00   4.954154E+01
   9.499280E+00   4.956855E+01
   9.500975E+00   4.957684E+01
   9.494147E+00   4.958725E+01
   9.509811E+00   4.960683E+01
   9.520707E+00   4.960459E+01
   9.527061E+00   4.961076E+01
   9.533370E+00   4.961039E+01
   9.532620E+00   4.961791E+01
   9.543496E+00   4.962430E+01
   9.543470E+00   4.963033E+01
   9.539365E+00   4.963418E+01
   9.525278E+00   4.963015E+01
   9.517572E+00   4.963762E+01
   9.501307E+00   4.963238E+01
   9.487886E+00   4.963951E+01
   9.475457E+00   4.963766E+01
   9.445965E+00   4.965161E+01
   9.402014E+00   4.966214E+01
   9.296787E+00   4.977479E+01
END
END
