none
1
   4.795253E+01   3.000281E+01
   4.771572E+01   3.007443E+01
   4.735509E+01   3.007200E+01
   4.717551E+01   3.000688E+01
   4.712291E+01   2.994258E+01
   4.696189E+01   2.959782E+01
   4.678009E+01   2.934488E+01
   4.656336E+01   2.909545E+01
   4.642913E+01   2.905167E+01
   4.471933E+01   2.918883E+01
   4.296844E+01   3.047321E+01
   4.296745E+01   3.072145E+01
   4.143164E+01   3.135633E+01
   3.999926E+01   3.205159E+01
   3.929738E+01   3.222139E+01
   3.925331E+01   3.234338E+01
   3.903675E+01   3.229600E+01
   3.897563E+01   3.247859E+01
   3.907312E+01   3.250916E+01
   3.878400E+01   3.338148E+01
   4.098517E+01   3.442154E+01
   4.102492E+01   3.445825E+01
   4.113053E+01   3.466864E+01
   4.122753E+01   3.478647E+01
   4.120812E+01   3.513166E+01
   4.122350E+01   3.524984E+01
   4.126504E+01   3.538688E+01
   4.127366E+01   3.549063E+01
   4.138406E+01   3.563341E+01
   4.137125E+01   3.583239E+01
   4.124802E+01   3.605504E+01
   4.128538E+01   3.636022E+01
   4.140740E+01   3.652822E+01
   4.174396E+01   3.657881E+01
   4.181655E+01   3.659537E+01
   4.187562E+01   3.663154E+01
   4.235944E+01   3.705956E+01
   4.234040E+01   3.709071E+01
   4.235700E+01   3.712324E+01
   4.239803E+01   3.712249E+01
   4.246238E+01   3.715202E+01
   4.257028E+01   3.715478E+01
   4.264686E+01   3.727290E+01
   4.267317E+01   3.728030E+01
   4.268065E+01   3.731517E+01
   4.271589E+01   3.732190E+01
   4.278917E+01   3.739063E+01
   4.283132E+01   3.737918E+01
   4.283847E+01   3.735400E+01
   4.295799E+01   3.732467E+01
   4.300438E+01   3.734168E+01
   4.301998E+01   3.736554E+01
   4.315101E+01   3.738249E+01
   4.324048E+01   3.735620E+01
   4.330445E+01   3.731337E+01
   4.332457E+01   3.733580E+01
   4.336438E+01   3.733703E+01
   4.350192E+01   3.725262E+01
   4.356840E+01   3.726727E+01
   4.363828E+01   3.722927E+01
   4.374907E+01   3.724504E+01
   4.381061E+01   3.723499E+01
   4.383160E+01   3.721044E+01
   4.385086E+01   3.723381E+01
   4.391193E+01   3.723296E+01
   4.394832E+01   3.729989E+01
   4.398730E+01   3.730833E+01
   4.401651E+01   3.733778E+01
   4.412955E+01   3.733212E+01
   4.423439E+01   3.729080E+01
   4.427723E+01   3.724904E+01
   4.428679E+01   3.716140E+01
   4.423093E+01   3.714841E+01
   4.419668E+01   3.710306E+01
   4.423787E+01   3.705835E+01
   4.424110E+01   3.702343E+01
   4.426665E+01   3.699048E+01
   4.429986E+01   3.698092E+01
   4.434665E+01   3.702893E+01
   4.433946E+01   3.704675E+01
   4.435355E+01   3.706090E+01
   4.440990E+01   3.706251E+01
   4.446210E+01   3.708385E+01
   4.462234E+01   3.719897E+01
   4.476761E+01   3.717590E+01
   4.479394E+01   3.714652E+01
   4.476827E+01   3.711983E+01
   4.479239E+01   3.709213E+01
   4.481964E+01   3.708054E+01
   4.482733E+01   3.705853E+01
   4.487011E+01   3.706088E+01
   4.491937E+01   3.702653E+01
   4.489437E+01   3.696246E+01
   4.491898E+01   3.692357E+01
   4.491612E+01   3.688506E+01
   4.485441E+01   3.682425E+01
   4.485755E+01   3.680393E+01
   4.494798E+01   3.679165E+01
   4.497415E+01   3.676897E+01
   4.501796E+01   3.676217E+01
   4.507561E+01   3.668503E+01
   4.507473E+01   3.664117E+01
   4.504257E+01   3.660430E+01
   4.504671E+01   3.656461E+01
   4.502374E+01   3.654001E+01
   4.506642E+01   3.650819E+01
   4.509967E+01   3.643285E+01
   4.514298E+01   3.641889E+01
   4.524219E+01   3.644092E+01
   4.528817E+01   3.638546E+01
   4.529548E+01   3.633737E+01
   4.528274E+01   3.631160E+01
   4.531330E+01   3.628002E+01
   4.528730E+01   3.626144E+01
   4.532858E+01   3.624296E+01
   4.532961E+01   3.615981E+01
   4.537824E+01   3.608774E+01
   4.534190E+01   3.601183E+01
   4.535963E+01   3.599194E+01
   4.539685E+01   3.597945E+01
   4.543876E+01   3.600912E+01
   4.556094E+01   3.601171E+01
   4.566988E+01   3.594811E+01
   4.576842E+01   3.582194E+01
   4.581119E+01   3.583861E+01
   4.586885E+01   3.582787E+01
   4.590179E+01   3.585164E+01
   4.602480E+01   3.585206E+01
   4.609611E+01   3.587639E+01
   4.614783E+01   3.585960E+01
   4.615506E+01   3.582940E+01
   4.618382E+01   3.581399E+01
   4.631694E+01   3.584417E+01
   4.634683E+01   3.583311E+01
   4.635958E+01   3.580898E+01
   4.634191E+01   3.577117E+01
   4.629299E+01   3.574766E+01
   4.627317E+01   3.571916E+01
   4.622967E+01   3.570222E+01
   4.619490E+01   3.571068E+01
   4.614974E+01   3.568436E+01
   4.604774E+01   3.568511E+01
   4.602836E+01   3.567154E+01
   4.603372E+01   3.557814E+01
   4.602087E+01   3.556613E+01
   4.599553E+01   3.557379E+01
   4.601609E+01   3.553836E+01
   4.599423E+01   3.550301E+01
   4.606145E+01   3.540198E+01
   4.613627E+01   3.534867E+01
   4.615464E+01   3.531834E+01
   4.615636E+01   3.528552E+01
   4.612950E+01   3.524726E+01
   4.619914E+01   3.522628E+01
   4.619550E+01   3.518393E+01
   4.616380E+01   3.516049E+01
   4.618103E+01   3.511067E+01
   4.611625E+01   3.507584E+01
   4.608096E+01   3.508191E+01
   4.604111E+01   3.504778E+01
   4.593831E+01   3.508556E+01
   4.592949E+01   3.504788E+01
   4.588752E+01   3.503018E+01
   4.590551E+01   3.496261E+01
   4.587530E+01   3.489702E+01
   4.585140E+01   3.488562E+01
   4.578343E+01   3.490493E+01
   4.577392E+01   3.483959E+01
   4.569700E+01   3.480971E+01
   4.570168E+01   3.477072E+01
   4.566111E+01   3.472849E+01
   4.571785E+01   3.466223E+01
   4.572249E+01   3.460474E+01
   4.574028E+01   3.458472E+01
   4.572913E+01   3.454944E+01
   4.565039E+01   3.456332E+01
   4.561396E+01   3.455002E+01
   4.552687E+01   3.458542E+01
   4.551899E+01   3.456674E+01
   4.554407E+01   3.452441E+01
   4.553140E+01   3.449271E+01
   4.550597E+01   3.446486E+01
   4.545276E+01   3.446310E+01
   4.544556E+01   3.444984E+01
   4.549567E+01   3.434437E+01
   4.553872E+01   3.436060E+01
   4.559270E+01   3.431362E+01
   4.558299E+01   3.423182E+01
   4.555727E+01   3.418647E+01
   4.557713E+01   3.414948E+01
   4.547501E+01   3.406925E+01
   4.546856E+01   3.401754E+01
   4.541691E+01   3.397446E+01
   4.545865E+01   3.394935E+01
   4.551599E+01   3.394859E+01
   4.560382E+01   3.381505E+01
   4.564566E+01   3.378227E+01
   4.565884E+01   3.373023E+01
   4.569617E+01   3.368198E+01
   4.576309E+01   3.363986E+01
   4.575468E+01   3.359889E+01
   4.582295E+01   3.363810E+01
   4.591078E+01   3.364157E+01
   4.590667E+01   3.360545E+01
   4.595846E+01   3.355490E+01
   4.588357E+01   3.350074E+01
   4.594967E+01   3.349004E+01
   4.597102E+01   3.351236E+01
   4.600356E+01   3.350306E+01
   4.605322E+01   3.344343E+01
   4.605921E+01   3.338327E+01
   4.619001E+01   3.326619E+01
   4.618914E+01   3.320999E+01
   4.620944E+01   3.319606E+01
   4.619781E+01   3.317125E+01
   4.611607E+01   3.310394E+01
   4.606139E+01   3.311167E+01
   4.605663E+01   3.309813E+01
   4.610935E+01   3.309505E+01
   4.615868E+01   3.306973E+01
   4.614447E+01   3.302820E+01
   4.610686E+01   3.300110E+01
   4.611314E+01   3.297565E+01
   4.616323E+01   3.296222E+01
   4.628476E+01   3.297660E+01
   4.642760E+01   3.294678E+01
   4.674451E+01   3.276862E+01
   4.678960E+01   3.271654E+01
   4.683257E+01   3.269890E+01
   4.714185E+01   3.247210E+01
   4.724150E+01   3.248011E+01
   4.727500E+01   3.250194E+01
   4.735864E+01   3.248607E+01
   4.744223E+01   3.240369E+01
   4.744666E+01   3.236892E+01
   4.742203E+01   3.234616E+01
   4.753849E+01   3.223170E+01
   4.753891E+01   3.219371E+01
   4.751709E+01   3.215927E+01
   4.759457E+01   3.212620E+01
   4.767020E+01   3.202922E+01
   4.769643E+01   3.203131E+01
   4.774860E+01   3.193173E+01
   4.779280E+01   3.189979E+01
   4.779806E+01   3.186668E+01
   4.787415E+01   3.180100E+01
   4.770737E+01   3.140635E+01
   4.770431E+01   3.101148E+01
   4.803961E+01   3.100208E+01
   4.803469E+01   3.048617E+01
   4.815697E+01   3.044326E+01
   4.819127E+01   3.040370E+01
   4.821028E+01   3.032729E+01
   4.824934E+01   3.034963E+01
   4.827708E+01   3.034510E+01
   4.841486E+01   3.021872E+01
   4.842733E+01   3.017446E+01
   4.839303E+01   3.012508E+01
   4.844640E+01   3.007841E+01
   4.846454E+01   3.000202E+01
   4.861961E+01   2.994102E+01
   4.890161E+01   2.977208E+01
   4.855231E+01   2.975897E+01
   4.844059E+01   2.981249E+01
   4.817793E+01   3.001042E+01
   4.807962E+01   3.001814E+01
   4.801383E+01   2.998550E+01
   4.795253E+01   3.000281E+01
END
END
