none
1
   2.450329E+00   5.121732E+01
   2.548804E+00   5.109759E+01
   2.570482E+00   5.107409E+01
   2.587412E+00   5.101763E+01
   2.598448E+00   5.100510E+01
   2.615575E+00   5.099749E+01
   2.639859E+00   5.095766E+01
   2.642247E+00   5.094578E+01
   2.624519E+00   5.092560E+01
   2.619620E+00   5.091067E+01
   2.623964E+00   5.086071E+01
   2.627811E+00   5.085054E+01
   2.637859E+00   5.083696E+01
   2.651102E+00   5.082906E+01
   2.732666E+00   5.081738E+01
   2.799950E+00   5.073795E+01
   2.816552E+00   5.073092E+01
   2.852648E+00   5.073335E+01
   2.890719E+00   5.071620E+01
   2.904925E+00   5.071536E+01
   2.916096E+00   5.072418E+01
   2.935084E+00   5.075592E+01
   3.007184E+00   5.078377E+01
   3.082183E+00   5.078749E+01
   3.092439E+00   5.079092E+01
   3.114119E+00   5.080566E+01
   3.148768E+00   5.080195E+01
   3.215401E+00   5.073111E+01
   3.221487E+00   5.072670E+01
   3.270507E+00   5.070375E+01
   3.275448E+00   5.067757E+01
   3.265761E+00   5.066040E+01
   3.265877E+00   5.064054E+01
   3.289219E+00   5.060028E+01
   3.292195E+00   5.055037E+01
   3.305598E+00   5.053267E+01
   3.375514E+00   5.050839E+01
   3.389804E+00   5.050884E+01
   3.474798E+00   5.054445E+01
   3.521730E+00   5.053459E+01
   3.532662E+00   5.051873E+01
   3.547788E+00   5.051012E+01
   3.615234E+00   5.050558E+01
   3.673778E+00   5.045642E+01
   3.684152E+00   5.035277E+01
   3.690097E+00   5.034044E+01
   3.702583E+00   5.033482E+01
   3.715758E+00   5.033854E+01
   3.749349E+00   5.036279E+01
   3.841089E+00   5.036558E+01
   3.901887E+00   5.034360E+01
   3.913173E+00   5.034291E+01
   4.026717E+00   5.036904E+01
   4.137610E+00   5.029984E+01
   4.143881E+00   5.029727E+01
   4.214438E+00   5.028167E+01
   4.229037E+00   5.026664E+01
   4.230782E+00   5.025233E+01
   4.170843E+00   5.018579E+01
   4.166015E+00   5.016888E+01
   4.176401E+00   5.015470E+01
   4.211948E+00   5.013602E+01
   4.240742E+00   5.007102E+01
   4.237798E+00   5.006584E+01
   4.229309E+00   5.005441E+01
   4.181645E+00   5.003436E+01
   4.171770E+00   5.002537E+01
   4.169755E+00   5.001217E+01
   4.176498E+00   5.000065E+01
   4.184418E+00   4.999396E+01
   4.172422E+00   4.997781E+01
   4.139991E+00   4.997767E+01
   4.121341E+00   4.997218E+01
   4.115752E+00   4.997376E+01
   4.105503E+00   4.996958E+01
   4.097524E+00   4.997088E+01
   4.086696E+00   4.996764E+01
   4.080975E+00   4.997018E+01
   4.078807E+00   4.997845E+01
   4.058942E+00   4.998342E+01
   4.038082E+00   4.998446E+01
   4.031038E+00   4.998092E+01
   4.019334E+00   4.998437E+01
   4.011260E+00   4.998453E+01
   4.003496E+00   4.999450E+01
   3.980563E+00   4.999254E+01
   3.978518E+00   5.000284E+01
   3.993867E+00   5.002748E+01
   3.990125E+00   5.003855E+01
   3.984720E+00   5.004205E+01
   3.980803E+00   5.004146E+01
   3.973759E+00   5.003563E+01
   3.969207E+00   5.003551E+01
   3.958252E+00   5.003122E+01
   3.950282E+00   5.002557E+01
   3.944701E+00   5.002866E+01
   3.930597E+00   5.002431E+01
   3.923428E+00   5.002479E+01
   3.914871E+00   5.001894E+01
   3.897641E+00   5.001453E+01
   3.893251E+00   5.000843E+01
   3.887435E+00   5.000834E+01
   3.885810E+00   5.000981E+01
   3.885114E+00   5.002199E+01
   3.877799E+00   5.002638E+01
   3.869716E+00   5.003636E+01
   3.848341E+00   5.003767E+01
   3.835153E+00   5.004631E+01
   3.815465E+00   5.003786E+01
   3.794700E+00   5.004749E+01
   3.777460E+00   5.004485E+01
   3.771552E+00   5.004963E+01
   3.746667E+00   5.005161E+01
   3.735509E+00   5.005863E+01
   3.721798E+00   5.006234E+01
   3.714510E+00   5.006678E+01
   3.676082E+00   5.005490E+01
   3.666077E+00   5.005365E+01
   3.661885E+00   5.005114E+01
   3.660089E+00   5.004905E+01
   3.659531E+00   5.004315E+01
   3.663580E+00   5.003905E+01
   3.661160E+00   5.002962E+01
   3.659373E+00   5.002812E+01
   3.653508E+00   5.003269E+01
   3.640627E+00   5.003693E+01
   3.634008E+00   5.003428E+01
   3.630686E+00   5.003002E+01
   3.614624E+00   5.002405E+01
   3.609577E+00   5.002719E+01
   3.602594E+00   5.003719E+01
   3.593795E+00   5.004260E+01
   3.578434E+00   5.004609E+01
   3.570620E+00   5.005095E+01
   3.557507E+00   5.005293E+01
   3.547301E+00   5.005241E+01
   3.545181E+00   5.005033E+01
   3.544583E+00   5.004521E+01
   3.532700E+00   5.004342E+01
   3.530001E+00   5.003626E+01
   3.509106E+00   5.003347E+01
   3.504958E+00   5.002794E+01
   3.490134E+00   5.001759E+01
   3.470667E+00   5.001984E+01
   3.464480E+00   5.001875E+01
   3.445556E+00   5.002181E+01
   3.428730E+00   5.002076E+01
   3.423162E+00   5.002668E+01
   3.413274E+00   5.002452E+01
   3.399599E+00   5.003269E+01
   3.388978E+00   5.002925E+01
   3.382610E+00   5.003040E+01
   3.375946E+00   5.003506E+01
   3.362884E+00   5.003501E+01
   3.354722E+00   5.003340E+01
   3.351959E+00   5.002657E+01
   3.344859E+00   5.002531E+01
   3.337446E+00   5.001598E+01
   3.329013E+00   5.001459E+01
   3.311371E+00   5.001832E+01
   3.297326E+00   5.001634E+01
   3.285934E+00   5.001252E+01
   3.282479E+00   5.001425E+01
   3.277799E+00   5.001322E+01
   3.274077E+00   5.001604E+01
   3.272142E+00   5.002014E+01
   3.272665E+00   5.002463E+01
   3.268313E+00   5.002854E+01
   3.261269E+00   5.002892E+01
   3.258348E+00   5.002310E+01
   3.241871E+00   5.002878E+01
   3.234910E+00   5.002665E+01
   3.229017E+00   5.002936E+01
   3.223610E+00   5.002490E+01
   3.197927E+00   5.001376E+01
   3.192339E+00   5.001431E+01
   3.172924E+00   5.001010E+01
   3.166844E+00   5.001862E+01
   3.158072E+00   5.001705E+01
   3.152523E+00   5.001837E+01
   3.148629E+00   5.001675E+01
   3.146257E+00   5.001759E+01
   3.145521E+00   5.002244E+01
   3.143215E+00   5.002400E+01
   3.124786E+00   5.002294E+01
   3.118197E+00   5.002490E+01
   3.111755E+00   5.003808E+01
   3.092368E+00   5.004573E+01
   3.083138E+00   5.004679E+01
   3.079602E+00   5.004450E+01
   3.074137E+00   5.004410E+01
   3.070342E+00   5.004653E+01
   3.046105E+00   5.005314E+01
   3.033341E+00   5.005383E+01
   3.029798E+00   5.005559E+01
   3.025015E+00   5.005340E+01
   3.013538E+00   5.005713E+01
   2.999005E+00   5.005086E+01
   2.996795E+00   5.004832E+01
   2.991619E+00   5.004907E+01
   2.980318E+00   5.004560E+01
   2.971852E+00   5.004033E+01
   2.967658E+00   5.004183E+01
   2.965611E+00   5.004771E+01
   2.946081E+00   5.005237E+01
   2.941362E+00   5.004904E+01
   2.939100E+00   5.004480E+01
   2.933492E+00   5.004221E+01
   2.922532E+00   5.004218E+01
   2.919092E+00   5.003880E+01
   2.917630E+00   5.003387E+01
   2.910094E+00   5.003570E+01
   2.896332E+00   5.003561E+01
   2.881873E+00   5.002947E+01
   2.877964E+00   5.001948E+01
   2.874502E+00   5.001873E+01
   2.870525E+00   5.002032E+01
   2.863478E+00   5.001869E+01
   2.860881E+00   5.002224E+01
   2.856261E+00   5.002271E+01
   2.852992E+00   5.002707E+01
   2.848578E+00   5.002860E+01
   2.848461E+00   5.003038E+01
   2.857918E+00   5.003614E+01
   2.863989E+00   5.003441E+01
   2.869707E+00   5.003639E+01
   2.872250E+00   5.003859E+01
   2.873338E+00   5.004477E+01
   2.866323E+00   5.005160E+01
   2.862320E+00   5.005857E+01
   2.854769E+00   5.006103E+01
   2.853588E+00   5.007425E+01
   2.850474E+00   5.007641E+01
   2.839417E+00   5.007102E+01
   2.836592E+00   5.006522E+01
   2.831730E+00   5.006188E+01
   2.825193E+00   5.006430E+01
   2.811871E+00   5.005683E+01
   2.805639E+00   5.005866E+01
   2.789248E+00   5.004411E+01
   2.782447E+00   5.004678E+01
   2.776874E+00   5.004221E+01
   2.764035E+00   5.003717E+01
   2.751859E+00   5.003798E+01
   2.741328E+00   5.004854E+01
   2.759183E+00   5.005974E+01
   2.757884E+00   5.006885E+01
   2.768390E+00   5.007660E+01
   2.772197E+00   5.008646E+01
   2.777411E+00   5.008964E+01
   2.776759E+00   5.010888E+01
   2.773575E+00   5.011159E+01
   2.762981E+00   5.010852E+01
   2.757350E+00   5.011113E+01
   2.749980E+00   5.011114E+01
   2.740511E+00   5.011691E+01
   2.736380E+00   5.012159E+01
   2.729671E+00   5.012455E+01
   2.713060E+00   5.012581E+01
   2.711629E+00   5.012339E+01
   2.713155E+00   5.011868E+01
   2.711970E+00   5.011432E+01
   2.715145E+00   5.010924E+01
   2.702653E+00   5.010624E+01
   2.700344E+00   5.010422E+01
   2.700714E+00   5.010037E+01
   2.703977E+00   5.009679E+01
   2.720275E+00   5.008813E+01
   2.716159E+00   5.008311E+01
   2.707815E+00   5.008179E+01
   2.704210E+00   5.007948E+01
   2.690951E+00   5.009069E+01
   2.682462E+00   5.009329E+01
   2.671137E+00   5.009260E+01
   2.666694E+00   5.009621E+01
   2.658365E+00   5.009816E+01
   2.650368E+00   5.009323E+01
   2.643593E+00   5.009617E+01
   2.638371E+00   5.009596E+01
   2.624791E+00   5.010804E+01
   2.613288E+00   5.010907E+01
   2.602621E+00   5.010567E+01
   2.592981E+00   5.010535E+01
   2.587244E+00   5.011051E+01
   2.575744E+00   5.011217E+01
   2.570813E+00   5.011582E+01
   2.568243E+00   5.012023E+01
   2.570479E+00   5.012484E+01
   2.576259E+00   5.012873E+01
   2.577766E+00   5.013278E+01
   2.576624E+00   5.013538E+01
   2.573974E+00   5.013641E+01
   2.568075E+00   5.013466E+01
   2.554310E+00   5.014074E+01
   2.547748E+00   5.013490E+01
   2.548420E+00   5.012206E+01
   2.533370E+00   5.011273E+01
   2.522995E+00   5.012482E+01
   2.518443E+00   5.012774E+01
   2.512304E+00   5.013947E+01
   2.481732E+00   5.013685E+01
   2.456519E+00   5.012756E+01
   2.450760E+00   5.012322E+01
   2.431465E+00   5.008818E+01
   2.427992E+00   5.008632E+01
   2.418333E+00   5.008670E+01
   2.411968E+00   5.009830E+01
   2.400057E+00   5.010064E+01
   2.395265E+00   5.010589E+01
   2.390072E+00   5.010523E+01
   2.374661E+00   5.010839E+01
   2.376369E+00   5.011519E+01
   2.375053E+00   5.011982E+01
   2.383700E+00   5.013307E+01
   2.381301E+00   5.014018E+01
   2.389974E+00   5.014394E+01
   2.387150E+00   5.015310E+01
   2.388174E+00   5.015593E+01
   2.397530E+00   5.015836E+01
   2.402708E+00   5.016609E+01
   2.412521E+00   5.016575E+01
   2.414433E+00   5.016903E+01
   2.413911E+00   5.017402E+01
   2.425773E+00   5.018019E+01
   2.432369E+00   5.018002E+01
   2.440584E+00   5.018276E+01
   2.452376E+00   5.018171E+01
   2.469514E+00   5.018907E+01
   2.492490E+00   5.019568E+01
   2.492990E+00   5.019954E+01
   2.485701E+00   5.020608E+01
   2.474865E+00   5.020729E+01
   2.465831E+00   5.021157E+01
   2.449220E+00   5.022801E+01
   2.433466E+00   5.022585E+01
   2.417883E+00   5.022691E+01
   2.413268E+00   5.022820E+01
   2.409867E+00   5.023288E+01
   2.404223E+00   5.023248E+01
   2.392695E+00   5.022319E+01
   2.382043E+00   5.022370E+01
   2.379854E+00   5.021743E+01
   2.374989E+00   5.021540E+01
   2.374066E+00   5.021067E+01
   2.371201E+00   5.020779E+01
   2.358711E+00   5.020511E+01
   2.354047E+00   5.020670E+01
   2.355469E+00   5.021349E+01
   2.348037E+00   5.022241E+01
   2.339730E+00   5.022840E+01
   2.334482E+00   5.023521E+01
   2.331022E+00   5.023615E+01
   2.326612E+00   5.023479E+01
   2.325095E+00   5.023118E+01
   2.332100E+00   5.022374E+01
   2.334165E+00   5.021827E+01
   2.332981E+00   5.021512E+01
   2.327337E+00   5.021192E+01
   2.318886E+00   5.021787E+01
   2.298230E+00   5.021091E+01
   2.284971E+00   5.022092E+01
   2.269499E+00   5.022677E+01
   2.255844E+00   5.021520E+01
   2.246248E+00   5.020984E+01
   2.240691E+00   5.021202E+01
   2.223979E+00   5.020697E+01
   2.220455E+00   5.020843E+01
   2.221475E+00   5.021298E+01
   2.220034E+00   5.021527E+01
   2.214999E+00   5.021610E+01
   2.192720E+00   5.020795E+01
   2.182493E+00   5.020843E+01
   2.174016E+00   5.020651E+01
   2.160684E+00   5.019391E+01
   2.148908E+00   5.018965E+01
   2.146140E+00   5.019141E+01
   2.142927E+00   5.020005E+01
   2.128594E+00   5.020867E+01
   2.121236E+00   5.020839E+01
   2.115090E+00   5.020201E+01
   2.105086E+00   5.020479E+01
   2.097649E+00   5.020416E+01
   2.093780E+00   5.020052E+01
   2.085004E+00   5.020010E+01
   2.082307E+00   5.020450E+01
   2.082557E+00   5.021557E+01
   2.079131E+00   5.021859E+01
   2.074851E+00   5.021756E+01
   2.072452E+00   5.021874E+01
   2.069929E+00   5.022478E+01
   2.066496E+00   5.022699E+01
   2.065744E+00   5.023158E+01
   2.062224E+00   5.023432E+01
   2.063393E+00   5.024133E+01
   2.070926E+00   5.024641E+01
   2.070394E+00   5.024907E+01
   2.064286E+00   5.025413E+01
   2.056195E+00   5.025328E+01
   2.047116E+00   5.025567E+01
   2.041710E+00   5.026127E+01
   2.025713E+00   5.026794E+01
   2.010252E+00   5.026663E+01
   1.977907E+00   5.028048E+01
   1.968304E+00   5.028079E+01
   1.963953E+00   5.028335E+01
   1.960843E+00   5.028885E+01
   1.957775E+00   5.028872E+01
   1.952523E+00   5.028452E+01
   1.945306E+00   5.028667E+01
   1.940514E+00   5.029331E+01
   1.930411E+00   5.029934E+01
   1.933911E+00   5.030297E+01
   1.952647E+00   5.031084E+01
   1.960232E+00   5.031711E+01
   1.958552E+00   5.032282E+01
   1.952509E+00   5.032823E+01
   1.948358E+00   5.032958E+01
   1.939036E+00   5.032892E+01
   1.934742E+00   5.032366E+01
   1.927089E+00   5.031970E+01
   1.919734E+00   5.031047E+01
   1.908972E+00   5.031013E+01
   1.898653E+00   5.031215E+01
   1.893835E+00   5.031681E+01
   1.880835E+00   5.031692E+01
   1.871266E+00   5.032353E+01
   1.872236E+00   5.032887E+01
   1.869866E+00   5.033246E+01
   1.864176E+00   5.033515E+01
   1.858651E+00   5.033392E+01
   1.849193E+00   5.034207E+01
   1.841169E+00   5.034431E+01
   1.832096E+00   5.034345E+01
   1.803241E+00   5.035839E+01
   1.763335E+00   5.036004E+01
   1.759434E+00   5.035674E+01
   1.744527E+00   5.035471E+01
   1.740728E+00   5.034966E+01
   1.732487E+00   5.034793E+01
   1.728817E+00   5.034484E+01
   1.704707E+00   5.034220E+01
   1.693498E+00   5.033660E+01
   1.687152E+00   5.033671E+01
   1.676462E+00   5.033119E+01
   1.665421E+00   5.032847E+01
   1.661300E+00   5.033075E+01
   1.659471E+00   5.033442E+01
   1.644020E+00   5.033836E+01
   1.641035E+00   5.034475E+01
   1.641653E+00   5.034967E+01
   1.626358E+00   5.035924E+01
   1.627088E+00   5.036632E+01
   1.623514E+00   5.036881E+01
   1.446341E+00   5.036408E+01
   1.278311E+00   5.079856E+01
   2.316367E+00   5.128121E+01
   2.450329E+00   5.121732E+01
END
END
