none
1
   -6.907322E+01   4.729567E+01
   -6.906999E+01   4.741092E+01
   -6.922424E+01   4.744463E+01
   -6.998891E+01   4.669363E+01
   -7.006195E+01   4.641070E+01
   -7.017586E+01   4.633538E+01
   -7.027316E+01   4.599022E+01
   -7.022569E+01   4.594403E+01
   -7.025417E+01   4.587468E+01
   -7.036334E+01   4.582013E+01
   -7.037520E+01   4.573075E+01
   -7.067659E+01   4.556319E+01
   -7.060302E+01   4.541179E+01
   -7.063387E+01   4.537346E+01
   -7.071190E+01   4.537540E+01
   -7.077626E+01   4.540013E+01
   -7.082473E+01   4.522714E+01
   -7.090246E+01   4.522525E+01
   -7.098936E+01   4.531088E+01
   -7.105310E+01   4.529866E+01
   -7.111683E+01   4.522933E+01
   -7.123613E+01   4.524302E+01
   -7.128959E+01   4.528578E+01
   -7.137175E+01   4.522117E+01
   -7.143112E+01   4.514037E+01
   -7.142303E+01   4.512765E+01
   -7.148648E+01   4.506221E+01
   -7.149404E+01   4.501093E+01
   -7.232259E+01   4.500286E+01
   -7.254779E+01   4.500506E+01
   -7.263177E+01   4.501210E+01
   -7.301809E+01   4.501210E+01
   -7.393713E+01   4.499512E+01
   -7.423203E+01   4.498552E+01
   -7.449079E+01   4.499343E+01
   -7.470475E+01   4.499877E+01
   -7.474562E+01   4.498526E+01
   -7.477102E+01   4.499748E+01
   -7.470823E+01   4.504834E+01
   -7.440099E+01   4.520433E+01
   -7.451585E+01   4.529328E+01
   -7.441822E+01   4.555326E+01
   -7.486616E+01   4.561757E+01
   -7.560081E+01   4.546594E+01
   -7.563405E+01   4.546394E+01
   -7.567161E+01   4.545896E+01
   -7.568785E+01   4.545361E+01
   -7.569953E+01   4.543866E+01
   -7.570460E+01   4.542263E+01
   -7.571628E+01   4.542085E+01
   -7.572338E+01   4.541675E+01
   -7.574470E+01   4.541265E+01
   -7.575663E+01   4.540998E+01
   -7.577186E+01   4.539038E+01
   -7.579445E+01   4.537629E+01
   -7.582330E+01   4.536870E+01
   -7.586337E+01   4.537636E+01
   -7.590033E+01   4.539753E+01
   -7.596560E+01   4.546234E+01
   -7.608764E+01   4.550462E+01
   -7.621829E+01   4.550663E+01
   -7.623121E+01   4.546335E+01
   -7.636329E+01   4.545328E+01
   -7.663806E+01   4.553669E+01
   -7.667618E+01   4.556263E+01
   -7.686131E+01   4.583657E+01
   -7.692312E+01   4.578734E+01
   -7.697552E+01   4.577482E+01
   -7.709199E+01   4.582532E+01
   -7.720397E+01   4.586433E+01
   -7.728725E+01   4.594824E+01
   -7.729873E+01   4.601309E+01
   -7.749973E+01   4.611371E+01
   -7.764376E+01   4.616382E+01
   -7.868035E+01   4.626714E+01
   -7.962118E+01   4.703180E+01
   -7.960405E+01   5.167068E+01
   -8.120556E+01   5.487325E+01
   -8.114720E+01   6.257469E+01
   -7.525368E+01   6.313454E+01
   -6.480872E+01   6.100034E+01
   -6.430659E+01   6.041071E+01
   -6.458227E+01   6.025540E+01
   -6.460733E+01   5.992367E+01
   -6.478903E+01   5.963303E+01
   -6.469164E+01   5.948116E+01
   -6.444443E+01   5.956316E+01
   -6.430033E+01   5.951862E+01
   -6.444443E+01   5.921801E+01
   -6.421261E+01   5.896653E+01
   -6.480087E+01   5.899877E+01
   -6.418128E+01   5.889851E+01
   -6.413742E+01   5.880110E+01
   -6.371137E+01   5.891472E+01
   -6.343569E+01   5.878484E+01
   -6.381788E+01   5.845472E+01
   -6.430033E+01   5.814798E+01
   -6.400585E+01   5.784858E+01
   -6.355480E+01   5.777773E+01
   -6.384295E+01   5.672224E+01
   -6.377403E+01   5.614252E+01
   -6.340436E+01   5.603042E+01
   -6.369884E+01   5.587574E+01
   -6.361112E+01   5.545074E+01
   -6.327240E+01   5.543167E+01
   -6.338557E+01   5.520068E+01
   -6.354220E+01   5.488407E+01
   -6.370511E+01   5.459041E+01
   -6.411046E+01   5.457610E+01
   -6.433165E+01   5.469942E+01
   -6.478903E+01   5.469942E+01
   -6.505845E+01   5.490574E+01
   -6.530907E+01   5.471394E+01
   -6.568499E+01   5.468491E+01
   -6.619876E+01   5.494543E+01
   -6.661228E+01   5.519351E+01
   -6.668747E+01   5.512895E+01
   -6.648071E+01   5.477193E+01
   -6.664361E+01   5.468491E+01
   -6.699242E+01   5.480973E+01
   -6.735161E+01   5.504988E+01
   -6.701954E+01   5.468491E+01
   -6.757090E+01   5.414407E+01
   -6.726538E+01   5.357011E+01
   -6.692556E+01   5.356249E+01
   -6.683157E+01   5.334183E+01
   -6.693182E+01   5.306721E+01
   -6.725763E+01   5.307098E+01
   -6.691929E+01   5.276422E+01
   -6.643058E+01   5.310116E+01
   -6.617512E+01   5.286323E+01
   -6.632390E+01   5.233088E+01
   -6.592291E+01   5.215010E+01
   -6.542793E+01   5.213468E+01
   -6.525877E+01   5.190662E+01
   -6.479512E+01   5.181351E+01
   -6.450064E+01   5.167738E+01
   -6.419364E+01   5.273589E+01
   -6.359859E+01   5.289325E+01
   -6.334797E+01   5.269576E+01
   -6.336033E+01   5.262164E+01
   -6.401194E+01   5.251475E+01
   -6.373626E+01   5.234240E+01
   -6.357353E+01   5.205539E+01
   -6.374941E+01   5.201655E+01
   -5.703236E+01   5.203258E+01
   -5.708762E+01   5.134330E+01
   -5.937981E+01   5.002875E+01
   -6.170669E+01   4.682974E+01
   -6.352559E+01   4.836177E+01
   -6.547798E+01   4.791882E+01
   -6.600493E+01   4.800555E+01
   -6.629605E+01   4.803484E+01
   -6.635912E+01   4.807448E+01
   -6.646686E+01   4.808064E+01
   -6.653650E+01   4.804012E+01
   -6.669287E+01   4.800486E+01
   -6.677039E+01   4.799164E+01
   -6.684923E+01   4.799605E+01
   -6.692412E+01   4.797664E+01
   -6.692938E+01   4.790247E+01
   -6.696617E+01   4.788657E+01
   -6.705683E+01   4.791838E+01
   -6.718560E+01   4.787066E+01
   -6.729992E+01   4.787684E+01
   -6.737481E+01   4.784147E+01
   -6.761001E+01   4.792986E+01
   -6.766155E+01   4.799687E+01
   -6.811580E+01   4.799667E+01
   -6.811457E+01   4.791484E+01
   -6.837474E+01   4.791219E+01
   -6.837737E+01   4.765715E+01
   -6.838032E+01   4.754319E+01
   -6.856972E+01   4.741993E+01
   -6.877914E+01   4.735036E+01
   -6.906734E+01   4.729340E+01
   -6.907322E+01   4.729567E+01
END
END
