none
1
   8.330000E+00   4.340000E+00
   8.354096E+00   4.538881E+00
   8.530155E+00   4.807464E+00
   8.785262E+00   5.258442E+00
   8.824786E+00   5.841363E+00
   9.312640E+00   6.353575E+00
   9.750000E+00   6.810000E+00
   1.009260E+01   7.036171E+00
   1.057820E+01   7.180038E+00
   1.076000E+01   7.030000E+00
   1.126807E+01   6.562907E+00
   1.159144E+01   7.016025E+00
   1.198267E+01   7.667555E+00
   1.222000E+01   8.440000E+00
   1.241970E+01   8.627318E+00
   1.276269E+01   8.830729E+00
   1.283510E+01   9.385137E+00
   1.299897E+01   9.507942E+00
   1.319968E+01   9.580602E+00
   1.322001E+01   9.893611E+00
   1.325050E+01   1.008878E+01
   1.347033E+01   1.019999E+01
   1.350954E+01   1.044749E+01
   1.356700E+01   1.067873E+01
   1.371967E+01   1.100489E+01
   1.396984E+01   1.131875E+01
   1.456332E+01   1.152008E+01
   1.447000E+01   1.230000E+01
   1.422176E+01   1.234971E+01
   1.416006E+01   1.240233E+01
   1.416000E+01   1.250000E+01
   1.407143E+01   1.309278E+01
   1.447984E+01   1.309278E+01
   1.460000E+01   1.281000E+01
   1.484000E+01   1.268000E+01
   1.491626E+01   1.238378E+01
   1.491575E+01   1.233157E+01
   1.492475E+01   1.213122E+01
   1.498734E+01   1.210861E+01
   1.499829E+01   1.212413E+01
   1.502126E+01   1.211957E+01
   1.502942E+01   1.211327E+01
   1.503903E+01   1.210649E+01
   1.503752E+01   1.209308E+01
   1.504784E+01   1.207709E+01
   1.506471E+01   1.205960E+01
   1.509139E+01   1.200680E+01
   1.513015E+01   1.178886E+01
   1.512000E+01   1.165000E+01
   1.515554E+01   1.156098E+01
   1.510000E+01   1.122000E+01
   1.512060E+01   1.109014E+01
   1.510000E+01   1.099000E+01
   1.512492E+01   1.075722E+01
   1.528000E+01   1.046000E+01
   1.536423E+01   1.027877E+01
   1.538343E+01   1.025870E+01
   1.540207E+01   1.024765E+01
   1.542610E+01   1.021428E+01
   1.545642E+01   1.018997E+01
   1.556000E+01   1.012000E+01
   1.571054E+01   9.988927E+00
   1.545000E+01   9.900000E+00
   1.511946E+01   9.940535E+00
   1.481233E+01   9.922539E+00
   1.427876E+01   9.968547E+00
   1.417000E+01   9.810000E+00
   1.403000E+01   9.680000E+00
   1.403000E+01   9.660000E+00
   1.406000E+01   9.650000E+00
   1.511774E+01   8.679755E+00
   1.524000E+01   8.530000E+00
   1.563000E+01   7.790000E+00
   1.558304E+01   7.600266E+00
   1.548423E+01   7.390087E+00
   1.506923E+01   6.760744E+00
   1.497042E+01   6.709005E+00
   1.480873E+01   6.266320E+00
   1.453041E+01   6.123297E+00
   1.462766E+01   5.895704E+00
   1.486061E+01   4.617989E+00
   1.507462E+01   4.355954E+00
   1.523000E+01   4.070000E+00
   1.582000E+01   3.140000E+00
   1.597156E+01   3.115917E+00
   1.612240E+01   2.895973E+00
   1.620305E+01   2.198976E+00
   1.616203E+01   1.680741E+00
   1.606000E+01   1.648733E+00
   1.600000E+01   1.660000E+00
   1.598000E+01   1.730000E+00
   1.586000E+01   1.760000E+00
   1.488180E+01   1.990523E+00
   1.459191E+01   2.122335E+00
   1.442000E+01   2.090000E+00
   1.436000E+01   2.130000E+00
   1.329773E+01   2.154362E+00
   1.310000E+01   2.200000E+00
   1.224000E+01   2.240000E+00
   1.175617E+01   2.248976E+00
   1.167898E+01   2.292566E+00
   1.140641E+01   2.285132E+00
   1.139000E+01   2.230000E+00
   1.136485E+01   2.178976E+00
   1.135180E+01   2.151543E+00
   9.943052E+00   2.149748E+00
   9.922943E+00   2.169216E+00
   9.640000E+00   2.400000E+00
   9.510000E+00   3.410000E+00
   8.770000E+00   3.960000E+00
   8.350000E+00   4.310000E+00
   8.330000E+00   4.340000E+00
END
END
