none
1
   -5.418347E+01   2.162426E+00
   -5.425159E+01   2.136966E+00
   -5.433231E+01   2.155395E+00
   -5.436687E+01   2.198323E+00
   -5.440335E+01   2.187795E+00
   -5.446251E+01   2.199569E+00
   -5.454610E+01   2.260008E+00
   -5.455230E+01   2.276711E+00
   -5.453651E+01   2.292968E+00
   -5.454741E+01   2.307824E+00
   -5.461269E+01   2.328134E+00
   -5.457573E+01   2.364580E+00
   -5.452287E+01   2.349023E+00
   -5.449150E+01   2.435172E+00
   -5.443252E+01   2.435628E+00
   -5.438193E+01   2.491933E+00
   -5.432138E+01   2.639436E+00
   -5.420948E+01   2.785751E+00
   -5.420769E+01   2.828638E+00
   -5.418453E+01   2.850999E+00
   -5.420382E+01   2.878111E+00
   -5.417083E+01   2.954410E+00
   -5.418986E+01   2.975459E+00
   -5.418028E+01   3.013811E+00
   -5.419972E+01   3.057778E+00
   -5.417945E+01   3.080934E+00
   -5.418501E+01   3.114600E+00
   -5.421609E+01   3.115307E+00
   -5.421578E+01   3.147815E+00
   -5.419286E+01   3.204980E+00
   -5.411912E+01   3.292237E+00
   -5.408120E+01   3.314832E+00
   -5.406777E+01   3.375268E+00
   -5.401200E+01   3.446850E+00
   -5.402296E+01   3.542185E+00
   -5.399417E+01   3.595867E+00
   -5.401305E+01   3.627143E+00
   -5.406064E+01   3.626419E+00
   -5.413166E+01   3.779185E+00
   -5.419790E+01   3.801829E+00
   -5.420500E+01   3.837796E+00
   -5.429457E+01   3.922651E+00
   -5.431973E+01   3.989181E+00
   -5.436933E+01   4.030742E+00
   -5.434220E+01   4.140715E+00
   -5.441662E+01   4.187761E+00
   -5.440639E+01   4.292625E+00
   -5.444414E+01   4.375630E+00
   -5.446213E+01   4.507816E+00
   -5.443000E+01   4.592343E+00
   -5.444953E+01   4.653595E+00
   -5.444492E+01   4.709280E+00
   -5.448720E+01   4.745353E+00
   -5.448333E+01   4.855713E+00
   -5.449637E+01   4.899220E+00
   -5.445361E+01   4.942628E+00
   -5.444721E+01   5.019614E+00
   -5.441466E+01   5.088314E+00
   -5.438228E+01   5.114862E+00
   -5.430499E+01   5.246102E+00
   -5.420089E+01   5.321311E+00
   -5.401698E+01   5.555199E+00
   -5.403498E+01   5.638536E+00
   -5.398373E+01   5.752480E+00
   -5.375498E+01   6.370288E+00
   -5.149161E+01   5.061866E+00
   -5.161913E+01   4.176157E+00
   -5.165092E+01   4.046444E+00
   -5.175768E+01   3.984570E+00
   -5.178880E+01   3.882626E+00
   -5.186447E+01   3.799045E+00
   -5.192138E+01   3.768086E+00
   -5.192335E+01   3.721120E+00
   -5.197012E+01   3.701475E+00
   -5.198964E+01   3.614802E+00
   -5.207187E+01   3.503880E+00
   -5.207179E+01   3.480820E+00
   -5.215418E+01   3.340842E+00
   -5.223344E+01   3.231343E+00
   -5.225832E+01   3.238611E+00
   -5.227751E+01   3.225851E+00
   -5.229890E+01   3.173342E+00
   -5.234332E+01   3.123577E+00
   -5.232419E+01   3.067575E+00
   -5.240056E+01   2.930952E+00
   -5.238655E+01   2.898505E+00
   -5.243114E+01   2.871940E+00
   -5.252409E+01   2.645915E+00
   -5.254932E+01   2.633188E+00
   -5.252944E+01   2.576667E+00
   -5.255270E+01   2.520082E+00
   -5.258737E+01   2.466817E+00
   -5.263899E+01   2.431111E+00
   -5.266973E+01   2.365569E+00
   -5.278999E+01   2.291236E+00
   -5.283980E+01   2.278483E+00
   -5.289015E+01   2.197096E+00
   -5.296309E+01   2.163981E+00
   -5.305532E+01   2.175885E+00
   -5.310543E+01   2.212500E+00
   -5.326987E+01   2.183841E+00
   -5.328091E+01   2.214157E+00
   -5.322846E+01   2.253889E+00
   -5.333096E+01   2.343598E+00
   -5.334667E+01   2.308069E+00
   -5.345345E+01   2.248934E+00
   -5.352972E+01   2.239167E+00
   -5.355976E+01   2.261092E+00
   -5.373813E+01   2.303166E+00
   -5.374706E+01   2.322903E+00
   -5.373046E+01   2.342610E+00
   -5.374722E+01   2.363494E+00
   -5.380096E+01   2.338109E+00
   -5.381195E+01   2.301125E+00
   -5.386057E+01   2.294941E+00
   -5.388128E+01   2.259352E+00
   -5.392221E+01   2.264835E+00
   -5.391853E+01   2.232206E+00
   -5.393529E+01   2.210846E+00
   -5.401111E+01   2.171581E+00
   -5.405422E+01   2.184498E+00
   -5.407094E+01   2.130301E+00
   -5.409610E+01   2.105680E+00
   -5.414970E+01   2.112418E+00
   -5.418347E+01   2.162426E+00
END
END
