none
1
   -2.288537E+00   5.363387E+01
   -2.296325E+00   5.364108E+01
   -2.298728E+00   5.365067E+01
   -2.293493E+00   5.365599E+01
   -2.293450E+00   5.365747E+01
   -2.296325E+00   5.366258E+01
   -2.296153E+00   5.366405E+01
   -2.300102E+00   5.366649E+01
   -2.304908E+00   5.366385E+01
   -2.306796E+00   5.366044E+01
   -2.311775E+00   5.365958E+01
   -2.316495E+00   5.365530E+01
   -2.314607E+00   5.365408E+01
   -2.355892E+00   5.365998E+01
   -2.355119E+00   5.366395E+01
   -2.370765E+00   5.366592E+01
   -2.374551E+00   5.368704E+01
   -2.409913E+00   5.370386E+01
   -2.420139E+00   5.370842E+01
   -2.417993E+00   5.371083E+01
   -2.431971E+00   5.371900E+01
   -2.432916E+00   5.372692E+01
   -2.436048E+00   5.373025E+01
   -2.436864E+00   5.373017E+01
   -2.441584E+00   5.374233E+01
   -2.441198E+00   5.374312E+01
   -2.441928E+00   5.374492E+01
   -2.439696E+00   5.374698E+01
   -2.439567E+00   5.374875E+01
   -2.451240E+00   5.375637E+01
   -2.451755E+00   5.376205E+01
   -2.446305E+00   5.376687E+01
   -2.454116E+00   5.377085E+01
   -2.453558E+00   5.377146E+01
   -2.453858E+00   5.377288E+01
   -2.469522E+00   5.378132E+01
   -2.473728E+00   5.377970E+01
   -2.477762E+00   5.378049E+01
   -2.481066E+00   5.377455E+01
   -2.482611E+00   5.377422E+01
   -2.483255E+00   5.377349E+01
   -2.508938E+00   5.376937E+01
   -2.511362E+00   5.376671E+01
   -2.513689E+00   5.376666E+01
   -2.515422E+00   5.376547E+01
   -2.515584E+00   5.376487E+01
   -2.518345E+00   5.376422E+01
   -2.522882E+00   5.376031E+01
   -2.545050E+00   5.375871E+01
   -2.550543E+00   5.375511E+01
   -2.552088E+00   5.375054E+01
   -2.554148E+00   5.374912E+01
   -2.556980E+00   5.374892E+01
   -2.561935E+00   5.374589E+01
   -2.561407E+00   5.374459E+01
   -2.563810E+00   5.374317E+01
   -2.564411E+00   5.374185E+01
   -2.563467E+00   5.374109E+01
   -2.563724E+00   5.373997E+01
   -2.559690E+00   5.373753E+01
   -2.558660E+00   5.373560E+01
   -2.556171E+00   5.373393E+01
   -2.555485E+00   5.372560E+01
   -2.554025E+00   5.372519E+01
   -2.550592E+00   5.372616E+01
   -2.546644E+00   5.372469E+01
   -2.545957E+00   5.372154E+01
   -2.541065E+00   5.371940E+01
   -2.540713E+00   5.371797E+01
   -2.539091E+00   5.371783E+01
   -2.538662E+00   5.371316E+01
   -2.541923E+00   5.370996E+01
   -2.541151E+00   5.370782E+01
   -2.541923E+00   5.370554E+01
   -2.533855E+00   5.369700E+01
   -2.520895E+00   5.369436E+01
   -2.520208E+00   5.369344E+01
   -2.518234E+00   5.369334E+01
   -2.518062E+00   5.369258E+01
   -2.516346E+00   5.369171E+01
   -2.518577E+00   5.367804E+01
   -2.520809E+00   5.367530E+01
   -2.525186E+00   5.367499E+01
   -2.526731E+00   5.367372E+01
   -2.532396E+00   5.366421E+01
   -2.527418E+00   5.365490E+01
   -2.522697E+00   5.364575E+01
   -2.524500E+00   5.363949E+01
   -2.517560E+00   5.362947E+01
   -2.511155E+00   5.362657E+01
   -2.526433E+00   5.361598E+01
   -2.546946E+00   5.360875E+01
   -2.546946E+00   5.360845E+01
   -2.549607E+00   5.360722E+01
   -2.551409E+00   5.360738E+01
   -2.552783E+00   5.360463E+01
   -2.555615E+00   5.360397E+01
   -2.558447E+00   5.359958E+01
   -2.573116E+00   5.359432E+01
   -2.580789E+00   5.360018E+01
   -2.579905E+00   5.360105E+01
   -2.583364E+00   5.360385E+01
   -2.582874E+00   5.360446E+01
   -2.584626E+00   5.360534E+01
   -2.584883E+00   5.360509E+01
   -2.586772E+00   5.360656E+01
   -2.586257E+00   5.360728E+01
   -2.587973E+00   5.360784E+01
   -2.587973E+00   5.360814E+01
   -2.588917E+00   5.360799E+01
   -2.594325E+00   5.361069E+01
   -2.615525E+00   5.360264E+01
   -2.616211E+00   5.359928E+01
   -2.618186E+00   5.359689E+01
   -2.618014E+00   5.359592E+01
   -2.620246E+00   5.359454E+01
   -2.621790E+00   5.359464E+01
   -2.622735E+00   5.359388E+01
   -2.626425E+00   5.359363E+01
   -2.627198E+00   5.359536E+01
   -2.628485E+00   5.359566E+01
   -2.628228E+00   5.359689E+01
   -2.631575E+00   5.360015E+01
   -2.631404E+00   5.360157E+01
   -2.631919E+00   5.360239E+01
   -2.631318E+00   5.360351E+01
   -2.631919E+00   5.360463E+01
   -2.631318E+00   5.360539E+01
   -2.631575E+00   5.360702E+01
   -2.636210E+00   5.360850E+01
   -2.658440E+00   5.360473E+01
   -2.659411E+00   5.360388E+01
   -2.688910E+00   5.360437E+01
   -2.690970E+00   5.360315E+01
   -2.692086E+00   5.359495E+01
   -2.697493E+00   5.359322E+01
   -2.697493E+00   5.359256E+01
   -2.698180E+00   5.359230E+01
   -2.698781E+00   5.359271E+01
   -2.702214E+00   5.359118E+01
   -2.701956E+00   5.358873E+01
   -2.702643E+00   5.358741E+01
   -2.713887E+00   5.358170E+01
   -2.714316E+00   5.357865E+01
   -2.719170E+00   5.357589E+01
   -2.717791E+00   5.357602E+01
   -2.715599E+00   5.357506E+01
   -2.717616E+00   5.357254E+01
   -2.714316E+00   5.356866E+01
   -2.712428E+00   5.356825E+01
   -2.712673E+00   5.356720E+01
   -2.711143E+00   5.356620E+01
   -2.711247E+00   5.356466E+01
   -2.706184E+00   5.356366E+01
   -2.705036E+00   5.356259E+01
   -2.704531E+00   5.355984E+01
   -2.707364E+00   5.355479E+01
   -2.709278E+00   5.355414E+01
   -2.710067E+00   5.355304E+01
   -2.710369E+00   5.355056E+01
   -2.718594E+00   5.354333E+01
   -2.715861E+00   5.353903E+01
   -2.714745E+00   5.353908E+01
   -2.714402E+00   5.353832E+01
   -2.715603E+00   5.353801E+01
   -2.715432E+00   5.353143E+01
   -2.716462E+00   5.353026E+01
   -2.715689E+00   5.352975E+01
   -2.721697E+00   5.352434E+01
   -2.725045E+00   5.352403E+01
   -2.731396E+00   5.351919E+01
   -2.755645E+00   5.351520E+01
   -2.755989E+00   5.351469E+01
   -2.759164E+00   5.351392E+01
   -2.760163E+00   5.351243E+01
   -2.770065E+00   5.351397E+01
   -2.770237E+00   5.351489E+01
   -2.769722E+00   5.351561E+01
   -2.783025E+00   5.353117E+01
   -2.795128E+00   5.352091E+01
   -2.809976E+00   5.351653E+01
   -2.811092E+00   5.351418E+01
   -2.816414E+00   5.351229E+01
   -2.820705E+00   5.350519E+01
   -2.817873E+00   5.350075E+01
   -2.817615E+00   5.349973E+01
   -2.818645E+00   5.349779E+01
   -2.818645E+00   5.349585E+01
   -2.825083E+00   5.348273E+01
   -2.860702E+00   5.348446E+01
   -2.875637E+00   5.349172E+01
   -2.876667E+00   5.349172E+01
   -2.876924E+00   5.349253E+01
   -2.887911E+00   5.350142E+01
   -2.887224E+00   5.350193E+01
   -2.887224E+00   5.350254E+01
   -2.887911E+00   5.350285E+01
   -2.889112E+00   5.350928E+01
   -2.890056E+00   5.351009E+01
   -2.890486E+00   5.351229E+01
   -2.881387E+00   5.351984E+01
   -2.881387E+00   5.352020E+01
   -2.889474E+00   5.352219E+01
   -2.890829E+00   5.352178E+01
   -2.891013E+00   5.352209E+01
   -2.897535E+00   5.352170E+01
   -2.897654E+00   5.352205E+01
   -2.898392E+00   5.352158E+01
   -2.899427E+00   5.352198E+01
   -2.925153E+00   5.352648E+01
   -2.925971E+00   5.352915E+01
   -2.933572E+00   5.353280E+01
   -2.935185E+00   5.353623E+01
   -2.935032E+00   5.353663E+01
   -2.936405E+00   5.353714E+01
   -2.936123E+00   5.353833E+01
   -2.937006E+00   5.353887E+01
   -2.936920E+00   5.353928E+01
   -2.938626E+00   5.353894E+01
   -2.938980E+00   5.353984E+01
   -2.940182E+00   5.353969E+01
   -2.941211E+00   5.354132E+01
   -2.944570E+00   5.354139E+01
   -2.945771E+00   5.354271E+01
   -2.947215E+00   5.354246E+01
   -2.966240E+00   5.354772E+01
   -2.969636E+00   5.354715E+01
   -2.971779E+00   5.354784E+01
   -2.976842E+00   5.354623E+01
   -2.976842E+00   5.354582E+01
   -2.977700E+00   5.354557E+01
   -2.978129E+00   5.354353E+01
   -2.972465E+00   5.353720E+01
   -2.972465E+00   5.353623E+01
   -2.962422E+00   5.352292E+01
   -2.963881E+00   5.352057E+01
   -2.963710E+00   5.351858E+01
   -2.975898E+00   5.351516E+01
   -2.983725E+00   5.352098E+01
   -2.989055E+00   5.352152E+01
   -2.992703E+00   5.352393E+01
   -2.994685E+00   5.352395E+01
   -2.994917E+00   5.352498E+01
   -2.995913E+00   5.352505E+01
   -2.996411E+00   5.352598E+01
   -3.000814E+00   5.352729E+01
   -3.000970E+00   5.352819E+01
   -3.008084E+00   5.352936E+01
   -3.009028E+00   5.353034E+01
   -3.008907E+00   5.353159E+01
   -3.011067E+00   5.353255E+01
   -3.012334E+00   5.353187E+01
   -3.013750E+00   5.353247E+01
   -3.013946E+00   5.353469E+01
   -3.015465E+00   5.353483E+01
   -3.016581E+00   5.353572E+01
   -3.018675E+00   5.353563E+01
   -3.025054E+00   5.353903E+01
   -3.027181E+00   5.353801E+01
   -3.027962E+00   5.353893E+01
   -3.031020E+00   5.353821E+01
   -3.031867E+00   5.353726E+01
   -3.035808E+00   5.353914E+01
   -3.036408E+00   5.353858E+01
   -3.038727E+00   5.353832E+01
   -3.039021E+00   5.353887E+01
   -3.038713E+00   5.354027E+01
   -3.040507E+00   5.354168E+01
   -3.041997E+00   5.354142E+01
   -3.042959E+00   5.354044E+01
   -3.044544E+00   5.354072E+01
   -3.044086E+00   5.354159E+01
   -3.044820E+00   5.354261E+01
   -3.050914E+00   5.354480E+01
   -3.048768E+00   5.354771E+01
   -3.047566E+00   5.354802E+01
   -3.046536E+00   5.355051E+01
   -3.046794E+00   5.355113E+01
   -3.045249E+00   5.355158E+01
   -3.042674E+00   5.355097E+01
   -3.041816E+00   5.355194E+01
   -3.039670E+00   5.355077E+01
   -3.039069E+00   5.355215E+01
   -3.039913E+00   5.355245E+01
   -3.038718E+00   5.355281E+01
   -3.039327E+00   5.355429E+01
   -3.035207E+00   5.355322E+01
   -3.035207E+00   5.355266E+01
   -3.031516E+00   5.355317E+01
   -3.031602E+00   5.355347E+01
   -3.038125E+00   5.355617E+01
   -3.037867E+00   5.355719E+01
   -3.038812E+00   5.355770E+01
   -3.040700E+00   5.356265E+01
   -3.040185E+00   5.356515E+01
   -3.022847E+00   5.356989E+01
   -3.022933E+00   5.357351E+01
   -3.021388E+00   5.357386E+01
   -3.019912E+00   5.358373E+01
   -3.028752E+00   5.358480E+01
   -3.028667E+00   5.358541E+01
   -3.030727E+00   5.358557E+01
   -3.031156E+00   5.358501E+01
   -3.035619E+00   5.358562E+01
   -3.035361E+00   5.358740E+01
   -3.033130E+00   5.358862E+01
   -3.032271E+00   5.358847E+01
   -3.030641E+00   5.359611E+01
   -3.031928E+00   5.359678E+01
   -3.031671E+00   5.359861E+01
   -3.029954E+00   5.359922E+01
   -3.029439E+00   5.360131E+01
   -3.020255E+00   5.360727E+01
   -3.019225E+00   5.360930E+01
   -3.011500E+00   5.361302E+01
   -3.011586E+00   5.361424E+01
   -3.007209E+00   5.361684E+01
   -3.005921E+00   5.361984E+01
   -3.001716E+00   5.362239E+01
   -3.001716E+00   5.362310E+01
   -3.000600E+00   5.362361E+01
   -3.000085E+00   5.362453E+01
   -3.003690E+00   5.362722E+01
   -3.002832E+00   5.362778E+01
   -3.003432E+00   5.362880E+01
   -3.003175E+00   5.362967E+01
   -3.000075E+00   5.363124E+01
   -2.993295E+00   5.362762E+01
   -2.993380E+00   5.362711E+01
   -2.982480E+00   5.362207E+01
   -2.961108E+00   5.363968E+01
   -2.959992E+00   5.363953E+01
   -2.958533E+00   5.364096E+01
   -2.958805E+00   5.364247E+01
   -2.940171E+00   5.365855E+01
   -2.942188E+00   5.366316E+01
   -2.947424E+00   5.366729E+01
   -2.944003E+00   5.367288E+01
   -2.944639E+00   5.367897E+01
   -2.952570E+00   5.368232E+01
   -2.946262E+00   5.368814E+01
   -2.964626E+00   5.370566E+01
   -3.032136E+00   5.374752E+01
   -3.033000E+00   5.374752E+01
   -3.056376E+00   5.377645E+01
   -3.031529E+00   5.378059E+01
   -3.027237E+00   5.377328E+01
   -2.995823E+00   5.377475E+01
   -3.000372E+00   5.378038E+01
   -2.999771E+00   5.378099E+01
   -2.999943E+00   5.378155E+01
   -3.000973E+00   5.378150E+01
   -3.005350E+00   5.378814E+01
   -3.003290E+00   5.378809E+01
   -3.003634E+00   5.379042E+01
   -3.002775E+00   5.379129E+01
   -3.001746E+00   5.379078E+01
   -3.000544E+00   5.379134E+01
   -3.001145E+00   5.379215E+01
   -2.998570E+00   5.379291E+01
   -2.997969E+00   5.379408E+01
   -2.983292E+00   5.379367E+01
   -2.988270E+00   5.380006E+01
   -2.986210E+00   5.380188E+01
   -2.993677E+00   5.381166E+01
   -2.993077E+00   5.381263E+01
   -2.994450E+00   5.381445E+01
   -2.993935E+00   5.381552E+01
   -2.992218E+00   5.381602E+01
   -2.994278E+00   5.381699E+01
   -2.995137E+00   5.381820E+01
   -2.997883E+00   5.381876E+01
   -2.998999E+00   5.382033E+01
   -3.000372E+00   5.381992E+01
   -3.002432E+00   5.382281E+01
   -3.011101E+00   5.382534E+01
   -3.012217E+00   5.382717E+01
   -3.012303E+00   5.382869E+01
   -3.014534E+00   5.383036E+01
   -3.015650E+00   5.383446E+01
   -3.016938E+00   5.383456E+01
   -3.018397E+00   5.383897E+01
   -3.019427E+00   5.383922E+01
   -3.019942E+00   5.384049E+01
   -3.015650E+00   5.384231E+01
   -3.018139E+00   5.384520E+01
   -3.017882E+00   5.384647E+01
   -3.015307E+00   5.384763E+01
   -3.014105E+00   5.384966E+01
   -3.020285E+00   5.385917E+01
   -3.021401E+00   5.385953E+01
   -3.022688E+00   5.386307E+01
   -3.019856E+00   5.386808E+01
   -3.026293E+00   5.386879E+01
   -3.029126E+00   5.387289E+01
   -3.028782E+00   5.387395E+01
   -3.047622E+00   5.387552E+01
   -3.146008E+00   5.398801E+01
   -2.835561E+00   5.417250E+01
   -2.831835E+00   5.417719E+01
   -2.814408E+00   5.418203E+01
   -2.814538E+00   5.418517E+01
   -2.817042E+00   5.418936E+01
   -2.808663E+00   5.419374E+01
   -2.805740E+00   5.419357E+01
   -2.802416E+00   5.419664E+01
   -2.799970E+00   5.419637E+01
   -2.799071E+00   5.419734E+01
   -2.794683E+00   5.419658E+01
   -2.794179E+00   5.419563E+01
   -2.786588E+00   5.419319E+01
   -2.769872E+00   5.418732E+01
   -2.768860E+00   5.418601E+01
   -2.749373E+00   5.418874E+01
   -2.748845E+00   5.418688E+01
   -2.736054E+00   5.418425E+01
   -2.735178E+00   5.418351E+01
   -2.737620E+00   5.416875E+01
   -2.709608E+00   5.416380E+01
   -2.706528E+00   5.416489E+01
   -2.689650E+00   5.416451E+01
   -2.679879E+00   5.416128E+01
   -2.676713E+00   5.416403E+01
   -2.676185E+00   5.416916E+01
   -2.673335E+00   5.417095E+01
   -2.673546E+00   5.417333E+01
   -2.671488E+00   5.417608E+01
   -2.640253E+00   5.420190E+01
   -2.591842E+00   5.419544E+01
   -2.591736E+00   5.419456E+01
   -2.544057E+00   5.420397E+01
   -2.543413E+00   5.420529E+01
   -2.536042E+00   5.420909E+01
   -2.532609E+00   5.420894E+01
   -2.526773E+00   5.421115E+01
   -2.520421E+00   5.421456E+01
   -2.520536E+00   5.421532E+01
   -2.473114E+00   5.423369E+01
   -2.459792E+00   5.423907E+01
   -2.458611E+00   5.423088E+01
   -2.475274E+00   5.421446E+01
   -2.480167E+00   5.420473E+01
   -2.479909E+00   5.420342E+01
   -2.523082E+00   5.417299E+01
   -2.523082E+00   5.417173E+01
   -2.528661E+00   5.416962E+01
   -2.529863E+00   5.416746E+01
   -2.529348E+00   5.416480E+01
   -2.530378E+00   5.416419E+01
   -2.530034E+00   5.416274E+01
   -2.532781E+00   5.416113E+01
   -2.533210E+00   5.415872E+01
   -2.536643E+00   5.415696E+01
   -2.543510E+00   5.415801E+01
   -2.547569E+00   5.415338E+01
   -2.560040E+00   5.415343E+01
   -2.560907E+00   5.415083E+01
   -2.557757E+00   5.414983E+01
   -2.558623E+00   5.414532E+01
   -2.557856E+00   5.414305E+01
   -2.559388E+00   5.414308E+01
   -2.562779E+00   5.414118E+01
   -2.562323E+00   5.413832E+01
   -2.563190E+00   5.413742E+01
   -2.562503E+00   5.413622E+01
   -2.563680E+00   5.413554E+01
   -2.563423E+00   5.413514E+01
   -2.562307E+00   5.413514E+01
   -2.561963E+00   5.413368E+01
   -2.562736E+00   5.413217E+01
   -2.561534E+00   5.412971E+01
   -2.564023E+00   5.412649E+01
   -2.562822E+00   5.412558E+01
   -2.561277E+00   5.412166E+01
   -2.545055E+00   5.411743E+01
   -2.545913E+00   5.411522E+01
   -2.544282E+00   5.411351E+01
   -2.544711E+00   5.411311E+01
   -2.539304E+00   5.411049E+01
   -2.539304E+00   5.411024E+01
   -2.536815E+00   5.410918E+01
   -2.537931E+00   5.410511E+01
   -2.536007E+00   5.410378E+01
   -2.535321E+00   5.410393E+01
   -2.534806E+00   5.410333E+01
   -2.527167E+00   5.410257E+01
   -2.526223E+00   5.410177E+01
   -2.525021E+00   5.410212E+01
   -2.523905E+00   5.410162E+01
   -2.523819E+00   5.410051E+01
   -2.525708E+00   5.409880E+01
   -2.523991E+00   5.409422E+01
   -2.509400E+00   5.409457E+01
   -2.509056E+00   5.409246E+01
   -2.507426E+00   5.409115E+01
   -2.493006E+00   5.408929E+01
   -2.491375E+00   5.408692E+01
   -2.488285E+00   5.408601E+01
   -2.486311E+00   5.408410E+01
   -2.480046E+00   5.408491E+01
   -2.469317E+00   5.407609E+01
   -2.464339E+00   5.407534E+01
   -2.463738E+00   5.406103E+01
   -2.469403E+00   5.405045E+01
   -2.468544E+00   5.404622E+01
   -2.459669E+00   5.404069E+01
   -2.432804E+00   5.404207E+01
   -2.426023E+00   5.403834E+01
   -2.406548E+00   5.404217E+01
   -2.391270E+00   5.404283E+01
   -2.384747E+00   5.404776E+01
   -2.374018E+00   5.404897E+01
   -2.357195E+00   5.403804E+01
   -2.360114E+00   5.403784E+01
   -2.357796E+00   5.403637E+01
   -2.362646E+00   5.403419E+01
   -2.361401E+00   5.403027E+01
   -2.362517E+00   5.402927E+01
   -2.361659E+00   5.402664E+01
   -2.360629E+00   5.402594E+01
   -2.361744E+00   5.402216E+01
   -2.359599E+00   5.402145E+01
   -2.359084E+00   5.401999E+01
   -2.354106E+00   5.401903E+01
   -2.353333E+00   5.401959E+01
   -2.342862E+00   5.401737E+01
   -2.339514E+00   5.400794E+01
   -2.340029E+00   5.400713E+01
   -2.342690E+00   5.400824E+01
   -2.342776E+00   5.400859E+01
   -2.347668E+00   5.400950E+01
   -2.350587E+00   5.401207E+01
   -2.352561E+00   5.401031E+01
   -2.352469E+00   5.399517E+01
   -2.339603E+00   5.398940E+01
   -2.336505E+00   5.399123E+01
   -2.333071E+00   5.399027E+01
   -2.332822E+00   5.398960E+01
   -2.326119E+00   5.399371E+01
   -2.318051E+00   5.399320E+01
   -2.303992E+00   5.398369E+01
   -2.304679E+00   5.398263E+01
   -2.296267E+00   5.397966E+01
   -2.296267E+00   5.397794E+01
   -2.298070E+00   5.397607E+01
   -2.295924E+00   5.397476E+01
   -2.296267E+00   5.397436E+01
   -2.295323E+00   5.397415E+01
   -2.295323E+00   5.397380E+01
   -2.293607E+00   5.397390E+01
   -2.293092E+00   5.397466E+01
   -2.245026E+00   5.397900E+01
   -2.244769E+00   5.398031E+01
   -2.242966E+00   5.398056E+01
   -2.242280E+00   5.398016E+01
   -2.229748E+00   5.398122E+01
   -2.227002E+00   5.397819E+01
   -2.220736E+00   5.397774E+01
   -2.232698E+00   5.397002E+01
   -2.230295E+00   5.396805E+01
   -2.229694E+00   5.396805E+01
   -2.229436E+00   5.396664E+01
   -2.227977E+00   5.396563E+01
   -2.225402E+00   5.396613E+01
   -2.224716E+00   5.396518E+01
   -2.224716E+00   5.396351E+01
   -2.225402E+00   5.396351E+01
   -2.226347E+00   5.396068E+01
   -2.225917E+00   5.396048E+01
   -2.222570E+00   5.396164E+01
   -2.222227E+00   5.396235E+01
   -2.214159E+00   5.396427E+01
   -2.212614E+00   5.396321E+01
   -2.212785E+00   5.396245E+01
   -2.209009E+00   5.396204E+01
   -2.205747E+00   5.396563E+01
   -2.203687E+00   5.396629E+01
   -2.202743E+00   5.396730E+01
   -2.202400E+00   5.397022E+01
   -2.196134E+00   5.396886E+01
   -2.191328E+00   5.395619E+01
   -2.181249E+00   5.394895E+01
   -2.180648E+00   5.394532E+01
   -2.183566E+00   5.394471E+01
   -2.184510E+00   5.394016E+01
   -2.183909E+00   5.393663E+01
   -2.177215E+00   5.393521E+01
   -2.174468E+00   5.393693E+01
   -2.163396E+00   5.393385E+01
   -2.161422E+00   5.393137E+01
   -2.162538E+00   5.393102E+01
   -2.163310E+00   5.392935E+01
   -2.161851E+00   5.392809E+01
   -2.151723E+00   5.392915E+01
   -2.151723E+00   5.392864E+01
   -2.147689E+00   5.392612E+01
   -2.140565E+00   5.392718E+01
   -2.140222E+00   5.392854E+01
   -2.130223E+00   5.392492E+01
   -2.129966E+00   5.392396E+01
   -2.125331E+00   5.392401E+01
   -2.125159E+00   5.392209E+01
   -2.116061E+00   5.392234E+01
   -2.113486E+00   5.391911E+01
   -2.115804E+00   5.391648E+01
   -2.112113E+00   5.391446E+01
   -2.113057E+00   5.391233E+01
   -2.108251E+00   5.390758E+01
   -2.113658E+00   5.390439E+01
   -2.104302E+00   5.389135E+01
   -2.102757E+00   5.389160E+01
   -2.099925E+00   5.388877E+01
   -2.098637E+00   5.388872E+01
   -2.095891E+00   5.388664E+01
   -2.095032E+00   5.388472E+01
   -2.083360E+00   5.387733E+01
   -2.083360E+00   5.387637E+01
   -2.082072E+00   5.387470E+01
   -2.089196E+00   5.386878E+01
   -2.089196E+00   5.386848E+01
   -2.090741E+00   5.386726E+01
   -2.082244E+00   5.386939E+01
   -2.076922E+00   5.386574E+01
   -2.076751E+00   5.386402E+01
   -2.076150E+00   5.386362E+01
   -2.075978E+00   5.386230E+01
   -2.064563E+00   5.385815E+01
   -2.063704E+00   5.385856E+01
   -2.061730E+00   5.385825E+01
   -2.061730E+00   5.385780E+01
   -2.048794E+00   5.385014E+01
   -2.049567E+00   5.382892E+01
   -2.128874E+00   5.379786E+01
   -2.128359E+00   5.379710E+01
   -2.128874E+00   5.379634E+01
   -2.128703E+00   5.379441E+01
   -2.130162E+00   5.379193E+01
   -2.130076E+00   5.379051E+01
   -2.124668E+00   5.378767E+01
   -2.135741E+00   5.378001E+01
   -2.135569E+00   5.377808E+01
   -2.131106E+00   5.377408E+01
   -2.130677E+00   5.376474E+01
   -2.129561E+00   5.376266E+01
   -2.131277E+00   5.375779E+01
   -2.129475E+00   5.375394E+01
   -2.132308E+00   5.374957E+01
   -2.139174E+00   5.374698E+01
   -2.139174E+00   5.374724E+01
   -2.139946E+00   5.374688E+01
   -2.139946E+00   5.374632E+01
   -2.141148E+00   5.374541E+01
   -2.141148E+00   5.374318E+01
   -2.140547E+00   5.374221E+01
   -2.144066E+00   5.373795E+01
   -2.143466E+00   5.373729E+01
   -2.144667E+00   5.373683E+01
   -2.145268E+00   5.373571E+01
   -2.149045E+00   5.373383E+01
   -2.152220E+00   5.373495E+01
   -2.153078E+00   5.373439E+01
   -2.152993E+00   5.373312E+01
   -2.173970E+00   5.372274E+01
   -2.170107E+00   5.371882E+01
   -2.172081E+00   5.371806E+01
   -2.171566E+00   5.371761E+01
   -2.173884E+00   5.371700E+01
   -2.171309E+00   5.371695E+01
   -2.166159E+00   5.370958E+01
   -2.164013E+00   5.370831E+01
   -2.163069E+00   5.369891E+01
   -2.145131E+00   5.369169E+01
   -2.147963E+00   5.368488E+01
   -2.146333E+00   5.368181E+01
   -2.149023E+00   5.368125E+01
   -2.147908E+00   5.367616E+01
   -2.164301E+00   5.365450E+01
   -2.164731E+00   5.365119E+01
   -2.159667E+00   5.364478E+01
   -2.161040E+00   5.364107E+01
   -2.185540E+00   5.363789E+01
   -2.180991E+00   5.363997E+01
   -2.180819E+00   5.364073E+01
   -2.182107E+00   5.364135E+01
   -2.183394E+00   5.364506E+01
   -2.182536E+00   5.364715E+01
   -2.182793E+00   5.364765E+01
   -2.190175E+00   5.364765E+01
   -2.203869E+00   5.365328E+01
   -2.203440E+00   5.365496E+01
   -2.202582E+00   5.365481E+01
   -2.202496E+00   5.365531E+01
   -2.208590E+00   5.365867E+01
   -2.206358E+00   5.366162E+01
   -2.215542E+00   5.366584E+01
   -2.215371E+00   5.366711E+01
   -2.216830E+00   5.366737E+01
   -2.216915E+00   5.366889E+01
   -2.224125E+00   5.366955E+01
   -2.225241E+00   5.367062E+01
   -2.260947E+00   5.365394E+01
   -2.268586E+00   5.364646E+01
   -2.269101E+00   5.364427E+01
   -2.266955E+00   5.364204E+01
   -2.267041E+00   5.364046E+01
   -2.262492E+00   5.362529E+01
   -2.259831E+00   5.362412E+01
   -2.258973E+00   5.362015E+01
   -2.256483E+00   5.362046E+01
   -2.256398E+00   5.362005E+01
   -2.258200E+00   5.361898E+01
   -2.258372E+00   5.361786E+01
   -2.256655E+00   5.361603E+01
   -2.260260E+00   5.361633E+01
   -2.263007E+00   5.361491E+01
   -2.266268E+00   5.361542E+01
   -2.270661E+00   5.361393E+01
   -2.272143E+00   5.361569E+01
   -2.272572E+00   5.361870E+01
   -2.277551E+00   5.361829E+01
   -2.278323E+00   5.362027E+01
   -2.282529E+00   5.362068E+01
   -2.282700E+00   5.362099E+01
   -2.282014E+00   5.362241E+01
   -2.284417E+00   5.362572E+01
   -2.282872E+00   5.362694E+01
   -2.284331E+00   5.362811E+01
   -2.287593E+00   5.363224E+01
   -2.288623E+00   5.363234E+01
   -2.288537E+00   5.363387E+01
END
END
