none
1
   -1.170309E+02   4.900819E+01
   -1.160456E+02   4.900769E+01
   -1.160457E+02   4.900436E+01
   -1.160439E+02   4.798004E+01
   -1.160272E+02   4.797690E+01
   -1.159891E+02   4.792872E+01
   -1.159655E+02   4.791770E+01
   -1.159035E+02   4.785034E+01
   -1.158795E+02   4.785423E+01
   -1.158490E+02   4.783174E+01
   -1.158405E+02   4.781542E+01
   -1.158426E+02   4.778787E+01
   -1.157948E+02   4.776188E+01
   -1.157761E+02   4.774590E+01
   -1.157506E+02   4.772144E+01
   -1.157194E+02   4.769916E+01
   -1.157306E+02   4.765467E+01
   -1.156905E+02   4.762668E+01
   -1.156845E+02   4.759441E+01
   -1.157035E+02   4.757325E+01
   -1.157315E+02   4.756350E+01
   -1.157428E+02   4.754603E+01
   -1.157073E+02   4.753349E+01
   -1.157039E+02   4.751496E+01
   -1.156834E+02   4.748994E+01
   -1.156480E+02   4.747626E+01
   -1.156614E+02   4.745257E+01
   -1.157162E+02   4.744842E+01
   -1.157251E+02   4.743253E+01
   -1.156557E+02   4.740523E+01
   -1.156382E+02   4.738387E+01
   -1.156162E+02   4.738740E+01
   -1.155758E+02   4.737115E+01
   -1.155476E+02   4.735344E+01
   -1.155439E+02   4.733445E+01
   -1.154558E+02   4.728275E+01
   -1.154270E+02   4.728354E+01
   -1.153709E+02   4.727013E+01
   -1.153240E+02   4.725997E+01
   -1.152902E+02   4.722289E+01
   -1.152872E+02   4.720909E+01
   -1.152597E+02   4.718623E+01
   -1.151986E+02   4.714374E+01
   -1.151374E+02   4.709707E+01
   -1.150837E+02   4.704840E+01
   -1.150459E+02   4.697481E+01
   -1.150287E+02   4.698065E+01
   -1.149997E+02   4.697663E+01
   -1.149581E+02   4.693444E+01
   -1.149267E+02   4.692335E+01
   -1.149269E+02   4.687525E+01
   -1.149245E+02   4.685771E+01
   -1.149177E+02   4.683207E+01
   -1.148624E+02   4.681847E+01
   -1.147883E+02   4.678341E+01
   -1.147619E+02   4.676201E+01
   -1.146475E+02   4.673754E+01
   -1.146168E+02   4.671034E+01
   -1.146188E+02   4.668911E+01
   -1.146111E+02   4.665875E+01
   -1.146102E+02   4.664240E+01
   -1.145837E+02   4.663997E+01
   -1.145418E+02   4.665709E+01
   -1.145020E+02   4.664783E+01
   -1.144560E+02   4.665342E+01
   -1.144263E+02   4.666530E+01
   -1.143613E+02   4.667402E+01
   -1.143207E+02   4.665678E+01
   -1.143176E+02   4.661021E+01
   -1.143438E+02   4.653295E+01
   -1.143377E+02   4.651727E+01
   -1.143809E+02   4.640857E+01
   -1.144057E+02   4.636006E+01
   -1.144093E+02   4.633375E+01
   -1.144209E+02   4.628603E+01
   -1.144411E+02   4.617251E+01
   -1.144644E+02   4.605968E+01
   -1.144725E+02   4.600335E+01
   -1.144390E+02   4.599294E+01
   -1.144211E+02   4.597582E+01
   -1.144149E+02   4.595547E+01
   -1.143909E+02   4.590416E+01
   -1.143833E+02   4.588156E+01
   -1.144078E+02   4.584694E+01
   -1.145600E+02   4.577441E+01
   -1.145325E+02   4.574305E+01
   -1.145012E+02   4.572552E+01
   -1.144904E+02   4.570372E+01
   -1.144949E+02   4.566753E+01
   -1.145331E+02   4.560685E+01
   -1.145533E+02   4.558346E+01
   -1.145539E+02   4.556863E+01
   -1.145263E+02   4.557576E+01
   -1.144588E+02   4.556598E+01
   -1.144131E+02   4.551422E+01
   -1.143663E+02   4.549718E+01
   -1.143340E+02   4.546437E+01
   -1.142739E+02   4.548998E+01
   -1.142509E+02   4.555005E+01
   -1.141815E+02   4.555623E+01
   -1.140861E+02   4.561389E+01
   -1.140709E+02   4.563152E+01
   -1.140232E+02   4.569604E+01
   -1.139881E+02   4.570936E+01
   -1.139305E+02   4.568558E+01
   -1.138960E+02   4.565018E+01
   -1.138600E+02   4.562846E+01
   -1.138041E+02   4.560637E+01
   -1.137984E+02   4.558316E+01
   -1.138155E+02   4.556355E+01
   -1.138278E+02   4.552551E+01
   -1.137618E+02   4.552323E+01
   -1.137551E+02   4.547969E+01
   -1.137598E+02   4.543298E+01
   -1.137284E+02   4.539184E+01
   -1.137339E+02   4.533152E+01
   -1.136853E+02   4.528644E+01
   -1.136546E+02   4.524580E+01
   -1.135954E+02   4.519393E+01
   -1.135113E+02   4.511977E+01
   -1.134597E+02   4.506981E+01
   -1.134474E+02   4.506123E+01
   -1.134327E+02   4.500695E+01
   -1.134390E+02   4.495837E+01
   -1.134475E+02   4.494875E+01
   -1.134704E+02   4.491364E+01
   -1.134510E+02   4.486871E+01
   -1.134205E+02   4.484739E+01
   -1.133742E+02   4.483893E+01
   -1.133516E+02   4.482210E+01
   -1.133412E+02   4.479032E+01
   -1.132469E+02   4.482794E+01
   -1.131923E+02   4.480671E+01
   -1.131279E+02   4.477637E+01
   -1.130981E+02   4.473197E+01
   -1.130632E+02   4.468158E+01
   -1.130444E+02   4.462889E+01
   -1.130505E+02   4.461725E+01
   -1.130389E+02   4.456880E+01
   -1.130155E+02   4.453115E+01
   -1.129994E+02   4.445397E+01
   -1.129490E+02   4.442122E+01
   -1.128839E+02   4.440039E+01
   -1.128319E+02   4.444581E+01
   -1.127833E+02   4.448947E+01
   -1.127185E+02   4.450931E+01
   -1.124727E+02   4.448500E+01
   -1.123889E+02   4.445371E+01
   -1.123583E+02   4.453849E+01
   -1.123169E+02   4.455742E+01
   -1.122864E+02   4.457347E+01
   -1.122416E+02   4.457294E+01
   -1.122266E+02   4.456632E+01
   -1.121653E+02   4.454662E+01
   -1.121352E+02   4.454474E+01
   -1.120694E+02   4.454209E+01
   -1.118698E+02   4.456898E+01
   -1.118201E+02   4.451461E+01
   -1.117476E+02   4.454562E+01
   -1.117051E+02   4.456513E+01
   -1.115851E+02   4.456779E+01
   -1.115003E+02   4.454508E+01
   -1.115229E+02   4.457963E+01
   -1.115307E+02   4.460406E+01
   -1.115089E+02   4.463874E+01
   -1.114776E+02   4.466823E+01
   -1.114891E+02   4.468486E+01
   -1.114940E+02   4.470671E+01
   -1.114394E+02   4.472552E+01
   -1.114031E+02   4.472609E+01
   -1.113980E+02   4.475536E+01
   -1.113855E+02   4.476010E+01
   -1.113214E+02   4.472892E+01
   -1.112931E+02   4.470616E+01
   -1.112200E+02   4.462622E+01
   -1.111871E+02   4.457536E+01
   -1.111400E+02   4.453929E+01
   -1.111274E+02   4.450323E+01
   -1.110444E+02   4.447605E+01
   -1.110431E+02   4.199804E+01
   -1.127094E+02   4.199531E+01
   -1.138932E+02   4.198306E+01
   -1.140491E+02   4.198881E+01
   -1.145983E+02   4.198951E+01
   -1.148311E+02   4.199721E+01
   -1.150318E+02   4.199101E+01
   -1.163685E+02   4.199128E+01
   -1.170304E+02   4.199818E+01
   -1.170280E+02   4.237931E+01
   -1.170291E+02   4.382979E+01
   -1.170200E+02   4.385181E+01
   -1.170182E+02   4.386032E+01
   -1.170119E+02   4.386371E+01
   -1.169910E+02   4.386780E+01
   -1.169849E+02   4.387158E+01
   -1.169840E+02   4.388394E+01
   -1.169655E+02   4.393080E+01
   -1.169695E+02   4.393744E+01
   -1.169650E+02   4.395237E+01
   -1.169727E+02   4.395913E+01
   -1.169763E+02   4.396747E+01
   -1.169411E+02   4.399059E+01
   -1.169418E+02   4.399944E+01
   -1.169358E+02   4.402281E+01
   -1.169426E+02   4.403288E+01
   -1.169576E+02   4.404233E+01
   -1.169746E+02   4.404955E+01
   -1.169785E+02   4.408735E+01
   -1.169703E+02   4.409085E+01
   -1.169448E+02   4.409473E+01
   -1.169330E+02   4.410175E+01
   -1.169278E+02   4.411884E+01
   -1.169117E+02   4.414067E+01
   -1.168953E+02   4.415633E+01
   -1.169035E+02   4.417850E+01
   -1.169288E+02   4.418712E+01
   -1.169722E+02   4.419467E+01
   -1.169766E+02   4.424151E+01
   -1.169944E+02   4.424583E+01
   -1.170195E+02   4.424415E+01
   -1.170295E+02   4.424748E+01
   -1.170392E+02   4.424196E+01
   -1.170469E+02   4.422729E+01
   -1.170584E+02   4.423027E+01
   -1.170897E+02   4.425645E+01
   -1.171053E+02   4.427869E+01
   -1.171252E+02   4.427081E+01
   -1.171432E+02   4.425326E+01
   -1.171743E+02   4.425907E+01
   -1.171995E+02   4.427361E+01
   -1.172242E+02   4.429298E+01
   -1.172217E+02   4.430628E+01
   -1.171912E+02   4.433582E+01
   -1.172354E+02   4.437297E+01
   -1.172460E+02   4.439443E+01
   -1.172162E+02   4.442662E+01
   -1.172279E+02   4.448199E+01
   -1.172038E+02   4.449563E+01
   -1.171846E+02   4.452227E+01
   -1.171633E+02   4.452972E+01
   -1.171454E+02   4.455195E+01
   -1.171499E+02   4.456619E+01
   -1.171406E+02   4.457588E+01
   -1.171295E+02   4.458049E+01
   -1.171230E+02   4.461403E+01
   -1.171028E+02   4.464293E+01
   -1.170974E+02   4.466391E+01
   -1.170784E+02   4.469502E+01
   -1.170649E+02   4.470981E+01
   -1.170632E+02   4.472747E+01
   -1.170436E+02   4.474713E+01
   -1.169353E+02   4.478762E+01
   -1.169349E+02   4.480240E+01
   -1.168969E+02   4.484852E+01
   -1.168568E+02   4.488437E+01
   -1.168340E+02   4.493553E+01
   -1.168536E+02   4.495945E+01
   -1.168422E+02   4.496797E+01
   -1.168608E+02   4.497457E+01
   -1.168460E+02   4.501187E+01
   -1.168499E+02   4.502468E+01
   -1.168009E+02   4.506377E+01
   -1.167819E+02   4.508139E+01
   -1.167862E+02   4.509088E+01
   -1.167754E+02   4.510680E+01
   -1.167550E+02   4.511517E+01
   -1.167309E+02   4.514210E+01
   -1.167252E+02   4.517182E+01
   -1.167096E+02   4.520567E+01
   -1.167109E+02   4.521824E+01
   -1.167039E+02   4.524160E+01
   -1.166916E+02   4.526526E+01
   -1.166775E+02   4.527498E+01
   -1.166751E+02   4.532098E+01
   -1.166196E+02   4.539996E+01
   -1.165986E+02   4.541301E+01
   -1.165876E+02   4.544504E+01
   -1.165558E+02   4.546748E+01
   -1.165600E+02   4.548179E+01
   -1.165501E+02   4.551135E+01
   -1.165244E+02   4.554800E+01
   -1.164977E+02   4.557234E+01
   -1.164841E+02   4.557754E+01
   -1.164644E+02   4.560320E+01
   -1.164919E+02   4.564661E+01
   -1.165395E+02   4.568888E+01
   -1.165408E+02   4.573338E+01
   -1.165503E+02   4.574742E+01
   -1.165950E+02   4.577385E+01
   -1.166677E+02   4.577761E+01
   -1.167008E+02   4.581655E+01
   -1.167130E+02   4.582138E+01
   -1.167596E+02   4.581117E+01
   -1.167848E+02   4.582083E+01
   -1.168000E+02   4.585532E+01
   -1.168637E+02   4.590410E+01
   -1.168971E+02   4.597131E+01
   -1.169231E+02   4.599647E+01
   -1.169478E+02   4.605938E+01
   -1.169867E+02   4.608328E+01
   -1.169817E+02   4.609980E+01
   -1.169548E+02   4.612569E+01
   -1.169388E+02   4.615669E+01
   -1.169703E+02   4.620113E+01
   -1.169951E+02   4.627375E+01
   -1.169907E+02   4.629353E+01
   -1.170245E+02   4.631153E+01
   -1.170244E+02   4.633538E+01
   -1.170308E+02   4.633959E+01
   -1.170549E+02   4.634381E+01
   -1.170625E+02   4.634985E+01
   -1.170637E+02   4.635937E+01
   -1.170630E+02   4.636701E+01
   -1.170488E+02   4.637947E+01
   -1.170405E+02   4.639824E+01
   -1.170367E+02   4.641028E+01
   -1.170359E+02   4.642090E+01
   -1.170402E+02   4.642782E+01
   -1.170410E+02   4.719558E+01
   -1.170433E+02   4.796335E+01
   -1.170313E+02   4.900384E+01
   -1.170309E+02   4.900819E+01
END
END
