none
1
   2.199189E+01   5.642669E+01
   2.213101E+01   5.643410E+01
   2.232302E+01   5.641398E+01
   2.234339E+01   5.640005E+01
   2.242759E+01   5.641186E+01
   2.258761E+01   5.639168E+01
   2.262458E+01   5.638218E+01
   2.268345E+01   5.635360E+01
   2.273446E+01   5.637514E+01
   2.283521E+01   5.637090E+01
   2.291605E+01   5.637952E+01
   2.293842E+01   5.641807E+01
   2.300616E+01   5.641515E+01
   2.304959E+01   5.632850E+01
   2.317582E+01   5.633473E+01
   2.316744E+01   5.636902E+01
   2.332705E+01   5.638717E+01
   2.341809E+01   5.637676E+01
   2.344212E+01   5.635342E+01
   2.360277E+01   5.635025E+01
   2.363941E+01   5.636596E+01
   2.376749E+01   5.637472E+01
   2.378581E+01   5.636800E+01
   2.381407E+01   5.634443E+01
   2.402247E+01   5.633633E+01
   2.410005E+01   5.627826E+01
   2.415095E+01   5.625830E+01
   2.419621E+01   5.626661E+01
   2.428872E+01   5.630267E+01
   2.433713E+01   5.630240E+01
   2.436914E+01   5.627673E+01
   2.438840E+01   5.628242E+01
   2.442579E+01   5.626253E+01
   2.457694E+01   5.629649E+01
   2.457431E+01   5.632656E+01
   2.462230E+01   5.635074E+01
   2.462381E+01   5.637585E+01
   2.464788E+01   5.637887E+01
   2.469200E+01   5.637859E+01
   2.469975E+01   5.640528E+01
   2.478766E+01   5.640623E+01
   2.480239E+01   5.642314E+01
   2.481869E+01   5.642237E+01
   2.483187E+01   5.641428E+01
   2.485059E+01   5.641701E+01
   2.485017E+01   5.643767E+01
   2.487396E+01   5.645106E+01
   2.488714E+01   5.645100E+01
   2.490743E+01   5.644804E+01
   2.492008E+01   5.644117E+01
   2.492565E+01   5.640449E+01
   2.497677E+01   5.636448E+01
   2.497651E+01   5.631263E+01
   2.501861E+01   5.629289E+01
   2.506168E+01   5.626492E+01
   2.509414E+01   5.618875E+01
   2.523628E+01   5.619425E+01
   2.531428E+01   5.614763E+01
   2.533717E+01   5.615690E+01
   2.554017E+01   5.616781E+01
   2.568867E+01   5.614897E+01
   2.570444E+01   5.612012E+01
   2.570212E+01   5.608706E+01
   2.582477E+01   5.605775E+01
   2.589060E+01   5.600348E+01
   2.597822E+01   5.598323E+01
   2.604825E+01   5.595529E+01
   2.609951E+01   5.589964E+01
   2.622284E+01   5.585664E+01
   2.627260E+01   5.576851E+01
   2.631625E+01   5.574447E+01
   2.635264E+01   5.574475E+01
   2.639343E+01   5.571443E+01
   2.647551E+01   5.570736E+01
   2.653437E+01   5.567942E+01
   2.663364E+01   5.568473E+01
   2.664042E+01   5.565507E+01
   2.664042E+01   5.559874E+01
   2.663136E+01   5.556404E+01
   2.658307E+01   5.553513E+01
   2.653074E+01   5.551437E+01
   2.656646E+01   5.545662E+01
   2.655947E+01   5.538998E+01
   2.644916E+01   5.534658E+01
   2.655838E+01   5.532910E+01
   2.661284E+01   5.532670E+01
   2.661411E+01   5.533393E+01
   2.666647E+01   5.534137E+01
   2.673296E+01   5.532524E+01
   2.680119E+01   5.532495E+01
   2.683565E+01   5.530775E+01
   2.683873E+01   5.527842E+01
   2.675093E+01   5.525028E+01
   2.672800E+01   5.523839E+01
   2.673199E+01   5.521608E+01
   2.670180E+01   5.520059E+01
   2.667923E+01   5.519786E+01
   2.668896E+01   5.518203E+01
   2.670695E+01   5.517814E+01
   2.670855E+01   5.516857E+01
   2.667071E+01   5.515589E+01
   2.661748E+01   5.514655E+01
   2.659865E+01   5.515185E+01
   2.653850E+01   5.514327E+01
   2.651689E+01   5.516031E+01
   2.646196E+01   5.512777E+01
   2.639610E+01   5.513352E+01
   2.636066E+01   5.514977E+01
   2.630480E+01   5.512520E+01
   2.626271E+01   5.512098E+01
   2.623320E+01   5.510802E+01
   2.627596E+01   5.507674E+01
   2.626413E+01   5.506566E+01
   2.625081E+01   5.506981E+01
   2.624481E+01   5.504055E+01
   2.621046E+01   5.499601E+01
   2.611106E+01   5.497212E+01
   2.606395E+01   5.494141E+01
   2.602196E+01   5.494282E+01
   2.598285E+01   5.495365E+01
   2.590860E+01   5.493110E+01
   2.586261E+01   5.492178E+01
   2.585810E+01   5.489927E+01
   2.577435E+01   5.482250E+01
   2.573858E+01   5.480394E+01
   2.575273E+01   5.476622E+01
   2.575169E+01   5.472186E+01
   2.574035E+01   5.469913E+01
   2.575971E+01   5.462071E+01
   2.576692E+01   5.456986E+01
   2.568463E+01   5.453588E+01
   2.563932E+01   5.447036E+01
   2.563646E+01   5.442270E+01
   2.559681E+01   5.437527E+01
   2.556738E+01   5.436348E+01
   2.555582E+01   5.433255E+01
   2.559382E+01   5.432400E+01
   2.568293E+01   5.432541E+01
   2.571429E+01   5.430077E+01
   2.571750E+01   5.427956E+01
   2.575384E+01   5.427152E+01
   2.579162E+01   5.423506E+01
   2.575901E+01   5.422235E+01
   2.578551E+01   5.419583E+01
   2.579090E+01   5.416596E+01
   2.578996E+01   5.415457E+01
   2.573686E+01   5.415560E+01
   2.564313E+01   5.412635E+01
   2.560838E+01   5.413953E+01
   2.554783E+01   5.414882E+01
   2.550296E+01   5.417804E+01
   2.552205E+01   5.419248E+01
   2.556363E+01   5.420353E+01
   2.554505E+01   5.422392E+01
   2.554554E+01   5.423091E+01
   2.557640E+01   5.424041E+01
   2.551580E+01   5.428548E+01
   2.551589E+01   5.430638E+01
   2.546900E+01   5.429023E+01
   2.540004E+01   5.427426E+01
   2.532674E+01   5.426026E+01
   2.525471E+01   5.425240E+01
   2.516345E+01   5.418833E+01
   2.507156E+01   5.413300E+01
   2.500284E+01   5.413724E+01
   2.494713E+01   5.416815E+01
   2.483286E+01   5.413216E+01
   2.479409E+01   5.411406E+01
   2.483790E+01   5.404084E+01
   2.487508E+01   5.404010E+01
   2.486950E+01   5.402841E+01
   2.481415E+01   5.399383E+01
   2.473948E+01   5.396602E+01
   2.468217E+01   5.396122E+01
   2.469836E+01   5.401324E+01
   2.453040E+01   5.396537E+01
   2.444858E+01   5.390079E+01
   2.434946E+01   5.389605E+01
   2.431507E+01   5.390812E+01
   2.420990E+01   5.394965E+01
   2.417750E+01   5.396154E+01
   2.415443E+01   5.396020E+01
   2.414384E+01   5.395398E+01
   2.410487E+01   5.394049E+01
   2.397217E+01   5.392217E+01
   2.393689E+01   5.395882E+01
   2.391156E+01   5.396409E+01
   2.390955E+01   5.394705E+01
   2.387843E+01   5.394214E+01
   2.384114E+01   5.395516E+01
   2.380184E+01   5.393168E+01
   2.382019E+01   5.391930E+01
   2.382094E+01   5.390864E+01
   2.379641E+01   5.389856E+01
   2.377427E+01   5.389874E+01
   2.376138E+01   5.392237E+01
   2.371531E+01   5.393399E+01
   2.360843E+01   5.392345E+01
   2.359367E+01   5.393266E+01
   2.353819E+01   5.394207E+01
   2.349102E+01   5.396767E+01
   2.348051E+01   5.399946E+01
   2.351482E+01   5.402513E+01
   2.349229E+01   5.411738E+01
   2.348202E+01   5.415347E+01
   2.342377E+01   5.417699E+01
   2.336121E+01   5.423092E+01
   2.322921E+01   5.426142E+01
   2.320419E+01   5.428361E+01
   2.314997E+01   5.429514E+01
   2.314230E+01   5.431525E+01
   2.309468E+01   5.429463E+01
   2.303972E+01   5.431559E+01
   2.305441E+01   5.434555E+01
   2.298900E+01   5.435967E+01
   2.300867E+01   5.438238E+01
   2.298436E+01   5.438429E+01
   2.288713E+01   5.439978E+01
   2.288763E+01   5.440894E+01
   2.283680E+01   5.440626E+01
   2.281229E+01   5.437079E+01
   2.279225E+01   5.436277E+01
   2.277133E+01   5.437809E+01
   2.272369E+01   5.444907E+01
   2.270224E+01   5.445237E+01
   2.267703E+01   5.453769E+01
   2.270180E+01   5.456543E+01
   2.268026E+01   5.458492E+01
   2.268617E+01   5.459440E+01
   2.273484E+01   5.462986E+01
   2.274515E+01   5.465486E+01
   2.272758E+01   5.466859E+01
   2.272236E+01   5.468721E+01
   2.274081E+01   5.473309E+01
   2.277166E+01   5.475120E+01
   2.281407E+01   5.476824E+01
   2.285422E+01   5.479119E+01
   2.287223E+01   5.479008E+01
   2.286975E+01   5.482379E+01
   2.283830E+01   5.486541E+01
   2.285051E+01   5.488790E+01
   2.281443E+01   5.490990E+01
   2.279998E+01   5.490105E+01
   2.275060E+01   5.491964E+01
   2.272187E+01   5.496394E+01
   2.269031E+01   5.497045E+01
   2.267634E+01   5.498771E+01
   2.266414E+01   5.498200E+01
   2.267278E+01   5.496630E+01
   2.264779E+01   5.496011E+01
   2.259984E+01   5.501991E+01
   2.258929E+01   5.503905E+01
   2.258859E+01   5.507004E+01
   2.252995E+01   5.505859E+01
   2.247761E+01   5.504285E+01
   2.226763E+01   5.506235E+01
   2.214009E+01   5.504649E+01
   2.212072E+01   5.502132E+01
   2.207153E+01   5.502329E+01
   2.203979E+01   5.503731E+01
   2.202833E+01   5.505067E+01
   2.203818E+01   5.507840E+01
   2.202932E+01   5.508378E+01
   2.200067E+01   5.508625E+01
   2.196623E+01   5.507244E+01
   2.191824E+01   5.507965E+01
   2.188180E+01   5.509288E+01
   2.184875E+01   5.509650E+01
   2.181842E+01   5.511744E+01
   2.175956E+01   5.511920E+01
   2.171591E+01   5.513559E+01
   2.165099E+01   5.517942E+01
   2.154562E+01   5.519600E+01
   2.151233E+01   5.518288E+01
   2.149312E+01   5.518922E+01
   2.144474E+01   5.522339E+01
   2.141238E+01   5.526637E+01
   2.139430E+01   5.528755E+01
   2.137897E+01   5.528733E+01
   2.127892E+01   5.524343E+01
   2.109901E+01   5.525540E+01
   2.094687E+01   5.528123E+01
   2.063822E+01   5.538512E+01
   2.065327E+01   5.605019E+01
   2.105836E+01   5.607245E+01
   2.115687E+01   5.608975E+01
   2.119154E+01   5.607974E+01
   2.122681E+01   5.613165E+01
   2.121854E+01   5.614369E+01
   2.121865E+01   5.616322E+01
   2.124969E+01   5.617360E+01
   2.133457E+01   5.622991E+01
   2.145019E+01   5.625301E+01
   2.149547E+01   5.629998E+01
   2.154606E+01   5.629921E+01
   2.157108E+01   5.632669E+01
   2.169082E+01   5.632222E+01
   2.183741E+01   5.637445E+01
   2.197317E+01   5.638400E+01
   2.199189E+01   5.642669E+01
END
END
