none
1
   3.485681E+01   2.915957E+01
   3.453549E+01   2.810064E+01
   3.465383E+01   2.796070E+01
   3.445699E+01   2.709396E+01
   3.703652E+01   2.199349E+01
   3.360716E+01   2.199885E+01
   3.299264E+01   2.199692E+01
   3.244445E+01   2.200246E+01
   3.032993E+01   2.197812E+01
   2.493610E+01   2.194764E+01
   2.494488E+01   2.661319E+01
   2.492977E+01   2.927932E+01
   2.475399E+01   2.978593E+01
   2.463314E+01   3.025205E+01
   2.489681E+01   3.062620E+01
   2.485836E+01   3.089997E+01
   2.479244E+01   3.136077E+01
   2.503277E+01   3.154558E+01
   2.509800E+01   3.164734E+01
   2.547031E+01   3.196948E+01
   3.345548E+01   3.252518E+01
   3.423663E+01   3.129805E+01
   3.424166E+01   3.129638E+01
   3.433197E+01   3.104570E+01
   3.439525E+01   3.088296E+01
   3.449793E+01   3.068159E+01
   3.450236E+01   3.066377E+01
   3.451704E+01   3.060787E+01
   3.452066E+01   3.060356E+01
   3.451916E+01   3.058599E+01
   3.451727E+01   3.053414E+01
   3.453375E+01   3.051988E+01
   3.455539E+01   3.049826E+01
   3.455017E+01   3.046898E+01
   3.453767E+01   3.043108E+01
   3.454382E+01   3.042747E+01
   3.454899E+01   3.041063E+01
   3.455901E+01   3.040577E+01
   3.457888E+01   3.039385E+01
   3.458545E+01   3.038601E+01
   3.461547E+01   3.036875E+01
   3.462057E+01   3.034542E+01
   3.468751E+01   3.017234E+01
   3.470104E+01   3.013791E+01
   3.471122E+01   3.012224E+01
   3.472939E+01   3.007867E+01
   3.473227E+01   3.006236E+01
   3.480293E+01   2.987306E+01
   3.481883E+01   2.983610E+01
   3.482515E+01   2.983107E+01
   3.482758E+01   2.980933E+01
   3.483469E+01   2.980774E+01
   3.483546E+01   2.980210E+01
   3.483214E+01   2.979997E+01
   3.483352E+01   2.979563E+01
   3.483941E+01   2.979229E+01
   3.484020E+01   2.978503E+01
   3.484545E+01   2.977958E+01
   3.485977E+01   2.968660E+01
   3.486729E+01   2.967136E+01
   3.487135E+01   2.967071E+01
   3.487203E+01   2.966096E+01
   3.487667E+01   2.965154E+01
   3.488195E+01   2.964879E+01
   3.487612E+01   2.961367E+01
   3.486471E+01   2.959715E+01
   3.487663E+01   2.953561E+01
   3.489678E+01   2.951862E+01
   3.490331E+01   2.949365E+01
   3.493199E+01   2.942317E+01
   3.485681E+01   2.915957E+01
END
END
