none
1
   -2.876935E+00   5.193007E+01
   -2.877205E+00   5.193035E+01
   -2.879219E+00   5.193051E+01
   -2.889237E+00   5.193244E+01
   -2.887610E+00   5.192790E+01
   -2.951636E+00   5.190811E+01
   -2.951525E+00   5.190690E+01
   -2.972886E+00   5.190628E+01
   -2.972668E+00   5.190804E+01
   -2.975010E+00   5.190961E+01
   -2.971315E+00   5.191358E+01
   -2.976014E+00   5.192103E+01
   -2.973946E+00   5.192192E+01
   -2.976069E+00   5.192680E+01
   -3.005301E+00   5.192576E+01
   -3.008774E+00   5.192905E+01
   -3.008609E+00   5.193892E+01
   -3.099286E+00   5.202295E+01
   -3.086292E+00   5.204073E+01
   -3.093319E+00   5.204920E+01
   -3.091653E+00   5.205015E+01
   -3.125816E+00   5.207855E+01
   -3.118568E+00   5.208741E+01
   -3.123715E+00   5.210313E+01
   -3.122428E+00   5.210480E+01
   -3.107417E+00   5.210515E+01
   -3.106273E+00   5.210664E+01
   -3.109457E+00   5.211302E+01
   -3.109643E+00   5.211407E+01
   -3.105787E+00   5.211794E+01
   -3.136830E+00   5.212354E+01
   -3.142889E+00   5.212818E+01
   -3.134746E+00   5.213374E+01
   -3.136469E+00   5.213832E+01
   -3.082353E+00   5.214966E+01
   -3.071946E+00   5.215844E+01
   -3.084115E+00   5.216314E+01
   -3.097220E+00   5.215483E+01
   -3.122526E+00   5.216371E+01
   -3.122178E+00   5.216703E+01
   -3.094859E+00   5.218415E+01
   -3.096661E+00   5.218435E+01
   -3.097793E+00   5.219736E+01
   -3.101910E+00   5.220206E+01
   -3.072449E+00   5.221269E+01
   -3.072079E+00   5.221432E+01
   -3.078185E+00   5.221564E+01
   -3.070522E+00   5.222882E+01
   -3.074383E+00   5.223428E+01
   -3.043561E+00   5.223872E+01
   -3.043945E+00   5.224508E+01
   -3.049587E+00   5.224507E+01
   -3.045380E+00   5.224662E+01
   -3.048151E+00   5.224942E+01
   -2.999760E+00   5.226397E+01
   -2.991597E+00   5.226056E+01
   -2.978176E+00   5.226166E+01
   -2.977609E+00   5.225977E+01
   -2.964595E+00   5.226284E+01
   -2.965085E+00   5.226797E+01
   -2.966640E+00   5.226829E+01
   -2.965983E+00   5.227083E+01
   -2.977336E+00   5.227046E+01
   -3.012072E+00   5.227752E+01
   -3.012711E+00   5.227934E+01
   -3.009540E+00   5.228261E+01
   -3.011818E+00   5.228771E+01
   -3.004479E+00   5.229202E+01
   -3.000221E+00   5.230535E+01
   -3.003670E+00   5.230935E+01
   -3.001161E+00   5.232160E+01
   -2.966751E+00   5.232942E+01
   -2.967049E+00   5.233192E+01
   -2.955006E+00   5.234857E+01
   -2.933167E+00   5.234996E+01
   -2.936466E+00   5.235276E+01
   -2.930609E+00   5.235420E+01
   -2.939356E+00   5.236144E+01
   -2.923241E+00   5.236745E+01
   -2.900779E+00   5.236728E+01
   -2.902243E+00   5.236977E+01
   -2.920834E+00   5.237540E+01
   -2.913588E+00   5.238190E+01
   -2.919682E+00   5.238411E+01
   -2.905573E+00   5.238555E+01
   -2.897504E+00   5.238096E+01
   -2.897504E+00   5.237945E+01
   -2.892288E+00   5.237858E+01
   -2.894704E+00   5.237416E+01
   -2.890587E+00   5.237443E+01
   -2.892398E+00   5.237550E+01
   -2.888520E+00   5.237650E+01
   -2.888718E+00   5.237740E+01
   -2.885876E+00   5.237791E+01
   -2.887423E+00   5.237961E+01
   -2.886218E+00   5.238053E+01
   -2.887574E+00   5.238458E+01
   -2.863490E+00   5.238874E+01
   -2.854888E+00   5.239531E+01
   -2.805315E+00   5.238797E+01
   -2.809034E+00   5.238410E+01
   -2.807453E+00   5.237615E+01
   -2.799110E+00   5.237295E+01
   -2.792874E+00   5.237537E+01
   -2.794421E+00   5.237018E+01
   -2.792281E+00   5.236578E+01
   -2.795343E+00   5.236043E+01
   -2.792182E+00   5.235665E+01
   -2.732692E+00   5.235530E+01
   -2.741343E+00   5.234957E+01
   -2.738706E+00   5.234748E+01
   -2.740001E+00   5.234654E+01
   -2.737919E+00   5.234321E+01
   -2.748241E+00   5.233492E+01
   -2.767112E+00   5.233591E+01
   -2.759624E+00   5.232990E+01
   -2.745845E+00   5.232668E+01
   -2.746684E+00   5.232540E+01
   -2.738417E+00   5.232188E+01
   -2.738355E+00   5.232025E+01
   -2.725320E+00   5.232023E+01
   -2.712211E+00   5.230805E+01
   -2.680032E+00   5.231147E+01
   -2.680333E+00   5.231522E+01
   -2.688843E+00   5.231562E+01
   -2.685549E+00   5.232442E+01
   -2.668275E+00   5.234140E+01
   -2.660328E+00   5.234102E+01
   -2.659153E+00   5.233863E+01
   -2.655851E+00   5.233777E+01
   -2.659825E+00   5.233483E+01
   -2.649396E+00   5.233140E+01
   -2.643484E+00   5.233340E+01
   -2.636412E+00   5.232813E+01
   -2.637096E+00   5.232445E+01
   -2.631347E+00   5.232342E+01
   -2.632077E+00   5.232297E+01
   -2.629476E+00   5.232043E+01
   -2.624000E+00   5.232107E+01
   -2.624502E+00   5.231971E+01
   -2.623407E+00   5.231898E+01
   -2.626282E+00   5.231748E+01
   -2.625689E+00   5.231483E+01
   -2.628153E+00   5.231340E+01
   -2.622933E+00   5.230806E+01
   -2.617937E+00   5.230719E+01
   -2.619653E+00   5.230559E+01
   -2.663293E+00   5.230405E+01
   -2.662541E+00   5.230211E+01
   -2.661587E+00   5.230239E+01
   -2.661738E+00   5.230138E+01
   -2.644273E+00   5.229377E+01
   -2.640174E+00   5.228670E+01
   -2.622766E+00   5.228643E+01
   -2.622861E+00   5.228450E+01
   -2.616314E+00   5.228277E+01
   -2.616337E+00   5.228583E+01
   -2.600175E+00   5.228557E+01
   -2.599015E+00   5.228308E+01
   -2.600146E+00   5.228179E+01
   -2.598192E+00   5.228179E+01
   -2.597986E+00   5.228028E+01
   -2.599580E+00   5.227993E+01
   -2.596649E+00   5.227745E+01
   -2.598634E+00   5.227580E+01
   -2.601917E+00   5.227686E+01
   -2.610277E+00   5.227118E+01
   -2.609661E+00   5.226917E+01
   -2.628228E+00   5.226114E+01
   -2.627612E+00   5.225991E+01
   -2.630331E+00   5.225734E+01
   -2.630536E+00   5.225379E+01
   -2.635520E+00   5.225033E+01
   -2.628941E+00   5.224074E+01
   -2.621052E+00   5.224178E+01
   -2.619019E+00   5.224539E+01
   -2.615982E+00   5.224142E+01
   -2.575627E+00   5.224847E+01
   -2.574197E+00   5.225272E+01
   -2.569905E+00   5.225263E+01
   -2.568792E+00   5.225094E+01
   -2.548869E+00   5.224990E+01
   -2.540541E+00   5.225328E+01
   -2.539134E+00   5.225167E+01
   -2.528821E+00   5.225142E+01
   -2.529231E+00   5.224980E+01
   -2.525950E+00   5.224855E+01
   -2.517232E+00   5.225478E+01
   -2.496138E+00   5.225680E+01
   -2.493804E+00   5.226364E+01
   -2.504268E+00   5.227235E+01
   -2.503668E+00   5.227750E+01
   -2.452125E+00   5.228530E+01
   -2.427856E+00   5.227109E+01
   -2.473932E+00   5.225020E+01
   -2.474311E+00   5.224159E+01
   -2.462077E+00   5.223495E+01
   -2.388136E+00   5.222885E+01
   -2.389361E+00   5.222770E+01
   -2.385686E+00   5.222605E+01
   -2.384870E+00   5.222245E+01
   -2.397527E+00   5.222365E+01
   -2.397037E+00   5.222250E+01
   -2.403161E+00   5.222121E+01
   -2.392417E+00   5.220747E+01
   -2.401924E+00   5.220678E+01
   -2.400047E+00   5.220222E+01
   -2.406489E+00   5.220272E+01
   -2.419435E+00   5.218788E+01
   -2.415307E+00   5.218371E+01
   -2.425752E+00   5.217665E+01
   -2.422434E+00   5.217244E+01
   -2.435883E+00   5.217111E+01
   -2.434599E+00   5.216973E+01
   -2.435233E+00   5.216797E+01
   -2.426530E+00   5.216107E+01
   -2.427510E+00   5.216082E+01
   -2.416286E+00   5.214640E+01
   -2.392482E+00   5.214742E+01
   -2.377950E+00   5.215447E+01
   -2.358787E+00   5.215192E+01
   -2.344733E+00   5.213336E+01
   -2.355191E+00   5.212867E+01
   -2.356456E+00   5.212576E+01
   -2.352882E+00   5.211414E+01
   -2.354443E+00   5.211395E+01
   -2.350427E+00   5.210370E+01
   -2.351811E+00   5.210280E+01
   -2.338434E+00   5.209538E+01
   -2.338886E+00   5.208047E+01
   -2.341230E+00   5.207880E+01
   -2.339758E+00   5.207086E+01
   -2.343364E+00   5.206250E+01
   -2.347872E+00   5.206142E+01
   -2.350474E+00   5.205654E+01
   -2.346971E+00   5.204997E+01
   -2.349092E+00   5.204866E+01
   -2.349154E+00   5.203626E+01
   -2.347237E+00   5.203380E+01
   -2.352295E+00   5.202492E+01
   -2.351112E+00   5.202321E+01
   -2.352539E+00   5.202060E+01
   -2.392466E+00   5.201305E+01
   -2.394783E+00   5.200416E+01
   -2.399241E+00   5.199965E+01
   -2.399071E+00   5.199647E+01
   -2.436948E+00   5.199746E+01
   -2.434999E+00   5.199889E+01
   -2.436397E+00   5.200129E+01
   -2.434067E+00   5.200677E+01
   -2.435507E+00   5.201055E+01
   -2.433770E+00   5.201230E+01
   -2.435023E+00   5.201418E+01
   -2.464350E+00   5.201518E+01
   -2.462731E+00   5.201633E+01
   -2.463774E+00   5.201866E+01
   -2.462551E+00   5.202052E+01
   -2.463703E+00   5.202322E+01
   -2.479360E+00   5.202249E+01
   -2.477967E+00   5.202019E+01
   -2.484163E+00   5.201270E+01
   -2.490105E+00   5.201095E+01
   -2.492006E+00   5.200812E+01
   -2.485951E+00   5.200071E+01
   -2.471119E+00   5.199488E+01
   -2.494940E+00   5.198061E+01
   -2.492547E+00   5.196417E+01
   -2.500531E+00   5.196204E+01
   -2.468824E+00   5.195632E+01
   -2.463757E+00   5.194393E+01
   -2.465324E+00   5.194190E+01
   -2.463438E+00   5.193945E+01
   -2.468088E+00   5.193773E+01
   -2.466283E+00   5.192844E+01
   -2.448983E+00   5.191914E+01
   -2.437302E+00   5.189894E+01
   -2.468500E+00   5.189148E+01
   -2.474553E+00   5.188543E+01
   -2.487531E+00   5.188441E+01
   -2.488484E+00   5.188075E+01
   -2.493984E+00   5.188032E+01
   -2.494827E+00   5.188410E+01
   -2.501610E+00   5.188203E+01
   -2.503426E+00   5.188647E+01
   -2.507527E+00   5.188660E+01
   -2.517142E+00   5.187801E+01
   -2.522386E+00   5.187759E+01
   -2.524624E+00   5.188147E+01
   -2.537514E+00   5.188747E+01
   -2.540140E+00   5.187752E+01
   -2.529124E+00   5.187130E+01
   -2.529124E+00   5.186963E+01
   -2.512782E+00   5.186765E+01
   -2.516794E+00   5.186211E+01
   -2.534060E+00   5.185839E+01
   -2.534060E+00   5.186022E+01
   -2.567936E+00   5.186241E+01
   -2.585129E+00   5.185977E+01
   -2.578907E+00   5.185177E+01
   -2.582299E+00   5.184953E+01
   -2.601213E+00   5.185610E+01
   -2.624361E+00   5.183942E+01
   -2.630030E+00   5.183946E+01
   -2.632732E+00   5.184324E+01
   -2.626766E+00   5.185171E+01
   -2.628812E+00   5.185960E+01
   -2.633732E+00   5.186228E+01
   -2.642057E+00   5.186132E+01
   -2.645525E+00   5.185310E+01
   -2.644462E+00   5.184396E+01
   -2.640417E+00   5.183923E+01
   -2.653478E+00   5.182618E+01
   -2.657813E+00   5.182700E+01
   -2.657970E+00   5.183125E+01
   -2.686648E+00   5.183660E+01
   -2.687148E+00   5.183314E+01
   -2.693299E+00   5.183418E+01
   -2.696720E+00   5.184413E+01
   -2.704870E+00   5.184530E+01
   -2.707484E+00   5.183943E+01
   -2.717671E+00   5.184287E+01
   -2.717709E+00   5.184753E+01
   -2.719340E+00   5.184844E+01
   -2.726677E+00   5.184036E+01
   -2.732385E+00   5.184075E+01
   -2.733120E+00   5.183910E+01
   -2.741545E+00   5.183886E+01
   -2.741096E+00   5.184196E+01
   -2.778065E+00   5.186463E+01
   -2.778560E+00   5.186834E+01
   -2.770374E+00   5.187834E+01
   -2.814427E+00   5.189797E+01
   -2.818819E+00   5.190394E+01
   -2.835934E+00   5.190610E+01
   -2.837420E+00   5.191341E+01
   -2.842328E+00   5.191791E+01
   -2.846236E+00   5.191566E+01
   -2.847915E+00   5.191689E+01
   -2.853792E+00   5.191552E+01
   -2.854245E+00   5.191349E+01
   -2.862834E+00   5.191438E+01
   -2.863610E+00   5.191624E+01
   -2.845622E+00   5.192149E+01
   -2.847721E+00   5.192363E+01
   -2.854309E+00   5.192384E+01
   -2.855472E+00   5.192594E+01
   -2.876935E+00   5.193007E+01
END
END
