Ставропольский край
1
	43.4455121985	46.1924451819
	43.4510767432	46.18662577
	43.4511918306	46.1865341264
	43.452385004	46.1855756834
	43.4548506122	46.18526839
	43.4664634011	46.1833511108
	43.471481085	46.1822784095
	43.4953727658	46.1794397424
	43.4976286273	46.1791572449
	43.5037869674	46.1782377768
	43.5204571945	46.1754530478
	43.5259116432	46.1744552367
	43.5284968879	46.1739212482
	43.5440608528	46.1705872028
	43.552938137	46.1684485044
	43.560578292	46.1662190355
	43.573860148	46.1620222379
	43.5756524055	46.1616310208
	43.5876041288	46.1597917393
	43.6122239311	46.158189296
	43.6209911225	46.158189296
	43.6606186881	46.159949905
	43.6652884676	46.1600966382
	43.710835953	46.1609358716
	43.7259131701	46.1605812921
	43.7279622726	46.1604352302
	43.7749135666	46.1568188972
	43.7845777851	46.1558112977
	43.7961905739	46.1538940185
	43.8048335222	46.151952418
	43.8212343849	46.149428447
	43.8289664528	46.1480651611
	43.8335078214	46.1471007351
	43.8568461393	46.1418288234
	43.8637672996	46.1401205625
	43.8750304843	46.1367039128
	43.8827800657	46.133873461
	43.908330908	46.1238713247
	43.9110433842	46.1227840048
	43.9181541591	46.121157003
	43.9245888328	46.1195593443
	43.9358520175	46.1161426946
	43.9381626988	46.1153407618
	43.9514988805	46.1106105372
	43.9602038089	46.107266488
	43.9709246731	46.1024089276
	43.9762790508	46.0996560911
	43.9876773663	46.0935525755
	43.992703199	46.0907570739
	44.002698306	46.084541717
	44.0122655088	46.0776859564
	44.0213638394	46.0702191495
	44.0299543372	46.0621732703
	44.0380002164	46.0535827725
	44.0391868407	46.0522158727
	44.0434268094	46.0501933514
	44.0489078403	46.0473726302
	44.0602985263	46.0412614851
	44.0651977059	46.0385338683
	44.0751928128	46.0323185114
	44.0799816697	46.0290053263
	44.085194949	46.0256504206
	44.0945863324	46.0189293991
	44.0993012983	46.0153206955
	44.0994771177	46.0151859564
	44.1085754483	46.0077191495
	44.1171659461	45.9996732703
	44.1249700026	45.9913579526
	44.1337250084	45.9814157038
	44.1402372351	45.9752210608
	44.1482831143	45.966630563
	44.1505858766	45.9639521635
	44.156355849	45.9608984177
	44.1621520516	45.9576928039
	44.1721471585	45.951477447
	44.1817143614	45.9446216864
	44.1818195303	45.9445409258
	44.1962543447	45.9334477862
	44.2052475064	45.9260617398
	44.2138380042	45.9180158606
	44.2218838834	45.9094253628
	44.2253444371	45.9053591587
	44.2359035191	45.8925722935
	44.2399097723	45.887540167
	44.2467655329	45.8779729642
	44.2529808898	45.8679778572
	44.2585292279	45.8575976468
	44.2585485568	45.8575584396
	44.2682684054	45.8378364548
	44.273106637	45.8271547976
	44.2772526189	45.8161391879
	44.2806692686	45.8048760032
	44.2814135972	45.8020035605
	44.285586876	45.7853333334
	44.2875152343	45.7767432472
	44.2885163017	45.7712692985
	44.2928491986	45.7682459293
	44.304672147	45.7617398578
	44.3253142396	45.7540375127
	44.3271124043	45.7534014132
	44.3312660789	45.7523413267
	44.3425292636	45.748924677
	44.3462072262	45.747631556
	44.3760336667	45.7367803693
	44.3810632506	45.735592061
	44.3862587547	45.7342825499
	44.3975219393	45.7308659001
	44.4015775838	45.7294348962
	44.4212995686	45.7222098596
	44.428259534	45.7194948816
	44.435290726	45.7164049855
	44.4382722618	45.7150180474
	44.4468676272	45.7117128992
	44.4575884915	45.7068553387
	44.4646195702	45.7031931981
	44.4699288107	45.7002773681
	44.4781726452	45.697329226
	44.4978506431	45.6942430943
	44.5377929947	45.6908926667
	44.5462354999	45.6899833558
	44.5481191454	45.6897252339
	44.557413658	45.6884014945
	44.6402355204	45.6843248389
	44.6737709207	45.6845352169
	44.6920354838	45.6859670685
	44.6943291395	45.6861321344
	44.7060928345	45.6865172379
	44.7162258047	45.6862315819
	44.7259609121	45.6856822655
	44.7275916369	45.685582818
	44.7393049579	45.6844291566
	44.7509177468	45.6825118774
	44.7550165138	45.6816468445
	44.7625009498	45.6799760071
	44.7698647117	45.6781683531
	44.7811278964	45.6747517034
	44.7861669355	45.6729571841
	44.825626164	45.6582400821
	44.8316027346	45.6558886194
	44.8423235989	45.651031059
	44.8502977057	45.6468473249
	44.8833113967	45.6284579184
	44.8928759671	45.6240840375
	44.8993279203	45.6207385702
	44.8996569339	45.6206026697
	44.9103777981	45.6157451093
	44.9175681851	45.6119953718
	44.9230662591	45.608968597
	44.9471514142	45.5978598091
	44.9601815865	45.5930137505
	44.9663149539	45.5906038904
	44.9770358182	45.58574633
	44.9771924004	45.5856690176
	45.0380475633	45.562888665
	45.0438219729	45.5606127405
	45.0545428372	45.5557551801
	45.0555478495	45.5552556588
	45.0578454022	45.5543771433
	45.0624376956	45.5525484704
	45.0731585599	45.54769091
	45.0816879312	45.5431965924
	45.0906527615	45.5390773236
	45.0986036469	45.5349065221
	45.1145378228	45.5260338945
	45.1270193812	45.5214016645
	45.1332689944	45.5189486169
	45.1439898587	45.5140910565
	45.1450478684	45.5135649765
	45.1473779631	45.5126726577
	45.1518847171	45.5108767175
	45.1626055814	45.5060191571
	45.1641030459	45.5052720087
	45.1719922805	45.5022708022
	45.1768709842	45.5003328943
	45.180316734	45.498863395
	45.1852950717	45.4972538396
	45.1913103736	45.4950919757
	45.199609047	45.4919418801
	45.2012611961	45.4915075865
	45.2125243808	45.4880909368
	45.2219800423	45.4845825613
	45.2308441482	45.4810078563
	45.2715277531	45.4698995589
	45.2819671298	45.4667057439
	45.2929827395	45.462559762
	45.2960785446	45.4612433861
	45.3289381042	45.4469067663
	45.3636520889	45.433768984
	45.3688189212	45.4317217493
	45.3795397855	45.4268641888
	45.3813260832	45.425970921
	45.3871599856	45.423672738
	45.3978808499	45.4188151776
	45.3991310399	45.4181926063
	45.4359092723	45.4040300971
	45.4452516741	45.4010026595
	45.4535340635	45.3990057864
	45.4579292869	45.3978872862
	45.4633005595	45.3963582999
	45.5130213237	45.3813665397
	45.5189132357	45.3794788762
	45.5253040096	45.3771740068
	45.6030856869	45.3474498857
	45.6077105227	45.3456087732
	45.618431387	45.3407512128
	45.619288687	45.3403255997
	45.6289692039	45.3354874858
	45.6469516351	45.32851644
	45.6507708255	45.3269854211
	45.6614916898	45.3221278607
	45.6702722287	45.3174922056
	45.6810983395	45.3113886899
	45.682698011	45.310476007
	45.692693118	45.3042606501
	45.7022603208	45.2974048895
	45.7110591972	45.2902001115
	45.7155071342	45.2863167497
	45.7158065884	45.2860547208
	45.7243970862	45.2780088416
	45.7324429654	45.2694183438
	45.7399097723	45.2603200132
	45.7467655329	45.2507528104
	45.7529808898	45.2407577034
	45.7585292279	45.230377493
	45.7607666934	45.2256695891
	45.7625422299	45.2217896002
	45.7646618985	45.219415292
	45.7653378192	45.2186400923
	45.7675106156	45.2161337258
	45.7718900672	45.211900138
	45.7799359463	45.2033096402
	45.7817602266	45.2011965912
	45.7872096076	45.1947846916
	45.7946790686	45.1877302161
	45.8027249478	45.1791397183
	45.8086347867	45.172041137
	45.817301312	45.1644915112
	45.8177505581	45.1640988492
	45.8263410559	45.15605297
	45.8337245295	45.1482135726
	45.8375821795	45.1438638615
	45.8416151038	45.1399549475
	45.849660983	45.1313644497
	45.854857172	45.1251633718
	45.8581912174	45.1209977224
	45.8604618353	45.1181004698
	45.8673175959	45.1085332669
	45.8735329528	45.09853816
	45.8790812909	45.0881579495
	45.8839388513	45.0774370852
	45.8880848332	45.0664214755
	45.891501483	45.0551582908
	45.8941187101	45.0439734346
	45.8952326017	45.0384192354
	45.8952880614	45.0381415627
	45.8972053406	45.0265287738
	45.8983590021	45.0148154528
	45.8987441056	45.0030517578
	45.8983590021	44.9912880628
	45.8972053406	44.9795747418
	45.8952880614	44.967961953
	45.8926153746	44.956499424
	45.8891987248	44.9452362394
	45.8850527429	44.9342206296
	45.8801951825	44.9234997653
	45.8801673307	44.9234433123
	45.8732111798	44.9093500702
	45.8722506189	44.9069836911
	45.8673930585	44.8962628269
	45.8618447204	44.8858826164
	45.8556293635	44.8758875095
	45.8514971989	44.8699642752
	45.8359333017	44.8485822778
	45.8377853149	44.8406394264
	45.8397025941	44.8290266376
	45.8408562555	44.8173133166
	45.841241359	44.8055496216
	45.8408562555	44.7937859266
	45.8397025941	44.7820726056
	45.8377853149	44.7704598167
	45.835112628	44.7589972878
	45.8316959783	44.7477341031
	45.8275499963	44.7367184934
	45.8226924359	44.7259976291
	45.8171440978	44.7156174187
	45.8109287409	44.7056223117
	45.8040729803	44.6960551088
	45.7966061734	44.6869567783
	45.790271046	44.6801003597
	45.7802689098	44.6698235652
	45.778558158	44.6680894861
	45.7699676602	44.6600436069
	45.7697496718	44.6598527466
	45.7478075331	44.6406724487
	45.738927191	44.6333965021
	45.7293599881	44.6265407415
	45.7290591671	44.6263401763
	45.7217698709	44.6210431808
	45.7060946312	44.6102417135
	45.6919222137	44.5978630234
	45.6830952818	44.5906337458
	45.6765911873	44.5858706998
	45.6704268192	44.580405215
	45.6696945279	44.5797594882
	45.6605961973	44.5722926813
	45.6510289944	44.5654369207
	45.6490582988	44.5641387624
	45.6444084996	44.5603978901
	45.6411565	44.5578426081
	45.6341777633	44.5527491899
	45.5873853428	44.5115168468
	45.5937046198	44.502698306
	45.5999199767	44.492703199
	45.6054683148	44.4823229886
	45.6084994912	44.4758557423
	45.6129474282	44.4658536061
	45.6147738122	44.4615999881
	45.6189197942	44.4505843783
	45.6223364439	44.4393211936
	45.6250091308	44.4278586647
	45.62692641	44.4162458759
	45.6280800714	44.4045325548
	45.6284651749	44.3927688599
	45.6280800714	44.3810051649
	45.62692641	44.3692918439
	45.6250091308	44.357679055
	45.6223364439	44.3462165261
	45.6199278292	44.3380126459
	45.619132126	44.3355229653
	45.626981085	44.3298984808
	45.6351336834	44.3232552439
	45.6393069622	44.3196465403
	45.6402526944	44.3188229703
	45.6488431922	44.3107770911
	45.6568890713	44.3021865933
	45.6643558783	44.2930882627
	45.6654920418	44.2915914602
	45.6688260872	44.2871511526
	45.6745456843	44.2790807523
	45.6807610412	44.2690856453
	45.6863093793	44.2587054349
	45.6911669397	44.2479845706
	45.6953129216	44.2369689608
	45.6987295713	44.2257057762
	45.7014022582	44.2142432472
	45.7014304945	44.2141009941
	45.7025291273	44.2085544243
	45.7044181702	44.1970838886
	45.7055718317	44.1853705675
	45.7059569352	44.1736068726
	45.7055718317	44.1618431776
	45.7053638275	44.1590121424
	45.7053673545	44.158859337
	45.7050301446	44.1429451673
	45.7041125772	44.1331007316
	45.7032733438	44.1261656119
	45.7030372498	44.1242967267
	45.7011199706	44.1126839378
	45.6984472837	44.1012214089
	45.695030634	44.0899582242
	45.6908846521	44.0789426145
	45.6893857667	44.0754299367
	45.689199151	44.0721138685
	45.6889745315	44.0690801599
	45.6889814391	44.0687743595
	45.6886422052	44.0529488294
	45.6882191971	44.0476817292
	45.6877368176	44.0426101471
	45.6886422052	44.0328666003
	45.6888651228	44.0287394372
	45.6892237044	44.0203013269
	45.6890007867	44.0009010999
	45.6878471253	43.9891877789
	45.6859298461	43.9775749901
	45.6832571592	43.9661124611
	45.6798405095	43.9548492765
	45.6756945276	43.9438336667
	45.6708369672	43.9331128024
	45.6652886291	43.922732592
	45.6590732722	43.912737485
	45.6522175116	43.9031702822
	45.6447507046	43.8940719516
	45.6367048255	43.8854814538
	45.6335881202	43.8824393198
	45.6324882386	43.8715196271
	45.6321307129	43.868947565
	45.6301775879	43.855603754
	45.6286178344	43.8465630272
	45.6259451475	43.8351004983
	45.6225284978	43.8238373136
	45.6183825159	43.8128217038
	45.6135249554	43.8021008395
	45.6079766174	43.7917206291
	45.6017612605	43.7817255222
	45.5949054998	43.7721583193
	45.5874386929	43.7630599887
	45.5793928137	43.754469491
	45.5708023159	43.7464236118
	45.5617039854	43.7389568048
	45.5521367825	43.7321010442
	45.5519276289	43.7319615036
	45.5469227461	43.7286274582
	45.5371367928	43.7225516419
	45.5267565823	43.7170033038
	45.516035718	43.7121457434
	45.5050201083	43.7079997615
	45.4937569236	43.7045831118
	45.4822943947	43.7019104249
	45.4706816059	43.6999931457
	45.4589682848	43.6988394843
	45.4491916239	43.6984653569
	45.4236407816	43.6981830693
	45.4216537476	43.6981720932
	45.4160656006	43.6982589223
	45.3839799974	43.6992562606
	45.373644787	43.699146344
	45.3642493517	43.6982825385
	45.3544083735	43.697907712
	45.3030244013	43.6973583956
	45.3021484325	43.6973823855
	45.3011016846	43.6973481186
	45.2904595567	43.6976632287
	45.2667800511	43.6990667448
	45.2447788346	43.6992957253
	45.2398291935	43.6994835481
	45.2382502972	43.6959988498
	45.2327019592	43.6856186394
	45.2264866023	43.6756235324
	45.2239505047	43.6719284928
	45.2206164593	43.6671982682
	45.2162967962	43.6613261049
	45.2088299893	43.6522277744
	45.2007841101	43.6436372766
	45.1921936123	43.6355913974
	45.1830952818	43.6281245905
	45.1735280789	43.6212688299
	45.163532972	43.615053473
	45.1552937337	43.6106495083
	45.1542133479	43.6089121066
	45.1473575872	43.5993449038
	45.1398907803	43.5902465732
	45.1318449011	43.5816560754
	45.1243965135	43.5746203961
	45.122389374	43.5728298544
	45.1157850256	43.5658632287
	45.1112978758	43.5615290838
	45.0987856688	43.5498561101
	45.0946823208	43.5461443759
	45.0855839903	43.538677569
	45.0779574172	43.5331368687
	45.0761540586	43.53173482
	45.0665868558	43.5248790594
	45.0591537127	43.5201712167
	45.0438720355	43.5110083139
	45.0413100716	43.5095007996
	45.0309298611	43.5039524615
	45.0202089968	43.4990949011
	45.0091933871	43.4949489192
	44.9979302024	43.4915322695
	44.9949074228	43.4907503739
	44.988239332	43.4890871658
	44.9820730713	43.487663869
	44.9752108279	43.4846524573
	44.970447082	43.4827583264
	44.9646029658	43.4805305432
	44.9583511019	43.4782786922
	44.9470879173	43.4748620424
	44.9356253884	43.4721893555
	44.9240125995	43.4702720764
	44.9122992785	43.4691184149
	44.9005355835	43.4687333114
	44.8899310036	43.4690461999
	44.8805010719	43.4696031457
	44.8793419569	43.4696753607
	44.8676286358	43.4708290222
	44.856015847	43.4727463013
	44.8474387745	43.4746714022
	44.8329887013	43.4782877352
	44.8301032448	43.4790353212
	44.8194100199	43.4822595581
	44.8153596539	43.4827461364
	44.8070928471	43.484030725
	44.8007528202	43.4851675048
	44.7974068382	43.4858001954
	44.7859443093	43.4884728823
	44.7746811246	43.491889532
	44.7636655149	43.4960355139
	44.7529446506	43.5008930743
	44.7425644401	43.5064414124
	44.7424134757	43.5065286694
	44.7371263053	43.5095880566
	44.7272821628	43.5157161565
	44.7177149599	43.5225719171
	44.7086166294	43.5300387241
	44.7000261316	43.5380846033
	44.6919802524	43.546675101
	44.6845134455	43.5557734316
	44.6776576848	43.5653406345
	44.6714423279	43.5753357414
	44.6662358225	43.5850265059
	44.6637410105	43.5900313887
	44.6633991779	43.5907208347
	44.6585416174	43.601441699
	44.6543956355	43.6124573087
	44.6509789858	43.6237204934
	44.6483062989	43.6351830223
	44.6475701793	43.6396416331
	44.6357388875	43.6382681478
	44.6267615588	43.6374533759
	44.6205662148	43.6371544872
	44.6200557879	43.6371386775
	44.5969974628	43.6343318003
	44.5934165261	43.6335815675
	44.5818037372	43.6316642883
	44.5810473285	43.6315663363
	44.5504916034	43.6276753451
	44.5395346911	43.6266196356
	44.5352964797	43.6263920333
	44.5087395486	43.6252799238
	44.4849266271	43.6224735071
	44.4756385119	43.6216223822
	44.4739071553	43.6215172847
	44.4550230186	43.6204623375
	44.4149948786	43.6156045859
	44.4050895006	43.6146796332
	44.3991535579	43.6143889664
	44.3822086727	43.61383965
	44.380252836	43.6138719667
	44.3763809204	43.6137452133
	44.3646172254	43.6141303168
	44.3529039044	43.6152839782
	44.3412911156	43.6172012574
	44.3374762364	43.6180031555
	44.3299689122	43.6196663635
	44.3223212624	43.6215371523
	44.3110580777	43.624953802
	44.300042468	43.6290997839
	44.2893216037	43.6339573444
	44.2797400937	43.6390472747
	44.2733162611	43.6393530951
	44.26160294	43.6405067565
	44.2499901512	43.6424240357
	44.2385276223	43.6450967226
	44.2272644376	43.6485133723
	44.2162488279	43.6526593543
	44.2055279636	43.6575169147
	44.1951477531	43.6630652527
	44.1851526462	43.6692806097
	44.1755854433	43.6761363703
	44.1664871128	43.6836031772
	44.157896615	43.6916490564
	44.1498507358	43.7002395542
	44.1423839289	43.7093378847
	44.1355281682	43.7189050876
	44.1293128113	43.7289001945
	44.1237644733	43.739280405
	44.1189069129	43.7500012693
	44.1187759003	43.7503493612
	44.1160027244	43.7508072144
	44.1045401955	43.7534799013
	44.0932770109	43.756896551
	44.0920269804	43.7573260078
	44.0856411772	43.7595461616
	44.0758755979	43.7632626868
	44.0651547336	43.7681202472
	44.0547745231	43.7736685853
	44.0447794162	43.7798839422
	44.0412595676	43.7822967145
	44.0356519772	43.7820156933
	44.0148857801	43.7821753607
	44.0098107859	43.7825802008
	43.992041926	43.7842510382
	43.9854035992	43.7849998596
	43.9737908104	43.7869171388
	43.9623282815	43.7895898256
	43.9510650968	43.7930064754
	43.940049487	43.7971524573
	43.9356745001	43.7990328677
	43.9326267229	43.7910933716
	43.9308825159	43.7867215451
	43.9260249554	43.7760006809
	43.9204766174	43.7656204704
	43.9142612605	43.7556253635
	43.9074054998	43.7460581606
	43.9026847606	43.7401662599
	43.8954749828	43.7315450441
	43.8927289151	43.7283386142
	43.8846830359	43.7197481164
	43.8760925381	43.7117022372
	43.8669942076	43.7042354303
	43.8574270047	43.6973796697
	43.8511384399	43.6933639156
	43.8461335571	43.6903121578
	43.8424270149	43.688112555
	43.8424095254	43.6881024587
	43.837122355	43.6850507009
	43.8267596341	43.6795124591
	43.8160387698	43.6746548987
	43.80502316	43.6705089168
	43.7942809509	43.6672326999
	43.7809447693	43.6636163669
	43.7804237937	43.663475934
	43.7689612648	43.6608032472
	43.757348476	43.658885968
	43.7456351549	43.6577323065
	43.7440174238	43.6576335927
	43.7193058149	43.6562374135
	43.7091598511	43.6559510238
	43.7037866582	43.6560313
	43.6943414678	43.6563135876
	43.6879509657	43.6566184149
	43.6762692304	43.6577679209
	43.6638607521	43.6593992922
	43.6234234466	43.6626353736
	43.6150556891	43.6635023847
	43.5647779791	43.6699034467
	43.5640168805	43.6700019958
	43.5524040916	43.671919275
	43.5472607049	43.6730207778
	43.4862613043	43.6870202333
	43.484479254	43.6856349665
	43.4749120511	43.6787792058
	43.4725064382	43.6771995174
	43.4427823171	43.6580192195
	43.435192823	43.6533835511
	43.4248126126	43.647835213
	43.416034309	43.6437956552
	43.4102054515	43.6413008432
	43.4082628909	43.6404828406
	43.3972472811	43.6363368587
	43.3859840965	43.6329202089
	43.3813781399	43.6317510356
	43.3744430203	43.6300878276
	43.3675864479	43.628584314
	43.3559736591	43.6266670348
	43.344260338	43.6255133734
	43.3387461586	43.6252368746
	43.3304072303	43.6249469576
	43.3241577148	43.6248383529
	43.3123940199	43.6252234564
	43.3011101734	43.6263211024
	43.2924889576	43.627434994
	43.292059483	43.6274910095
	43.2804466942	43.6294082887
	43.2689841653	43.6320809755
	43.2577209806	43.6354976253
	43.2467053708	43.6396436072
	43.2359845065	43.6445011676
	43.2301431789	43.6475157175
	43.2193094386	43.6533598337
	43.2147705559	43.6558936219
	43.2047754489	43.6621089788
	43.195208246	43.6689647394
	43.1861099155	43.6764315463
	43.1775194177	43.6844774255
	43.1694735385	43.6930679233
	43.1645304384	43.6989535126
	43.1542612734	43.7117251191
	43.1517375666	43.7149378603
	43.1486939829	43.7190228368
	43.1457039451	43.7181939516
	43.1342414162	43.7155212647
	43.1226286273	43.7136039855
	43.11425426	43.7127004031
	43.0978663206	43.7113194827
	43.0945273669	43.7110694037
	43.0886682466	43.7107812438
	43.0631174043	43.7099420104
	43.0572128296	43.7098450668
	43.0518306706	43.7099256111
	43.0020656041	43.7114154195
	42.9776369362	43.687749236
	42.9710785	43.6817034579
	42.9619801695	43.674236651
	42.9524129666	43.6673808904
	42.9492748166	43.6653310192
	42.9392726804	43.658945216
	42.9324157234	43.6547797303
	42.922035513	43.6492313922
	42.9113146487	43.6443738318
	42.900299039	43.6402278499
	42.8890358543	43.6368112001
	42.8860130747	43.6360293045
	42.8793449839	43.6343660965
	42.8709052345	43.6324753053
	42.8592924457	43.6305580261
	42.8475791247	43.6294043646
	42.8358154297	43.6290192611
	42.8177719116	43.6290192611
	42.8060082166	43.6294043646
	42.7962654137	43.6303096626
	42.7709892296	43.633353791
	42.7690187115	43.6336021545
	42.7634209117	43.6344288952
	42.7432969027	43.6377252641
	42.741226163	43.6370082454
	42.7299629783	43.6335915957
	42.7185004494	43.6309189088
	42.7068876605	43.6290016296
	42.6951743395	43.6278479681
	42.6834106445	43.6274628646
	42.6716469496	43.6278479681
	42.6599336285	43.6290016296
	42.6483208397	43.6309189088
	42.6368583108	43.6335915957
	42.6255951261	43.6370082454
	42.6145795163	43.6411542273
	42.603858652	43.6460117877
	42.5934784416	43.6515601258
	42.5834833347	43.6577754827
	42.5739161318	43.6646312433
	42.5648178012	43.6720980502
	42.5610684859	43.6754803869
	42.5429181563	43.6923222754
	42.5380769739	43.6969858179
	42.5300310947	43.7055763156
	42.5225642878	43.7146746462
	42.5157085271	43.7242418491
	42.5094931702	43.734236956
	42.5039448322	43.7446171665
	42.4990872717	43.7553380307
	42.4949412898	43.7663536405
	42.4915246401	43.7776168252
	42.4914611193	43.7778545381
	42.4883964885	43.7893548024
	42.4513332351	43.7849846367
	42.4420348437	43.7841323004
	42.4302711487	43.7837471969
	42.4185074537	43.7841323004
	42.4156687263	43.784340931
	42.3715059761	43.7879381905
	42.3626313824	43.7888832214
	42.3510185936	43.7908005006
	42.3395560647	43.7934731875
	42.32829288	43.7968898372
	42.3172772702	43.8010358191
	42.3108950513	43.8038253965
	42.2933855909	43.8118858518
	42.2890469455	43.8139538348
	42.2786667351	43.8195021729
	42.2686716281	43.8257175298
	42.2591044252	43.8325732904
	42.2500060947	43.8400400974
	42.2414155969	43.8480859765
	42.2333697177	43.8566764743
	42.2259029108	43.8657748049
	42.2190471502	43.8753420078
	42.2128317933	43.8853371147
	42.2072834552	43.8957173251
	42.2024258948	43.9064381894
	42.2010953241	43.9097426525
	42.199934656	43.9106258112
	42.1908363254	43.9180926181
	42.1822458276	43.9261384973
	42.1741999484	43.9347289951
	42.1667331415	43.9438273256
	42.1654487856	43.9455217745
	42.1621185549	43.9499697115
	42.1565471502	43.9578424655
	42.1503317933	43.9678375725
	42.1447834552	43.9782177829
	42.1399258948	43.9889386472
	42.1357799129	43.9999542569
	42.1345752177	44.0036327468
	42.1297955096	44.0126683139
	42.1249379492	44.0233891782
	42.1207919673	44.0344047879
	42.1173753176	44.0456679726
	42.1147026307	44.0571305015
	42.1127853515	44.0687432904
	42.1116316901	44.0804566114
	42.1112465866	44.0922203064
	42.1116316901	44.1039840014
	42.1121210428	44.1099347756
	42.1126703592	44.1154851602
	42.1133346679	44.1212477069
	42.1152519471	44.1328604958
	42.117924634	44.1443230247
	42.1213412837	44.1555862094
	42.1226959767	44.1594331507
	42.1238617188	44.1659110329
	42.125053938	44.1710241822
	42.1145461465	44.1734742556
	42.1087393198	44.1751351711
	42.0870504619	44.1817346886
	42.0385906448	44.1816244022
	42.0383895912	44.181630755
	42.0381813049	44.1816239364
	42.02641761	44.1820090399
	42.0147042889	44.1831627014
	42.0030915001	44.1850799805
	41.9916289712	44.1877526674
	41.9803657865	44.1911693172
	41.9693501767	44.1953152991
	41.9690139967	44.1954549482
	41.9395726012	44.2077198427
	41.9105159509	44.2143051468
	41.9037192727	44.2159852419
	41.892456088	44.2194018916
	41.8814404783	44.2235478735
	41.870719614	44.228405434
	41.8603394035	44.233953772
	41.8503442966	44.2401691289
	41.8407770937	44.2470248896
	41.8390332867	44.2483800496
	41.8298627545	44.2555974568
	41.8225082309	44.2617091037
	41.8139177331	44.2697549829
	41.8058718539	44.2783454807
	41.8045562902	44.2799484997
	41.8031973224	44.2797241332
	41.7914840014	44.2785704718
	41.7797203064	44.2781853683
	41.7775826187	44.278198072
	41.7271942825	44.2787969794
	41.7175682752	44.2791693793
	41.7058549542	44.2803230407
	41.6942421654	44.2822403199
	41.6827796364	44.2849130068
	41.6715164518	44.2883296565
	41.660500842	44.2924756384
	41.6497799777	44.2973331989
	41.6393997673	44.3028815369
	41.6294046603	44.3090968938
	41.6198374575	44.3159526545
	41.6107391269	44.3234194614
	41.6065971299	44.3272988649
	41.597119973	44.3288635499
	41.5856574441	44.3315362368
	41.5743942594	44.3349528865
	41.5633786496	44.3390988684
	41.5526577853	44.3439564288
	41.5422775749	44.3495047669
	41.532282468	44.3557201238
	41.5285874284	44.3582562213
	41.5264024021	44.3597963124
	41.5185623502	44.3621745662
	41.5075467405	44.3663205481
	41.4968258762	44.3711781085
	41.4864456657	44.3767264466
	41.4764505588	44.3829418035
	41.4669136035	44.3897743595
	41.4621986376	44.3933906925
	41.4621683901	44.3934138971
	41.4530700595	44.400880704
	41.4444795618	44.4089265832
	41.4364336826	44.417517081
	41.4289668756	44.4266154116
	41.4225071396	44.4356299628
	41.4192136106	44.4368695593
	41.4084927463	44.4417271198
	41.4076069311	44.4421669872
	41.4020527319	44.4449440869
	41.3925583366	44.4500525574
	41.3825632297	44.4562679143
	41.3729960268	44.463123675
	41.3638976963	44.4705904819
	41.3553071985	44.4786363611
	41.3472613193	44.4872268589
	41.3397945124	44.4963251894
	41.3387381449	44.4977158006
	41.3367181979	44.4990459295
	41.3273268145	44.505766951
	41.3226118487	44.5093756546
	41.3224360293	44.5095103937
	41.3133376987	44.5169772006
	41.3047472009	44.5250230798
	41.2967013217	44.5336135776
	41.2958777517	44.5345593098
	41.2922690481	44.5387325886
	41.2856258112	44.546885187
	41.2787700506	44.5564523898
	41.2725546937	44.5664474968
	41.2712659081	44.5687176255
	41.2659939965	44.578162816
	41.2640278529	44.5817821361
	41.2562458705	44.5965068675
	41.2539524615	44.6009976291
	41.2490949011	44.6117184934
	41.2449489192	44.6227341031
	41.2437373647	44.6264343302
	41.2420741567	44.6317062418
	41.2398690615	44.6392691994
	41.2371963746	44.6507317283
	41.2352790954	44.6623445172
	41.2348524389	44.6658510384
	41.2334562597	44.6783479867
	41.2327292548	44.6865547865
	41.2323441513	44.6983184814
	41.2327292548	44.7100821764
	41.2338829162	44.7217954975
	41.2352206853	44.7303574845
	41.2363269475	44.7364686295
	41.2369064576	44.7395194313
	41.2395791445	44.7509819602
	41.2429957942	44.7622451449
	41.2471417761	44.7732607547
	41.2519993365	44.7839816189
	41.2575476746	44.7943618294
	41.2637630315	44.8043569363
	41.2664107897	44.8082102151
	41.2697524645	44.8129404397
	41.273960467	44.8186543638
	41.2814272739	44.8277526944
	41.2894731531	44.8363431922
	41.2980636509	44.8443890713
	41.3071619814	44.8518558783
	41.3167291843	44.8587116389
	41.3189246652	44.8601555268
	41.323639631	44.8632072847
	41.3304932862	44.8674000501
	41.3286230345	44.8693834743
	41.3175070067	44.881888052
	41.3167055942	44.8827957065
	41.3092387873	44.8918940371
	41.3023830266	44.9014612399
	41.2961676697	44.9114563469
	41.2927199852	44.9177115359
	41.2864487175	44.9211676697
	41.2764536105	44.9273830266
	41.2675459841	44.9337350898
	41.2536528567	44.9442941718
	41.2529932802	44.9447978693
	41.2438949497	44.9522646762
	41.2353044519	44.9603105554
	41.2294746442	44.9664207502
	41.2233644494	44.9722505578
	41.2153185703	44.9808410556
	41.2078517633	44.9899393862
	41.2009960027	44.9995065891
	41.1947806458	45.009501696
	41.1892323077	45.0198819064
	41.1843747473	45.0306027707
	41.1804139807	45.0410755984
	41.1790244852	45.0451264389
	41.1765892053	45.0451264389
	41.1652118302	45.0445721823
	41.1419541483	45.0410467353
	41.1384748798	45.0405540588
	41.1267615588	45.0394003973
	41.1263806539	45.0393758374
	41.0913693624	45.0371556836
	41.0854802849	45.0368790586
	41.0582662346	45.0360474546
	41.0563549241	45.0360808117
	41.052772522	45.035963536
	41.0476215344	45.0360373086
	41.0281818372	45.0365942544
	41.0215691297	45.0369055853
	41.0098558087	45.0380592468
	41.0058879691	45.0386266688
	40.9994640189	45.0396184901
	40.9918190697	45.0409683472
	40.9803565407	45.0436410341
	40.9690933561	45.0470576839
	40.9580777463	45.0512036658
	40.947356882	45.0560612262
	40.9369766716	45.0616095643
	40.9269815646	45.0678249212
	40.9174143618	45.0746806818
	40.9083160312	45.0821474887
	40.8997255334	45.0901933679
	40.8916796542	45.0987838657
	40.8842128473	45.1078821962
	40.8773570867	45.1174493991
	40.8711417298	45.1274445061
	40.8655933917	45.1378247165
	40.8607358313	45.1485455808
	40.8565898494	45.1595611905
	40.8531731997	45.1708243752
	40.8505005128	45.1822869041
	40.8485832336	45.193899693
	40.8474295722	45.205613014
	40.8470444687	45.217376709
	40.847091612	45.2214945483
	40.846907068	45.22240989
	40.8449897888	45.2340226788
	40.8446911054	45.2364152155
	40.8414539874	45.2426678561
	40.836596427	45.2533887204
	40.8324504451	45.2644043302
	40.8313102348	45.2678789332
	40.8303995886	45.2707522506
	40.82409155	45.2747798772
	40.8221518959	45.2760942671
	40.8175666298	45.279245207
	40.809939081	45.2847865778
	40.8008407505	45.2922533847
	40.7922502527	45.3002992639
	40.7842043735	45.3088897617
	40.7767375666	45.3179880922
	40.7698818059	45.3275552951
	40.763666449	45.3375504021
	40.758118111	45.3479306125
	40.7532605505	45.3586514768
	40.7491145686	45.3696670865
	40.7489314786	45.3702092847
	40.743395444	45.3737636419
	40.7397004045	45.3762997394
	40.7349701798	45.3796337848
	40.7290980166	45.3839534479
	40.719999686	45.3914202548
	40.7114091882	45.399466134
	40.703363309	45.4080566318
	40.6958965021	45.4171549624
	40.6890407415	45.4267221652
	40.6828253846	45.4367172722
	40.6772770465	45.4470974826
	40.6724194861	45.4578183469
	40.6682735042	45.4688339567
	40.6648568544	45.4800971413
	40.6621841676	45.4915596702
	40.6602668884	45.5031724591
	40.6591132269	45.5148857801
	40.6587281234	45.5266494751
	40.6591132269	45.5384131701
	40.6602668884	45.5501264911
	40.6620892049	45.5612584476
	40.6701380827	45.6023071577
	40.67077895	45.6219589604
	40.6710684882	45.6278601916
	40.6722221496	45.6395735126
	40.672594561	45.6422470721
	40.673691828	45.6497139136
	40.6743199769	45.6853800909
	40.6746771918	45.6939765246
	40.6758308532	45.7056898456
	40.6777481324	45.7173026344
	40.6804208193	45.7287651634
	40.683837469	45.740028348
	40.6840806638	45.7407398867
	40.6848611269	45.7437569236
	40.6882777766	45.7550201083
	40.6924237586	45.766035718
	40.697281319	45.7767565823
	40.702829657	45.7871367928
	40.709045014	45.7971318997
	40.7159007746	45.8066991026
	40.7233675815	45.8157974331
	40.7314134607	45.8243879309
	40.7400039585	45.8324338101
	40.749102289	45.839900617
	40.7586694919	45.8467563777
	40.7686645988	45.8529717346
	40.7790448093	45.8585200726
	40.7897656736	45.863377633
	40.8007812833	45.867523615
	40.812044468	45.8709402647
	40.8235069969	45.8736129516
	40.8351197857	45.8755302308
	40.8468331068	45.8766838922
	40.8585968018	45.8770689957
	40.8595214744	45.8770666188
	40.9114623923	45.87679959
	40.9143865553	45.8767607825
	40.9426166399	45.8761565615
	40.9458783445	45.8775454187
	40.9568939542	45.8816914006
	40.9681571389	45.8851080503
	40.9796196678	45.8877807372
	40.9844680126	45.888600004
	40.9844329114	45.8902934
	40.9815368796	45.9259934523
	40.9813330756	45.928772804
	40.9809831097	45.9369813899
	40.9807084515	45.9508745174
	40.9807418449	45.9523362203
	40.9806733139	45.9544296265
	40.9810584174	45.9661933214
	40.9822120788	45.9779066425
	40.984129358	45.9895194313
	40.9868020449	46.0009819602
	40.9902186946	46.0122451449
	40.9943646765	46.0232607547
	40.9992222369	46.0339816189
	41.004770575	46.0443618294
	41.0109859319	46.0543569363
	41.0178416925	46.0639241392
	41.0253084995	46.0730224698
	41.0333543786	46.0816129675
	41.0419448764	46.0896588467
	41.051043207	46.0971256537
	41.0606104099	46.1039814143
	41.0706055168	46.1101967712
	41.0809857272	46.1157451093
	41.0917065915	46.1206026697
	41.1027222013	46.1247486516
	41.113985386	46.1281653013
	41.1254479149	46.1308379882
	41.1370607037	46.1327552674
	41.1487740247	46.1339089288
	41.1605377197	46.1342940323
	41.1637109587	46.1342660384
	41.1701287447	46.134878013
	41.1754387586	46.135305108
	41.1872024536	46.1356902115
	41.1889275223	46.1356819388
	41.2469948441	46.135124993
	41.2558222111	46.1348234493
	41.2900372613	46.1328126284
	41.2979990786	46.139346723
	41.3075662814	46.1462024836
	41.3175613884	46.1524178405
	41.3279415988	46.1579661786
	41.3386624631	46.162823739
	41.3496780729	46.1669697209
	41.3609412575	46.1703863707
	41.3724037865	46.1730590575
	41.3828373843	46.1748171235
	41.3908863955	46.1759310151
	41.3920655865	46.1760902283
	41.4037789076	46.1772438898
	41.4155426025	46.1776289933
	41.4206230853	46.1775572268
	41.424505644	46.1774475156
	41.4642250626	46.1789043156
	41.4708175659	46.1790251725
	41.4796669129	46.1788073462
	41.5080101136	46.177411167
	41.5109244616	46.1772438898
	41.5226377826	46.1760902283
	41.5267656809	46.1754980204
	41.5650171446	46.1695569413
	41.6051860053	46.1646372882
	41.6067976337	46.1644325135
	41.618112137	46.1625743049
	41.6336684724	46.1595072883
	41.633966758	46.1594482177
	41.6365986078	46.1589042391
	41.6439526853	46.1621447229
	41.654968295	46.1662907048
	41.6582305379	46.1673634666
	41.6612746664	46.1683323997
	41.6692756081	46.1706762876
	41.680738137	46.1733489745
	41.6923509259	46.1752662537
	41.7040642469	46.1764199152
	41.7158279419	46.1768050187
	41.7275916369	46.1764199152
	41.7393049579	46.1752662537
	41.7509177468	46.1733489745
	41.7511222166	46.1733081797
	41.7845861025	46.1666114633
	41.8202924093	46.1617241525
	41.8500014121	46.1608966677
	41.8567572863	46.1605812921
	41.8579644873	46.1604980888
	41.8986403448	46.1575570978
	41.9412402435	46.1570633231
	41.9509192736	46.1566903009
	41.9598657739	46.1558791051
	41.9993613428	46.1513010024
	42.0013347224	46.1578063632
	42.0054807044	46.1688219729
	42.0103382648	46.1795428372
	42.0158866028	46.1899230477
	42.0221019598	46.1999181546
	42.0289577204	46.2094853575
	42.0364245273	46.218583688
	42.0444704065	46.2271741858
	42.0487045131	46.2312718039
	42.0531524501	46.2354374533
	42.0575088413	46.2393857144
	42.0666071718	46.2468525213
	42.0761743747	46.2537082819
	42.0861694816	46.2599236389
	42.0965496921	46.2654719769
	42.1072705564	46.2703295373
	42.1182861661	46.2744755193
	42.1295493508	46.277892169
	42.1410118797	46.2805648559
	42.1433406393	46.281012137
	42.1583323995	46.2837892366
	42.1662135155	46.2850689176
	42.2430825306	46.2958051131
	42.2507378319	46.2975021117
	42.2608891535	46.2992208859
	42.3006154108	46.3047827145
	42.3010634236	46.3048448638
	42.3091124348	46.305951126
	42.3101258893	46.3060874818
	42.3218392103	46.3072411432
	42.3336029053	46.3076262467
	42.3453666003	46.3072411432
	42.3548006841	46.306372755
	42.3617434331	46.3055487804
	42.3640226703	46.3052635071
	42.3756354592	46.3033462279
	42.3870979881	46.3006735411
	42.3983611727	46.2972568913
	42.4093767825	46.2931109094
	42.4200976468	46.288253349
	42.4304778572	46.2827050109
	42.4404729642	46.276489654
	42.450040167	46.2696338934
	42.4591384976	46.2621670865
	42.4677289954	46.2541212073
	42.4757748746	46.2455307095
	42.4832416815	46.236432379
	42.4900974421	46.2268651761
	42.496312799	46.2168700691
	42.5018611371	46.2064898587
	42.5067186975	46.1957689944
	42.5086181999	46.1907221377
	42.5096613711	46.191577558
	42.5146713344	46.1952857091
	42.5190989321	46.1987949652
	42.5223451685	46.2012282192
	42.5355731371	46.2137374935
	42.540563956	46.2182828091
	42.5496622866	46.2257496161
	42.5547318084	46.2295002541
	42.559107477	46.2329670233
	42.5686746799	46.2398227839
	42.5786697868	46.2460381408
	42.5890499973	46.2515864789
	42.5997708616	46.2564440393
	42.6005480426	46.2567638331
	42.6066515582	46.2592586451
	42.6168899869	46.2630848332
	42.6281531716	46.266501483
	42.6341802001	46.2680053702
	42.6414052367	46.2696762076
	42.6468407371	46.2708450072
	42.658453526	46.2727622864
	42.6681410197	46.2737164213
	42.6722874225	46.2828677273
	42.6778357606	46.2932479378
	42.6840511175	46.3032430447
	42.6909068781	46.3128102476
	42.698373685	46.3219085782
	42.7064195642	46.3304990759
	42.715010062	46.3385449551
	42.7241083925	46.3460117621
	42.7336755954	46.3528675227
	42.7436707024	46.3590828796
	42.752104436	46.3636566342
	42.769606267	46.3725525082
	42.7715527438	46.3735270917
	42.7777298978	46.3764289574
	42.7928291244	46.3831755243
	42.816323187	46.396740278
	42.8163254265	46.396741571
	42.8267056369	46.4022899091
	42.8374265012	46.4071474695
	42.8484421109	46.4112934514
	42.8550637383	46.4133994535
	42.8629525323	46.4157416776
	42.8675940896	46.4170523252
	42.8790566185	46.4197250121
	42.8906694073	46.4216422913
	42.9023827284	46.4227959528
	42.9141464233	46.4231810563
	42.9259101183	46.4227959528
	42.9370386707	46.4217183026
	42.9456598866	46.4206120404
	42.9462446552	46.4205360291
	42.957857444	46.4186187499
	42.9693199729	46.415946063
	42.9805831576	46.4125294133
	42.9915987674	46.4083834314
	43.0023196316	46.403525871
	43.0061948061	46.4015562771
	43.0120236635	46.3985045193
	43.0185286995	46.3949257751
	43.0285238065	46.3887104182
	43.0380910093	46.3818546576
	43.0471893399	46.3743878506
	43.0557798377	46.3663419714
	43.0638257169	46.3577514737
	43.065151008	46.3562230139
	43.0769031375	46.3425142645
	43.0821699133	46.3374570838
	43.0832102138	46.3364082037
	43.0855392507	46.335336028
	43.1000221535	46.3303067858
	43.1144471955	46.3267005253
	43.1173760032	46.3259420957
	43.1286391879	46.322525446
	43.1308637052	46.3217540502
	43.133551547	46.3208022343
	43.1384789085	46.3195562925
	43.1497420932	46.3161396428
	43.1507425089	46.3157967642
	43.1584427058	46.3131323063
	43.1622642661	46.312101637
	43.1732188728	46.3097549884
	43.182096157	46.3076162901
	43.1868738188	46.3062651739
	43.1939643166	46.3050018066
	43.196690009	46.3044376732
	43.2509655247	46.2927656631
	43.2520718064	46.2926270218
	43.2531828266	46.2924842713
	43.2647956154	46.2905669921
	43.2674083355	46.2900271156
	43.2907542828	46.2850222328
	43.2996040916	46.2828894224
	43.3108672763	46.2794727727
	43.3180276293	46.2768717866
	43.3438455004	46.2668696504
	43.3477007571	46.2653246545
	43.3584216214	46.2604670941
	43.365391849	46.2568383575
	43.3709536776	46.2537865997
	43.3743636604	46.2518669982
	43.3843587674	46.2456516413
	43.3939259703	46.2387958807
	43.3955602425	46.2375268582
	43.4048475802	46.2302291673
	43.4076486759	46.2280851188
	43.4078190977	46.2279545111
	43.4169174283	46.2204877042
	43.425507926	46.212441825
	43.4335538052	46.2038513272
	43.4350921165	46.202073923
	43.4369217007	46.2004910611
	43.4455121985	46.1924451819
END
END
