none
1
   -8.259443E+01   3.842555E+01
   -8.258058E+01   3.841148E+01
   -8.255523E+01   3.840455E+01
   -8.253310E+01   3.840529E+01
   -8.247435E+01   3.842248E+01
   -8.243989E+01   3.842972E+01
   -8.240519E+01   3.844127E+01
   -8.238988E+01   3.843576E+01
   -8.235333E+01   3.844091E+01
   -8.233179E+01   3.844595E+01
   -8.230585E+01   3.849947E+01
   -8.230459E+01   3.852479E+01
   -8.229745E+01   3.854024E+01
   -8.229534E+01   3.857737E+01
   -8.227559E+01   3.859543E+01
   -8.225206E+01   3.860102E+01
   -8.222189E+01   3.859327E+01
   -8.219722E+01   3.859522E+01
   -8.218189E+01   3.860069E+01
   -8.217475E+01   3.862531E+01
   -8.219450E+01   3.868471E+01
   -8.218525E+01   3.870668E+01
   -8.220038E+01   3.875487E+01
   -8.222223E+01   3.877125E+01
   -8.222409E+01   3.879159E+01
   -8.219155E+01   3.881677E+01
   -8.217054E+01   3.882234E+01
   -8.214995E+01   3.883642E+01
   -8.214155E+01   3.886783E+01
   -8.214701E+01   3.888484E+01
   -8.214720E+01   3.889429E+01
   -8.211634E+01   3.893258E+01
   -8.209268E+01   3.897835E+01
   -8.205247E+01   3.899499E+01
   -8.203860E+01   3.902764E+01
   -8.200792E+01   3.903221E+01
   -8.198817E+01   3.902013E+01
   -8.197828E+01   3.899579E+01
   -8.195498E+01   3.899662E+01
   -8.193727E+01   3.899711E+01
   -8.189210E+01   3.893147E+01
   -8.192110E+01   3.889264E+01
   -8.189332E+01   3.887696E+01
   -8.185623E+01   3.889760E+01
   -8.184489E+01   3.893454E+01
   -8.182487E+01   3.895333E+01
   -8.180413E+01   3.894369E+01
   -8.178942E+01   3.892964E+01
   -8.176552E+01   3.892516E+01
   -8.175916E+01   3.893520E+01
   -8.178438E+01   3.896036E+01
   -8.177807E+01   3.898911E+01
   -8.176925E+01   3.901033E+01
   -8.177765E+01   3.902633E+01
   -8.179950E+01   3.904069E+01
   -8.181379E+01   3.905734E+01
   -8.181841E+01   3.907854E+01
   -8.181008E+01   3.908596E+01
   -8.177387E+01   3.908050E+01
   -8.175408E+01   3.909303E+01
   -8.174782E+01   3.914147E+01
   -8.175916E+01   3.918480E+01
   -8.174194E+01   3.919522E+01
   -8.173009E+01   3.921740E+01
   -8.169529E+01   3.922811E+01
   -8.169971E+01   3.925250E+01
   -8.169218E+01   3.926729E+01
   -8.167447E+01   3.927687E+01
   -8.160698E+01   3.927791E+01
   -8.157121E+01   3.926958E+01
   -8.155912E+01   3.934033E+01
   -8.153782E+01   3.935822E+01
   -8.150743E+01   3.937173E+01
   -8.146978E+01   3.940457E+01
   -8.144858E+01   3.941267E+01
   -8.142594E+01   3.940686E+01
   -8.140550E+01   3.938940E+01
   -8.138775E+01   3.934823E+01
   -8.137116E+01   3.934334E+01
   -8.135225E+01   3.934553E+01
   -8.130949E+01   3.937007E+01
   -8.127238E+01   3.938690E+01
   -8.124737E+01   3.939252E+01
   -8.122163E+01   3.938732E+01
   -8.121322E+01   3.940478E+01
   -8.118579E+01   3.943262E+01
   -8.117476E+01   3.943947E+01
   -8.115271E+01   3.944446E+01
   -8.113765E+01   3.944632E+01
   -8.112803E+01   3.945172E+01
   -8.109872E+01   3.949178E+01
   -8.107472E+01   3.951399E+01
   -8.102470E+01   3.955257E+01
   -8.093783E+01   3.961454E+01
   -8.092474E+01   3.962033E+01
   -8.089072E+01   3.961882E+01
   -8.088001E+01   3.962387E+01
   -8.086872E+01   3.965576E+01
   -8.087033E+01   3.967149E+01
   -8.086468E+01   3.969467E+01
   -8.083384E+01   3.970562E+01
   -8.084344E+01   3.972984E+01
   -8.086791E+01   3.975218E+01
   -8.087176E+01   3.976538E+01
   -8.086307E+01   3.977698E+01
   -8.082999E+01   3.979682E+01
   -8.082380E+01   3.982017E+01
   -8.082918E+01   3.983979E+01
   -8.082542E+01   3.984970E+01
   -8.081466E+01   3.985589E+01
   -8.080229E+01   3.985981E+01
   -8.079315E+01   3.986601E+01
   -8.079637E+01   3.988231E+01
   -8.081278E+01   3.990233E+01
   -8.080982E+01   3.991903E+01
   -8.079728E+01   3.992292E+01
   -8.075936E+01   3.991178E+01
   -8.076867E+01   3.995471E+01
   -8.074097E+01   3.997285E+01
   -8.074097E+01   3.998871E+01
   -8.074447E+01   4.000870E+01
   -8.073990E+01   4.002003E+01
   -8.073828E+01   4.002806E+01
   -8.073183E+01   4.003979E+01
   -8.073264E+01   4.005132E+01
   -8.073694E+01   4.006059E+01
   -8.074097E+01   4.007520E+01
   -8.073156E+01   4.008857E+01
   -8.071354E+01   4.009783E+01
   -8.070978E+01   4.010441E+01
   -8.070924E+01   4.011326E+01
   -8.071220E+01   4.013670E+01
   -8.070790E+01   4.015294E+01
   -8.069015E+01   4.017781E+01
   -8.066873E+01   4.020222E+01
   -8.066702E+01   4.022033E+01
   -8.065492E+01   4.024558E+01
   -8.061949E+01   4.026695E+01
   -8.061753E+01   4.028970E+01
   -8.060086E+01   4.031780E+01
   -8.061458E+01   4.034691E+01
   -8.061027E+01   4.036351E+01
   -8.061269E+01   4.037662E+01
   -8.063313E+01   4.038297E+01
   -8.063528E+01   4.039301E+01
   -8.061404E+01   4.040264E+01
   -8.061510E+01   4.042843E+01
   -8.061108E+01   4.044317E+01
   -8.060005E+01   4.046180E+01
   -8.059888E+01   4.047872E+01
   -8.061915E+01   4.049943E+01
   -8.062587E+01   4.052295E+01
   -8.063394E+01   4.053664E+01
   -8.064597E+01   4.054653E+01
   -8.067161E+01   4.057576E+01
   -8.067161E+01   4.059888E+01
   -8.064276E+01   4.062079E+01
   -8.057864E+01   4.063174E+01
   -8.051630E+01   4.064636E+01
   -8.050802E+01   3.973002E+01
   -7.947170E+01   3.972969E+01
   -7.947171E+01   3.972104E+01
   -7.947138E+01   3.964235E+01
   -7.947386E+01   3.953160E+01
   -7.947732E+01   3.952689E+01
   -7.948050E+01   3.920983E+01
   -7.947437E+01   3.920825E+01
   -7.942960E+01   3.922936E+01
   -7.942854E+01   3.923811E+01
   -7.941439E+01   3.924562E+01
   -7.939059E+01   3.927127E+01
   -7.935650E+01   3.928282E+01
   -7.934792E+01   3.929836E+01
   -7.931520E+01   3.930941E+01
   -7.929481E+01   3.930439E+01
   -7.928848E+01   3.931171E+01
   -7.928563E+01   3.932638E+01
   -7.927426E+01   3.933250E+01
   -7.927116E+01   3.934025E+01
   -7.926192E+01   3.933969E+01
   -7.925932E+01   3.936098E+01
   -7.923700E+01   3.936368E+01
   -7.923187E+01   3.936983E+01
   -7.921815E+01   3.936829E+01
   -7.920026E+01   3.939249E+01
   -7.918452E+01   3.939019E+01
   -7.918378E+01   3.939970E+01
   -7.917142E+01   3.939922E+01
   -7.916227E+01   3.942095E+01
   -7.915407E+01   3.942302E+01
   -7.914646E+01   3.941918E+01
   -7.913361E+01   3.942331E+01
   -7.913273E+01   3.943284E+01
   -7.910788E+01   3.945197E+01
   -7.911375E+01   3.945837E+01
   -7.910814E+01   3.946726E+01
   -7.911017E+01   3.947564E+01
   -7.910553E+01   3.948042E+01
   -7.908361E+01   3.947638E+01
   -7.907332E+01   3.947878E+01
   -7.906715E+01   3.948509E+01
   -7.905867E+01   3.947877E+01
   -7.905484E+01   3.948632E+01
   -7.904585E+01   3.948818E+01
   -7.903357E+01   3.948026E+01
   -7.902873E+01   3.946980E+01
   -7.901659E+01   3.947240E+01
   -7.896062E+01   3.944454E+01
   -7.896549E+01   3.945027E+01
   -7.896294E+01   3.946544E+01
   -7.894550E+01   3.947349E+01
   -7.894709E+01   3.948259E+01
   -7.893736E+01   3.949017E+01
   -7.891955E+01   3.949132E+01
   -7.890901E+01   3.950504E+01
   -7.890930E+01   3.951470E+01
   -7.889647E+01   3.951750E+01
   -7.889586E+01   3.952818E+01
   -7.887854E+01   3.952637E+01
   -7.887104E+01   3.953993E+01
   -7.886262E+01   3.954200E+01
   -7.885302E+01   3.955220E+01
   -7.885213E+01   3.956060E+01
   -7.883772E+01   3.956781E+01
   -7.881884E+01   3.956213E+01
   -7.881548E+01   3.956721E+01
   -7.882048E+01   3.957386E+01
   -7.882694E+01   3.957707E+01
   -7.882753E+01   3.958993E+01
   -7.882080E+01   3.959272E+01
   -7.881511E+01   3.959829E+01
   -7.880906E+01   3.960898E+01
   -7.879971E+01   3.960679E+01
   -7.879620E+01   3.960838E+01
   -7.879958E+01   3.961938E+01
   -7.880283E+01   3.962814E+01
   -7.879609E+01   3.963825E+01
   -7.878874E+01   3.963934E+01
   -7.878228E+01   3.963663E+01
   -7.877705E+01   3.964637E+01
   -7.877049E+01   3.964713E+01
   -7.876664E+01   3.964936E+01
   -7.876365E+01   3.964865E+01
   -7.876318E+01   3.964574E+01
   -7.876577E+01   3.964058E+01
   -7.877241E+01   3.963147E+01
   -7.877516E+01   3.962537E+01
   -7.877164E+01   3.962146E+01
   -7.876497E+01   3.962047E+01
   -7.875696E+01   3.962465E+01
   -7.874869E+01   3.962860E+01
   -7.874186E+01   3.962600E+01
   -7.873408E+01   3.962210E+01
   -7.873254E+01   3.961614E+01
   -7.873270E+01   3.961361E+01
   -7.873806E+01   3.960907E+01
   -7.874739E+01   3.960431E+01
   -7.875574E+01   3.960828E+01
   -7.876738E+01   3.960835E+01
   -7.877100E+01   3.959677E+01
   -7.876112E+01   3.958530E+01
   -7.874619E+01   3.958217E+01
   -7.874083E+01   3.958717E+01
   -7.873272E+01   3.958791E+01
   -7.873101E+01   3.957674E+01
   -7.872485E+01   3.956751E+01
   -7.872282E+01   3.956440E+01
   -7.871473E+01   3.956354E+01
   -7.870630E+01   3.955641E+01
   -7.869473E+01   3.955451E+01
   -7.868942E+01   3.955021E+01
   -7.868896E+01   3.954677E+01
   -7.864841E+01   3.953617E+01
   -7.862357E+01   3.954061E+01
   -7.860659E+01   3.953651E+01
   -7.859030E+01   3.953788E+01
   -7.858725E+01   3.953486E+01
   -7.858746E+01   3.952922E+01
   -7.857731E+01   3.952742E+01
   -7.856679E+01   3.952012E+01
   -7.855809E+01   3.952255E+01
   -7.852545E+01   3.952578E+01
   -7.846584E+01   3.951988E+01
   -7.846206E+01   3.952630E+01
   -7.846451E+01   3.953427E+01
   -7.846230E+01   3.955142E+01
   -7.845624E+01   3.955256E+01
   -7.844682E+01   3.955084E+01
   -7.844113E+01   3.954605E+01
   -7.843891E+01   3.955811E+01
   -7.846223E+01   3.957647E+01
   -7.846018E+01   3.959112E+01
   -7.844414E+01   3.959637E+01
   -7.841251E+01   3.958426E+01
   -7.840028E+01   3.958608E+01
   -7.842410E+01   3.959953E+01
   -7.843583E+01   3.961173E+01
   -7.843865E+01   3.962044E+01
   -7.843296E+01   3.962744E+01
   -7.841915E+01   3.962886E+01
   -7.838200E+01   3.961372E+01
   -7.838834E+01   3.962229E+01
   -7.838582E+01   3.963155E+01
   -7.837449E+01   3.963550E+01
   -7.835948E+01   3.963037E+01
   -7.836401E+01   3.963906E+01
   -7.835565E+01   3.964566E+01
   -7.826798E+01   3.962424E+01
   -7.826691E+01   3.963262E+01
   -7.825754E+01   3.964376E+01
   -7.823014E+01   3.966108E+01
   -7.823799E+01   3.966951E+01
   -7.823471E+01   3.967817E+01
   -7.820445E+01   3.968117E+01
   -7.818569E+01   3.969906E+01
   -7.817036E+01   3.970035E+01
   -7.810337E+01   3.968631E+01
   -7.807777E+01   3.967462E+01
   -7.803282E+01   3.963952E+01
   -7.800741E+01   3.960722E+01
   -7.797796E+01   3.960451E+01
   -7.796599E+01   3.961277E+01
   -7.795437E+01   3.961299E+01
   -7.794602E+01   3.960614E+01
   -7.794500E+01   3.958958E+01
   -7.794034E+01   3.960704E+01
   -7.794979E+01   3.961588E+01
   -7.794154E+01   3.962388E+01
   -7.793032E+01   3.962193E+01
   -7.791828E+01   3.960830E+01
   -7.789081E+01   3.960257E+01
   -7.788587E+01   3.960274E+01
   -7.789199E+01   3.961406E+01
   -7.788534E+01   3.962076E+01
   -7.783540E+01   3.961019E+01
   -7.782779E+01   3.960368E+01
   -7.782478E+01   3.959243E+01
   -7.783199E+01   3.956360E+01
   -7.784104E+01   3.955950E+01
   -7.788344E+01   3.955600E+01
   -7.786076E+01   3.954060E+01
   -7.786120E+01   3.951953E+01
   -7.784650E+01   3.952144E+01
   -7.784236E+01   3.953404E+01
   -7.783072E+01   3.953683E+01
   -7.782047E+01   3.953099E+01
   -7.781929E+01   3.951941E+01
   -7.782303E+01   3.951214E+01
   -7.784068E+01   3.950226E+01
   -7.780259E+01   3.949434E+01
   -7.779372E+01   3.949539E+01
   -7.778191E+01   3.950406E+01
   -7.776956E+01   3.950370E+01
   -7.776156E+01   3.949803E+01
   -7.776397E+01   3.948731E+01
   -7.779304E+01   3.947713E+01
   -7.777545E+01   3.946753E+01
   -7.777265E+01   3.946181E+01
   -7.777886E+01   3.945502E+01
   -7.778245E+01   3.945072E+01
   -7.778035E+01   3.944437E+01
   -7.778490E+01   3.943886E+01
   -7.779538E+01   3.943671E+01
   -7.775973E+01   3.943259E+01
   -7.774858E+01   3.942552E+01
   -7.773071E+01   3.938878E+01
   -7.773527E+01   3.938175E+01
   -7.773900E+01   3.936667E+01
   -7.773861E+01   3.935840E+01
   -7.774354E+01   3.934820E+01
   -7.775578E+01   3.934108E+01
   -7.771649E+01   3.932543E+01
   -7.771410E+01   3.932029E+01
   -7.773135E+01   3.930877E+01
   -7.774301E+01   3.929238E+01
   -7.775832E+01   3.925632E+01
   -7.776378E+01   3.925294E+01
   -7.776708E+01   3.923428E+01
   -7.778910E+01   3.920763E+01
   -7.780062E+01   3.917200E+01
   -7.781702E+01   3.914970E+01
   -7.781791E+01   3.913739E+01
   -7.782856E+01   3.912772E+01
   -7.834051E+01   3.945596E+01
   -7.834573E+01   3.943591E+01
   -7.834189E+01   3.942630E+01
   -7.835476E+01   3.940962E+01
   -7.833830E+01   3.938788E+01
   -7.835697E+01   3.936172E+01
   -7.833783E+01   3.935773E+01
   -7.833471E+01   3.934658E+01
   -7.835643E+01   3.931431E+01
   -7.841128E+01   3.925957E+01
   -7.839477E+01   3.924287E+01
   -7.840187E+01   3.922783E+01
   -7.842894E+01   3.920083E+01
   -7.841988E+01   3.919452E+01
   -7.842247E+01   3.918617E+01
   -7.840333E+01   3.917434E+01
   -7.839978E+01   3.916434E+01
   -7.842425E+01   3.914859E+01
   -7.843544E+01   3.912913E+01
   -7.845649E+01   3.910967E+01
   -7.849117E+01   3.909753E+01
   -7.851973E+01   3.906705E+01
   -7.853698E+01   3.905679E+01
   -7.856429E+01   3.903171E+01
   -7.854533E+01   3.901832E+01
   -7.856698E+01   3.899795E+01
   -7.860042E+01   3.896111E+01
   -7.862149E+01   3.896995E+01
   -7.863575E+01   3.896259E+01
   -7.865532E+01   3.894405E+01
   -7.868004E+01   3.892149E+01
   -7.871696E+01   3.889930E+01
   -7.872463E+01   3.890457E+01
   -7.875613E+01   3.889650E+01
   -7.878271E+01   3.888342E+01
   -7.886686E+01   3.875861E+01
   -7.887214E+01   3.875889E+01
   -7.899451E+01   3.884378E+01
   -7.900250E+01   3.882079E+01
   -7.902356E+01   3.878875E+01
   -7.908102E+01   3.872224E+01
   -7.907937E+01   3.868611E+01
   -7.908853E+01   3.865719E+01
   -7.910516E+01   3.865136E+01
   -7.911990E+01   3.865519E+01
   -7.914697E+01   3.861794E+01
   -7.915381E+01   3.859111E+01
   -7.916644E+01   3.856598E+01
   -7.920638E+01   3.849021E+01
   -7.922238E+01   3.847271E+01
   -7.923925E+01   3.845049E+01
   -7.925275E+01   3.845021E+01
   -7.926453E+01   3.843424E+01
   -7.927547E+01   3.841899E+01
   -7.928118E+01   3.841343E+01
   -7.928895E+01   3.841555E+01
   -7.931356E+01   3.840704E+01
   -7.947890E+01   3.845277E+01
   -7.952534E+01   3.853065E+01
   -7.954034E+01   3.854720E+01
   -7.964646E+01   3.858523E+01
   -7.965477E+01   3.856025E+01
   -7.966188E+01   3.853802E+01
   -7.965740E+01   3.851375E+01
   -7.966870E+01   3.850304E+01
   -7.967660E+01   3.850550E+01
   -7.967887E+01   3.849847E+01
   -7.969233E+01   3.848674E+01
   -7.968844E+01   3.848067E+01
   -7.969313E+01   3.847339E+01
   -7.968337E+01   3.845699E+01
   -7.968481E+01   3.843029E+01
   -7.972577E+01   3.837632E+01
   -7.972136E+01   3.836117E+01
   -7.973950E+01   3.834923E+01
   -7.976153E+01   3.835190E+01
   -7.976970E+01   3.833185E+01
   -7.979241E+01   3.832028E+01
   -7.978555E+01   3.828381E+01
   -7.978256E+01   3.827373E+01
   -7.978501E+01   3.826562E+01
   -7.981083E+01   3.824861E+01
   -7.981733E+01   3.824379E+01
   -7.983219E+01   3.823784E+01
   -7.984268E+01   3.823653E+01
   -7.984716E+01   3.822946E+01
   -7.988732E+01   3.820163E+01
   -7.989525E+01   3.818918E+01
   -7.990990E+01   3.816708E+01
   -7.991422E+01   3.815250E+01
   -7.992225E+01   3.814595E+01
   -7.992568E+01   3.813606E+01
   -7.993474E+01   3.811502E+01
   -7.992373E+01   3.811142E+01
   -7.992159E+01   3.810557E+01
   -7.996947E+01   3.802989E+01
   -7.999515E+01   3.799318E+01
   -8.004515E+01   3.795369E+01
   -8.007039E+01   3.793890E+01
   -8.009345E+01   3.791420E+01
   -8.010100E+01   3.791363E+01
   -8.011309E+01   3.790295E+01
   -8.011447E+01   3.789394E+01
   -8.012305E+01   3.789237E+01
   -8.014001E+01   3.787801E+01
   -8.015869E+01   3.787152E+01
   -8.017830E+01   3.784846E+01
   -8.017539E+01   3.783675E+01
   -8.019622E+01   3.782384E+01
   -8.020282E+01   3.781257E+01
   -8.022285E+01   3.779620E+01
   -8.021146E+01   3.778430E+01
   -8.021177E+01   3.777433E+01
   -8.021691E+01   3.777106E+01
   -8.022727E+01   3.777384E+01
   -8.024417E+01   3.776377E+01
   -8.024566E+01   3.775429E+01
   -8.025370E+01   3.775106E+01
   -8.025740E+01   3.773881E+01
   -8.024773E+01   3.773238E+01
   -8.024798E+01   3.772461E+01
   -8.028976E+01   3.769011E+01
   -8.027530E+01   3.766014E+01
   -8.026496E+01   3.765065E+01
   -8.023691E+01   3.764207E+01
   -8.021601E+01   3.762730E+01
   -8.023800E+01   3.760251E+01
   -8.032015E+01   3.756246E+01
   -8.030739E+01   3.754612E+01
   -8.031905E+01   3.753691E+01
   -8.030956E+01   3.753290E+01
   -8.029107E+01   3.754147E+01
   -8.027784E+01   3.753561E+01
   -8.029697E+01   3.750415E+01
   -8.032553E+01   3.749063E+01
   -8.035932E+01   3.747681E+01
   -8.036915E+01   3.746993E+01
   -8.047522E+01   3.741796E+01
   -8.049892E+01   3.743214E+01
   -8.050227E+01   3.744450E+01
   -8.049856E+01   3.745680E+01
   -8.051216E+01   3.747447E+01
   -8.055070E+01   3.746871E+01
   -8.063201E+01   3.742681E+01
   -8.064334E+01   3.741785E+01
   -8.070287E+01   3.739020E+01
   -8.077073E+01   3.737137E+01
   -8.078834E+01   3.739024E+01
   -8.080900E+01   3.739398E+01
   -8.081015E+01   3.740423E+01
   -8.083989E+01   3.742076E+01
   -8.086071E+01   3.741202E+01
   -8.088149E+01   3.738403E+01
   -8.084535E+01   3.734405E+01
   -8.086613E+01   3.733443E+01
   -8.089840E+01   3.731048E+01
   -8.097416E+01   3.728645E+01
   -8.098394E+01   3.728920E+01
   -8.098715E+01   3.729595E+01
   -8.109385E+01   3.727773E+01
   -8.115902E+01   3.726344E+01
   -8.122484E+01   3.723313E+01
   -8.132041E+01   3.729819E+01
   -8.136228E+01   3.733610E+01
   -8.136300E+01   3.732561E+01
   -8.137210E+01   3.731421E+01
   -8.139090E+01   3.731259E+01
   -8.139249E+01   3.730199E+01
   -8.139886E+01   3.729749E+01
   -8.141396E+01   3.726901E+01
   -8.144574E+01   3.726588E+01
   -8.147940E+01   3.724618E+01
   -8.149928E+01   3.724887E+01
   -8.150410E+01   3.722998E+01
   -8.154176E+01   3.721625E+01
   -8.155171E+01   3.720381E+01
   -8.168226E+01   3.719858E+01
   -8.169736E+01   3.720911E+01
   -8.171912E+01   3.722510E+01
   -8.173972E+01   3.723341E+01
   -8.174708E+01   3.723859E+01
   -8.175048E+01   3.725983E+01
   -8.176265E+01   3.727034E+01
   -8.177629E+01   3.727007E+01
   -8.178531E+01   3.727801E+01
   -8.179827E+01   3.728033E+01
   -8.181974E+01   3.727441E+01
   -8.185825E+01   3.728601E+01
   -8.185945E+01   3.729979E+01
   -8.187024E+01   3.730743E+01
   -8.189631E+01   3.732580E+01
   -8.190362E+01   3.733726E+01
   -8.191964E+01   3.734532E+01
   -8.193254E+01   3.735770E+01
   -8.194174E+01   3.738066E+01
   -8.194521E+01   3.742722E+01
   -8.195248E+01   3.744132E+01
   -8.196742E+01   3.744227E+01
   -8.197789E+01   3.745220E+01
   -8.198922E+01   3.745039E+01
   -8.200060E+01   3.746916E+01
   -8.200134E+01   3.747822E+01
   -8.199556E+01   3.748721E+01
   -8.197862E+01   3.749012E+01
   -8.196673E+01   3.749818E+01
   -8.195929E+01   3.749719E+01
   -8.195689E+01   3.750463E+01
   -8.194915E+01   3.750733E+01
   -8.195228E+01   3.752322E+01
   -8.197324E+01   3.753127E+01
   -8.197205E+01   3.754110E+01
   -8.199273E+01   3.753279E+01
   -8.200000E+01   3.753467E+01
   -8.200876E+01   3.752826E+01
   -8.203765E+01   3.753728E+01
   -8.204024E+01   3.752622E+01
   -8.204695E+01   3.752320E+01
   -8.205332E+01   3.753111E+01
   -8.206786E+01   3.753324E+01
   -8.206895E+01   3.754214E+01
   -8.207620E+01   3.755077E+01
   -8.210358E+01   3.754809E+01
   -8.211503E+01   3.755464E+01
   -8.212272E+01   3.754651E+01
   -8.213506E+01   3.754832E+01
   -8.213912E+01   3.755980E+01
   -8.214641E+01   3.756196E+01
   -8.214964E+01   3.756801E+01
   -8.214861E+01   3.758591E+01
   -8.215954E+01   3.758866E+01
   -8.216143E+01   3.760363E+01
   -8.217077E+01   3.760425E+01
   -8.217412E+01   3.761385E+01
   -8.221833E+01   3.762202E+01
   -8.222501E+01   3.763254E+01
   -8.225780E+01   3.765180E+01
   -8.228223E+01   3.766746E+01
   -8.228941E+01   3.766338E+01
   -8.229962E+01   3.767128E+01
   -8.230658E+01   3.767151E+01
   -8.230933E+01   3.767845E+01
   -8.230312E+01   3.768565E+01
   -8.230783E+01   3.769443E+01
   -8.231150E+01   3.770507E+01
   -8.232308E+01   3.773012E+01
   -8.233770E+01   3.773873E+01
   -8.233765E+01   3.774618E+01
   -8.232551E+01   3.775755E+01
   -8.233773E+01   3.776228E+01
   -8.234382E+01   3.778146E+01
   -8.237993E+01   3.779870E+01
   -8.238709E+01   3.781191E+01
   -8.239542E+01   3.780426E+01
   -8.240525E+01   3.780662E+01
   -8.240430E+01   3.782703E+01
   -8.242538E+01   3.784580E+01
   -8.242189E+01   3.785392E+01
   -8.242922E+01   3.786236E+01
   -8.242247E+01   3.786895E+01
   -8.242422E+01   3.788125E+01
   -8.243529E+01   3.788605E+01
   -8.244163E+01   3.789615E+01
   -8.245406E+01   3.790402E+01
   -8.246370E+01   3.790648E+01
   -8.246795E+01   3.789558E+01
   -8.247686E+01   3.789585E+01
   -8.248084E+01   3.790119E+01
   -8.247942E+01   3.790862E+01
   -8.249051E+01   3.791294E+01
   -8.249211E+01   3.792204E+01
   -8.250046E+01   3.792387E+01
   -8.250584E+01   3.793018E+01
   -8.250014E+01   3.795002E+01
   -8.248879E+01   3.796153E+01
   -8.248811E+01   3.797415E+01
   -8.246912E+01   3.798097E+01
   -8.248462E+01   3.797940E+01
   -8.249089E+01   3.799390E+01
   -8.252075E+01   3.799753E+01
   -8.253082E+01   3.802363E+01
   -8.254325E+01   3.803544E+01
   -8.254285E+01   3.804329E+01
   -8.255452E+01   3.806645E+01
   -8.258730E+01   3.808687E+01
   -8.259055E+01   3.810443E+01
   -8.260788E+01   3.811575E+01
   -8.262188E+01   3.811638E+01
   -8.262617E+01   3.812953E+01
   -8.263979E+01   3.813412E+01
   -8.264965E+01   3.816455E+01
   -8.264712E+01   3.817239E+01
   -8.264089E+01   3.817577E+01
   -8.261529E+01   3.817500E+01
   -8.260418E+01   3.819872E+01
   -8.260350E+01   3.821483E+01
   -8.261349E+01   3.822158E+01
   -8.261700E+01   3.823768E+01
   -8.260739E+01   3.825186E+01
   -8.258677E+01   3.825068E+01
   -8.257965E+01   3.826484E+01
   -8.258805E+01   3.829695E+01
   -8.257742E+01   3.831712E+01
   -8.258092E+01   3.832495E+01
   -8.260286E+01   3.834384E+01
   -8.260250E+01   3.836532E+01
   -8.259823E+01   3.837504E+01
   -8.260473E+01   3.839012E+01
   -8.260026E+01   3.840184E+01
   -8.260095E+01   3.841948E+01
   -8.259443E+01   3.842555E+01
END
END
