none
1
   7.566702E+00   4.805764E+01
   7.561067E+00   4.808531E+01
   7.574915E+00   4.812580E+01
   7.594912E+00   4.813676E+01
   7.595338E+00   4.815977E+01
   7.633047E+00   4.819717E+01
   7.648080E+00   4.821769E+01
   7.662748E+00   4.822473E+01
   7.684659E+00   4.830305E+01
   7.704310E+00   4.831511E+01
   7.734696E+00   4.834826E+01
   7.724517E+00   4.837637E+01
   7.729866E+00   4.840569E+01
   7.761246E+00   4.846079E+01
   7.763463E+00   4.849158E+01
   7.799582E+00   4.858780E+01
   7.834088E+00   4.864439E+01
   7.863137E+00   4.865746E+01
   7.958799E+00   4.872833E+01
   7.958545E+00   4.875525E+01
   7.971347E+00   4.876372E+01
   7.989349E+00   4.876497E+01
   8.007903E+00   4.876299E+01
   8.017443E+00   4.877024E+01
   8.020692E+00   4.878879E+01
   8.043024E+00   4.879560E+01
   8.064676E+00   4.879379E+01
   8.100241E+00   4.882308E+01
   8.112246E+00   4.886152E+01
   8.130868E+00   4.889690E+01
   8.165850E+00   4.892890E+01
   8.193647E+00   4.896021E+01
   8.226564E+00   4.896707E+01
   8.290483E+00   4.900430E+01
   8.308333E+00   4.905907E+01
   8.353387E+00   4.910233E+01
   8.362435E+00   4.917175E+01
   8.383821E+00   4.921301E+01
   8.381765E+00   4.924121E+01
   8.409009E+00   4.925912E+01
   8.442378E+00   4.928162E+01
   8.466292E+00   4.929431E+01
   8.479640E+00   4.929504E+01
   8.469629E+00   4.930701E+01
   8.444046E+00   4.931426E+01
   8.444046E+00   4.933166E+01
   8.462399E+00   4.934434E+01
   8.489650E+00   4.936716E+01
   8.454613E+00   4.937622E+01
   8.462399E+00   4.939287E+01
   8.482977E+00   4.940264E+01
   8.500217E+00   4.943430E+01
   8.464624E+00   4.943900E+01
   8.436817E+00   4.944696E+01
   8.435148E+00   4.946069E+01
   8.454613E+00   4.946937E+01
   8.440153E+00   4.948780E+01
   8.405672E+00   4.955351E+01
   8.417351E+00   4.958993E+01
   8.450720E+00   4.959642E+01
   8.473522E+00   4.959678E+01
   8.530805E+00   4.955639E+01
   8.546377E+00   4.953294E+01
   8.583083E+00   4.952644E+01
   8.608110E+00   4.955098E+01
   8.585864E+00   4.959101E+01
   8.580302E+00   4.961156E+01
   8.618120E+00   4.962309E+01
   8.695425E+00   4.963137E+01
   8.708772E+00   4.958993E+01
   8.699318E+00   4.957190E+01
   8.736580E+00   4.952897E+01
   8.785410E+00   4.952276E+01
   8.827232E+00   4.953344E+01
   8.831681E+00   4.950774E+01
   8.888630E+00   4.951091E+01
   8.905092E+00   4.951005E+01
   8.930898E+00   4.948780E+01
   8.943355E+00   4.951005E+01
   8.988737E+00   4.951640E+01
   9.032116E+00   4.951120E+01
   9.069934E+00   4.953864E+01
   9.069934E+00   4.955913E+01
   9.099744E+00   4.959375E+01
   9.227435E+00   4.959289E+01
   9.259469E+00   4.964045E+01
   9.303516E+00   4.967041E+01
   9.375593E+00   4.966839E+01
   9.369364E+00   4.969286E+01
   9.282605E+00   4.973616E+01
   9.292838E+00   4.977410E+01
   9.442775E+00   4.980024E+01
   9.529757E+00   4.979292E+01
   9.654779E+00   4.980469E+01
   9.674800E+00   4.972595E+01
   9.717067E+00   4.973573E+01
   9.821178E+00   4.973242E+01
   9.858996E+00   4.968926E+01
   9.938859E+00   4.958193E+01
   9.950871E+00   4.948982E+01
   1.002028E+01   4.949676E+01
   1.002918E+01   4.952853E+01
   1.007144E+01   4.955192E+01
   1.010837E+01   4.953748E+01
   1.014174E+01   4.951091E+01
   1.014308E+01   4.945918E+01
   1.017333E+01   4.938567E+01
   1.012661E+01   4.937335E+01
   1.013462E+01   4.934728E+01
   1.012305E+01   4.934351E+01
   1.013551E+01   4.933220E+01
   1.015954E+01   4.933017E+01
   1.016755E+01   4.931161E+01
   1.017289E+01   4.927911E+01
   1.014797E+01   4.923962E+01
   1.016221E+01   4.920097E+01
   1.027344E+01   4.914629E+01
   1.028189E+01   4.912446E+01
   1.024630E+01   4.910174E+01
   1.028634E+01   4.907639E+01
   1.028745E+01   4.905336E+01
   1.037243E+01   4.903586E+01
   1.041470E+01   4.899793E+01
   1.048255E+01   4.893513E+01
   1.048077E+01   4.890882E+01
   1.046208E+01   4.883947E+01
   1.045897E+01   4.875359E+01
   1.052081E+01   4.868784E+01
   1.046030E+01   4.865714E+01
   1.035530E+01   4.865068E+01
   1.032638E+01   4.868241E+01
   1.028723E+01   4.868270E+01
   1.034418E+01   4.861304E+01
   1.033306E+01   4.852722E+01
   1.019179E+01   4.846265E+01
   1.005698E+01   4.844790E+01
   1.005476E+01   4.842517E+01
   9.994251E+00   4.837953E+01
   1.007790E+01   4.828399E+01
   1.008145E+01   4.823689E+01
   1.009703E+01   4.822119E+01
   1.012328E+01   4.813129E+01
   1.014797E+01   4.811169E+01
   1.014752E+01   4.802874E+01
   1.012305E+01   4.797367E+01
   1.009591E+01   4.796086E+01
   1.011905E+01   4.793582E+01
   1.011460E+01   4.785841E+01
   1.014575E+01   4.782019E+01
   1.012172E+01   4.780166E+01
   1.008613E+01   4.778881E+01
   1.009947E+01   4.777356E+01
   1.012439E+01   4.776699E+01
   1.014486E+01   4.770624E+01
   1.013774E+01   4.767150E+01
   1.007411E+01   4.765472E+01
   1.000871E+01   4.767779E+01
   9.964219E+00   4.764813E+01
   9.887248E+00   4.765832E+01
   9.867672E+00   4.767120E+01
   9.844091E+00   4.767030E+01
   9.762226E+00   4.760735E+01
   9.728635E+00   4.760030E+01
   9.653444E+00   4.759610E+01
   9.648105E+00   4.758379E+01
   9.606728E+00   4.757809E+01
   9.568846E+00   4.753637E+01
   9.566016E+00   4.753274E+01
   9.511991E+00   4.753246E+01
   9.257166E+00   4.765752E+01
   9.202392E+00   4.765489E+01
   9.186843E+00   4.765697E+01
   9.175913E+00   4.765379E+01
   9.170285E+00   4.765474E+01
   9.155548E+00   4.766600E+01
   9.149401E+00   4.766713E+01
   9.139468E+00   4.766367E+01
   9.131947E+00   4.766578E+01
   9.083404E+00   4.767636E+01
   9.031386E+00   4.768340E+01
   8.980785E+00   4.767050E+01
   8.941273E+00   4.765569E+01
   8.896961E+00   4.764593E+01
   8.882626E+00   4.765327E+01
   8.874739E+00   4.765450E+01
   8.872349E+00   4.766971E+01
   8.849493E+00   4.768089E+01
   8.849927E+00   4.770233E+01
   8.818155E+00   4.771242E+01
   8.801323E+00   4.772681E+01
   8.785749E+00   4.772516E+01
   8.772314E+00   4.771606E+01
   8.802318E+00   4.770121E+01
   8.812951E+00   4.769590E+01
   8.796867E+00   4.767232E+01
   8.776356E+00   4.767892E+01
   8.753301E+00   4.768997E+01
   8.725752E+00   4.769170E+01
   8.710025E+00   4.768829E+01
   8.689367E+00   4.769318E+01
   8.670462E+00   4.768235E+01
   8.659414E+00   4.768408E+01
   8.656862E+00   4.769110E+01
   8.669993E+00   4.770030E+01
   8.662608E+00   4.770457E+01
   8.661606E+00   4.771454E+01
   8.705956E+00   4.771584E+01
   8.707874E+00   4.772523E+01
   8.713053E+00   4.774125E+01
   8.730326E+00   4.775527E+01
   8.720028E+00   4.776273E+01
   8.688705E+00   4.775314E+01
   8.682725E+00   4.777008E+01
   8.679226E+00   4.778419E+01
   8.657985E+00   4.778994E+01
   8.650537E+00   4.779565E+01
   8.654287E+00   4.777361E+01
   8.646752E+00   4.776462E+01
   8.631322E+00   4.775749E+01
   8.619180E+00   4.776216E+01
   8.613514E+00   4.778451E+01
   8.616484E+00   4.779603E+01
   8.609139E+00   4.780029E+01
   8.593503E+00   4.779744E+01
   8.567997E+00   4.779977E+01
   8.563882E+00   4.779288E+01
   8.576105E+00   4.779015E+01
   8.578471E+00   4.778102E+01
   8.563150E+00   4.777654E+01
   8.529788E+00   4.777687E+01
   8.519373E+00   4.776965E+01
   8.489374E+00   4.776880E+01
   8.457423E+00   4.774126E+01
   8.462303E+00   4.772909E+01
   8.449293E+00   4.771663E+01
   8.422688E+00   4.770807E+01
   8.414711E+00   4.769991E+01
   8.427303E+00   4.768562E+01
   8.415918E+00   4.767430E+01
   8.440344E+00   4.766490E+01
   8.469661E+00   4.766016E+01
   8.474184E+00   4.765258E+01
   8.496737E+00   4.765153E+01
   8.517506E+00   4.765360E+01
   8.537995E+00   4.767185E+01
   8.556695E+00   4.767164E+01
   8.570331E+00   4.767023E+01
   8.580894E+00   4.767542E+01
   8.611134E+00   4.767422E+01
   8.635919E+00   4.765320E+01
   8.624695E+00   4.763388E+01
   8.602636E+00   4.763262E+01
   8.612806E+00   4.761327E+01
   8.584337E+00   4.759208E+01
   8.555859E+00   4.759672E+01
   8.562340E+00   4.761117E+01
   8.528154E+00   4.762756E+01
   8.507736E+00   4.761413E+01
   8.484145E+00   4.761080E+01
   8.466432E+00   4.759770E+01
   8.472585E+00   4.758861E+01
   8.489851E+00   4.759139E+01
   8.503377E+00   4.757932E+01
   8.478537E+00   4.757087E+01
   8.429318E+00   4.756095E+01
   8.397793E+00   4.757168E+01
   8.385250E+00   4.756086E+01
   8.322916E+00   4.756594E+01
   8.287323E+00   4.758847E+01
   8.290024E+00   4.760451E+01
   8.261561E+00   4.760455E+01
   8.219234E+00   4.760101E+01
   8.212700E+00   4.761424E+01
   8.198736E+00   4.761287E+01
   8.175868E+00   4.759256E+01
   8.137173E+00   4.757947E+01
   8.110832E+00   4.757739E+01
   8.104872E+00   4.755795E+01
   8.087382E+00   4.755210E+01
   8.064812E+00   4.755908E+01
   8.047276E+00   4.754930E+01
   8.015123E+00   4.754586E+01
   7.995521E+00   4.755147E+01
   7.957991E+00   4.755243E+01
   7.951777E+00   4.754002E+01
   7.911362E+00   4.754341E+01
   7.898235E+00   4.755961E+01
   7.904467E+00   4.756857E+01
   7.889876E+00   4.758282E+01
   7.863072E+00   4.758398E+01
   7.846132E+00   4.757840E+01
   7.823701E+00   4.758172E+01
   7.817622E+00   4.756727E+01
   7.799973E+00   4.755435E+01
   7.748120E+00   4.753835E+01
   7.695940E+00   4.752681E+01
   7.663901E+00   4.752914E+01
   7.623871E+00   4.756142E+01
   7.577091E+00   4.758755E+01
   7.586830E+00   4.760099E+01
   7.568601E+00   4.761266E+01
   7.558554E+00   4.763379E+01
   7.521558E+00   4.765161E+01
   7.511028E+00   4.767251E+01
   7.503992E+00   4.770235E+01
   7.536053E+00   4.772271E+01
   7.541032E+00   4.773606E+01
   7.520958E+00   4.777685E+01
   7.557124E+00   4.784839E+01
   7.549463E+00   4.787338E+01
   7.553581E+00   4.788424E+01
   7.578666E+00   4.789745E+01
   7.574615E+00   4.793028E+01
   7.613179E+00   4.796804E+01
   7.611904E+00   4.798710E+01
   7.562205E+00   4.803320E+01
   7.566702E+00   4.805764E+01
END
END
