none
1
   9.222733E+01   2.127880E+01
   9.224182E+01   2.110174E+01
   9.226818E+01   2.108090E+01
   9.227425E+01   2.105960E+01
   9.231886E+01   2.089008E+01
   9.238549E+01   2.072713E+01
   9.241904E+01   2.051703E+01
   9.108528E+01   1.858403E+01
   8.952239E+01   1.919483E+01
   8.901998E+01   2.178118E+01
   8.903424E+01   2.185857E+01
   8.901350E+01   2.188654E+01
   8.901704E+01   2.192011E+01
   8.903103E+01   2.193348E+01
   8.902926E+01   2.209127E+01
   8.903607E+01   2.211695E+01
   8.903205E+01   2.222144E+01
   8.898632E+01   2.228315E+01
   8.897558E+01   2.232214E+01
   8.896232E+01   2.241120E+01
   8.893114E+01   2.256126E+01
   8.892261E+01   2.265880E+01
   8.891013E+01   2.272473E+01
   8.890174E+01   2.275789E+01
   8.890314E+01   2.287329E+01
   8.888947E+01   2.289411E+01
   8.886105E+01   2.293229E+01
   8.885143E+01   2.293680E+01
   8.884502E+01   2.296053E+01
   8.883506E+01   2.300750E+01
   8.884218E+01   2.302050E+01
   8.886401E+01   2.305945E+01
   8.885107E+01   2.307570E+01
   8.886052E+01   2.310722E+01
   8.887860E+01   2.312022E+01
   8.889230E+01   2.312050E+01
   8.881307E+01   2.321077E+01
   8.878716E+01   2.320887E+01
   8.876699E+01   2.321776E+01
   8.873298E+01   2.323337E+01
   8.871404E+01   2.324460E+01
   8.870033E+01   2.327840E+01
   8.870167E+01   2.331097E+01
   8.873668E+01   2.339512E+01
   8.874351E+01   2.342047E+01
   8.874353E+01   2.345888E+01
   8.872246E+01   2.349246E+01
   8.869529E+01   2.350446E+01
   8.865035E+01   2.354120E+01
   8.860245E+01   2.358900E+01
   8.857067E+01   2.359554E+01
   8.854602E+01   2.364741E+01
   8.854928E+01   2.371250E+01
   8.855437E+01   2.376985E+01
   8.854459E+01   2.378659E+01
   8.855599E+01   2.379733E+01
   8.856960E+01   2.379581E+01
   8.857811E+01   2.382252E+01
   8.856511E+01   2.385111E+01
   8.856623E+01   2.386867E+01
   8.858101E+01   2.388148E+01
   8.861936E+01   2.388915E+01
   8.871636E+01   2.393639E+01
   8.869321E+01   2.407341E+01
   8.868862E+01   2.409010E+01
   8.869789E+01   2.410555E+01
   8.868977E+01   2.414822E+01
   8.869962E+01   2.417629E+01
   8.871184E+01   2.419249E+01
   8.872814E+01   2.424728E+01
   8.849406E+01   2.431155E+01
   8.825780E+01   2.445323E+01
   8.812005E+01   2.450026E+01
   8.810184E+01   2.452014E+01
   8.801848E+01   2.464388E+01
   8.799765E+01   2.466732E+01
   8.806652E+01   2.478241E+01
   8.812578E+01   2.491521E+01
   8.813180E+01   2.494616E+01
   8.814862E+01   2.494754E+01
   8.818009E+01   2.496493E+01
   8.822639E+01   2.497117E+01
   8.835157E+01   2.490790E+01
   8.838815E+01   2.494394E+01
   8.840542E+01   2.498609E+01
   8.845095E+01   2.514544E+01
   8.842729E+01   2.519770E+01
   8.843260E+01   2.521574E+01
   8.844536E+01   2.521923E+01
   8.846039E+01   2.520623E+01
   8.847163E+01   2.522178E+01
   8.850025E+01   2.522077E+01
   8.868829E+01   2.521957E+01
   8.872032E+01   2.521556E+01
   8.875035E+01   2.519290E+01
   8.877517E+01   2.519885E+01
   8.878390E+01   2.518658E+01
   8.879978E+01   2.518142E+01
   8.882340E+01   2.521264E+01
   8.884362E+01   2.522354E+01
   8.888010E+01   2.520461E+01
   8.888461E+01   2.519321E+01
   8.894197E+01   2.524705E+01
   8.894622E+01   2.525889E+01
   8.895308E+01   2.528233E+01
   8.892560E+01   2.529514E+01
   8.890883E+01   2.530455E+01
   8.887977E+01   2.532196E+01
   8.885640E+01   2.534436E+01
   8.883288E+01   2.535792E+01
   8.881791E+01   2.539299E+01
   8.880383E+01   2.541028E+01
   8.881931E+01   2.542820E+01
   8.881616E+01   2.544620E+01
   8.871730E+01   2.547267E+01
   8.869977E+01   2.546132E+01
   8.864328E+01   2.546860E+01
   8.853486E+01   2.550003E+01
   8.852760E+01   2.552427E+01
   8.848546E+01   2.555377E+01
   8.845539E+01   2.558646E+01
   8.843624E+01   2.559154E+01
   8.844456E+01   2.565513E+01
   8.840023E+01   2.566279E+01
   8.836446E+01   2.568936E+01
   8.830513E+01   2.574789E+01
   8.814949E+01   2.576596E+01
   8.813317E+01   2.577496E+01
   8.810677E+01   2.579200E+01
   8.809155E+01   2.582603E+01
   8.807582E+01   2.591841E+01
   8.808615E+01   2.593673E+01
   8.813131E+01   2.601882E+01
   8.815965E+01   2.604748E+01
   8.815056E+01   2.607416E+01
   8.814854E+01   2.609637E+01
   8.816333E+01   2.611860E+01
   8.816943E+01   2.615397E+01
   8.819146E+01   2.617199E+01
   8.822338E+01   2.618232E+01
   8.834156E+01   2.628850E+01
   8.836484E+01   2.631351E+01
   8.839379E+01   2.632582E+01
   8.840680E+01   2.634555E+01
   8.842788E+01   2.634601E+01
   8.845288E+01   2.638537E+01
   8.841836E+01   2.645592E+01
   8.836898E+01   2.644831E+01
   8.835048E+01   2.643795E+01
   8.832194E+01   2.647935E+01
   8.832322E+01   2.649952E+01
   8.834043E+01   2.651472E+01
   8.836897E+01   2.659867E+01
   8.840327E+01   2.664677E+01
   8.842690E+01   2.663890E+01
   8.843146E+01   2.657231E+01
   8.844012E+01   2.655487E+01
   8.849004E+01   2.654984E+01
   8.859050E+01   2.648288E+01
   8.863406E+01   2.648104E+01
   8.869655E+01   2.641987E+01
   8.871252E+01   2.639456E+01
   8.882606E+01   2.630187E+01
   8.882477E+01   2.626358E+01
   8.884612E+01   2.624405E+01
   8.885267E+01   2.624527E+01
   8.885177E+01   2.627510E+01
   8.889232E+01   2.641515E+01
   8.894671E+01   2.646938E+01
   8.899229E+01   2.646051E+01
   8.902408E+01   2.643014E+01
   8.907700E+01   2.643487E+01
   8.920436E+01   2.624806E+01
   8.919952E+01   2.623692E+01
   8.915667E+01   2.621640E+01
   8.915847E+01   2.620429E+01
   8.914722E+01   2.618397E+01
   8.916641E+01   2.616723E+01
   8.916261E+01   2.614927E+01
   8.917133E+01   2.614130E+01
   8.923576E+01   2.613184E+01
   8.937737E+01   2.609422E+01
   8.942145E+01   2.612211E+01
   8.950035E+01   2.608472E+01
   8.958183E+01   2.608590E+01
   8.956370E+01   2.622708E+01
   8.963222E+01   2.626376E+01
   8.968795E+01   2.624803E+01
   8.975193E+01   2.616431E+01
   8.976806E+01   2.611314E+01
   8.979104E+01   2.608652E+01
   8.979323E+01   2.606997E+01
   8.978545E+01   2.605066E+01
   8.980435E+01   2.603677E+01
   8.984314E+01   2.601160E+01
   8.986515E+01   2.599169E+01
   8.987553E+01   2.593854E+01
   8.981730E+01   2.582338E+01
   8.983607E+01   2.576506E+01
   8.985061E+01   2.570638E+01
   8.987443E+01   2.564101E+01
   8.986995E+01   2.557567E+01
   8.985867E+01   2.554052E+01
   8.986046E+01   2.550831E+01
   8.982456E+01   2.537394E+01
   8.985020E+01   2.529769E+01
   8.986795E+01   2.529615E+01
   8.990033E+01   2.531601E+01
   8.991950E+01   2.531974E+01
   9.007934E+01   2.525664E+01
   9.011473E+01   2.523399E+01
   9.029159E+01   2.520498E+01
   9.033184E+01   2.519414E+01
   9.038638E+01   2.516375E+01
   9.043769E+01   2.515739E+01
   9.046623E+01   2.517187E+01
   9.052256E+01   2.518469E+01
   9.060389E+01   2.517667E+01
   9.065266E+01   2.519110E+01
   9.068416E+01   2.516962E+01
   9.073807E+01   2.516827E+01
   9.075852E+01   2.518349E+01
   9.077783E+01   2.518596E+01
   9.082022E+01   2.516039E+01
   9.084732E+01   2.515861E+01
   9.096212E+01   2.517042E+01
   9.107415E+01   2.520342E+01
   9.122528E+01   2.520417E+01
   9.125856E+01   2.521775E+01
   9.134055E+01   2.517336E+01
   9.139052E+01   2.517519E+01
   9.142239E+01   2.516061E+01
   9.145319E+01   2.516006E+01
   9.148332E+01   2.514855E+01
   9.155012E+01   2.515860E+01
   9.156914E+01   2.517506E+01
   9.159259E+01   2.518251E+01
   9.160450E+01   2.517444E+01
   9.160831E+01   2.514948E+01
   9.164727E+01   2.513667E+01
   9.168722E+01   2.514260E+01
   9.170814E+01   2.516899E+01
   9.173861E+01   2.515988E+01
   9.174158E+01   2.517340E+01
   9.175639E+01   2.518383E+01
   9.179101E+01   2.517533E+01
   9.193195E+01   2.519327E+01
   9.197869E+01   2.518389E+01
   9.204219E+01   2.519769E+01
   9.211934E+01   2.517997E+01
   9.214866E+01   2.515203E+01
   9.217563E+01   2.514579E+01
   9.219724E+01   2.514908E+01
   9.224493E+01   2.510255E+01
   9.233675E+01   2.508850E+01
   9.234607E+01   2.507978E+01
   9.234675E+01   2.506047E+01
   9.237465E+01   2.505581E+01
   9.241366E+01   2.503743E+01
   9.242937E+01   2.497656E+01
   9.245757E+01   2.497378E+01
   9.246641E+01   2.496405E+01
   9.246424E+01   2.495340E+01
   9.248978E+01   2.494265E+01
   9.250684E+01   2.488802E+01
   9.248144E+01   2.486208E+01
   9.245876E+01   2.486619E+01
   9.244537E+01   2.485521E+01
   9.238815E+01   2.484786E+01
   9.228996E+01   2.489528E+01
   9.225629E+01   2.489063E+01
   9.225583E+01   2.486217E+01
   9.227360E+01   2.481879E+01
   9.226656E+01   2.477241E+01
   9.225481E+01   2.472921E+01
   9.221178E+01   2.463040E+01
   9.220010E+01   2.456089E+01
   9.218814E+01   2.454444E+01
   9.214213E+01   2.451062E+01
   9.214399E+01   2.440927E+01
   9.211930E+01   2.437886E+01
   9.208820E+01   2.436489E+01
   9.200762E+01   2.433398E+01
   9.200637E+01   2.432099E+01
   9.199370E+01   2.431040E+01
   9.197281E+01   2.431061E+01
   9.194156E+01   2.426852E+01
   9.190291E+01   2.414525E+01
   9.188563E+01   2.413834E+01
   9.186966E+01   2.414387E+01
   9.185360E+01   2.416639E+01
   9.183013E+01   2.418276E+01
   9.182393E+01   2.421500E+01
   9.180162E+01   2.421255E+01
   9.176777E+01   2.416321E+01
   9.175829E+01   2.414671E+01
   9.172833E+01   2.413756E+01
   9.164380E+01   2.411482E+01
   9.161543E+01   2.409285E+01
   9.153972E+01   2.407694E+01
   9.147497E+01   2.408115E+01
   9.138912E+01   2.404900E+01
   9.137577E+01   2.399891E+01
   9.135185E+01   2.398134E+01
   9.130738E+01   2.398747E+01
   9.127864E+01   2.396467E+01
   9.127158E+01   2.393443E+01
   9.123931E+01   2.389144E+01
   9.125653E+01   2.386617E+01
   9.126450E+01   2.383753E+01
   9.124514E+01   2.380587E+01
   9.123158E+01   2.375915E+01
   9.121553E+01   2.374334E+01
   9.119721E+01   2.369971E+01
   9.120989E+01   2.368080E+01
   9.119759E+01   2.364794E+01
   9.119512E+01   2.358291E+01
   9.121573E+01   2.355525E+01
   9.121640E+01   2.351712E+01
   9.125803E+01   2.348545E+01
   9.127392E+01   2.342355E+01
   9.129185E+01   2.339772E+01
   9.129032E+01   2.338015E+01
   9.132404E+01   2.336780E+01
   9.132231E+01   2.335299E+01
   9.130092E+01   2.333219E+01
   9.131251E+01   2.331591E+01
   9.139070E+01   2.327447E+01
   9.143037E+01   2.327099E+01
   9.148008E+01   2.322962E+01
   9.148611E+01   2.321806E+01
   9.148172E+01   2.320074E+01
   9.150260E+01   2.319042E+01
   9.150262E+01   2.316442E+01
   9.151509E+01   2.312183E+01
   9.153616E+01   2.308073E+01
   9.155104E+01   2.304770E+01
   9.155593E+01   2.300703E+01
   9.157627E+01   2.298672E+01
   9.160892E+01   2.298049E+01
   9.164254E+01   2.299523E+01
   9.167383E+01   2.299157E+01
   9.168741E+01   2.300035E+01
   9.171943E+01   2.300312E+01
   9.175181E+01   2.303475E+01
   9.177167E+01   2.304453E+01
   9.176928E+01   2.306121E+01
   9.177643E+01   2.307665E+01
   9.180150E+01   2.308033E+01
   9.180902E+01   2.309107E+01
   9.178553E+01   2.319239E+01
   9.175841E+01   2.324737E+01
   9.175872E+01   2.327565E+01
   9.178212E+01   2.333074E+01
   9.182694E+01   2.339196E+01
   9.183738E+01   2.341675E+01
   9.187727E+01   2.344296E+01
   9.192584E+01   2.345202E+01
   9.195526E+01   2.350074E+01
   9.195052E+01   2.358075E+01
   9.192674E+01   2.367265E+01
   9.194236E+01   2.373868E+01
   9.196985E+01   2.373874E+01
   9.198596E+01   2.370707E+01
   9.203374E+01   2.365528E+01
   9.206251E+01   2.365924E+01
   9.213042E+01   2.373475E+01
   9.215629E+01   2.374618E+01
   9.217813E+01   2.374607E+01
   9.220292E+01   2.372558E+01
   9.221437E+01   2.370180E+01
   9.221337E+01   2.366247E+01
   9.224762E+01   2.373138E+01
   9.227452E+01   2.372751E+01
   9.229824E+01   2.369965E+01
   9.229865E+01   2.368045E+01
   9.228306E+01   2.363836E+01
   9.228989E+01   2.362759E+01
   9.228791E+01   2.360854E+01
   9.231612E+01   2.356121E+01
   9.233438E+01   2.343924E+01
   9.235407E+01   2.341900E+01
   9.237811E+01   2.336582E+01
   9.239437E+01   2.327897E+01
   9.235870E+01   2.322346E+01
   9.237086E+01   2.310733E+01
   9.238549E+01   2.308624E+01
   9.239353E+01   2.305402E+01
   9.238492E+01   2.294254E+01
   9.240402E+01   2.292194E+01
   9.245226E+01   2.289491E+01
   9.247171E+01   2.285020E+01
   9.245992E+01   2.282653E+01
   9.247951E+01   2.276102E+01
   9.251644E+01   2.273798E+01
   9.252604E+01   2.271846E+01
   9.254306E+01   2.259694E+01
   9.255182E+01   2.252186E+01
   9.256181E+01   2.241006E+01
   9.258659E+01   2.233707E+01
   9.258639E+01   2.227562E+01
   9.259684E+01   2.225108E+01
   9.259903E+01   2.219923E+01
   9.261610E+01   2.216315E+01
   9.260516E+01   2.212944E+01
   9.263160E+01   2.188286E+01
   9.260861E+01   2.166062E+01
   9.262639E+01   2.148396E+01
   9.263574E+01   2.143696E+01
   9.265821E+01   2.139560E+01
   9.266221E+01   2.135842E+01
   9.269043E+01   2.128620E+01
   9.267985E+01   2.127503E+01
   9.264334E+01   2.126374E+01
   9.262847E+01   2.124234E+01
   9.259273E+01   2.123738E+01
   9.257718E+01   2.126999E+01
   9.220994E+01   2.130810E+01
   9.222733E+01   2.127880E+01
END
END
