none
1
   -6.897128E-01   3.680217E+01
   -2.148543E+00   3.647196E+01
   -5.005928E+00   3.616330E+01
   -5.001735E+00   3.573509E+01
   -5.011109E+00   3.573553E+01
   -5.254818E+00   3.576327E+01
   -5.342838E+00   3.586857E+01
   -5.355773E+00   3.587211E+01
   -5.373401E+00   3.587996E+01
   -5.398531E+00   3.593988E+01
   -5.630473E+00   3.591539E+01
   -7.241040E+00   3.599849E+01
   -7.409518E+00   3.718382E+01
   -7.418941E+00   3.723440E+01
   -7.435973E+00   3.724800E+01
   -7.429025E+00   3.727275E+01
   -7.443071E+00   3.731069E+01
   -7.447286E+00   3.734549E+01
   -7.438652E+00   3.735778E+01
   -7.442216E+00   3.739151E+01
   -7.464218E+00   3.740871E+01
   -7.458467E+00   3.742509E+01
   -7.475205E+00   3.748907E+01
   -7.492704E+00   3.750539E+01
   -7.492083E+00   3.751954E+01
   -7.511516E+00   3.752181E+01
   -7.524660E+00   3.755333E+01
   -7.505928E+00   3.760388E+01
   -7.458483E+00   3.766085E+01
   -7.448830E+00   3.769644E+01
   -7.426996E+00   3.774979E+01
   -7.334776E+00   3.781999E+01
   -7.295428E+00   3.785576E+01
   -7.288272E+00   3.789969E+01
   -7.257528E+00   3.792893E+01
   -7.265678E+00   3.798547E+01
   -7.208883E+00   3.800409E+01
   -7.126276E+00   3.800631E+01
   -7.149093E+00   3.803754E+01
   -7.105630E+00   3.804780E+01
   -7.058503E+00   3.802424E+01
   -7.009676E+00   3.802608E+01
   -7.001054E+00   3.804773E+01
   -6.965790E+00   3.813198E+01
   -6.971000E+00   3.817180E+01
   -6.941072E+00   3.820297E+01
   -7.004829E+00   3.819980E+01
   -7.021836E+00   3.818270E+01
   -7.092493E+00   3.816507E+01
   -7.144944E+00   3.823924E+01
   -7.144371E+00   3.825259E+01
   -7.172138E+00   3.827751E+01
   -7.230131E+00   3.835325E+01
   -7.263894E+00   3.838191E+01
   -7.289613E+00   3.842548E+01
   -7.333373E+00   3.844314E+01
   -7.308567E+00   3.846830E+01
   -7.323689E+00   3.847703E+01
   -7.314707E+00   3.851229E+01
   -7.303838E+00   3.854285E+01
   -7.257271E+00   3.861414E+01
   -7.272166E+00   3.863620E+01
   -7.266327E+00   3.870320E+01
   -7.256955E+00   3.872873E+01
   -7.161649E+00   3.878520E+01
   -7.130998E+00   3.881736E+01
   -7.094854E+00   3.882100E+01
   -7.068198E+00   3.885579E+01
   -7.036684E+00   3.887650E+01
   -7.051758E+00   3.890804E+01
   -7.027884E+00   3.892185E+01
   -7.022140E+00   3.893947E+01
   -6.955925E+00   3.902731E+01
   -6.975859E+00   3.903869E+01
   -6.974794E+00   3.907525E+01
   -7.033652E+00   3.911515E+01
   -7.111249E+00   3.909436E+01
   -7.152532E+00   3.911232E+01
   -7.135309E+00   3.916798E+01
   -7.207901E+00   3.918443E+01
   -7.241946E+00   3.920291E+01
   -7.250007E+00   3.925687E+01
   -7.237090E+00   3.927669E+01
   -7.309119E+00   3.933414E+01
   -7.325055E+00   3.938160E+01
   -7.305234E+00   3.941759E+01
   -7.311043E+00   3.943591E+01
   -7.300163E+00   3.946043E+01
   -7.363802E+00   3.948042E+01
   -7.389969E+00   3.949233E+01
   -7.394287E+00   3.952668E+01
   -7.438688E+00   3.953429E+01
   -7.462762E+00   3.957122E+01
   -7.497387E+00   3.958432E+01
   -7.524867E+00   3.962766E+01
   -7.543690E+00   3.966918E+01
   -7.425393E+00   3.966114E+01
   -7.357485E+00   3.964975E+01
   -7.311708E+00   3.966345E+01
   -7.268826E+00   3.966884E+01
   -7.163162E+00   3.966336E+01
   -7.114347E+00   3.966608E+01
   -7.064255E+00   3.966157E+01
   -7.020435E+00   3.967235E+01
   -6.995676E+00   3.972512E+01
   -6.989638E+00   3.980901E+01
   -6.981901E+00   3.982359E+01
   -6.951758E+00   3.983019E+01
   -6.935609E+00   3.984957E+01
   -6.906468E+00   3.987141E+01
   -6.904938E+00   3.990689E+01
   -6.874505E+00   4.001954E+01
   -6.883362E+00   4.003869E+01
   -6.941430E+00   4.011268E+01
   -7.018514E+00   4.012549E+01
   -7.017838E+00   4.022379E+01
   -6.997090E+00   4.024880E+01
   -6.944708E+00   4.026155E+01
   -6.933330E+00   4.027792E+01
   -6.865942E+00   4.028403E+01
   -6.865469E+00   4.030181E+01
   -6.820871E+00   4.032719E+01
   -6.796710E+00   4.033083E+01
   -6.793289E+00   4.036878E+01
   -6.836550E+00   4.040632E+01
   -6.851932E+00   4.045361E+01
   -6.820193E+00   4.049855E+01
   -6.804520E+00   4.051169E+01
   -6.807519E+00   4.055140E+01
   -6.846561E+00   4.056506E+01
   -6.840079E+00   4.059333E+01
   -6.803140E+00   4.065403E+01
   -6.811622E+00   4.069742E+01
   -6.831865E+00   4.074223E+01
   -6.831341E+00   4.077023E+01
   -6.820956E+00   4.080142E+01
   -6.828272E+00   4.084586E+01
   -6.803395E+00   4.084824E+01
   -6.810547E+00   4.088045E+01
   -6.830377E+00   4.087994E+01
   -6.850531E+00   4.090085E+01
   -6.860021E+00   4.094147E+01
   -6.933364E+00   4.101432E+01
   -6.930643E+00   4.103147E+01
   -6.915550E+00   4.104085E+01
   -6.865731E+00   4.102923E+01
   -6.818519E+00   4.103571E+01
   -6.780447E+00   4.107355E+01
   -6.758287E+00   4.110478E+01
   -6.776736E+00   4.112850E+01
   -6.702551E+00   4.118846E+01
   -6.693919E+00   4.120909E+01
   -6.649343E+00   4.124942E+01
   -6.590002E+00   4.125803E+01
   -6.572309E+00   4.124112E+01
   -6.522519E+00   4.127795E+01
   -6.493552E+00   4.128732E+01
   -6.397614E+00   4.136369E+01
   -6.393228E+00   4.138594E+01
   -6.366379E+00   4.139698E+01
   -6.334733E+00   4.138723E+01
   -6.334772E+00   4.141522E+01
   -6.297736E+00   4.143630E+01
   -6.307896E+00   4.144870E+01
   -6.258245E+00   4.151488E+01
   -6.246205E+00   4.151720E+01
   -6.196614E+00   4.158026E+01
   -6.198010E+00   4.158996E+01
   -6.234570E+00   4.160482E+01
   -6.285455E+00   4.165226E+01
   -6.349487E+00   4.167380E+01
   -6.374641E+00   4.167264E+01
   -6.439706E+00   4.168000E+01
   -6.456095E+00   4.166667E+01
   -6.498993E+00   4.165298E+01
   -6.547404E+00   4.168064E+01
   -6.556521E+00   4.169680E+01
   -6.556168E+00   4.172065E+01
   -6.571633E+00   4.174422E+01
   -6.556137E+00   4.176815E+01
   -6.547637E+00   4.179538E+01
   -6.523529E+00   4.187339E+01
   -6.574293E+00   4.188182E+01
   -6.548705E+00   4.193965E+01
   -6.585526E+00   4.196432E+01
   -6.598950E+00   4.194696E+01
   -6.617454E+00   4.193895E+01
   -6.670349E+00   4.193623E+01
   -6.696975E+00   4.193063E+01
   -6.750448E+00   4.194124E+01
   -6.779019E+00   4.198692E+01
   -6.803122E+00   4.198357E+01
   -6.821389E+00   4.194297E+01
   -6.892903E+00   4.193840E+01
   -6.943012E+00   4.194185E+01
   -6.967660E+00   4.197109E+01
   -7.009467E+00   4.194740E+01
   -7.070791E+00   4.194686E+01
   -7.140343E+00   4.198889E+01
   -7.157407E+00   4.197496E+01
   -7.176346E+00   4.197776E+01
   -7.184385E+00   4.196931E+01
   -7.180775E+00   4.195157E+01
   -7.182549E+00   4.194080E+01
   -7.171900E+00   4.191911E+01
   -7.182610E+00   4.189780E+01
   -7.195750E+00   4.187838E+01
   -7.231034E+00   4.186564E+01
   -7.253169E+00   4.186227E+01
   -7.308816E+00   4.184212E+01
   -7.356211E+00   4.183808E+01
   -7.383649E+00   4.184035E+01
   -7.395982E+00   4.182119E+01
   -7.427711E+00   4.180443E+01
   -7.446170E+00   4.183703E+01
   -7.452914E+00   4.186243E+01
   -7.485302E+00   4.185973E+01
   -7.492484E+00   4.186885E+01
   -7.509791E+00   4.186342E+01
   -7.503777E+00   4.184920E+01
   -7.540135E+00   4.183039E+01
   -7.616960E+00   4.182602E+01
   -7.614216E+00   4.184606E+01
   -7.604080E+00   4.186640E+01
   -7.589016E+00   4.187769E+01
   -7.608166E+00   4.187799E+01
   -7.617320E+00   4.188218E+01
   -7.628218E+00   4.187786E+01
   -7.659008E+00   4.188081E+01
   -7.699954E+00   4.190597E+01
   -7.728164E+00   4.189519E+01
   -7.742938E+00   4.189155E+01
   -7.759747E+00   4.189725E+01
   -7.783253E+00   4.188280E+01
   -7.836983E+00   4.187780E+01
   -7.844844E+00   4.186234E+01
   -7.876202E+00   4.184818E+01
   -7.893359E+00   4.185782E+01
   -7.885557E+00   4.188348E+01
   -7.888482E+00   4.190540E+01
   -7.886263E+00   4.192446E+01
   -7.902097E+00   4.192475E+01
   -7.918194E+00   4.187878E+01
   -7.945466E+00   4.186967E+01
   -7.979411E+00   4.187092E+01
   -8.011658E+00   4.182768E+01
   -8.032384E+00   4.182772E+01
   -8.055235E+00   4.181432E+01
   -8.092522E+00   4.180708E+01
   -8.121925E+00   4.180559E+01
   -8.166208E+00   4.181538E+01
   -8.163151E+00   4.184809E+01
   -8.170953E+00   4.187479E+01
   -8.200421E+00   4.187304E+01
   -8.204429E+00   4.188911E+01
   -8.215463E+00   4.189563E+01
   -8.218676E+00   4.191185E+01
   -8.200837E+00   4.193898E+01
   -8.178815E+00   4.195567E+01
   -8.165175E+00   4.198401E+01
   -8.141554E+00   4.199046E+01
   -8.131392E+00   4.200580E+01
   -8.087552E+00   4.201714E+01
   -8.087117E+00   4.204741E+01
   -8.098351E+00   4.206801E+01
   -8.120670E+00   4.207929E+01
   -8.171158E+00   4.206441E+01
   -8.187058E+00   4.206623E+01
   -8.197219E+00   4.214451E+01
   -8.229789E+00   4.212874E+01
   -8.240965E+00   4.213640E+01
   -8.258106E+00   4.211996E+01
   -8.315034E+00   4.209756E+01
   -8.332577E+00   4.208220E+01
   -8.361762E+00   4.208588E+01
   -8.386772E+00   4.207302E+01
   -8.402614E+00   4.207887E+01
   -8.418031E+00   4.207165E+01
   -8.429879E+00   4.207022E+01
   -8.446635E+00   4.208132E+01
   -8.525221E+00   4.207546E+01
   -8.523042E+00   4.206443E+01
   -8.534481E+00   4.205632E+01
   -8.556676E+00   4.204984E+01
   -8.571732E+00   4.204918E+01
   -8.592822E+00   4.205361E+01
   -8.633125E+00   4.204498E+01
   -8.653943E+00   4.202721E+01
   -8.659507E+00   4.200363E+01
   -8.678779E+00   4.198933E+01
   -8.719833E+00   4.197415E+01
   -8.738811E+00   4.195841E+01
   -8.747477E+00   4.193935E+01
   -8.764076E+00   4.192557E+01
   -8.785824E+00   4.191344E+01
   -8.810600E+00   4.190503E+01
   -8.829854E+00   4.189206E+01
   -8.845999E+00   4.186375E+01
   -9.498331E+00   4.183423E+01
   -9.779014E+00   4.414855E+01
   -1.792107E+00   4.359992E+01
   -1.772577E+00   4.338897E+01
   -1.789457E+00   4.337277E+01
   -1.778506E+00   4.336299E+01
   -1.786696E+00   4.335398E+01
   -1.774529E+00   4.334685E+01
   -1.755642E+00   4.334497E+01
   -1.736611E+00   4.333042E+01
   -1.735450E+00   4.331262E+01
   -1.726584E+00   4.329936E+01
   -1.698654E+00   4.331224E+01
   -1.667835E+00   4.331655E+01
   -1.621838E+00   4.330707E+01
   -1.623173E+00   4.327200E+01
   -1.613853E+00   4.325738E+01
   -1.577177E+00   4.325438E+01
   -1.565446E+00   4.326425E+01
   -1.565568E+00   4.329008E+01
   -1.535998E+00   4.329558E+01
   -1.506227E+00   4.329460E+01
   -1.440086E+00   4.326861E+01
   -1.408404E+00   4.327522E+01
   -1.377843E+00   4.325158E+01
   -1.375143E+00   4.323416E+01
   -1.382005E+00   4.318872E+01
   -1.401346E+00   4.315601E+01
   -1.413043E+00   4.312741E+01
   -1.425645E+00   4.311482E+01
   -1.468428E+00   4.309227E+01
   -1.466093E+00   4.307671E+01
   -1.439523E+00   4.304731E+01
   -1.355446E+00   4.303014E+01
   -1.344981E+00   4.305251E+01
   -1.347241E+00   4.309268E+01
   -1.328052E+00   4.311526E+01
   -1.266890E+00   4.312027E+01
   -1.305566E+00   4.307442E+01
   -1.252960E+00   4.304671E+01
   -1.227127E+00   4.305675E+01
   -1.164062E+00   4.303628E+01
   -1.134337E+00   4.302228E+01
   -1.113169E+00   4.302584E+01
   -1.085716E+00   4.301180E+01
   -1.084175E+00   4.300342E+01
   -1.011938E+00   4.299397E+01
   -9.464670E-01   4.295466E+01
   -9.272260E-01   4.295646E+01
   -9.242650E-01   4.296289E+01
   -8.990580E-01   4.296293E+01
   -8.276760E-01   4.295245E+01
   -7.715210E-01   4.297019E+01
   -7.475950E-01   4.296890E+01
   -7.222640E-01   4.293222E+01
   -7.303900E-01   4.289953E+01
   -6.999140E-01   4.288009E+01
   -6.786800E-01   4.288589E+01
   -5.999150E-01   4.282803E+01
   -5.928940E-01   4.281232E+01
   -5.676730E-01   4.280660E+01
   -5.607040E-01   4.279148E+01
   -5.252400E-01   4.279667E+01
   -5.279710E-01   4.280867E+01
   -5.230620E-01   4.281804E+01
   -5.031510E-01   4.283012E+01
   -4.457950E-01   4.280265E+01
   -3.677870E-01   4.281515E+01
   -3.513470E-01   4.283844E+01
   -3.343080E-01   4.284016E+01
   -3.280820E-01   4.283603E+01
   -3.135490E-01   4.285068E+01
   -2.421370E-01   4.282443E+01
   -1.780170E-01   4.278646E+01
   -1.612150E-01   4.279884E+01
   -1.570860E-01   4.279823E+01
   -1.036200E-01   4.272835E+01
   -6.494800E-02   4.271773E+01
   -5.693500E-02   4.269819E+01
   6.650000E-04   4.268714E+01
   1.367200E-02   4.270322E+01
   6.453700E-02   4.270399E+01
   8.097300E-02   4.271942E+01
   1.309610E-01   4.271505E+01
   1.350880E-01   4.272291E+01
   1.756680E-01   4.273892E+01
   2.613360E-01   4.271815E+01
   2.772920E-01   4.268763E+01
   3.190690E-01   4.268562E+01
   3.248530E-01   4.270565E+01
   3.600750E-01   4.272487E+01
   3.926050E-01   4.271422E+01
   4.332770E-01   4.269262E+01
   4.754840E-01   4.270213E+01
   5.126610E-01   4.269261E+01
   5.283850E-01   4.270462E+01
   5.871180E-01   4.269652E+01
   5.923560E-01   4.270722E+01
   6.692480E-01   4.269249E+01
   6.811010E-01   4.271543E+01
   6.384330E-01   4.275414E+01
   6.439000E-01   4.278326E+01
   6.636910E-01   4.280408E+01
   6.577260E-01   4.283805E+01
   6.763490E-01   4.285575E+01
   7.146470E-01   4.286320E+01
   7.768760E-01   4.283947E+01
   8.094420E-01   4.284145E+01
   8.319960E-01   4.282956E+01
   8.495930E-01   4.283009E+01
   9.071400E-01   4.280513E+01
   9.217110E-01   4.279588E+01
   9.600950E-01   4.280707E+01
   1.018160E+00   4.278832E+01
   1.079885E+00   4.278936E+01
   1.113731E+00   4.277002E+01
   1.135112E+00   4.275069E+01
   1.132836E+00   4.274064E+01
   1.165316E+00   4.271061E+01
   1.231640E+00   4.272871E+01
   1.259028E+00   4.272145E+01
   1.307865E+00   4.271996E+01
   1.329804E+00   4.272572E+01
   1.357660E+00   4.272167E+01
   1.387885E+00   4.269026E+01
   1.413610E+00   4.265762E+01
   1.422689E+00   4.262422E+01
   1.444097E+00   4.260366E+01
   1.448031E+00   4.256890E+01
   1.426862E+00   4.255113E+01
   1.452642E+00   4.253954E+01
   1.471970E+00   4.250955E+01
   1.431904E+00   4.248901E+01
   1.447408E+00   4.246720E+01
   1.450000E+00   4.244011E+01
   1.511736E+00   4.243142E+01
   1.548514E+00   4.243528E+01
   1.558368E+00   4.245864E+01
   1.563078E+00   4.246173E+01
   1.574280E+00   4.245577E+01
   1.596562E+00   4.246894E+01
   1.656383E+00   4.246980E+01
   1.661590E+00   4.249384E+01
   1.669278E+00   4.250557E+01
   1.704487E+00   4.249191E+01
   1.725742E+00   4.250555E+01
   1.762062E+00   4.249093E+01
   1.804881E+00   4.249100E+01
   1.824168E+00   4.248769E+01
   1.883093E+00   4.245999E+01
   1.891487E+00   4.245025E+01
   1.936042E+00   4.245590E+01
   1.959234E+00   4.242428E+01
   1.965381E+00   4.238767E+01
   1.980349E+00   4.237150E+01
   1.997870E+00   4.235982E+01
   2.054879E+00   4.235935E+01
   2.090354E+00   4.237576E+01
   2.108178E+00   4.238265E+01
   2.123564E+00   4.241409E+01
   2.167552E+00   4.242649E+01
   2.213249E+00   4.242490E+01
   2.245052E+00   4.243100E+01
   2.254165E+00   4.243992E+01
   2.313264E+00   4.242901E+01
   2.345383E+00   4.241715E+01
   2.381219E+00   4.240277E+01
   2.433719E+00   4.239425E+01
   2.441686E+00   4.237868E+01
   2.467081E+00   4.236169E+01
   2.474764E+00   4.235113E+01
   2.540021E+00   4.233469E+01
   2.553768E+00   4.235540E+01
   2.576529E+00   4.235984E+01
   2.650245E+00   4.234572E+01
   2.672660E+00   4.234205E+01
   2.649550E+00   4.238615E+01
   2.671230E+00   4.240522E+01
   2.724517E+00   4.242495E+01
   2.754476E+00   4.242688E+01
   2.774923E+00   4.241456E+01
   2.785584E+00   4.241971E+01
   2.837950E+00   4.246027E+01
   2.869826E+00   4.246881E+01
   2.909506E+00   4.246121E+01
   2.945102E+00   4.248326E+01
   2.971849E+00   4.247084E+01
   2.990752E+00   4.247493E+01
   3.040317E+00   4.247583E+01
   3.082659E+00   4.243083E+01
   3.132676E+00   4.244205E+01
   3.169446E+00   4.243686E+01
   3.485459E+00   4.248706E+01
   4.314623E+00   4.236291E+01
   5.098525E+00   3.964927E+01
   -6.897128E-01   3.680217E+01
END
END
