central-america
1
   -1.238894E+02   3.001143E+01
   -1.034398E+02   6.882830E+00
   -9.234289E+01   1.447696E+01
   -9.234211E+01   1.447641E+01
   -9.234124E+01   1.447602E+01
   -9.234031E+01   1.447581E+01
   -9.233936E+01   1.447577E+01
   -9.233841E+01   1.447592E+01
   -9.233752E+01   1.447624E+01
   -9.233670E+01   1.447672E+01
   -9.224479E+01   1.454372E+01
   -9.224380E+01   1.454404E+01
   -9.223935E+01   1.454602E+01
   -9.223755E+01   1.454635E+01
   -9.223540E+01   1.454615E+01
   -9.223315E+01   1.454574E+01
   -9.222939E+01   1.454397E+01
   -9.222737E+01   1.454270E+01
   -9.222632E+01   1.454220E+01
   -9.222517E+01   1.454196E+01
   -9.222212E+01   1.454169E+01
   -9.222077E+01   1.454175E+01
   -9.221687E+01   1.454254E+01
   -9.221607E+01   1.454291E+01
   -9.221536E+01   1.454343E+01
   -9.221341E+01   1.454509E+01
   -9.221266E+01   1.454590E+01
   -9.221210E+01   1.454686E+01
   -9.221176E+01   1.454791E+01
   -9.221121E+01   1.455069E+01
   -9.221113E+01   1.455208E+01
   -9.221162E+01   1.455779E+01
   -9.221132E+01   1.455931E+01
   -9.221073E+01   1.456063E+01
   -9.220993E+01   1.456156E+01
   -9.220889E+01   1.456230E+01
   -9.220624E+01   1.456354E+01
   -9.220402E+01   1.456493E+01
   -9.220182E+01   1.456649E+01
   -9.220092E+01   1.456730E+01
   -9.219899E+01   1.456959E+01
   -9.219760E+01   1.457154E+01
   -9.219636E+01   1.457388E+01
   -9.219545E+01   1.457494E+01
   -9.219367E+01   1.457628E+01
   -9.219176E+01   1.457812E+01
   -9.218783E+01   1.458100E+01
   -9.218563E+01   1.458287E+01
   -9.218369E+01   1.458480E+01
   -9.218297E+01   1.458570E+01
   -9.218248E+01   1.458675E+01
   -9.218065E+01   1.459263E+01
   -9.218010E+01   1.459541E+01
   -9.217977E+01   1.459873E+01
   -9.217939E+01   1.460059E+01
   -9.217831E+01   1.460286E+01
   -9.217621E+01   1.460874E+01
   -9.217556E+01   1.461250E+01
   -9.217556E+01   1.461534E+01
   -9.217477E+01   1.461807E+01
   -9.217434E+01   1.462110E+01
   -9.217378E+01   1.462246E+01
   -9.217183E+01   1.462523E+01
   -9.217098E+01   1.462678E+01
   -9.216927E+01   1.462926E+01
   -9.216790E+01   1.463192E+01
   -9.216693E+01   1.463468E+01
   -9.216575E+01   1.463635E+01
   -9.216350E+01   1.463701E+01
   -9.216263E+01   1.463753E+01
   -9.216188E+01   1.463823E+01
   -9.215999E+01   1.464039E+01
   -9.215941E+01   1.464122E+01
   -9.215900E+01   1.464215E+01
   -9.215814E+01   1.464480E+01
   -9.215781E+01   1.464629E+01
   -9.215756E+01   1.464651E+01
   -9.215473E+01   1.464738E+01
   -9.215373E+01   1.464781E+01
   -9.215054E+01   1.464964E+01
   -9.214624E+01   1.465246E+01
   -9.214532E+01   1.465324E+01
   -9.214462E+01   1.465422E+01
   -9.214354E+01   1.465617E+01
   -9.214241E+01   1.465738E+01
   -9.214175E+01   1.465828E+01
   -9.214130E+01   1.465930E+01
   -9.214109E+01   1.466039E+01
   -9.214093E+01   1.466348E+01
   -9.214111E+01   1.466439E+01
   -9.214146E+01   1.466524E+01
   -9.214260E+01   1.466744E+01
   -9.214298E+01   1.467051E+01
   -9.214312E+01   1.467375E+01
   -9.214262E+01   1.467706E+01
   -9.214262E+01   1.467958E+01
   -9.214197E+01   1.468120E+01
   -9.213873E+01   1.468621E+01
   -9.213845E+01   1.468707E+01
   -9.213833E+01   1.468796E+01
   -9.213837E+01   1.468886E+01
   -9.213858E+01   1.468974E+01
   -9.213995E+01   1.469371E+01
   -9.214196E+01   1.469637E+01
   -9.214428E+01   1.470553E+01
   -9.214331E+01   1.471094E+01
   -9.214360E+01   1.471355E+01
   -9.214319E+01   1.471615E+01
   -9.214315E+01   1.471736E+01
   -9.214341E+01   1.471854E+01
   -9.214477E+01   1.472228E+01
   -9.214830E+01   1.472695E+01
   -9.215077E+01   1.472920E+01
   -9.215124E+01   1.473111E+01
   -9.215349E+01   1.473647E+01
   -9.215400E+01   1.473738E+01
   -9.215468E+01   1.473817E+01
   -9.215551E+01   1.473880E+01
   -9.215765E+01   1.474008E+01
   -9.215942E+01   1.474418E+01
   -9.216184E+01   1.474877E+01
   -9.216298E+01   1.475154E+01
   -9.216696E+01   1.475791E+01
   -9.216740E+01   1.475890E+01
   -9.216729E+01   1.476016E+01
   -9.216669E+01   1.476215E+01
   -9.216576E+01   1.476426E+01
   -9.216515E+01   1.476547E+01
   -9.216334E+01   1.476713E+01
   -9.216284E+01   1.476787E+01
   -9.216164E+01   1.477120E+01
   -9.216139E+01   1.477278E+01
   -9.216139E+01   1.477611E+01
   -9.216160E+01   1.477755E+01
   -9.216243E+01   1.478032E+01
   -9.216376E+01   1.478342E+01
   -9.216454E+01   1.478464E+01
   -9.216606E+01   1.478642E+01
   -9.216854E+01   1.478990E+01
   -9.216944E+01   1.479152E+01
   -9.216984E+01   1.479331E+01
   -9.217035E+01   1.479465E+01
   -9.217136E+01   1.479647E+01
   -9.217230E+01   1.480145E+01
   -9.217275E+01   1.480279E+01
   -9.217488E+01   1.480731E+01
   -9.217677E+01   1.481013E+01
   -9.217802E+01   1.481162E+01
   -9.217827E+01   1.481247E+01
   -9.217780E+01   1.481788E+01
   -9.217786E+01   1.481923E+01
   -9.217833E+01   1.482184E+01
   -9.217833E+01   1.482472E+01
   -9.217854E+01   1.482616E+01
   -9.218000E+01   1.483101E+01
   -9.218002E+01   1.483403E+01
   -9.218078E+01   1.484307E+01
   -9.217954E+01   1.484697E+01
   -9.217858E+01   1.484887E+01
   -9.217767E+01   1.485146E+01
   -9.217659E+01   1.485318E+01
   -9.217609E+01   1.485425E+01
   -9.217557E+01   1.485582E+01
   -9.217454E+01   1.485702E+01
   -9.217338E+01   1.485901E+01
   -9.217033E+01   1.486091E+01
   -9.216568E+01   1.486326E+01
   -9.216124E+01   1.486604E+01
   -9.215898E+01   1.486790E+01
   -9.215707E+01   1.486909E+01
   -9.215618E+01   1.486980E+01
   -9.214924E+01   1.487674E+01
   -9.214831E+01   1.487804E+01
   -9.214756E+01   1.487954E+01
   -9.214427E+01   1.488257E+01
   -9.214254E+01   1.488523E+01
   -9.213954E+01   1.488931E+01
   -9.213904E+01   1.489019E+01
   -9.213793E+01   1.489269E+01
   -9.213688E+01   1.489606E+01
   -9.213669E+01   1.489698E+01
   -9.213668E+01   1.489791E+01
   -9.213724E+01   1.490434E+01
   -9.213743E+01   1.490533E+01
   -9.213827E+01   1.490811E+01
   -9.213905E+01   1.490996E+01
   -9.213837E+01   1.491310E+01
   -9.213794E+01   1.491641E+01
   -9.213792E+01   1.491750E+01
   -9.213826E+01   1.492132E+01
   -9.213847E+01   1.492235E+01
   -9.213941E+01   1.492539E+01
   -9.213978E+01   1.492742E+01
   -9.214041E+01   1.492961E+01
   -9.214038E+01   1.492999E+01
   -9.213794E+01   1.493649E+01
   -9.213764E+01   1.493810E+01
   -9.213769E+01   1.493891E+01
   -9.213812E+01   1.494190E+01
   -9.213839E+01   1.494295E+01
   -9.213888E+01   1.494392E+01
   -9.213957E+01   1.494477E+01
   -9.214043E+01   1.494544E+01
   -9.214233E+01   1.494661E+01
   -9.214312E+01   1.494742E+01
   -9.214361E+01   1.494832E+01
   -9.214390E+01   1.494999E+01
   -9.214390E+01   1.495145E+01
   -9.214343E+01   1.495260E+01
   -9.214270E+01   1.495512E+01
   -9.214202E+01   1.495927E+01
   -9.214202E+01   1.496109E+01
   -9.214238E+01   1.496403E+01
   -9.214254E+01   1.496762E+01
   -9.214287E+01   1.496961E+01
   -9.214095E+01   1.497296E+01
   -9.214071E+01   1.497390E+01
   -9.214065E+01   1.497486E+01
   -9.214077E+01   1.497582E+01
   -9.214108E+01   1.497674E+01
   -9.214331E+01   1.498171E+01
   -9.214514E+01   1.498452E+01
   -9.214536E+01   1.498673E+01
   -9.214575E+01   1.498889E+01
   -9.214500E+01   1.499265E+01
   -9.214312E+01   1.499600E+01
   -9.214176E+01   1.499758E+01
   -9.214034E+01   1.499953E+01
   -9.213731E+01   1.500256E+01
   -9.213313E+01   1.500538E+01
   -9.213132E+01   1.500740E+01
   -9.212924E+01   1.500896E+01
   -9.212758E+01   1.501063E+01
   -9.212590E+01   1.501257E+01
   -9.212425E+01   1.501398E+01
   -9.212328E+01   1.501503E+01
   -9.212283E+01   1.501516E+01
   -9.211543E+01   1.501371E+01
   -9.211444E+01   1.501361E+01
   -9.210994E+01   1.501369E+01
   -9.210712E+01   1.501420E+01
   -9.210403E+01   1.501446E+01
   -9.210286E+01   1.501470E+01
   -9.210076E+01   1.501540E+01
   -9.209757E+01   1.501589E+01
   -9.209630E+01   1.501626E+01
   -9.209380E+01   1.501737E+01
   -9.209098E+01   1.501927E+01
   -9.208909E+01   1.502106E+01
   -9.208735E+01   1.502215E+01
   -9.208620E+01   1.502313E+01
   -9.208466E+01   1.502493E+01
   -9.208313E+01   1.502647E+01
   -9.208219E+01   1.502776E+01
   -9.208077E+01   1.503078E+01
   -9.207993E+01   1.503356E+01
   -9.207935E+01   1.503636E+01
   -9.207822E+01   1.503923E+01
   -9.207727E+01   1.504210E+01
   -9.207215E+01   1.505061E+01
   -9.206955E+01   1.505431E+01
   -9.206904E+01   1.505519E+01
   -9.206793E+01   1.505769E+01
   -9.206758E+01   1.505883E+01
   -9.206703E+01   1.506188E+01
   -9.206694E+01   1.506281E+01
   -9.206704E+01   1.506374E+01
   -9.206841E+01   1.506741E+01
   -9.206927E+01   1.506917E+01
   -9.206937E+01   1.507022E+01
   -9.206706E+01   1.507170E+01
   -9.206374E+01   1.507324E+01
   -9.206288E+01   1.507375E+01
   -9.206213E+01   1.507442E+01
   -9.206154E+01   1.507522E+01
   -9.206111E+01   1.507612E+01
   -9.206088E+01   1.507710E+01
   -9.206084E+01   1.507810E+01
   -9.206101E+01   1.507908E+01
   -9.206136E+01   1.508002E+01
   -9.206190E+01   1.508086E+01
   -9.209608E+01   1.512449E+01
   -9.220534E+01   1.526263E+01
   -9.214514E+01   1.536440E+01
   -9.211847E+01   1.540996E+01
   -9.208888E+01   1.545995E+01
   -9.198452E+01   1.563592E+01
   -9.195460E+01   1.568605E+01
   -9.193209E+01   1.572468E+01
   -9.191024E+01   1.576105E+01
   -9.184071E+01   1.587827E+01
   -9.182180E+01   1.590969E+01
   -9.180125E+01   1.594468E+01
   -9.177849E+01   1.598298E+01
   -9.174266E+01   1.604243E+01
   -9.172900E+01   1.606784E+01
   -9.168134E+01   1.606878E+01
   -9.132089E+01   1.606878E+01
   -9.095679E+01   1.606911E+01
   -9.043956E+01   1.607307E+01
   -9.042128E+01   1.609755E+01
   -9.042128E+01   1.617085E+01
   -9.042170E+01   1.625853E+01
   -9.036597E+01   1.637167E+01
   -9.038612E+01   1.641403E+01
   -9.047572E+01   1.646254E+01
   -9.054388E+01   1.648269E+01
   -9.055331E+01   1.648474E+01
   -9.058075E+01   1.647693E+01
   -9.060904E+01   1.651845E+01
   -9.061633E+01   1.652708E+01
   -9.062018E+01   1.657474E+01
   -9.065191E+01   1.663554E+01
   -9.066902E+01   1.668137E+01
   -9.070356E+01   1.672347E+01
   -9.079880E+01   1.680564E+01
   -9.087311E+01   1.683169E+01
   -9.093067E+01   1.685673E+01
   -9.095912E+01   1.690405E+01
   -9.105379E+01   1.691360E+01
   -9.111805E+01   1.700606E+01
   -9.114732E+01   1.701192E+01
   -9.122254E+01   1.709838E+01
   -9.125930E+01   1.711198E+01
   -9.126217E+01   1.718693E+01
   -9.134037E+01   1.718369E+01
   -9.137701E+01   1.720939E+01
   -9.141790E+01   1.721305E+01
   -9.143341E+01   1.724601E+01
   -9.098790E+01   1.724613E+01
   -9.098697E+01   1.724621E+01
   -9.098606E+01   1.724648E+01
   -9.098523E+01   1.724690E+01
   -9.098448E+01   1.724748E+01
   -9.098386E+01   1.724819E+01
   -9.098338E+01   1.724899E+01
   -9.098306E+01   1.724988E+01
   -9.098292E+01   1.725081E+01
   -9.098238E+01   1.725917E+01
   -9.098231E+01   1.727700E+01
   -9.098265E+01   1.779505E+01
   -9.098253E+01   1.780936E+01
   -8.984645E+01   1.781083E+01
   -8.913910E+01   1.781344E+01
   -8.913973E+01   1.795423E+01
   -8.902484E+01   1.799950E+01
   -8.899783E+01   1.795056E+01
   -8.898711E+01   1.794322E+01
   -8.894982E+01   1.794975E+01
   -8.893739E+01   1.792976E+01
   -8.892410E+01   1.791508E+01
   -8.891209E+01   1.790611E+01
   -8.888123E+01   1.789264E+01
   -8.885808E+01   1.789101E+01
   -8.884036E+01   1.792890E+01
   -8.878258E+01   1.797350E+01
   -8.875998E+01   1.802208E+01
   -8.870053E+01   1.807303E+01
   -8.866034E+01   1.813192E+01
   -8.864108E+01   1.818045E+01
   -8.860090E+01   1.823771E+01
   -8.856227E+01   1.832867E+01
   -8.854260E+01   1.835952E+01
   -8.854595E+01   1.838234E+01
   -8.852891E+01   1.840783E+01
   -8.851610E+01   1.846097E+01
   -8.847518E+01   1.848961E+01
   -8.844756E+01   1.847362E+01
   -8.840121E+01   1.849327E+01
   -8.838969E+01   1.848000E+01
   -8.837981E+01   1.847636E+01
   -8.832686E+01   1.848703E+01
   -8.830162E+01   1.848182E+01
   -8.828955E+01   1.846881E+01
   -8.828926E+01   1.841987E+01
   -8.803266E+01   1.841814E+01
   -8.803614E+01   1.816812E+01
   -8.788512E+01   1.816671E+01
   -8.774311E+01   1.816960E+01
   -8.549087E+01   1.819755E+01
   -8.679214E+01   2.450671E+01
   -8.289581E+01   2.395012E+01
   -7.984516E+01   2.454200E+01
   -7.918945E+01   2.804479E+01
   -6.120258E+01   2.463857E+01
   -3.448789E+01   6.281725E+01
   -6.676794E+00   7.479839E+01
   -5.198412E+00   8.504177E+01
   -1.799999E+02   8.503695E+01
   -1.799999E+02   6.932269E+00
   -1.238894E+02   3.001143E+01
END
END
