none
1
   -2.937641E-01   4.282438E+01
   -2.998662E-01   4.282697E+01
   -3.168349E-01   4.282635E+01
   -3.920752E-01   4.278766E+01
   -4.435404E-01   4.278453E+01
   -4.884180E-01   4.280255E+01
   -5.086830E-01   4.279935E+01
   -5.449894E-01   4.276906E+01
   -5.672068E-01   4.276937E+01
   -6.744552E-01   4.286392E+01
   -6.809365E-01   4.286775E+01
   -7.337233E-01   4.288666E+01
   -7.475980E-01   4.293879E+01
   -7.571050E-01   4.295107E+01
   -7.725328E-01   4.295284E+01
   -8.211401E-01   4.293865E+01
   -9.450847E-01   4.294192E+01
   -1.023131E+00   4.298206E+01
   -1.108517E+00   4.300409E+01
   -1.115597E+00   4.300461E+01
   -1.147753E+00   4.300124E+01
   -1.158452E+00   4.301452E+01
   -1.167362E+00   4.302083E+01
   -1.216216E+00   4.303810E+01
   -1.226121E+00   4.303898E+01
   -1.262362E+00   4.303303E+01
   -1.306428E+00   4.305531E+01
   -1.319918E+00   4.305696E+01
   -1.331346E+00   4.304960E+01
   -1.354196E+00   4.301970E+01
   -1.438684E+00   4.303371E+01
   -1.477500E+00   4.306889E+01
   -1.483110E+00   4.308561E+01
   -1.476407E+00   4.310248E+01
   -1.434786E+00   4.313087E+01
   -1.427318E+00   4.314040E+01
   -1.394112E+00   4.322935E+01
   -1.395313E+00   4.324596E+01
   -1.408677E+00   4.325591E+01
   -1.526287E+00   4.328099E+01
   -1.546257E+00   4.327370E+01
   -1.571485E+00   4.324120E+01
   -1.610526E+00   4.324223E+01
   -1.650003E+00   4.329323E+01
   -1.669527E+00   4.330065E+01
   -1.733594E+00   4.328856E+01
   -1.756061E+00   4.331966E+01
   -1.762973E+00   4.332565E+01
   -1.791557E+00   4.334067E+01
   -1.800991E+00   4.337017E+01
   -1.785091E+00   4.339037E+01
   -1.783502E+00   4.339686E+01
   -1.803713E+00   4.340796E+01
   -1.789293E+00   4.345211E+01
   -1.842771E+00   4.367034E+01
   -1.545244E+00   4.567265E+01
   -1.047960E+00   4.561112E+01
   -7.563850E-01   4.536084E+01
   -7.177680E-01   4.533171E+01
   -6.445440E-01   4.532477E+01
   -6.374650E-01   4.531999E+01
   -6.224570E-01   4.532210E+01
   -6.148680E-01   4.532617E+01
   -5.997240E-01   4.532538E+01
   -5.958040E-01   4.533596E+01
   -5.863540E-01   4.534694E+01
   -5.665620E-01   4.533249E+01
   -5.712980E-01   4.531422E+01
   -5.658080E-01   4.530106E+01
   -5.127500E-01   4.528983E+01
   -4.871620E-01   4.529622E+01
   -4.745530E-01   4.529657E+01
   -4.252270E-01   4.528113E+01
   -4.128860E-01   4.527059E+01
   -4.183220E-01   4.525790E+01
   -4.179210E-01   4.525229E+01
   -4.057090E-01   4.524954E+01
   -4.027180E-01   4.524092E+01
   -4.103150E-01   4.522778E+01
   -4.152040E-01   4.520632E+01
   -4.003340E-01   4.519085E+01
   -3.870370E-01   4.515626E+01
   -3.817840E-01   4.515647E+01
   -3.646230E-01   4.517277E+01
   -3.384590E-01   4.516979E+01
   -3.185280E-01   4.515794E+01
   -3.149460E-01   4.514804E+01
   -3.069450E-01   4.515228E+01
   -2.750110E-01   4.514413E+01
   -2.705560E-01   4.513714E+01
   -2.654620E-01   4.513447E+01
   -2.638320E-01   4.512850E+01
   -2.545990E-01   4.511731E+01
   -2.451140E-01   4.511136E+01
   -2.215160E-01   4.511066E+01
   -2.087640E-01   4.510308E+01
   -1.905320E-01   4.509714E+01
   -1.640190E-01   4.509551E+01
   -1.524690E-01   4.509211E+01
   -1.442450E-01   4.509263E+01
   -1.361460E-01   4.509696E+01
   -1.302750E-01   4.510687E+01
   -1.139450E-01   4.511756E+01
   -9.732300E-02   4.512369E+01
   -8.599400E-02   4.512365E+01
   -6.294800E-02   4.510291E+01
   -4.627100E-02   4.510198E+01
   -4.320200E-02   4.510695E+01
   -4.389100E-02   4.511500E+01
   -3.333700E-02   4.512810E+01
   -3.931100E-02   4.514124E+01
   -1.208400E-02   4.515233E+01
   -1.293500E-02   4.515730E+01
   -1.965300E-02   4.515981E+01
   -2.125100E-02   4.516674E+01
   -1.876900E-02   4.517198E+01
   -1.180000E-03   4.518535E+01
   6.598000E-03   4.520468E+01
   3.123100E-02   4.521037E+01
   4.606400E-02   4.522622E+01
   5.511400E-02   4.522991E+01
   6.575900E-02   4.522398E+01
   7.595300E-02   4.522303E+01
   8.975200E-02   4.522960E+01
   9.863000E-02   4.523016E+01
   1.167520E-01   4.521626E+01
   1.314930E-01   4.521250E+01
   1.343860E-01   4.521792E+01
   1.417830E-01   4.522032E+01
   1.453990E-01   4.522689E+01
   1.582140E-01   4.522991E+01
   1.664000E-01   4.523708E+01
   1.731870E-01   4.526345E+01
   2.016060E-01   4.526568E+01
   2.062870E-01   4.526955E+01
   2.111460E-01   4.528469E+01
   2.193470E-01   4.529249E+01
   2.361070E-01   4.529539E+01
   2.502390E-01   4.529337E+01
   2.634720E-01   4.530009E+01
   2.666360E-01   4.531007E+01
   2.631190E-01   4.533174E+01
   2.547760E-01   4.535113E+01
   2.476500E-01   4.536003E+01
   2.455510E-01   4.537005E+01
   2.564820E-01   4.539627E+01
   2.620200E-01   4.540088E+01
   2.722490E-01   4.542686E+01
   2.909210E-01   4.543610E+01
   3.023470E-01   4.543561E+01
   3.045880E-01   4.543754E+01
   2.972380E-01   4.545084E+01
   3.002370E-01   4.546039E+01
   3.084360E-01   4.546322E+01
   3.280250E-01   4.545188E+01
   3.318960E-01   4.546186E+01
   3.549170E-01   4.546849E+01
   3.592870E-01   4.547884E+01
   3.743890E-01   4.547938E+01
   3.764730E-01   4.548570E+01
   3.804620E-01   4.548869E+01
   3.917940E-01   4.548864E+01
   4.091790E-01   4.549516E+01
   4.220080E-01   4.548828E+01
   4.281130E-01   4.548977E+01
   4.297580E-01   4.550442E+01
   4.469950E-01   4.551844E+01
   4.463530E-01   4.552616E+01
   4.566920E-01   4.552845E+01
   4.649960E-01   4.554170E+01
   4.817310E-01   4.554189E+01
   5.021740E-01   4.555306E+01
   5.022970E-01   4.555879E+01
   4.958810E-01   4.556551E+01
   4.988590E-01   4.557459E+01
   5.099980E-01   4.558549E+01
   5.081500E-01   4.559732E+01
   5.102720E-01   4.560237E+01
   5.018500E-01   4.560914E+01
   4.973250E-01   4.561747E+01
   4.991580E-01   4.562155E+01
   5.064500E-01   4.562318E+01
   5.086820E-01   4.563293E+01
   5.274390E-01   4.564735E+01
   5.369590E-01   4.564502E+01
   5.417030E-01   4.563713E+01
   5.582450E-01   4.563568E+01
   5.656930E-01   4.563761E+01
   5.690660E-01   4.564311E+01
   5.648080E-01   4.565464E+01
   5.820050E-01   4.566475E+01
   5.892650E-01   4.567731E+01
   5.991350E-01   4.568234E+01
   6.018900E-01   4.569585E+01
   6.096760E-01   4.569645E+01
   6.125270E-01   4.570099E+01
   6.191200E-01   4.570227E+01
   6.236340E-01   4.570933E+01
   6.234730E-01   4.571492E+01
   6.289910E-01   4.571724E+01
   6.363100E-01   4.571102E+01
   6.421930E-01   4.570093E+01
   6.534790E-01   4.570123E+01
   6.564940E-01   4.569331E+01
   6.614950E-01   4.569095E+01
   6.841910E-01   4.569048E+01
   6.951610E-01   4.569472E+01
   7.016860E-01   4.569036E+01
   7.100170E-01   4.569694E+01
   7.254110E-01   4.569838E+01
   7.346280E-01   4.569296E+01
   7.445710E-01   4.569230E+01
   7.641810E-01   4.567181E+01
   7.776030E-01   4.567017E+01
   7.795400E-01   4.566451E+01
   7.754520E-01   4.565042E+01
   7.679910E-01   4.564137E+01
   7.660450E-01   4.562753E+01
   7.586190E-01   4.562127E+01
   7.565160E-01   4.561584E+01
   7.620770E-01   4.560882E+01
   7.682990E-01   4.560776E+01
   7.784170E-01   4.559427E+01
   8.013920E-01   4.559892E+01
   8.080370E-01   4.559713E+01
   8.097600E-01   4.558626E+01
   8.151510E-01   4.557897E+01
   8.414980E-01   4.558572E+01
   8.577390E-01   4.561496E+01
   8.691350E-01   4.562597E+01
   8.780940E-01   4.562273E+01
   8.854400E-01   4.561037E+01
   8.949790E-01   4.560421E+01
   9.053670E-01   4.561140E+01
   9.159150E-01   4.560732E+01
   9.459410E-01   4.561787E+01
   9.591760E-01   4.561106E+01
   9.700920E-01   4.561346E+01
   9.798910E-01   4.560604E+01
   9.853090E-01   4.560735E+01
   9.964280E-01   4.561760E+01
   1.007389E+00   4.561303E+01
   1.024433E+00   4.561219E+01
   1.029221E+00   4.560458E+01
   1.038323E+00   4.560127E+01
   1.037872E+00   4.559511E+01
   1.043876E+00   4.558683E+01
   1.038031E+00   4.557891E+01
   1.040262E+00   4.557119E+01
   1.051524E+00   4.555924E+01
   1.063895E+00   4.555699E+01
   1.082611E+00   4.554020E+01
   1.100215E+00   4.554059E+01
   1.105244E+00   4.554687E+01
   1.119239E+00   4.555011E+01
   1.169331E+00   4.552658E+01
   1.169538E+00   4.552343E+01
   1.165487E+00   4.552039E+01
   1.148611E+00   4.551313E+01
   1.136773E+00   4.550340E+01
   1.130407E+00   4.549259E+01
   1.123324E+00   4.548689E+01
   1.123479E+00   4.548273E+01
   1.132630E+00   4.547445E+01
   1.152012E+00   4.547616E+01
   1.162819E+00   4.548090E+01
   1.178054E+00   4.547294E+01
   1.178945E+00   4.546426E+01
   1.182802E+00   4.545914E+01
   1.187242E+00   4.545848E+01
   1.210259E+00   4.546575E+01
   1.237722E+00   4.545661E+01
   1.236957E+00   4.544398E+01
   1.238836E+00   4.544148E+01
   1.257846E+00   4.544775E+01
   1.275164E+00   4.543864E+01
   1.284699E+00   4.544028E+01
   1.292899E+00   4.543792E+01
   1.296427E+00   4.543316E+01
   1.291635E+00   4.542793E+01
   1.292349E+00   4.541674E+01
   1.281362E+00   4.541236E+01
   1.278281E+00   4.540855E+01
   1.283202E+00   4.540269E+01
   1.280617E+00   4.539171E+01
   1.285923E+00   4.539054E+01
   1.290983E+00   4.539904E+01
   1.294222E+00   4.540001E+01
   1.324449E+00   4.538536E+01
   1.326861E+00   4.538186E+01
   1.319759E+00   4.536122E+01
   1.309928E+00   4.535574E+01
   1.290685E+00   4.535179E+01
   1.281639E+00   4.533374E+01
   1.273489E+00   4.532560E+01
   1.260265E+00   4.531814E+01
   1.245268E+00   4.531911E+01
   1.241783E+00   4.531724E+01
   1.244658E+00   4.530030E+01
   1.241613E+00   4.528932E+01
   1.233369E+00   4.528348E+01
   1.232962E+00   4.527513E+01
   1.243670E+00   4.526846E+01
   1.245629E+00   4.526267E+01
   1.250035E+00   4.525927E+01
   1.275009E+00   4.525939E+01
   1.280963E+00   4.525008E+01
   1.279352E+00   4.524065E+01
   1.274325E+00   4.523482E+01
   1.257908E+00   4.522534E+01
   1.237436E+00   4.521982E+01
   1.231885E+00   4.520507E+01
   1.236363E+00   4.520072E+01
   1.261675E+00   4.520115E+01
   1.272695E+00   4.520416E+01
   1.293332E+00   4.518881E+01
   1.293162E+00   4.518242E+01
   1.287317E+00   4.517434E+01
   1.270571E+00   4.516312E+01
   1.269135E+00   4.515947E+01
   1.294016E+00   4.514323E+01
   1.309466E+00   4.514083E+01
   1.322627E+00   4.514559E+01
   1.334518E+00   4.514034E+01
   1.350945E+00   4.514546E+01
   1.357051E+00   4.513543E+01
   1.385425E+00   4.513838E+01
   1.414983E+00   4.512667E+01
   1.416753E+00   4.511998E+01
   1.413379E+00   4.511187E+01
   1.396593E+00   4.510463E+01
   1.394336E+00   4.510097E+01
   1.398222E+00   4.509251E+01
   1.397070E+00   4.508543E+01
   1.408571E+00   4.507251E+01
   1.410306E+00   4.506517E+01
   1.415737E+00   4.506185E+01
   1.414730E+00   4.505426E+01
   1.430443E+00   4.503630E+01
   1.450577E+00   4.501962E+01
   1.445721E+00   4.501190E+01
   1.418533E+00   4.500543E+01
   1.415412E+00   4.500177E+01
   1.417064E+00   4.498796E+01
   1.420214E+00   4.498340E+01
   1.417775E+00   4.497493E+01
   1.423687E+00   4.496912E+01
   1.422632E+00   4.495978E+01
   1.428861E+00   4.495005E+01
   1.434972E+00   4.494791E+01
   1.438858E+00   4.494285E+01
   1.445302E+00   4.491698E+01
   1.441979E+00   4.491367E+01
   1.432881E+00   4.491631E+01
   1.425309E+00   4.491535E+01
   1.422267E+00   4.491182E+01
   1.422770E+00   4.490069E+01
   1.429339E+00   4.489498E+01
   1.441342E+00   4.489070E+01
   1.444511E+00   4.487750E+01
   1.439577E+00   4.487185E+01
   1.433050E+00   4.486946E+01
   1.415944E+00   4.486775E+01
   1.408502E+00   4.486073E+01
   1.403876E+00   4.484754E+01
   1.390418E+00   4.484700E+01
   1.377952E+00   4.483955E+01
   1.370190E+00   4.484292E+01
   1.365967E+00   4.484128E+01
   1.362854E+00   4.483368E+01
   1.363587E+00   4.482544E+01
   1.368451E+00   4.481520E+01
   1.365439E+00   4.480968E+01
   1.340072E+00   4.480321E+01
   1.326642E+00   4.480374E+01
   1.306574E+00   4.479619E+01
   1.307324E+00   4.478451E+01
   1.302967E+00   4.477790E+01
   1.316431E+00   4.476814E+01
   1.324162E+00   4.476738E+01
   1.324642E+00   4.476225E+01
   1.318334E+00   4.473978E+01
   1.302257E+00   4.473925E+01
   1.300517E+00   4.472491E+01
   1.293716E+00   4.472037E+01
   1.289092E+00   4.471281E+01
   1.272725E+00   4.471573E+01
   1.264587E+00   4.470858E+01
   1.248734E+00   4.470470E+01
   1.243872E+00   4.469179E+01
   1.230401E+00   4.468794E+01
   1.224786E+00   4.468199E+01
   1.197676E+00   4.467834E+01
   1.180970E+00   4.468044E+01
   1.152070E+00   4.466785E+01
   1.151793E+00   4.465207E+01
   1.155949E+00   4.464175E+01
   1.155504E+00   4.463605E+01
   1.152218E+00   4.463088E+01
   1.102333E+00   4.459570E+01
   1.101474E+00   4.459153E+01
   1.106166E+00   4.458129E+01
   1.104670E+00   4.456988E+01
   1.088327E+00   4.456853E+01
   1.078371E+00   4.457078E+01
   1.071046E+00   4.456400E+01
   1.047932E+00   4.455946E+01
   1.013594E+00   4.453370E+01
   1.005588E+00   4.454476E+01
   9.914130E-01   4.454548E+01
   9.924080E-01   4.453269E+01
   1.001300E+00   4.452889E+01
   1.010345E+00   4.451461E+01
   1.018651E+00   4.450674E+01
   1.019886E+00   4.449104E+01
   1.015969E+00   4.448253E+01
   1.026924E+00   4.447345E+01
   1.026284E+00   4.444635E+01
   1.034220E+00   4.444300E+01
   1.036125E+00   4.443779E+01
   1.054660E+00   4.443428E+01
   1.059954E+00   4.442848E+01
   1.064458E+00   4.441419E+01
   1.063769E+00   4.440164E+01
   1.060758E+00   4.439636E+01
   1.066833E+00   4.437972E+01
   1.063037E+00   4.437213E+01
   1.064589E+00   4.436506E+01
   1.047527E+00   4.435986E+01
   1.018425E+00   4.436083E+01
   9.968710E-01   4.436494E+01
   9.779370E-01   4.435413E+01
   9.685910E-01   4.435878E+01
   9.529040E-01   4.435614E+01
   9.491700E-01   4.435341E+01
   9.477770E-01   4.434697E+01
   9.414210E-01   4.434200E+01
   9.385800E-01   4.434422E+01
   9.325160E-01   4.436988E+01
   9.160510E-01   4.438106E+01
   8.984130E-01   4.437646E+01
   8.919800E-01   4.436569E+01
   8.983970E-01   4.434586E+01
   8.913770E-01   4.433076E+01
   8.781350E-01   4.432239E+01
   8.766650E-01   4.431328E+01
   8.856570E-01   4.430996E+01
   8.937510E-01   4.430163E+01
   9.169640E-01   4.430470E+01
   9.269470E-01   4.429098E+01
   9.516250E-01   4.427853E+01
   9.533210E-01   4.427535E+01
   9.469500E-01   4.426440E+01
   9.361010E-01   4.425858E+01
   9.363850E-01   4.424804E+01
   9.259180E-01   4.424345E+01
   9.256910E-01   4.423922E+01
   9.325060E-01   4.423621E+01
   9.317860E-01   4.422993E+01
   9.103570E-01   4.419850E+01
   9.081110E-01   4.418883E+01
   8.879420E-01   4.418776E+01
   8.652580E-01   4.419066E+01
   8.566650E-01   4.418407E+01
   8.582490E-01   4.417782E+01
   8.707590E-01   4.417212E+01
   8.825360E-01   4.417792E+01
   8.912050E-01   4.417390E+01
   8.926840E-01   4.416829E+01
   8.897550E-01   4.415965E+01
   8.963510E-01   4.414456E+01
   8.957980E-01   4.413606E+01
   8.872040E-01   4.413551E+01
   8.820840E-01   4.412760E+01
   8.667990E-01   4.412382E+01
   8.563300E-01   4.412534E+01
   8.183540E-01   4.414122E+01
   8.070810E-01   4.414228E+01
   7.990700E-01   4.414011E+01
   7.975710E-01   4.412025E+01
   8.009280E-01   4.411368E+01
   7.998830E-01   4.410837E+01
   7.753360E-01   4.411146E+01
   7.581600E-01   4.410438E+01
   7.511800E-01   4.409364E+01
   7.508320E-01   4.408595E+01
   7.422630E-01   4.407557E+01
   7.414680E-01   4.407090E+01
   7.445450E-01   4.406423E+01
   7.410570E-01   4.405952E+01
   7.076340E-01   4.405426E+01
   7.018170E-01   4.405004E+01
   6.968330E-01   4.404145E+01
   6.907880E-01   4.404345E+01
   6.857200E-01   4.404155E+01
   6.795450E-01   4.402595E+01
   6.636220E-01   4.402156E+01
   6.502750E-01   4.403182E+01
   6.496870E-01   4.403993E+01
   6.300840E-01   4.404780E+01
   6.242300E-01   4.405971E+01
   6.056830E-01   4.406731E+01
   5.943670E-01   4.407535E+01
   5.807710E-01   4.407229E+01
   5.681300E-01   4.405824E+01
   5.562050E-01   4.405236E+01
   5.445400E-01   4.405358E+01
   5.381860E-01   4.405044E+01
   5.322040E-01   4.405413E+01
   5.126580E-01   4.405832E+01
   5.052110E-01   4.404834E+01
   4.958780E-01   4.405479E+01
   4.847770E-01   4.405044E+01
   4.634850E-01   4.405220E+01
   4.474980E-01   4.403776E+01
   4.436610E-01   4.402669E+01
   4.253700E-01   4.402356E+01
   4.186560E-01   4.402552E+01
   4.118740E-01   4.401839E+01
   3.987920E-01   4.401893E+01
   3.820160E-01   4.400398E+01
   3.694250E-01   4.400619E+01
   3.603320E-01   4.401329E+01
   3.541680E-01   4.401019E+01
   3.383560E-01   4.400905E+01
   3.230940E-01   4.400402E+01
   3.189670E-01   4.399238E+01
   3.031790E-01   4.398845E+01
   2.727830E-01   4.399609E+01
   2.602210E-01   4.400272E+01
   2.529090E-01   4.399977E+01
   2.318800E-01   4.400658E+01
   2.272650E-01   4.401012E+01
   2.260000E-01   4.401596E+01
   2.156340E-01   4.401868E+01
   2.080430E-01   4.401626E+01
   2.039350E-01   4.401018E+01
   1.901950E-01   4.401090E+01
   1.823190E-01   4.399865E+01
   1.701990E-01   4.399479E+01
   1.680440E-01   4.397894E+01
   1.632470E-01   4.397284E+01
   1.571840E-01   4.397029E+01
   1.369090E-01   4.397294E+01
   1.382730E-01   4.399301E+01
   1.311200E-01   4.399663E+01
   1.235640E-01   4.399286E+01
   1.177600E-01   4.398542E+01
   1.049090E-01   4.398187E+01
   8.857700E-02   4.398241E+01
   7.359200E-02   4.397561E+01
   7.062200E-02   4.397222E+01
   7.059400E-02   4.396362E+01
   5.983700E-02   4.395850E+01
   6.048000E-02   4.395267E+01
   7.124300E-02   4.393952E+01
   7.899100E-02   4.391572E+01
   7.507800E-02   4.391009E+01
   7.466800E-02   4.390221E+01
   6.437000E-02   4.389984E+01
   5.874200E-02   4.389438E+01
   4.142200E-02   4.390097E+01
   3.109100E-02   4.389794E+01
   1.383100E-02   4.391046E+01
   -2.526700E-02   4.392768E+01
   -2.557500E-02   4.393180E+01
   2.253000E-03   4.394611E+01
   4.121000E-03   4.395208E+01
   -1.260000E-04   4.395772E+01
   -3.277600E-02   4.397696E+01
   -3.669400E-02   4.397466E+01
   -4.221500E-02   4.396109E+01
   -5.919800E-02   4.395712E+01
   -6.574900E-02   4.395089E+01
   -6.905900E-02   4.394290E+01
   -8.129500E-02   4.394011E+01
   -8.922500E-02   4.394461E+01
   -9.231100E-02   4.394352E+01
   -9.479000E-02   4.393871E+01
   -9.129300E-02   4.393297E+01
   -9.477200E-02   4.392674E+01
   -1.018600E-01   4.392478E+01
   -1.090440E-01   4.392653E+01
   -1.227570E-01   4.393886E+01
   -1.349890E-01   4.393363E+01
   -1.478500E-01   4.393620E+01
   -1.591180E-01   4.392544E+01
   -1.653900E-01   4.392527E+01
   -1.771170E-01   4.393010E+01
   -1.887410E-01   4.392454E+01
   -2.021240E-01   4.391059E+01
   -2.174010E-01   4.390454E+01
   -2.246890E-01   4.390729E+01
   -2.281270E-01   4.390514E+01
   -2.300490E-01   4.389551E+01
   -2.213280E-01   4.389611E+01
   -2.084450E-01   4.388819E+01
   -2.015750E-01   4.388830E+01
   -1.908440E-01   4.388394E+01
   -1.831420E-01   4.386658E+01
   -1.830550E-01   4.386216E+01
   -1.860040E-01   4.385965E+01
   -1.941710E-01   4.386218E+01
   -2.007120E-01   4.385753E+01
   -1.855630E-01   4.383329E+01
   -1.937010E-01   4.382525E+01
   -1.899450E-01   4.381842E+01
   -1.896670E-01   4.380920E+01
   -2.006810E-01   4.380441E+01
   -2.155130E-01   4.380676E+01
   -2.180000E-01   4.380356E+01
   -2.151210E-01   4.379872E+01
   -2.170320E-01   4.378879E+01
   -2.103440E-01   4.377974E+01
   -2.114250E-01   4.377231E+01
   -2.040250E-01   4.376013E+01
   -2.030040E-01   4.375274E+01
   -1.931410E-01   4.374650E+01
   -1.915260E-01   4.373611E+01
   -2.147050E-01   4.371923E+01
   -2.417900E-01   4.370764E+01
   -2.362410E-01   4.369289E+01
   -2.522210E-01   4.367770E+01
   -2.492030E-01   4.367470E+01
   -2.371410E-01   4.367191E+01
   -2.405150E-01   4.366318E+01
   -2.400760E-01   4.365431E+01
   -2.582020E-01   4.364859E+01
   -2.626270E-01   4.363372E+01
   -2.768010E-01   4.363521E+01
   -2.774010E-01   4.362100E+01
   -2.733850E-01   4.361856E+01
   -2.451590E-01   4.361764E+01
   -2.469050E-01   4.359980E+01
   -2.396790E-01   4.358856E+01
   -2.120680E-01   4.359577E+01
   -2.008670E-01   4.358822E+01
   -1.767730E-01   4.359923E+01
   -1.613840E-01   4.358549E+01
   -1.495930E-01   4.358830E+01
   -1.323260E-01   4.358421E+01
   -1.211760E-01   4.358933E+01
   -1.071030E-01   4.358466E+01
   -9.516200E-02   4.358392E+01
   -8.632900E-02   4.356067E+01
   -8.674700E-02   4.355016E+01
   -6.326900E-02   4.354950E+01
   -5.474100E-02   4.353650E+01
   -4.273400E-02   4.352701E+01
   -3.734500E-02   4.351364E+01
   -4.413700E-02   4.349486E+01
   -3.208900E-02   4.349007E+01
   -2.896200E-02   4.347732E+01
   -1.528100E-02   4.347268E+01
   -1.692600E-02   4.346408E+01
   -2.016100E-02   4.346246E+01
   -2.935100E-02   4.346394E+01
   -5.888100E-02   4.346059E+01
   -6.425100E-02   4.343453E+01
   -4.501000E-02   4.341777E+01
   -3.910500E-02   4.342289E+01
   -3.362900E-02   4.343578E+01
   -2.533900E-02   4.343651E+01
   -1.763300E-02   4.344601E+01
   -1.920000E-04   4.344686E+01
   -2.000000E-06   4.343220E+01
   1.239900E-02   4.342191E+01
   1.624000E-03   4.340360E+01
   2.155000E-03   4.339885E+01
   8.059000E-03   4.339384E+01
   3.845000E-03   4.338901E+01
   5.600000E-04   4.337615E+01
   9.098000E-03   4.337141E+01
   1.253800E-02   4.336247E+01
   3.266400E-02   4.334563E+01
   1.108500E-02   4.332288E+01
   -3.466000E-03   4.332946E+01
   -2.221400E-02   4.332653E+01
   -2.777600E-02   4.331382E+01
   -4.189000E-02   4.329923E+01
   -3.934000E-02   4.328705E+01
   -2.278900E-02   4.328259E+01
   -1.560200E-02   4.327609E+01
   -1.449800E-02   4.327081E+01
   -2.242400E-02   4.326118E+01
   -2.268700E-02   4.325239E+01
   -4.189700E-02   4.323314E+01
   -4.742800E-02   4.321694E+01
   -6.223100E-02   4.321993E+01
   -6.878900E-02   4.321772E+01
   -6.613300E-02   4.317559E+01
   -9.143200E-02   4.317437E+01
   -9.665800E-02   4.316468E+01
   -1.051590E-01   4.316402E+01
   -1.087190E-01   4.316614E+01
   -1.125840E-01   4.317506E+01
   -1.169800E-01   4.317474E+01
   -1.231040E-01   4.316457E+01
   -1.237050E-01   4.315688E+01
   -1.349340E-01   4.314781E+01
   -1.384210E-01   4.313500E+01
   -1.437710E-01   4.312705E+01
   -1.565400E-01   4.312018E+01
   -1.646050E-01   4.311897E+01
   -1.669460E-01   4.311311E+01
   -1.736440E-01   4.310820E+01
   -1.860130E-01   4.310934E+01
   -1.883860E-01   4.310739E+01
   -1.930850E-01   4.309913E+01
   -1.846410E-01   4.309264E+01
   -1.842600E-01   4.308290E+01
   -1.955400E-01   4.306599E+01
   -1.903060E-01   4.305938E+01
   -1.831200E-01   4.305809E+01
   -1.790810E-01   4.305095E+01
   -1.884990E-01   4.304928E+01
   -1.973250E-01   4.304067E+01
   -2.217270E-01   4.303144E+01
   -2.493830E-01   4.303852E+01
   -2.553200E-01   4.303406E+01
   -2.529310E-01   4.302636E+01
   -2.574010E-01   4.301236E+01
   -2.665000E-01   4.300591E+01
   -2.853970E-01   4.300017E+01
   -2.892100E-01   4.299029E+01
   -2.877300E-01   4.297654E+01
   -2.855970E-01   4.296198E+01
   -2.809150E-01   4.295637E+01
   -2.764110E-01   4.293785E+01
   -2.848720E-01   4.292761E+01
   -2.978730E-01   4.292699E+01
   -3.054300E-01   4.292246E+01
   -3.089060E-01   4.291541E+01
   -3.215960E-01   4.291162E+01
   -3.201570E-01   4.290300E+01
   -3.137740E-01   4.289489E+01
   -3.117270E-01   4.288218E+01
   -3.042520E-01   4.286926E+01
   -3.090890E-01   4.284719E+01
   -2.937641E-01   4.282438E+01
END
END
