none
1
   1.611262E+01   4.686921E+01
   1.611877E+01   4.687296E+01
   1.613340E+01   4.687880E+01
   1.613721E+01   4.688538E+01
   1.614769E+01   4.689323E+01
   1.615912E+01   4.690085E+01
   1.616246E+01   4.690569E+01
   1.618183E+01   4.691691E+01
   1.618971E+01   4.693046E+01
   1.619124E+01   4.693179E+01
   1.619345E+01   4.693726E+01
   1.619438E+01   4.693904E+01
   1.619639E+01   4.693972E+01
   1.619993E+01   4.694214E+01
   1.620394E+01   4.694237E+01
   1.620888E+01   4.694296E+01
   1.621289E+01   4.694292E+01
   1.622484E+01   4.694132E+01
   1.623440E+01   4.694620E+01
   1.624522E+01   4.695058E+01
   1.624221E+01   4.695660E+01
   1.625484E+01   4.696476E+01
   1.626566E+01   4.696416E+01
   1.627140E+01   4.696280E+01
   1.627628E+01   4.696699E+01
   1.627361E+01   4.698385E+01
   1.628162E+01   4.699761E+01
   1.628055E+01   4.700467E+01
   1.628937E+01   4.701488E+01
   1.629405E+01   4.701447E+01
   1.630093E+01   4.700905E+01
   1.630066E+01   4.700108E+01
   1.631682E+01   4.700144E+01
   1.632230E+01   4.700335E+01
   1.634301E+01   4.700481E+01
   1.634775E+01   4.701014E+01
   1.635149E+01   4.701155E+01
   1.635423E+01   4.700918E+01
   1.635804E+01   4.700777E+01
   1.636305E+01   4.700814E+01
   1.636645E+01   4.700795E+01
   1.636906E+01   4.700650E+01
   1.637387E+01   4.699944E+01
   1.637781E+01   4.700108E+01
   1.639251E+01   4.700390E+01
   1.641094E+01   4.700540E+01
   1.641548E+01   4.700504E+01
   1.642029E+01   4.699907E+01
   1.643826E+01   4.699420E+01
   1.644501E+01   4.699420E+01
   1.644641E+01   4.700481E+01
   1.645376E+01   4.700449E+01
   1.646191E+01   4.700226E+01
   1.646451E+01   4.699871E+01
   1.646825E+01   4.699916E+01
   1.647620E+01   4.699739E+01
   1.648669E+01   4.699693E+01
   1.648923E+01   4.700162E+01
   1.649537E+01   4.700076E+01
   1.650760E+01   4.700281E+01
   1.649805E+01   4.700800E+01
   1.649137E+01   4.700968E+01
   1.648362E+01   4.701638E+01
   1.648128E+01   4.702166E+01
   1.647647E+01   4.702039E+01
   1.647366E+01   4.702649E+01
   1.647052E+01   4.702699E+01
   1.646324E+01   4.703091E+01
   1.644728E+01   4.702112E+01
   1.643719E+01   4.702968E+01
   1.644234E+01   4.703400E+01
   1.643880E+01   4.703641E+01
   1.644314E+01   4.703919E+01
   1.644968E+01   4.704083E+01
   1.645984E+01   4.704383E+01
   1.647333E+01   4.704693E+01
   1.648094E+01   4.704829E+01
   1.650152E+01   4.705189E+01
   1.651955E+01   4.705681E+01
   1.651808E+01   4.706163E+01
   1.649831E+01   4.706918E+01
   1.649070E+01   4.706936E+01
   1.648649E+01   4.706763E+01
   1.648061E+01   4.707387E+01
   1.647179E+01   4.707255E+01
   1.646972E+01   4.707928E+01
   1.646485E+01   4.708924E+01
   1.646211E+01   4.709534E+01
   1.646518E+01   4.709643E+01
   1.646344E+01   4.709956E+01
   1.648141E+01   4.710934E+01
   1.649938E+01   4.711125E+01
   1.649911E+01   4.712529E+01
   1.651361E+01   4.712602E+01
   1.652784E+01   4.712848E+01
   1.651982E+01   4.714115E+01
   1.651588E+01   4.714838E+01
   1.648595E+01   4.714638E+01
   1.646779E+01   4.714174E+01
   1.645476E+01   4.714111E+01
   1.644888E+01   4.714374E+01
   1.644788E+01   4.715260E+01
   1.645209E+01   4.715869E+01
   1.646050E+01   4.716091E+01
   1.645850E+01   4.716736E+01
   1.645322E+01   4.718203E+01
   1.644848E+01   4.718666E+01
   1.644000E+01   4.718371E+01
   1.642851E+01   4.718357E+01
   1.642470E+01   4.718634E+01
   1.641876E+01   4.719601E+01
   1.641515E+01   4.720677E+01
   1.641896E+01   4.721244E+01
   1.643385E+01   4.721171E+01
   1.643739E+01   4.723149E+01
   1.643960E+01   4.724782E+01
   1.642744E+01   4.725063E+01
   1.642971E+01   4.725453E+01
   1.644347E+01   4.725213E+01
   1.644454E+01   4.725435E+01
   1.646211E+01   4.725734E+01
   1.647720E+01   4.726233E+01
   1.647440E+01   4.727062E+01
   1.647627E+01   4.727792E+01
   1.648068E+01   4.727951E+01
   1.648135E+01   4.728907E+01
   1.646852E+01   4.731706E+01
   1.646705E+01   4.732553E+01
   1.646264E+01   4.732906E+01
   1.644821E+01   4.733793E+01
   1.643131E+01   4.735287E+01
   1.643392E+01   4.735495E+01
   1.645062E+01   4.735911E+01
   1.645055E+01   4.737689E+01
   1.645202E+01   4.738214E+01
   1.645543E+01   4.738481E+01
   1.644721E+01   4.739625E+01
   1.644427E+01   4.740457E+01
   1.644474E+01   4.740837E+01
   1.644948E+01   4.741072E+01
   1.645757E+01   4.741384E+01
   1.646171E+01   4.741334E+01
   1.647333E+01   4.741090E+01
   1.647600E+01   4.741035E+01
   1.648355E+01   4.741017E+01
   1.648742E+01   4.740959E+01
   1.649304E+01   4.740561E+01
   1.648783E+01   4.740186E+01
   1.649203E+01   4.739869E+01
   1.649918E+01   4.739711E+01
   1.650780E+01   4.739978E+01
   1.650586E+01   4.740475E+01
   1.650953E+01   4.740737E+01
   1.651621E+01   4.741121E+01
   1.653986E+01   4.741153E+01
   1.654380E+01   4.740950E+01
   1.654667E+01   4.740746E+01
   1.655048E+01   4.740714E+01
   1.655850E+01   4.740764E+01
   1.656992E+01   4.740728E+01
   1.657406E+01   4.740701E+01
   1.657526E+01   4.740986E+01
   1.657379E+01   4.741189E+01
   1.657459E+01   4.741347E+01
   1.658074E+01   4.741542E+01
   1.657733E+01   4.741741E+01
   1.657793E+01   4.741872E+01
   1.658542E+01   4.742165E+01
   1.658749E+01   4.742360E+01
   1.661380E+01   4.743309E+01
   1.662008E+01   4.743273E+01
   1.662189E+01   4.743720E+01
   1.662683E+01   4.744289E+01
   1.663632E+01   4.744646E+01
   1.664406E+01   4.744687E+01
   1.664954E+01   4.744904E+01
   1.664754E+01   4.745161E+01
   1.665415E+01   4.745373E+01
   1.666023E+01   4.745608E+01
   1.665869E+01   4.746150E+01
   1.666210E+01   4.746697E+01
   1.666724E+01   4.747279E+01
   1.666911E+01   4.747405E+01
   1.666163E+01   4.748159E+01
   1.665348E+01   4.749550E+01
   1.665061E+01   4.750046E+01
   1.665355E+01   4.750236E+01
   1.665669E+01   4.750628E+01
   1.666263E+01   4.751021E+01
   1.666938E+01   4.750475E+01
   1.667466E+01   4.750682E+01
   1.670438E+01   4.752315E+01
   1.670211E+01   4.753362E+01
   1.671260E+01   4.753971E+01
   1.671006E+01   4.754210E+01
   1.670458E+01   4.754133E+01
   1.670124E+01   4.754489E+01
   1.669683E+01   4.754440E+01
   1.668882E+01   4.755562E+01
   1.668742E+01   4.755788E+01
   1.668394E+01   4.755932E+01
   1.667846E+01   4.755941E+01
   1.667152E+01   4.755797E+01
   1.666811E+01   4.756081E+01
   1.666210E+01   4.756779E+01
   1.667205E+01   4.758564E+01
   1.666624E+01   4.759487E+01
   1.666591E+01   4.759857E+01
   1.667065E+01   4.760343E+01
   1.666945E+01   4.760451E+01
   1.665936E+01   4.760411E+01
   1.665836E+01   4.760546E+01
   1.665235E+01   4.762167E+01
   1.663986E+01   4.762495E+01
   1.663024E+01   4.762684E+01
   1.662042E+01   4.762500E+01
   1.661514E+01   4.762216E+01
   1.659417E+01   4.761694E+01
   1.658535E+01   4.761662E+01
   1.658134E+01   4.761739E+01
   1.656979E+01   4.761937E+01
   1.655876E+01   4.762572E+01
   1.654514E+01   4.763319E+01
   1.651565E+01   4.763958E+01
   1.650165E+01   4.763431E+01
   1.642483E+01   4.765630E+01
   1.641675E+01   4.766403E+01
   1.644674E+01   4.769752E+01
   1.645563E+01   4.769770E+01
   1.646137E+01   4.768444E+01
   1.646799E+01   4.768219E+01
   1.647219E+01   4.768322E+01
   1.647393E+01   4.768273E+01
   1.647540E+01   4.769051E+01
   1.647674E+01   4.769154E+01
   1.647988E+01   4.769118E+01
   1.648462E+01   4.769356E+01
   1.648408E+01   4.769599E+01
   1.648642E+01   4.769802E+01
   1.648916E+01   4.769927E+01
   1.649076E+01   4.769923E+01
   1.649270E+01   4.769918E+01
   1.649484E+01   4.770116E+01
   1.649731E+01   4.770399E+01
   1.649951E+01   4.770512E+01
   1.650392E+01   4.770408E+01
   1.650479E+01   4.770480E+01
   1.650860E+01   4.770629E+01
   1.651047E+01   4.770746E+01
   1.651421E+01   4.770818E+01
   1.651628E+01   4.770786E+01
   1.652064E+01   4.771333E+01
   1.652416E+01   4.771137E+01
   1.652755E+01   4.771091E+01
   1.653369E+01   4.771169E+01
   1.653984E+01   4.771317E+01
   1.654057E+01   4.771438E+01
   1.654679E+01   4.772054E+01
   1.655019E+01   4.772261E+01
   1.653450E+01   4.773744E+01
   1.653730E+01   4.773865E+01
   1.653603E+01   4.774040E+01
   1.654358E+01   4.774354E+01
   1.654512E+01   4.774247E+01
   1.654719E+01   4.774341E+01
   1.654518E+01   4.774534E+01
   1.654458E+01   4.775010E+01
   1.654772E+01   4.775239E+01
   1.656616E+01   4.775253E+01
   1.658192E+01   4.775590E+01
   1.658700E+01   4.775603E+01
   1.659207E+01   4.776034E+01
   1.659615E+01   4.775886E+01
   1.659869E+01   4.775720E+01
   1.660336E+01   4.775922E+01
   1.660730E+01   4.776119E+01
   1.661091E+01   4.776137E+01
   1.661799E+01   4.775949E+01
   1.662153E+01   4.775765E+01
   1.662774E+01   4.775778E+01
   1.663396E+01   4.775998E+01
   1.663616E+01   4.775850E+01
   1.663897E+01   4.775567E+01
   1.664024E+01   4.775203E+01
   1.664030E+01   4.774997E+01
   1.665647E+01   4.774314E+01
   1.665754E+01   4.774440E+01
   1.668726E+01   4.774013E+01
   1.672313E+01   4.773622E+01
   1.677617E+01   4.768202E+01
   1.681842E+01   4.768164E+01
   1.682894E+01   4.768249E+01
   1.683904E+01   4.770660E+01
   1.685457E+01   4.771222E+01
   1.686676E+01   4.772255E+01
   1.687094E+01   4.772160E+01
   1.687353E+01   4.769058E+01
   1.687787E+01   4.768861E+01
   1.691325E+01   4.768878E+01
   1.704083E+01   4.770581E+01
   1.706643E+01   4.772896E+01
   1.704833E+01   4.779473E+01
   1.700609E+01   4.785780E+01
   1.701457E+01   4.786994E+01
   1.707884E+01   4.788219E+01
   1.710799E+01   4.792341E+01
   1.708678E+01   4.793448E+01
   1.711501E+01   4.795976E+01
   1.709998E+01   4.796569E+01
   1.709238E+01   4.797145E+01
   1.711058E+01   4.797989E+01
   1.711868E+01   4.798637E+01
   1.713271E+01   4.799358E+01
   1.713455E+01   4.799537E+01
   1.715792E+01   4.800660E+01
   1.716552E+01   4.801068E+01
   1.717855E+01   4.801520E+01
   1.719560E+01   4.802028E+01
   1.720573E+01   4.802084E+01
   1.721637E+01   4.802000E+01
   1.722535E+01   4.801742E+01
   1.723391E+01   4.801930E+01
   1.723839E+01   4.802189E+01
   1.724205E+01   4.802412E+01
   1.724640E+01   4.802089E+01
   1.724926E+01   4.801570E+01
   1.725374E+01   4.800425E+01
   1.725965E+01   4.800138E+01
   1.727963E+01   4.799661E+01
   1.730695E+01   4.799838E+01
   1.733528E+01   4.799647E+01
   1.736239E+01   4.797751E+01
   1.740296E+01   4.795294E+01
   1.743823E+01   4.792044E+01
   1.745718E+01   4.788901E+01
   1.748287E+01   4.788039E+01
   1.749897E+01   4.787123E+01
   1.752384E+01   4.787041E+01
   1.753995E+01   4.786152E+01
   1.754973E+01   4.785031E+01
   1.755381E+01   4.783279E+01
   1.756604E+01   4.782239E+01
   1.757318E+01   4.781815E+01
   1.758235E+01   4.782239E+01
   1.759560E+01   4.782472E+01
   1.761211E+01   4.782472E+01
   1.763372E+01   4.780761E+01
   1.768529E+01   4.778077E+01
   1.770078E+01   4.777200E+01
   1.770975E+01   4.776268E+01
   1.771648E+01   4.775912E+01
   1.774033E+01   4.775446E+01
   1.775949E+01   4.775254E+01
   1.777478E+01   4.774774E+01
   1.777947E+01   4.774418E+01
   1.779191E+01   4.774432E+01
   1.780108E+01   4.774679E+01
   1.782126E+01   4.774500E+01
   1.784307E+01   4.774679E+01
   1.786570E+01   4.774857E+01
   1.788425E+01   4.774583E+01
   1.789689E+01   4.774308E+01
   1.791014E+01   4.774610E+01
   1.793256E+01   4.774679E+01
   1.794337E+01   4.774774E+01
   1.795539E+01   4.775638E+01
   1.796660E+01   4.776104E+01
   1.797802E+01   4.776008E+01
   1.799209E+01   4.775309E+01
   1.799983E+01   4.775117E+01
   1.801288E+01   4.775364E+01
   1.802898E+01   4.775967E+01
   1.805344E+01   4.775994E+01
   1.808708E+01   4.776022E+01
   1.811705E+01   4.775556E+01
   1.815863E+01   4.775076E+01
   1.818024E+01   4.774541E+01
   1.821061E+01   4.774747E+01
   1.824302E+01   4.774445E+01
   1.827727E+01   4.773979E+01
   1.829623E+01   4.773609E+01
   1.832885E+01   4.774199E+01
   1.837349E+01   4.775021E+01
   1.839877E+01   4.775583E+01
   1.841568E+01   4.775926E+01
   1.844647E+01   4.777200E+01
   1.845829E+01   4.777036E+01
   1.847582E+01   4.776570E+01
   1.848764E+01   4.775857E+01
   1.849987E+01   4.775693E+01
   1.852250E+01   4.776131E+01
   1.853922E+01   4.777077E+01
   1.855308E+01   4.777282E+01
   1.857163E+01   4.777227E+01
   1.859140E+01   4.776789E+01
   1.860628E+01   4.776255E+01
   1.862117E+01   4.776159E+01
   1.865480E+01   4.776488E+01
   1.867029E+01   4.776816E+01
   1.868619E+01   4.777515E+01
   1.869802E+01   4.778008E+01
   1.871759E+01   4.778953E+01
   1.872187E+01   4.779131E+01
   1.872574E+01   4.780063E+01
   1.872961E+01   4.781322E+01
   1.874429E+01   4.781938E+01
   1.876508E+01   4.782362E+01
   1.883310E+01   4.782699E+01
   1.875917E+01   4.786946E+01
   1.875407E+01   4.789885E+01
   1.875591E+01   4.792303E+01
   1.877018E+01   4.793751E+01
   1.876936E+01   4.795185E+01
   1.875061E+01   4.797601E+01
   1.876834E+01   4.798883E+01
   1.877772E+01   4.798679E+01
   1.878995E+01   4.798938E+01
   1.879892E+01   4.798733E+01
   1.881299E+01   4.799593E+01
   1.881462E+01   4.800848E+01
   1.881258E+01   4.802361E+01
   1.882257E+01   4.802988E+01
   1.882073E+01   4.803411E+01
   1.881747E+01   4.804229E+01
   1.882298E+01   4.804719E+01
   1.884642E+01   4.805455E+01
   1.887292E+01   4.804937E+01
   1.888658E+01   4.806150E+01
   1.891063E+01   4.805510E+01
   1.893509E+01   4.806082E+01
   1.896751E+01   4.806136E+01
   1.898239E+01   4.805714E+01
   1.899197E+01   4.806763E+01
   1.899666E+01   4.807008E+01
   1.900481E+01   4.807199E+01
   1.900746E+01   4.807839E+01
   1.902051E+01   4.808030E+01
   1.903518E+01   4.806967E+01
   1.904028E+01   4.806804E+01
   1.904966E+01   4.806831E+01
   1.905883E+01   4.806423E+01
   1.907086E+01   4.806804E+01
   1.908390E+01   4.807526E+01
   1.909165E+01   4.807540E+01
   1.910123E+01   4.807008E+01
   1.911244E+01   4.806899E+01
   1.911795E+01   4.806927E+01
   1.912692E+01   4.807594E+01
   1.914200E+01   4.807567E+01
   1.920034E+01   4.806549E+01
   1.924800E+01   4.806736E+01
   1.925595E+01   4.807403E+01
   1.926472E+01   4.807689E+01
   1.927634E+01   4.807676E+01
   1.928143E+01   4.808316E+01
   1.929285E+01   4.808874E+01
   1.930508E+01   4.809078E+01
   1.931446E+01   4.808942E+01
   1.932954E+01   4.809323E+01
   1.933973E+01   4.809065E+01
   1.934993E+01   4.809106E+01
   1.935360E+01   4.809160E+01
   1.935910E+01   4.809174E+01
   1.936705E+01   4.809024E+01
   1.938417E+01   4.809446E+01
   1.939264E+01   4.809110E+01
   1.940039E+01   4.808570E+01
   1.940813E+01   4.809070E+01
   1.941842E+01   4.809057E+01
   1.942336E+01   4.809106E+01
   1.942670E+01   4.809249E+01
   1.943469E+01   4.810137E+01
   1.944463E+01   4.810311E+01
   1.945996E+01   4.810268E+01
   1.945882E+01   4.809603E+01
   1.945572E+01   4.809309E+01
   1.946453E+01   4.808699E+01
   1.946730E+01   4.809451E+01
   1.947382E+01   4.809734E+01
   1.948002E+01   4.809854E+01
   1.948263E+01   4.810137E+01
   1.948198E+01   4.810562E+01
   1.948964E+01   4.811030E+01
   1.948932E+01   4.811465E+01
   1.949144E+01   4.812500E+01
   1.949290E+01   4.813294E+01
   1.949098E+01   4.814091E+01
   1.949875E+01   4.814581E+01
   1.950668E+01   4.814827E+01
   1.950810E+01   4.815233E+01
   1.951052E+01   4.815634E+01
   1.950743E+01   4.816971E+01
   1.950301E+01   4.817294E+01
   1.950351E+01   4.817444E+01
   1.950635E+01   4.817583E+01
   1.950635E+01   4.817906E+01
   1.950827E+01   4.817973E+01
   1.951244E+01   4.818318E+01
   1.951804E+01   4.818458E+01
   1.952163E+01   4.818463E+01
   1.952271E+01   4.818697E+01
   1.952797E+01   4.819153E+01
   1.952764E+01   4.819493E+01
   1.952589E+01   4.819838E+01
   1.952296E+01   4.820155E+01
   1.952455E+01   4.820428E+01
   1.952747E+01   4.820522E+01
   1.953482E+01   4.820650E+01
   1.953883E+01   4.820945E+01
   1.954250E+01   4.821023E+01
   1.954517E+01   4.820901E+01
   1.954718E+01   4.820712E+01
   1.955511E+01   4.821051E+01
   1.955761E+01   4.821246E+01
   1.956680E+01   4.821680E+01
   1.957640E+01   4.821691E+01
   1.958542E+01   4.822308E+01
   1.959368E+01   4.822987E+01
   1.960187E+01   4.823265E+01
   1.960688E+01   4.823999E+01
   1.962116E+01   4.824516E+01
   1.963042E+01   4.825134E+01
   1.967235E+01   4.824217E+01
   1.970330E+01   4.821043E+01
   1.974678E+01   4.822152E+01
   1.980584E+01   4.819433E+01
   1.981551E+01   4.817249E+01
   1.985041E+01   4.818144E+01
   1.990045E+01   4.816770E+01
   1.990747E+01   4.815205E+01
   1.991723E+01   4.814704E+01
   1.991139E+01   4.813913E+01
   1.990446E+01   4.813579E+01
   1.990195E+01   4.812882E+01
   1.990889E+01   4.813133E+01
   1.993569E+01   4.813333E+01
   1.993535E+01   4.813801E+01
   1.995105E+01   4.815283E+01
   1.996332E+01   4.815395E+01
   1.997368E+01   4.816765E+01
   2.002045E+01   4.818028E+01
   2.005013E+01   4.817607E+01
   2.006463E+01   4.819254E+01
   2.011247E+01   4.821792E+01
   2.012282E+01   4.822187E+01
   2.012766E+01   4.822265E+01
   2.013142E+01   4.822810E+01
   2.013234E+01   4.823416E+01
   2.013568E+01   4.823911E+01
   2.013777E+01   4.824206E+01
   2.013067E+01   4.824667E+01
   2.013159E+01   4.825212E+01
   2.013167E+01   4.825474E+01
   2.013735E+01   4.825640E+01
   2.014745E+01   4.825607E+01
   2.015221E+01   4.825368E+01
   2.015472E+01   4.825207E+01
   2.016190E+01   4.825162E+01
   2.016924E+01   4.825235E+01
   2.017751E+01   4.825018E+01
   2.018377E+01   4.824995E+01
   2.018586E+01   4.824901E+01
   2.019880E+01   4.825118E+01
   2.020548E+01   4.825268E+01
   2.020440E+01   4.825490E+01
   2.020106E+01   4.825952E+01
   2.020214E+01   4.826307E+01
   2.020632E+01   4.826363E+01
   2.021024E+01   4.826107E+01
   2.021433E+01   4.826068E+01
   2.021784E+01   4.826246E+01
   2.022135E+01   4.826430E+01
   2.022711E+01   4.826402E+01
   2.022811E+01   4.826730E+01
   2.023370E+01   4.827102E+01
   2.022719E+01   4.827486E+01
   2.022644E+01   4.827797E+01
   2.023028E+01   4.827814E+01
   2.023387E+01   4.828080E+01
   2.023830E+01   4.828119E+01
   2.024305E+01   4.828164E+01
   2.025107E+01   4.828014E+01
   2.026259E+01   4.827519E+01
   2.026660E+01   4.827197E+01
   2.027328E+01   4.826991E+01
   2.028297E+01   4.826663E+01
   2.028447E+01   4.826396E+01
   2.028848E+01   4.826296E+01
   2.029399E+01   4.826391E+01
   2.030868E+01   4.826613E+01
   2.030635E+01   4.826841E+01
   2.030409E+01   4.827102E+01
   2.030676E+01   4.827469E+01
   2.031311E+01   4.827425E+01
   2.032446E+01   4.827386E+01
   2.032697E+01   4.829086E+01
   2.033265E+01   4.828930E+01
   2.033039E+01   4.829358E+01
   2.033415E+01   4.830080E+01
   2.034751E+01   4.830858E+01
   2.035594E+01   4.831069E+01
   2.035452E+01   4.831374E+01
   2.036521E+01   4.831818E+01
   2.037172E+01   4.832673E+01
   2.036638E+01   4.832973E+01
   2.036580E+01   4.833295E+01
   2.037515E+01   4.833828E+01
   2.038358E+01   4.834716E+01
   2.038383E+01   4.834966E+01
   2.038174E+01   4.835260E+01
   2.040579E+01   4.836320E+01
   2.040788E+01   4.836702E+01
   2.040853E+01   4.836868E+01
   2.041041E+01   4.836995E+01
   2.040485E+01   4.837907E+01
   2.040109E+01   4.838282E+01
   2.041238E+01   4.838892E+01
   2.041409E+01   4.839358E+01
   2.041592E+01   4.840135E+01
   2.041409E+01   4.840936E+01
   2.041344E+01   4.841251E+01
   2.041524E+01   4.841849E+01
   2.041704E+01   4.842045E+01
   2.042114E+01   4.842295E+01
   2.042896E+01   4.842950E+01
   2.043606E+01   4.843418E+01
   2.044529E+01   4.844538E+01
   2.045124E+01   4.844910E+01
   2.046667E+01   4.845335E+01
   2.046222E+01   4.846407E+01
   2.047282E+01   4.846727E+01
   2.048740E+01   4.847673E+01
   2.049061E+01   4.848566E+01
   2.049499E+01   4.848892E+01
   2.050321E+01   4.848969E+01
   2.050639E+01   4.851110E+01
   2.050093E+01   4.852018E+01
   2.050050E+01   4.852882E+01
   2.050601E+01   4.853522E+01
   2.051991E+01   4.853881E+01
   2.052623E+01   4.853120E+01
   2.053654E+01   4.852924E+01
   2.053991E+01   4.853983E+01
   2.054581E+01   4.854501E+01
   2.055851E+01   4.854374E+01
   2.058617E+01   4.853986E+01
   2.059968E+01   4.854346E+01
   2.062011E+01   4.855028E+01
   2.062341E+01   4.855169E+01
   2.063965E+01   4.855608E+01
   2.065367E+01   4.856264E+01
   2.070741E+01   4.857008E+01
   2.071395E+01   4.857113E+01
   2.072532E+01   4.857028E+01
   2.073255E+01   4.857124E+01
   2.079230E+01   4.857605E+01
   2.080115E+01   4.857614E+01
   2.081735E+01   4.858050E+01
   2.084009E+01   4.858572E+01
   2.084323E+01   4.858218E+01
   2.085366E+01   4.858494E+01
   2.086841E+01   4.855663E+01
   2.091472E+01   4.856241E+01
   2.092568E+01   4.856034E+01
   2.093272E+01   4.855291E+01
   2.101479E+01   4.853486E+01
   2.106844E+01   4.852819E+01
   2.114884E+01   4.851890E+01
   2.116303E+01   4.852452E+01
   2.120689E+01   4.853586E+01
   2.123560E+01   4.854201E+01
   2.127376E+01   4.852894E+01
   2.130637E+01   4.853294E+01
   2.131078E+01   4.854849E+01
   2.131290E+01   4.855961E+01
   2.132007E+01   4.856403E+01
   2.132855E+01   4.856457E+01
   2.140014E+01   4.856630E+01
   2.141939E+01   4.858022E+01
   2.142787E+01   4.858583E+01
   2.144108E+01   4.858766E+01
   2.145999E+01   4.857752E+01
   2.149930E+01   4.856198E+01
   2.151805E+01   4.855119E+01
   2.152637E+01   4.853056E+01
   2.158520E+01   4.851528E+01
   2.159784E+01   4.851623E+01
   2.160517E+01   4.851136E+01
   2.161190E+01   4.851339E+01
   2.161741E+01   4.850893E+01
   2.162291E+01   4.849678E+01
   2.162801E+01   4.847002E+01
   2.165369E+01   4.843690E+01
   2.167163E+01   4.841174E+01
   2.167455E+01   4.839517E+01
   2.168733E+01   4.839041E+01
   2.170794E+01   4.838027E+01
   2.171903E+01   4.836580E+01
   2.179973E+01   4.834503E+01
   2.183275E+01   4.836535E+01
   2.185497E+01   4.836955E+01
   2.201785E+01   4.839527E+01
   2.203252E+01   4.839500E+01
   2.207661E+01   4.839203E+01
   2.212535E+01   4.839690E+01
   2.215306E+01   4.841445E+01
   2.216675E+01   4.841825E+01
   2.219997E+01   4.842790E+01
   2.221498E+01   4.842844E+01
   2.226944E+01   4.841112E+01
   2.231920E+01   4.835829E+01
   2.237176E+01   4.826106E+01
   2.240239E+01   4.825810E+01
   2.247082E+01   4.825385E+01
   2.248865E+01   4.825681E+01
   2.250904E+01   4.825194E+01
   2.252114E+01   4.824048E+01
   2.257625E+01   4.819613E+01
   2.258426E+01   4.816116E+01
   2.277458E+01   4.812441E+01
   2.280915E+01   4.812375E+01
   2.282856E+01   4.811864E+01
   2.286664E+01   4.807665E+01
   2.288702E+01   4.805513E+01
   2.289793E+01   4.796563E+01
   2.290201E+01   4.794993E+01
   2.286531E+01   4.791835E+01
   2.285104E+01   4.790742E+01
   2.284697E+01   4.790468E+01
   2.283282E+01   4.790620E+01
   2.281387E+01   4.789769E+01
   2.279400E+01   4.788918E+01
   2.276218E+01   4.789069E+01
   2.276269E+01   4.788587E+01
   2.277354E+01   4.787747E+01
   2.276853E+01   4.786689E+01
   2.277880E+01   4.786543E+01
   2.278328E+01   4.783862E+01
   2.276977E+01   4.783725E+01
   2.275117E+01   4.783023E+01
   2.272400E+01   4.783382E+01
   2.268543E+01   4.778437E+01
   2.260568E+01   4.776622E+01
   2.253688E+01   4.776776E+01
   2.248642E+01   4.780097E+01
   2.245024E+01   4.779481E+01
   2.243674E+01   4.774480E+01
   2.243852E+01   4.773229E+01
   2.233659E+01   4.774892E+01
   2.218396E+01   4.758710E+01
   2.212332E+01   4.757610E+01
   2.210752E+01   4.756871E+01
   2.210064E+01   4.755787E+01
   2.209045E+01   4.755306E+01
   2.207822E+01   4.755667E+01
   2.206522E+01   4.754979E+01
   2.208331E+01   4.753655E+01
   2.205910E+01   4.752330E+01
   2.204050E+01   4.745064E+01
   2.203948E+01   4.741530E+01
   2.202929E+01   4.738874E+01
   2.201655E+01   4.736890E+01
   2.194393E+01   4.736441E+01
   2.186468E+01   4.722304E+01
   2.186366E+01   4.718270E+01
   2.182035E+01   4.716833E+01
   2.179359E+01   4.710159E+01
   2.175163E+01   4.709753E+01
   2.167969E+01   4.704033E+01
   2.166007E+01   4.703494E+01
   2.166899E+01   4.702452E+01
   2.168147E+01   4.702226E+01
   2.169370E+01   4.700246E+01
   2.167357E+01   4.697413E+01
   2.168631E+01   4.696821E+01
   2.167154E+01   4.694856E+01
   2.166109E+01   4.695082E+01
   2.161242E+01   4.690540E+01
   2.162134E+01   4.688312E+01
   2.160732E+01   4.686221E+01
   2.152935E+01   4.682910E+01
   2.152757E+01   4.681288E+01
   2.152043E+01   4.678829E+01
   2.149826E+01   4.677049E+01
   2.150056E+01   4.675792E+01
   2.153343E+01   4.674169E+01
   2.153062E+01   4.671025E+01
   2.149826E+01   4.668351E+01
   2.146055E+01   4.665815E+01
   2.141214E+01   4.661669E+01
   2.135480E+01   4.662631E+01
   2.133060E+01   4.662579E+01
   2.131047E+01   4.659533E+01
   2.132856E+01   4.658342E+01
   2.130257E+01   4.647894E+01
   2.132423E+01   4.645016E+01
   2.129875E+01   4.640203E+01
   2.127785E+01   4.639676E+01
   2.120778E+01   4.634472E+01
   2.118866E+01   4.629746E+01
   2.110381E+01   4.625071E+01
   2.106254E+01   4.623485E+01
   2.102941E+01   4.624313E+01
   2.101998E+01   4.625740E+01
   2.096698E+01   4.625600E+01
   2.077791E+01   4.626921E+01
   2.075905E+01   4.624965E+01
   2.077129E+01   4.620223E+01
   2.074275E+01   4.620206E+01
   2.069866E+01   4.614206E+01
   2.064159E+01   4.612193E+01
   2.061738E+01   4.612529E+01
   2.054061E+01   4.616907E+01
   2.046118E+01   4.613853E+01
   2.025444E+01   4.610930E+01
   2.006520E+01   4.613659E+01
   2.005297E+01   4.614224E+01
   2.003233E+01   4.613853E+01
   2.001806E+01   4.616713E+01
   2.000940E+01   4.617207E+01
   1.992658E+01   4.616571E+01
   1.985473E+01   4.614347E+01
   1.981676E+01   4.612405E+01
   1.976274E+01   4.614135E+01
   1.969649E+01   4.618318E+01
   1.968146E+01   4.617401E+01
   1.966260E+01   4.618371E+01
   1.962998E+01   4.616271E+01
   1.957010E+01   4.617489E+01
   1.956628E+01   4.616077E+01
   1.951506E+01   4.613871E+01
   1.953494E+01   4.611822E+01
   1.949111E+01   4.609861E+01
   1.947175E+01   4.609190E+01
   1.947404E+01   4.608059E+01
   1.941925E+01   4.604133E+01
   1.937619E+01   4.602913E+01
   1.931376E+01   4.599019E+01
   1.928981E+01   4.597868E+01
   1.909386E+01   4.596133E+01
   1.901767E+01   4.592040E+01
   1.898811E+01   4.591916E+01
   1.898276E+01   4.592660E+01
   1.895091E+01   4.591916E+01
   1.891040E+01   4.592784E+01
   1.886478E+01   4.590409E+01
   1.882121E+01   4.590125E+01
   1.881459E+01   4.587429E+01
   1.877993E+01   4.587429E+01
   1.875241E+01   4.588919E+01
   1.867138E+01   4.590781E+01
   1.866756E+01   4.589504E+01
   1.865023E+01   4.588795E+01
   1.866552E+01   4.586968E+01
   1.863488E+01   4.586455E+01
   1.863163E+01   4.583986E+01
   1.857649E+01   4.579768E+01
   1.852181E+01   4.577805E+01
   1.849429E+01   4.578782E+01
   1.848945E+01   4.577841E+01
   1.848792E+01   4.576045E+01
   1.845734E+01   4.576152E+01
   1.844970E+01   4.573218E+01
   1.841045E+01   4.573556E+01
   1.839109E+01   4.574392E+01
   1.838752E+01   4.575654E+01
   1.836077E+01   4.576205E+01
   1.834624E+01   4.574605E+01
   1.833299E+01   4.574250E+01
   1.826954E+01   4.575139E+01
   1.823591E+01   4.575868E+01
   1.822368E+01   4.577432E+01
   1.818698E+01   4.578143E+01
   1.817195E+01   4.577076E+01
   1.814520E+01   4.577947E+01
   1.812201E+01   4.577912E+01
   1.811105E+01   4.576579E+01
   1.808430E+01   4.576116E+01
   1.801065E+01   4.577734E+01
   1.799639E+01   4.578658E+01
   1.798288E+01   4.578782E+01
   1.796785E+01   4.578445E+01
   1.793013E+01   4.578018E+01
   1.791306E+01   4.578303E+01
   1.787739E+01   4.577005E+01
   1.786618E+01   4.576063E+01
   1.785063E+01   4.576348E+01
   1.784554E+01   4.577663E+01
   1.782311E+01   4.578605E+01
   1.782694E+01   4.580115E+01
   1.780298E+01   4.579600E+01
   1.775941E+01   4.580772E+01
   1.772909E+01   4.582655E+01
   1.766768E+01   4.583098E+01
   1.764959E+01   4.584217E+01
   1.764194E+01   4.585584E+01
   1.764041E+01   4.586666E+01
   1.761085E+01   4.590409E+01
   1.756856E+01   4.593174E+01
   1.752422E+01   4.592944E+01
   1.744090E+01   4.594786E+01
   1.743835E+01   4.594592E+01
   1.744191E+01   4.592518E+01
   1.743121E+01   4.592128E+01
   1.741159E+01   4.592447E+01
   1.734967E+01   4.593652E+01
   1.733642E+01   4.594521E+01
   1.730228E+01   4.596629E+01
   1.724800E+01   4.601462E+01
   1.724800E+01   4.605018E+01
   1.720392E+01   4.606804E+01
   1.716697E+01   4.611222E+01
   1.716723E+01   4.615124E+01
   1.706989E+01   4.618600E+01
   1.704466E+01   4.620329E+01
   1.697484E+01   4.621881E+01
   1.690299E+01   4.625934E+01
   1.687904E+01   4.627678E+01
   1.686680E+01   4.631411E+01
   1.686324E+01   4.633593E+01
   1.684515E+01   4.635422E+01
   1.675087E+01   4.637532E+01
   1.671927E+01   4.638516E+01
   1.670908E+01   4.639149E+01
   1.666550E+01   4.644156E+01
   1.660358E+01   4.646455E+01
   1.651338E+01   4.650561E+01
   1.652332E+01   4.652963E+01
   1.651058E+01   4.653454E+01
   1.650523E+01   4.655925E+01
   1.647924E+01   4.655978E+01
   1.647363E+01   4.658220E+01
   1.646497E+01   4.658097E+01
   1.642547E+01   4.660916E+01
   1.638801E+01   4.663069E+01
   1.637935E+01   4.665238E+01
   1.638954E+01   4.666777E+01
   1.641273E+01   4.666620E+01
   1.641834E+01   4.669102E+01
   1.637833E+01   4.669487E+01
   1.635081E+01   4.671287E+01
   1.631131E+01   4.675356E+01
   1.631972E+01   4.677171E+01
   1.630418E+01   4.677311E+01
   1.630545E+01   4.680224E+01
   1.633501E+01   4.681184E+01
   1.633985E+01   4.683590E+01
   1.629628E+01   4.685699E+01
   1.628889E+01   4.686779E+01
   1.624685E+01   4.687058E+01
   1.623360E+01   4.687162E+01
   1.620276E+01   4.686517E+01
   1.617956E+01   4.685617E+01
   1.616325E+01   4.685698E+01
   1.615568E+01   4.685002E+01
   1.612672E+01   4.685528E+01
   1.612402E+01   4.685749E+01
   1.611620E+01   4.686292E+01
   1.611262E+01   4.686921E+01
END
END
