none
1
   -8.866684E+01   2.815773E+01
   -9.383972E+01   2.814452E+01
   -9.384131E+01   2.968690E+01
   -9.387365E+01   2.973181E+01
   -9.389557E+01   2.974154E+01
   -9.389787E+01   2.976419E+01
   -9.393021E+01   2.978620E+01
   -9.393291E+01   2.981053E+01
   -9.391940E+01   2.982893E+01
   -9.386649E+01   2.986125E+01
   -9.384230E+01   2.988596E+01
   -9.379065E+01   2.999393E+01
   -9.374454E+01   3.002399E+01
   -9.373626E+01   3.004144E+01
   -9.372365E+01   3.005716E+01
   -9.370470E+01   3.005974E+01
   -9.372446E+01   3.007652E+01
   -9.373184E+01   3.008111E+01
   -9.373456E+01   3.008575E+01
   -9.373410E+01   3.008882E+01
   -9.373275E+01   3.009024E+01
   -9.372995E+01   3.009035E+01
   -9.372811E+01   3.008839E+01
   -9.372528E+01   3.008323E+01
   -9.372349E+01   3.008826E+01
   -9.372513E+01   3.009264E+01
   -9.372409E+01   3.009599E+01
   -9.371634E+01   3.010192E+01
   -9.371396E+01   3.010939E+01
   -9.370929E+01   3.011216E+01
   -9.370845E+01   3.012240E+01
   -9.370279E+01   3.012446E+01
   -9.370297E+01   3.013568E+01
   -9.369949E+01   3.014388E+01
   -9.371406E+01   3.014470E+01
   -9.370683E+01   3.016650E+01
   -9.372595E+01   3.020981E+01
   -9.371043E+01   3.024314E+01
   -9.371168E+01   3.028074E+01
   -9.374196E+01   3.030000E+01
   -9.377082E+01   3.033313E+01
   -9.376132E+01   3.035724E+01
   -9.376169E+01   3.039337E+01
   -9.370281E+01   3.044165E+01
   -9.372147E+01   3.049257E+01
   -9.371840E+01   3.051507E+01
   -9.374521E+01   3.054023E+01
   -9.373341E+01   3.054837E+01
   -9.373126E+01   3.057772E+01
   -9.371495E+01   3.059281E+01
   -9.368558E+01   3.059873E+01
   -9.368757E+01   3.064301E+01
   -9.365807E+01   3.067411E+01
   -9.363378E+01   3.068322E+01
   -9.361457E+01   3.072386E+01
   -9.362368E+01   3.074406E+01
   -9.359718E+01   3.076757E+01
   -9.358824E+01   3.079969E+01
   -9.356584E+01   3.081066E+01
   -9.355871E+01   3.083325E+01
   -9.357005E+01   3.088380E+01
   -9.355590E+01   3.092170E+01
   -9.353306E+01   3.092517E+01
   -9.353564E+01   3.095280E+01
   -9.356762E+01   3.097590E+01
   -9.357677E+01   3.098876E+01
   -9.356883E+01   3.100870E+01
   -9.354070E+01   3.101013E+01
   -9.351859E+01   3.102495E+01
   -9.353396E+01   3.105523E+01
   -9.352460E+01   3.106493E+01
   -9.353849E+01   3.107531E+01
   -9.355092E+01   3.108597E+01
   -9.355309E+01   3.109897E+01
   -9.354596E+01   3.111599E+01
   -9.354561E+01   3.115161E+01
   -9.353477E+01   3.118432E+01
   -9.354909E+01   3.118596E+01
   -9.356005E+01   3.118199E+01
   -9.357252E+01   3.117080E+01
   -9.358527E+01   3.116384E+01
   -9.360456E+01   3.117353E+01
   -9.362343E+01   3.126918E+01
   -9.364209E+01   3.126789E+01
   -9.367221E+01   3.129399E+01
   -9.369154E+01   3.130336E+01
   -9.366798E+01   3.135770E+01
   -9.367539E+01   3.139729E+01
   -9.370675E+01   3.141131E+01
   -9.370231E+01   3.143770E+01
   -9.375055E+01   3.146841E+01
   -9.375093E+01   3.148100E+01
   -9.373852E+01   3.148596E+01
   -9.372704E+01   3.150422E+01
   -9.374961E+01   3.152300E+01
   -9.378249E+01   3.152405E+01
   -9.379853E+01   3.153279E+01
   -9.381898E+01   3.155375E+01
   -9.383965E+01   3.158457E+01
   -9.384019E+01   3.160470E+01
   -9.382008E+01   3.164844E+01
   -9.382849E+01   3.166696E+01
   -9.380749E+01   3.169372E+01
   -9.383542E+01   3.174431E+01
   -9.382829E+01   3.177230E+01
   -9.384339E+01   3.179478E+01
   -9.387867E+01   3.181855E+01
   -9.387981E+01   3.183811E+01
   -9.390604E+01   3.188659E+01
   -9.393100E+01   3.189087E+01
   -9.393558E+01   3.190119E+01
   -9.397392E+01   3.192036E+01
   -9.401734E+01   3.198795E+01
   -9.404346E+01   3.199126E+01
   -9.404376E+01   3.250855E+01
   -9.404366E+01   3.302025E+01
   -9.289942E+01   3.301757E+01
   -9.272915E+01   3.301479E+01
   -9.116426E+01   3.300504E+01
   -9.116446E+01   3.298998E+01
   -9.111231E+01   3.299333E+01
   -9.109122E+01   3.298834E+01
   -9.107556E+01   3.296422E+01
   -9.107677E+01   3.294680E+01
   -9.106018E+01   3.292837E+01
   -9.105959E+01   3.289989E+01
   -9.110253E+01   3.285448E+01
   -9.114062E+01   3.284036E+01
   -9.115665E+01   3.281169E+01
   -9.115888E+01   3.278778E+01
   -9.115192E+01   3.278048E+01
   -9.116041E+01   3.275255E+01
   -9.107571E+01   3.273731E+01
   -9.105379E+01   3.272942E+01
   -9.104977E+01   3.271879E+01
   -9.106093E+01   3.269894E+01
   -9.108805E+01   3.267605E+01
   -9.104241E+01   3.263946E+01
   -9.102825E+01   3.265091E+01
   -9.101143E+01   3.264458E+01
   -9.099863E+01   3.262599E+01
   -9.100053E+01   3.260687E+01
   -9.103322E+01   3.257552E+01
   -9.107380E+01   3.255456E+01
   -9.104915E+01   3.253548E+01
   -9.100265E+01   3.251797E+01
   -9.098575E+01   3.249698E+01
   -9.099560E+01   3.246034E+01
   -9.096229E+01   3.243751E+01
   -9.096146E+01   3.241961E+01
   -9.098892E+01   3.240029E+01
   -9.099910E+01   3.236461E+01
   -9.090283E+01   3.234130E+01
   -9.089877E+01   3.232473E+01
   -9.091300E+01   3.229970E+01
   -9.094562E+01   3.227901E+01
   -9.096454E+01   3.225135E+01
   -9.098662E+01   3.221125E+01
   -9.100158E+01   3.215888E+01
   -9.100050E+01   3.214068E+01
   -9.102577E+01   3.211624E+01
   -9.103102E+01   3.209768E+01
   -9.107663E+01   3.207521E+01
   -9.107742E+01   3.204420E+01
   -9.107155E+01   3.201437E+01
   -9.110166E+01   3.198600E+01
   -9.116280E+01   3.197769E+01
   -9.118100E+01   3.196230E+01
   -9.118647E+01   3.193986E+01
   -9.117891E+01   3.193454E+01
   -9.117700E+01   3.191449E+01
   -9.119943E+01   3.190388E+01
   -9.123256E+01   3.187244E+01
   -9.126321E+01   3.186032E+01
   -9.124009E+01   3.183211E+01
   -9.125332E+01   3.180822E+01
   -9.126985E+01   3.180420E+01
   -9.128621E+01   3.181176E+01
   -9.129705E+01   3.185499E+01
   -9.133917E+01   3.184362E+01
   -9.135964E+01   3.176703E+01
   -9.134301E+01   3.176180E+01
   -9.134112E+01   3.175335E+01
   -9.136854E+01   3.173908E+01
   -9.139273E+01   3.170887E+01
   -9.139073E+01   3.164376E+01
   -9.140243E+01   3.160957E+01
   -9.140212E+01   3.159041E+01
   -9.140403E+01   3.157285E+01
   -9.141436E+01   3.156032E+01
   -9.144266E+01   3.154097E+01
   -9.147942E+01   3.152538E+01
   -9.151207E+01   3.152736E+01
   -9.151776E+01   3.152032E+01
   -9.151000E+01   3.151102E+01
   -9.151027E+01   3.145048E+01
   -9.146635E+01   3.140076E+01
   -9.146011E+01   3.138482E+01
   -9.146450E+01   3.137151E+01
   -9.147887E+01   3.135995E+01
   -9.151918E+01   3.136645E+01
   -9.153668E+01   3.138779E+01
   -9.154570E+01   3.142793E+01
   -9.157170E+01   3.140832E+01
   -9.156654E+01   3.138638E+01
   -9.155553E+01   3.139141E+01
   -9.154181E+01   3.138486E+01
   -9.154394E+01   3.134924E+01
   -9.150426E+01   3.131751E+01
   -9.151131E+01   3.127567E+01
   -9.155322E+01   3.125810E+01
   -9.163712E+01   3.126268E+01
   -9.164940E+01   3.125364E+01
   -9.164140E+01   3.123858E+01
   -9.159863E+01   3.121258E+01
   -9.158542E+01   3.119558E+01
   -9.158694E+01   3.117107E+01
   -9.161997E+01   3.113103E+01
   -9.162131E+01   3.111889E+01
   -9.156069E+01   3.107044E+01
   -9.155501E+01   3.105511E+01
   -9.156844E+01   3.102598E+01
   -9.161215E+01   3.100420E+01
   -8.973329E+01   3.100587E+01
   -8.972265E+01   3.099329E+01
   -8.972192E+01   3.096657E+01
   -8.975108E+01   3.094241E+01
   -8.973955E+01   3.091956E+01
   -8.977388E+01   3.087667E+01
   -8.976281E+01   3.086510E+01
   -8.978524E+01   3.083668E+01
   -8.977683E+01   3.081763E+01
   -8.978523E+01   3.081101E+01
   -8.979473E+01   3.081599E+01
   -8.980099E+01   3.078776E+01
   -8.981662E+01   3.078637E+01
   -8.982598E+01   3.076717E+01
   -8.982085E+01   3.074579E+01
   -8.981109E+01   3.073898E+01
   -8.983190E+01   3.073187E+01
   -8.982306E+01   3.072493E+01
   -8.982644E+01   3.071286E+01
   -8.983680E+01   3.070886E+01
   -8.983048E+01   3.069139E+01
   -8.983809E+01   3.066295E+01
   -8.981719E+01   3.064579E+01
   -8.981736E+01   3.061358E+01
   -8.980892E+01   3.060783E+01
   -8.981399E+01   3.059655E+01
   -8.980276E+01   3.058979E+01
   -8.980214E+01   3.057390E+01
   -8.978552E+01   3.056933E+01
   -8.978687E+01   3.054934E+01
   -8.977926E+01   3.054666E+01
   -8.975114E+01   3.050451E+01
   -8.972341E+01   3.049291E+01
   -8.967931E+01   3.044994E+01
   -8.967812E+01   3.040684E+01
   -8.965369E+01   3.036079E+01
   -8.962864E+01   3.034012E+01
   -8.962407E+01   3.031223E+01
   -8.963594E+01   3.030296E+01
   -8.963645E+01   3.029258E+01
   -8.962075E+01   3.026641E+01
   -8.962942E+01   3.025747E+01
   -8.961321E+01   3.024543E+01
   -8.961478E+01   3.023181E+01
   -8.959313E+01   3.021534E+01
   -8.957199E+01   3.018608E+01
   -8.953533E+01   3.019876E+01
   -8.951959E+01   3.017981E+01
   -8.940214E+01   3.015117E+01
   -8.918520E+01   3.016691E+01
   -8.877389E+01   3.006543E+01
   -8.866684E+01   2.815773E+01
END
END
