none
1
   -9.251492E+00   7.348599E+00
   -9.340612E+00   7.364621E+00
   -9.528966E+00   7.347194E+00
   -9.410113E+00   7.741040E+00
   -9.595221E+00   8.351285E+00
   -9.787126E+00   8.452924E+00
   -1.007717E+01   8.410208E+00
   -1.032171E+01   8.489213E+00
   -1.054947E+01   8.292500E+00
   -1.071295E+01   8.268670E+00
   -1.064901E+01   8.539881E+00
   -1.051985E+01   8.660203E+00
   -1.064532E+01   9.051036E+00
   -1.074439E+01   9.061327E+00
   -1.085348E+01   9.350566E+00
   -1.123757E+01   9.983950E+00
   -1.185481E+01   9.946823E+00
   -1.210981E+01   9.851441E+00
   -1.225521E+01   9.912269E+00
   -1.243706E+01   9.856994E+00
   -1.264242E+01   9.376414E+00
   -1.289993E+01   9.211405E+00
   -1.297786E+01   9.065313E+00
   -1.498203E+01   8.218501E+00
   -1.685708E+01   1.005681E+01
   -1.537298E+01   1.066148E+01
   -1.499403E+01   1.099005E+01
   -1.470764E+01   1.149685E+01
   -1.426815E+01   1.169493E+01
   -1.384228E+01   1.176755E+01
   -1.373720E+01   1.172659E+01
   -1.373337E+01   1.198100E+01
   -1.400875E+01   1.219161E+01
   -1.388585E+01   1.232331E+01
   -1.371617E+01   1.235510E+01
   -1.374438E+01   1.271301E+01
   -1.304526E+01   1.269248E+01
   -1.232733E+01   1.238174E+01
   -1.207542E+01   1.248347E+01
   -1.141637E+01   1.249070E+01
   -1.131377E+01   1.239511E+01
   -1.143346E+01   1.219650E+01
   -1.120220E+01   1.207691E+01
   -1.107323E+01   1.226623E+01
   -1.092154E+01   1.228134E+01
   -1.064890E+01   1.199113E+01
   -1.051988E+01   1.215433E+01
   -1.034638E+01   1.227809E+01
   -9.742953E+00   1.208892E+01
   -9.670333E+00   1.221515E+01
   -9.377581E+00   1.231488E+01
   -9.458571E+00   1.246202E+01
   -9.366352E+00   1.255243E+01
   -9.132316E+00   1.253520E+01
   -8.915169E+00   1.239111E+01
   -8.915962E+00   1.225334E+01
   -8.756156E+00   1.197806E+01
   -8.797220E+00   1.171937E+01
   -8.301957E+00   1.138436E+01
   -8.323861E+00   1.125395E+01
   -8.495683E+00   1.116823E+01
   -8.480630E+00   1.112332E+01
   -8.295128E+00   1.105798E+01
   -8.244069E+00   1.092413E+01
   -8.260403E+00   1.063852E+01
   -8.210706E+00   1.046829E+01
   -8.104242E+00   1.046981E+01
   -7.899493E+00   1.027799E+01
   -8.076719E+00   9.959392E+00
   -8.014619E+00   9.455596E+00
   -7.801168E+00   9.440371E+00
   -7.675925E+00   9.062472E+00
   -7.892536E+00   8.917447E+00
   -7.639350E+00   8.666436E+00
   -7.587571E+00   8.377411E+00
   -7.747407E+00   8.327403E+00
   -8.093631E+00   8.445201E+00
   -7.891656E+00   8.025680E+00
   -8.039276E+00   7.955376E+00
   -8.144948E+00   7.527298E+00
   -8.484730E+00   7.507065E+00
   -8.640684E+00   7.637194E+00
   -8.816340E+00   7.224760E+00
   -9.103424E+00   7.139260E+00
   -9.251492E+00   7.348599E+00
END
END
