none
1
   -5.589111E+01   2.048904E+00
   -5.589114E+01   1.881292E+00
   -5.599764E+01   1.816773E+00
   -5.625039E+01   1.864542E+00
   -5.634313E+01   1.921879E+00
   -5.641772E+01   1.914880E+00
   -5.656916E+01   2.009776E+00
   -5.670038E+01   2.015629E+00
   -5.683061E+01   2.195734E+00
   -5.694858E+01   2.393090E+00
   -5.707243E+01   2.629155E+00
   -5.707798E+01   2.679121E+00
   -5.722042E+01   2.843768E+00
   -5.729915E+01   3.135590E+00
   -5.729561E+01   3.323305E+00
   -5.760553E+01   3.327583E+00
   -5.767108E+01   3.365505E+00
   -5.767987E+01   3.401309E+00
   -5.771901E+01   3.547759E+00
   -5.784921E+01   3.658481E+00
   -5.806194E+01   4.007471E+00
   -5.808461E+01   4.165180E+00
   -5.793505E+01   4.830635E+00
   -5.784782E+01   4.940708E+00
   -5.769254E+01   5.024300E+00
   -5.733653E+01   5.093172E+00
   -5.735177E+01   5.328944E+00
   -5.727361E+01   5.486435E+00
   -5.715261E+01   5.678027E+00
   -5.713084E+01   5.952517E+00
   -5.650330E+01   7.761698E+00
   -5.332819E+01   6.874677E+00
   -5.399572E+01   5.682445E+00
   -5.400978E+01   5.628903E+00
   -5.399600E+01   5.541717E+00
   -5.418100E+01   5.306077E+00
   -5.428561E+01   5.230087E+00
   -5.439345E+01   5.073346E+00
   -5.443082E+01   4.932212E+00
   -5.446985E+01   4.896428E+00
   -5.446242E+01   4.750939E+00
   -5.442137E+01   4.717659E+00
   -5.440501E+01   4.592318E+00
   -5.443603E+01   4.510907E+00
   -5.442758E+01   4.437282E+00
   -5.439072E+01   4.381402E+00
   -5.437989E+01   4.268216E+00
   -5.439026E+01   4.193701E+00
   -5.431751E+01   4.146205E+00
   -5.434452E+01   4.039718E+00
   -5.429866E+01   4.002107E+00
   -5.422533E+01   3.873423E+00
   -5.417885E+01   3.854701E+00
   -5.418290E+01   3.818036E+00
   -5.411298E+01   3.803218E+00
   -5.406630E+01   3.722483E+00
   -5.407929E+01   3.682142E+00
   -5.403443E+01   3.643775E+00
   -5.399859E+01   3.660636E+00
   -5.396516E+01   3.607246E+00
   -5.399077E+01   3.558717E+00
   -5.399866E+01   3.440451E+00
   -5.404073E+01   3.374393E+00
   -5.407024E+01   3.306402E+00
   -5.419221E+01   3.154110E+00
   -5.415469E+01   3.090946E+00
   -5.416473E+01   2.983779E+00
   -5.414612E+01   2.954051E+00
   -5.418266E+01   2.803048E+00
   -5.430744E+01   2.624327E+00
   -5.435731E+01   2.498876E+00
   -5.441526E+01   2.418337E+00
   -5.447105E+01   2.411661E+00
   -5.451845E+01   2.322422E+00
   -5.457054E+01   2.338310E+00
   -5.464462E+01   2.303620E+00
   -5.470885E+01   2.326179E+00
   -5.472694E+01   2.385158E+00
   -5.475063E+01   2.456178E+00
   -5.480571E+01   2.420590E+00
   -5.487582E+01   2.427069E+00
   -5.494575E+01   2.507575E+00
   -5.495985E+01   2.578709E+00
   -5.499865E+01   2.586305E+00
   -5.510120E+01   2.511065E+00
   -5.538597E+01   2.403657E+00
   -5.572353E+01   2.385740E+00
   -5.575677E+01   2.399410E+00
   -5.591307E+01   2.503403E+00
   -5.598469E+01   2.451561E+00
   -5.597294E+01   2.416407E+00
   -5.601006E+01   2.333877E+00
   -5.599094E+01   2.175963E+00
   -5.589111E+01   2.048904E+00
END
END
