none
1
   1.906603E+00   5.128813E+01
   7.209113E-01   5.052844E+01
   -6.142681E+00   4.957808E+01
   -7.101192E+00   4.972816E+01
   -5.428146E+00   5.144456E+01
   -4.500063E+00   5.146522E+01
   -3.293929E+00   5.134336E+01
   -2.994565E+00   5.145915E+01
   -2.788091E+00   5.152965E+01
   -2.719481E+00   5.154518E+01
   -2.713575E+00   5.157049E+01
   -2.704804E+00   5.158333E+01
   -2.668785E+00   5.159595E+01
   -2.665146E+00   5.161616E+01
   -2.659697E+00   5.162210E+01
   -2.671398E+00   5.163315E+01
   -2.670434E+00   5.164329E+01
   -2.682792E+00   5.164528E+01
   -2.673140E+00   5.165818E+01
   -2.683977E+00   5.165753E+01
   -2.689370E+00   5.166356E+01
   -2.684438E+00   5.167151E+01
   -2.660776E+00   5.167405E+01
   -2.674276E+00   5.167878E+01
   -2.672140E+00   5.169228E+01
   -2.686547E+00   5.169945E+01
   -2.684017E+00   5.170599E+01
   -2.671535E+00   5.170540E+01
   -2.681848E+00   5.171246E+01
   -2.690536E+00   5.173034E+01
   -2.674763E+00   5.173822E+01
   -2.666144E+00   5.175354E+01
   -2.683372E+00   5.176825E+01
   -2.675516E+00   5.179411E+01
   -2.681589E+00   5.180283E+01
   -2.673949E+00   5.181158E+01
   -2.661969E+00   5.181314E+01
   -2.660760E+00   5.183073E+01
   -2.683220E+00   5.183484E+01
   -2.685992E+00   5.183023E+01
   -2.693576E+00   5.183080E+01
   -2.698279E+00   5.184078E+01
   -2.710287E+00   5.183606E+01
   -2.721420E+00   5.184351E+01
   -2.726144E+00   5.183750E+01
   -2.739837E+00   5.183377E+01
   -2.780447E+00   5.186281E+01
   -2.781290E+00   5.186994E+01
   -2.774753E+00   5.187854E+01
   -2.803340E+00   5.188783E+01
   -2.822619E+00   5.190229E+01
   -2.838221E+00   5.190382E+01
   -2.842787E+00   5.191350E+01
   -2.864172E+00   5.191170E+01
   -2.866076E+00   5.191878E+01
   -2.856288E+00   5.192136E+01
   -2.870970E+00   5.192393E+01
   -2.877205E+00   5.193035E+01
   -2.885189E+00   5.193099E+01
   -2.890877E+00   5.192265E+01
   -2.903166E+00   5.192193E+01
   -2.951395E+00   5.190337E+01
   -2.974742E+00   5.190317E+01
   -2.977993E+00   5.192410E+01
   -2.999669E+00   5.192032E+01
   -3.008683E+00   5.192367E+01
   -3.014763E+00   5.194250E+01
   -3.070734E+00   5.198213E+01
   -3.089435E+00   5.201205E+01
   -3.101991E+00   5.202161E+01
   -3.090140E+00   5.204068E+01
   -3.128659E+00   5.207715E+01
   -3.122142E+00   5.208919E+01
   -3.125305E+00   5.210465E+01
   -3.108515E+00   5.210769E+01
   -3.110077E+00   5.211652E+01
   -3.137955E+00   5.212054E+01
   -3.144551E+00   5.212643E+01
   -3.143654E+00   5.213168E+01
   -3.136733E+00   5.214077E+01
   -3.094513E+00   5.214718E+01
   -3.075806E+00   5.215711E+01
   -3.082700E+00   5.215992E+01
   -3.098842E+00   5.215173E+01
   -3.124899E+00   5.216171E+01
   -3.123747E+00   5.216934E+01
   -3.099736E+00   5.218260E+01
   -3.104363E+00   5.220379E+01
   -3.080870E+00   5.221432E+01
   -3.074916E+00   5.222692E+01
   -3.075825E+00   5.223763E+01
   -3.047811E+00   5.224164E+01
   -3.052595E+00   5.224507E+01
   -3.046827E+00   5.225602E+01
   -3.006274E+00   5.226696E+01
   -2.967549E+00   5.226477E+01
   -2.965983E+00   5.227083E+01
   -2.993295E+00   5.226994E+01
   -3.015854E+00   5.227864E+01
   -3.014367E+00   5.228939E+01
   -3.004093E+00   5.230164E+01
   -3.006872E+00   5.231126E+01
   -3.003360E+00   5.232364E+01
   -2.970044E+00   5.233218E+01
   -2.959374E+00   5.234603E+01
   -2.974762E+00   5.235139E+01
   -3.039195E+00   5.234136E+01
   -3.061608E+00   5.234537E+01
   -3.094699E+00   5.236034E+01
   -3.112169E+00   5.237417E+01
   -3.156309E+00   5.238509E+01
   -3.164255E+00   5.239109E+01
   -3.162882E+00   5.239718E+01
   -3.181372E+00   5.240704E+01
   -3.220828E+00   5.241818E+01
   -3.232993E+00   5.242886E+01
   -3.238821E+00   5.244210E+01
   -3.234042E+00   5.245522E+01
   -3.198086E+00   5.247840E+01
   -3.181054E+00   5.247667E+01
   -3.142436E+00   5.249424E+01
   -3.111559E+00   5.250182E+01
   -3.037200E+00   5.250356E+01
   -3.039668E+00   5.251377E+01
   -3.033866E+00   5.252604E+01
   -3.005504E+00   5.252320E+01
   -3.007847E+00   5.253002E+01
   -2.998977E+00   5.255104E+01
   -3.003478E+00   5.256607E+01
   -3.014392E+00   5.257240E+01
   -3.035477E+00   5.256889E+01
   -3.058523E+00   5.255276E+01
   -3.083365E+00   5.254850E+01
   -3.087558E+00   5.254560E+01
   -3.078497E+00   5.253835E+01
   -3.085038E+00   5.253153E+01
   -3.135816E+00   5.252535E+01
   -3.139228E+00   5.253598E+01
   -3.116495E+00   5.254307E+01
   -3.139921E+00   5.257158E+01
   -3.143064E+00   5.258562E+01
   -3.118895E+00   5.258944E+01
   -3.092994E+00   5.260159E+01
   -3.095795E+00   5.261131E+01
   -3.068545E+00   5.263312E+01
   -3.083229E+00   5.263685E+01
   -3.085962E+00   5.264226E+01
   -3.055428E+00   5.265074E+01
   -3.052650E+00   5.266416E+01
   -3.046617E+00   5.267005E+01
   -3.049269E+00   5.269287E+01
   -3.036145E+00   5.269591E+01
   -3.025089E+00   5.270895E+01
   -3.028065E+00   5.271728E+01
   -3.022312E+00   5.272703E+01
   -3.000282E+00   5.272344E+01
   -2.977149E+00   5.272971E+01
   -2.974600E+00   5.271852E+01
   -2.964884E+00   5.271799E+01
   -2.972881E+00   5.273227E+01
   -2.991555E+00   5.273078E+01
   -2.999100E+00   5.273449E+01
   -2.998892E+00   5.274116E+01
   -3.023721E+00   5.274961E+01
   -3.023873E+00   5.275464E+01
   -3.014237E+00   5.275952E+01
   -3.018104E+00   5.276370E+01
   -3.035250E+00   5.276100E+01
   -3.039838E+00   5.276613E+01
   -3.053709E+00   5.276590E+01
   -3.056027E+00   5.277035E+01
   -3.061705E+00   5.276611E+01
   -3.067690E+00   5.277026E+01
   -3.072516E+00   5.276665E+01
   -3.081017E+00   5.276890E+01
   -3.083135E+00   5.277459E+01
   -3.091688E+00   5.277664E+01
   -3.094637E+00   5.278733E+01
   -3.088668E+00   5.279287E+01
   -3.104324E+00   5.278966E+01
   -3.117659E+00   5.278064E+01
   -3.160451E+00   5.279122E+01
   -3.171360E+00   5.280736E+01
   -3.170632E+00   5.282048E+01
   -3.157984E+00   5.283343E+01
   -3.156238E+00   5.284158E+01
   -3.165862E+00   5.284844E+01
   -3.133328E+00   5.286661E+01
   -3.154995E+00   5.287720E+01
   -3.149542E+00   5.289334E+01
   -3.120002E+00   5.289782E+01
   -3.112610E+00   5.291985E+01
   -3.098092E+00   5.293344E+01
   -3.076674E+00   5.292854E+01
   -3.036348E+00   5.293221E+01
   -3.011560E+00   5.295853E+01
   -2.983806E+00   5.296197E+01
   -2.974715E+00   5.297179E+01
   -2.957646E+00   5.295303E+01
   -2.930047E+00   5.294145E+01
   -2.908796E+00   5.294433E+01
   -2.899164E+00   5.295229E+01
   -2.887023E+00   5.295460E+01
   -2.881480E+00   5.294862E+01
   -2.838642E+00   5.294417E+01
   -2.835727E+00   5.293460E+01
   -2.810959E+00   5.291677E+01
   -2.798155E+00   5.289857E+01
   -2.756616E+00   5.292715E+01
   -2.729177E+00   5.292930E+01
   -2.730246E+00   5.296407E+01
   -2.738283E+00   5.296997E+01
   -2.731951E+00   5.298138E+01
   -2.760908E+00   5.298360E+01
   -2.767360E+00   5.299129E+01
   -2.788965E+00   5.299238E+01
   -2.791140E+00   5.298817E+01
   -2.803534E+00   5.298660E+01
   -2.837476E+00   5.299451E+01
   -2.847185E+00   5.301589E+01
   -2.852524E+00   5.301413E+01
   -2.863690E+00   5.302147E+01
   -2.859547E+00   5.303538E+01
   -2.872507E+00   5.304335E+01
   -2.869637E+00   5.305354E+01
   -2.875457E+00   5.305874E+01
   -2.871754E+00   5.306737E+01
   -2.878770E+00   5.306621E+01
   -2.884150E+00   5.307274E+01
   -2.880745E+00   5.308058E+01
   -2.904745E+00   5.309086E+01
   -2.901823E+00   5.309969E+01
   -2.895443E+00   5.310203E+01
   -2.894160E+00   5.311114E+01
   -2.885409E+00   5.311747E+01
   -2.903644E+00   5.310881E+01
   -2.944668E+00   5.311880E+01
   -2.949187E+00   5.312492E+01
   -2.965596E+00   5.313029E+01
   -2.979661E+00   5.314641E+01
   -2.985481E+00   5.314492E+01
   -2.997261E+00   5.315203E+01
   -2.991037E+00   5.316034E+01
   -2.943693E+00   5.316869E+01
   -2.923554E+00   5.317875E+01
   -2.924810E+00   5.318734E+01
   -2.951243E+00   5.320879E+01
   -3.026560E+00   5.324552E+01
   -3.091751E+00   5.325622E+01
   -3.167201E+00   5.330810E+01
   -3.697038E+00   5.356788E+01
   -4.116841E+00   5.452617E+01
   -3.398762E+00   5.496136E+01
   -3.296958E+00   5.496626E+01
   -3.260233E+00   5.496284E+01
   -3.199897E+00   5.496632E+01
   -3.150894E+00   5.495253E+01
   -3.120971E+00   5.497596E+01
   -3.074510E+00   5.497142E+01
   -3.074122E+00   5.498336E+01
   -3.060613E+00   5.498890E+01
   -3.049427E+00   5.500016E+01
   -3.052257E+00   5.501054E+01
   -3.042398E+00   5.502458E+01
   -3.035711E+00   5.502665E+01
   -3.032999E+00   5.503562E+01
   -3.055626E+00   5.504525E+01
   -3.052661E+00   5.505526E+01
   -3.027488E+00   5.505827E+01
   -2.960250E+00   5.505259E+01
   -2.944456E+00   5.506107E+01
   -2.945404E+00   5.506834E+01
   -2.940354E+00   5.507257E+01
   -2.927035E+00   5.507345E+01
   -2.915565E+00   5.508183E+01
   -2.898709E+00   5.508050E+01
   -2.895339E+00   5.509005E+01
   -2.888860E+00   5.509082E+01
   -2.886786E+00   5.509792E+01
   -2.876364E+00   5.509985E+01
   -2.872763E+00   5.510857E+01
   -2.853829E+00   5.511138E+01
   -2.842971E+00   5.512495E+01
   -2.830967E+00   5.512602E+01
   -2.835858E+00   5.513348E+01
   -2.826917E+00   5.514095E+01
   -2.787129E+00   5.514466E+01
   -2.733677E+00   5.517007E+01
   -2.705380E+00   5.517587E+01
   -2.668399E+00   5.522412E+01
   -2.637974E+00   5.522581E+01
   -2.635765E+00   5.524094E+01
   -2.629581E+00   5.524809E+01
   -2.648444E+00   5.525729E+01
   -2.648894E+00   5.526215E+01
   -2.629787E+00   5.526475E+01
   -2.630564E+00   5.526976E+01
   -2.610997E+00   5.528567E+01
   -2.576590E+00   5.529898E+01
   -2.561012E+00   5.531255E+01
   -2.560363E+00   5.532052E+01
   -2.521430E+00   5.532581E+01
   -2.492481E+00   5.535298E+01
   -2.475927E+00   5.535769E+01
   -2.414746E+00   5.536191E+01
   -2.400644E+00   5.535698E+01
   -2.396556E+00   5.535094E+01
   -2.381501E+00   5.535211E+01
   -2.344405E+00   5.536789E+01
   -2.348705E+00   5.537475E+01
   -2.336889E+00   5.538104E+01
   -2.338431E+00   5.539090E+01
   -2.347887E+00   5.539987E+01
   -2.336987E+00   5.540482E+01
   -2.338316E+00   5.540953E+01
   -2.333707E+00   5.541259E+01
   -2.315527E+00   5.541029E+01
   -2.298031E+00   5.541744E+01
   -2.295701E+00   5.542321E+01
   -2.261530E+00   5.543578E+01
   -2.232611E+00   5.543200E+01
   -2.205554E+00   5.544101E+01
   -2.196718E+00   5.544697E+01
   -2.191482E+00   5.546352E+01
   -2.174406E+00   5.546916E+01
   -2.203539E+00   5.547324E+01
   -2.209298E+00   5.548101E+01
   -2.205845E+00   5.548816E+01
   -2.231580E+00   5.550830E+01
   -2.227897E+00   5.552279E+01
   -2.236025E+00   5.552857E+01
   -2.237388E+00   5.554621E+01
   -2.243650E+00   5.555355E+01
   -2.290733E+00   5.557800E+01
   -2.295369E+00   5.558548E+01
   -2.291563E+00   5.560003E+01
   -2.308851E+00   5.560855E+01
   -2.318900E+00   5.561941E+01
   -2.311861E+00   5.562542E+01
   -2.328929E+00   5.562448E+01
   -2.338431E+00   5.563029E+01
   -2.337765E+00   5.563575E+01
   -2.328848E+00   5.563878E+01
   -2.326526E+00   5.564560E+01
   -2.304461E+00   5.565015E+01
   -2.236402E+00   5.564353E+01
   -2.248839E+00   5.564775E+01
   -2.250525E+00   5.565400E+01
   -2.220146E+00   5.566676E+01
   -2.220769E+00   5.567803E+01
   -2.185741E+00   5.570407E+01
   -2.172833E+00   5.570756E+01
   -2.179694E+00   5.571505E+01
   -2.178392E+00   5.572118E+01
   -2.152220E+00   5.572567E+01
   -2.152360E+00   5.573665E+01
   -2.145011E+00   5.574218E+01
   -2.121986E+00   5.574061E+01
   -2.117777E+00   5.574974E+01
   -2.109180E+00   5.575072E+01
   -2.112516E+00   5.575716E+01
   -2.109451E+00   5.576216E+01
   -2.089147E+00   5.576551E+01
   -2.091515E+00   5.578718E+01
   -2.087811E+00   5.579552E+01
   -2.046979E+00   5.580800E+01
   -1.971566E+00   5.584730E+01
   -1.800863E+00   5.589366E+01
   -1.472307E+00   5.606997E+01
   2.249944E+00   5.293852E+01
   1.906603E+00   5.128813E+01
END
END
