none
1
   -6.734478E+01   5.286010E+01
   -6.786590E+01   5.409581E+01
   -6.761261E+01   5.513073E+01
   -6.695853E+01   5.547849E+01
   -6.607638E+01   5.508931E+01
   -6.386383E+01   5.501561E+01
   -6.427948E+01   5.630488E+01
   -6.450287E+01   5.799164E+01
   -6.492764E+01   5.865531E+01
   -6.505537E+01   5.969172E+01
   -6.529212E+01   6.037043E+01
   -6.475924E+01   6.090223E+01
   -6.390197E+01   6.068776E+01
   -5.523241E+01   5.443455E+01
   -5.166101E+01   4.641354E+01
   -5.431965E+01   4.625350E+01
   -5.595637E+01   4.657068E+01
   -5.617705E+01   4.689532E+01
   -5.613399E+01   4.712286E+01
   -5.648922E+01   4.734214E+01
   -5.867381E+01   4.706108E+01
   -5.988326E+01   4.776297E+01
   -5.880748E+01   4.960338E+01
   -5.712571E+01   5.128625E+01
   -5.713650E+01   5.198717E+01
   -6.380655E+01   5.198942E+01
   -6.450379E+01   5.155366E+01
   -6.637666E+01   5.212696E+01
   -6.734478E+01   5.286010E+01
END
END
