none
1
   1.946087E+01   4.959231E+01
   1.944974E+01   4.959676E+01
   1.937276E+01   4.953618E+01
   1.926210E+01   4.951813E+01
   1.920607E+01   4.940730E+01
   1.903084E+01   4.938922E+01
   1.897099E+01   4.939220E+01
   1.895571E+01   4.945147E+01
   1.895909E+01   4.950455E+01
   1.883854E+01   4.951216E+01
   1.880010E+01   4.967281E+01
   1.875008E+01   4.967250E+01
   1.871681E+01   4.968037E+01
   1.866853E+01   4.969901E+01
   1.862466E+01   4.971640E+01
   1.860605E+01   4.975985E+01
   1.855658E+01   4.983332E+01
   1.858748E+01   4.985868E+01
   1.855875E+01   4.987387E+01
   1.856140E+01   4.990422E+01
   1.850443E+01   4.989501E+01
   1.843164E+01   4.991953E+01
   1.836528E+01   4.993165E+01
   1.832010E+01   4.990970E+01
   1.827783E+01   4.992356E+01
   1.826622E+01   4.995906E+01
   1.820679E+01   4.996798E+01
   1.820114E+01   4.999016E+01
   1.817014E+01   4.997944E+01
   1.810633E+01   4.998724E+01
   1.806217E+01   5.004310E+01
   1.805889E+01   5.002429E+01
   1.802213E+01   5.006121E+01
   1.804948E+01   5.010578E+01
   1.803617E+01   5.013816E+01
   1.805632E+01   5.018787E+01
   1.821817E+01   5.020513E+01
   1.824552E+01   5.023579E+01
   1.829830E+01   5.024382E+01
   1.835070E+01   5.027139E+01
   1.838164E+01   5.026971E+01
   1.838477E+01   5.032568E+01
   1.834430E+01   5.035448E+01
   1.837200E+01   5.039457E+01
   1.835144E+01   5.041996E+01
   1.836982E+01   5.044127E+01
   1.836884E+01   5.048840E+01
   1.843483E+01   5.049381E+01
   1.841741E+01   5.052674E+01
   1.842755E+01   5.055579E+01
   1.858372E+01   5.056260E+01
   1.857769E+01   5.060023E+01
   1.850563E+01   5.061822E+01
   1.846536E+01   5.070376E+01
   1.850212E+01   5.073773E+01
   1.853482E+01   5.074816E+01
   1.849393E+01   5.078753E+01
   1.849406E+01   5.080965E+01
   1.854465E+01   5.082059E+01
   1.854685E+01   5.084185E+01
   1.860679E+01   5.086855E+01
   1.863715E+01   5.091422E+01
   1.859900E+01   5.095869E+01
   1.861703E+01   5.097832E+01
   1.864965E+01   5.098434E+01
   1.864366E+01   5.101043E+01
   1.866798E+01   5.102361E+01
   1.866514E+01   5.106818E+01
   1.885692E+01   5.109002E+01
   1.888373E+01   5.107889E+01
   1.892311E+01   5.111290E+01
   1.900080E+01   5.108774E+01
   1.906880E+01   5.104409E+01
   1.911101E+01   5.103798E+01
   1.912818E+01   5.101647E+01
   1.921010E+01   5.099900E+01
   1.923420E+01   5.100581E+01
   1.922929E+01   5.103809E+01
   1.924211E+01   5.105202E+01
   1.932265E+01   5.106011E+01
   1.934338E+01   5.104411E+01
   1.934079E+01   5.102629E+01
   1.939904E+01   5.101284E+01
   1.944059E+01   5.097583E+01
   1.949055E+01   5.089571E+01
   1.957788E+01   5.092124E+01
   1.961857E+01   5.089417E+01
   1.966978E+01   5.088509E+01
   1.968869E+01   5.085952E+01
   1.971860E+01   5.085854E+01
   1.975061E+01   5.087904E+01
   1.981332E+01   5.085811E+01
   1.984460E+01   5.082544E+01
   1.983338E+01   5.079668E+01
   1.980809E+01   5.078861E+01
   1.980254E+01   5.077189E+01
   1.974391E+01   5.074126E+01
   1.972727E+01   5.074586E+01
   1.975875E+01   5.073084E+01
   1.981509E+01   5.073842E+01
   1.982313E+01   5.072042E+01
   1.988338E+01   5.069983E+01
   1.987731E+01   5.066074E+01
   1.992756E+01   5.065127E+01
   1.993299E+01   5.062967E+01
   1.990242E+01   5.060274E+01
   1.986632E+01   5.060583E+01
   1.983663E+01   5.057198E+01
   1.990937E+01   5.055088E+01
   1.992265E+01   5.052370E+01
   1.995867E+01   5.051524E+01
   1.998542E+01   5.048439E+01
   1.998406E+01   5.046851E+01
   1.991745E+01   5.046018E+01
   1.990757E+01   5.044208E+01
   1.984823E+01   5.042074E+01
   1.970797E+01   5.042858E+01
   1.966113E+01   5.039504E+01
   1.960588E+01   5.039046E+01
   1.952550E+01   5.040206E+01
   1.950444E+01   5.038484E+01
   1.949328E+01   5.031369E+01
   1.942392E+01   5.031216E+01
   1.942433E+01   5.028891E+01
   1.937993E+01   5.025596E+01
   1.944579E+01   5.023957E+01
   1.945182E+01   5.021755E+01
   1.942118E+01   5.018838E+01
   1.938128E+01   5.018147E+01
   1.935546E+01   5.013801E+01
   1.929180E+01   5.012719E+01
   1.928079E+01   5.010641E+01
   1.925096E+01   5.010416E+01
   1.923635E+01   5.008530E+01
   1.924221E+01   5.005792E+01
   1.917161E+01   5.004322E+01
   1.913500E+01   5.000069E+01
   1.913450E+01   4.995403E+01
   1.918409E+01   4.996532E+01
   1.920847E+01   4.995788E+01
   1.920037E+01   4.993165E+01
   1.920992E+01   4.988470E+01
   1.930443E+01   4.985850E+01
   1.930236E+01   4.982419E+01
   1.932694E+01   4.979115E+01
   1.939713E+01   4.978021E+01
   1.941583E+01   4.978886E+01
   1.944643E+01   4.976657E+01
   1.945622E+01   4.972640E+01
   1.940710E+01   4.969187E+01
   1.944438E+01   4.969369E+01
   1.948060E+01   4.967605E+01
   1.949154E+01   4.961653E+01
   1.946087E+01   4.959231E+01
END
END
