none
1
   1.912259E+01   -2.901537E+01
   1.887101E+01   -2.889676E+01
   1.817971E+01   -2.896033E+01
   1.788822E+01   -2.881584E+01
   1.740670E+01   -2.876643E+01
   1.728894E+01   -2.848686E+01
   1.735859E+01   -2.838291E+01
   1.732691E+01   -2.830482E+01
   1.717578E+01   -2.827563E+01
   1.707752E+01   -2.809410E+01
   1.693816E+01   -2.812413E+01
   1.677004E+01   -2.852155E+01
   1.651285E+01   -2.861239E+01
   1.531152E+01   -3.007236E+01
   9.784615E+00   -1.720905E+01
   1.179148E+01   -1.721324E+01
   1.207538E+01   -1.709701E+01
   1.226920E+01   -1.718556E+01
   1.253892E+01   -1.719332E+01
   1.295503E+01   -1.694539E+01
   1.315386E+01   -1.691682E+01
   1.347948E+01   -1.696970E+01
   1.357594E+01   -1.711199E+01
   1.398119E+01   -1.737776E+01
   1.841003E+01   -1.734151E+01
   1.891784E+01   -1.776756E+01
   2.031338E+01   -1.781587E+01
   2.081898E+01   -1.798354E+01
   2.117019E+01   -1.788414E+01
   2.145815E+01   -1.797086E+01
   2.422511E+01   -1.742982E+01
   2.499073E+01   -1.751062E+01
   2.529929E+01   -1.776477E+01
   2.527101E+01   -1.783493E+01
   2.483503E+01   -1.790514E+01
   2.458678E+01   -1.811818E+01
   2.439796E+01   -1.800526E+01
   2.421239E+01   -1.807824E+01
   2.361960E+01   -1.854827E+01
   2.352786E+01   -1.850285E+01
   2.347570E+01   -1.830796E+01
   2.325870E+01   -1.804910E+01
   2.146828E+01   -1.836371E+01
   2.105731E+01   -1.836782E+01
   2.104079E+01   -2.201766E+01
   2.004722E+01   -2.205103E+01
   2.004361E+01   -2.843671E+01
   1.959372E+01   -2.857784E+01
   1.949648E+01   -2.873991E+01
   1.930369E+01   -2.878784E+01
   1.931720E+01   -2.894113E+01
   1.912259E+01   -2.901537E+01
END
END
