none
1
   -7.491622E+01   3.518734E+01
   -7.778080E+01   3.312992E+01
   -7.849998E+01   3.381129E+01
   -7.861703E+01   3.391423E+01
   -7.925086E+01   3.444848E+01
   -7.935942E+01   3.454406E+01
   -7.967592E+01   3.480305E+01
   -7.987073E+01   3.480368E+01
   -8.049984E+01   3.481556E+01
   -8.079787E+01   3.481812E+01
   -8.078383E+01   3.493523E+01
   -8.093523E+01   3.510521E+01
   -8.104257E+01   3.504339E+01
   -8.105935E+01   3.506237E+01
   -8.105888E+01   3.508658E+01
   -8.105359E+01   3.509705E+01
   -8.104729E+01   3.510213E+01
   -8.103624E+01   3.510530E+01
   -8.103419E+01   3.511005E+01
   -8.104014E+01   3.512495E+01
   -8.105267E+01   3.513119E+01
   -8.104651E+01   3.514818E+01
   -8.124176E+01   3.515838E+01
   -8.171632E+01   3.517715E+01
   -8.217699E+01   3.519209E+01
   -8.227497E+01   3.519837E+01
   -8.231433E+01   3.518947E+01
   -8.232315E+01   3.518310E+01
   -8.234016E+01   3.518736E+01
   -8.234490E+01   3.519140E+01
   -8.236316E+01   3.518346E+01
   -8.237136E+01   3.517975E+01
   -8.238107E+01   3.518586E+01
   -8.238290E+01   3.519126E+01
   -8.238052E+01   3.519788E+01
   -8.238566E+01   3.520964E+01
   -8.239234E+01   3.521370E+01
   -8.240232E+01   3.520312E+01
   -8.241859E+01   3.519735E+01
   -8.243417E+01   3.516694E+01
   -8.243887E+01   3.516433E+01
   -8.245204E+01   3.516378E+01
   -8.245644E+01   3.517584E+01
   -8.247615E+01   3.517374E+01
   -8.248650E+01   3.517100E+01
   -8.249497E+01   3.516270E+01
   -8.251562E+01   3.516176E+01
   -8.252952E+01   3.515398E+01
   -8.255532E+01   3.515026E+01
   -8.256899E+01   3.514384E+01
   -8.257772E+01   3.514051E+01
   -8.259806E+01   3.513603E+01
   -8.262028E+01   3.513308E+01
   -8.262833E+01   3.512461E+01
   -8.266192E+01   3.511649E+01
   -8.267030E+01   3.511655E+01
   -8.269397E+01   3.509703E+01
   -8.271500E+01   3.509127E+01
   -8.273726E+01   3.507818E+01
   -8.275280E+01   3.506860E+01
   -8.275736E+01   3.506635E+01
   -8.277823E+01   3.506267E+01
   -8.278367E+01   3.506676E+01
   -8.278753E+01   3.508335E+01
   -8.310851E+01   3.499907E+01
   -8.361842E+01   3.499040E+01
   -8.362000E+01   3.498489E+01
   -8.432219E+01   3.498674E+01
   -8.429193E+01   3.522576E+01
   -8.428444E+01   3.522790E+01
   -8.427639E+01   3.523618E+01
   -8.424383E+01   3.525469E+01
   -8.423286E+01   3.526612E+01
   -8.422419E+01   3.527071E+01
   -8.421086E+01   3.526749E+01
   -8.420144E+01   3.525668E+01
   -8.419873E+01   3.524569E+01
   -8.418787E+01   3.524172E+01
   -8.417933E+01   3.524233E+01
   -8.417042E+01   3.524748E+01
   -8.415919E+01   3.524756E+01
   -8.414318E+01   3.524858E+01
   -8.412653E+01   3.525081E+01
   -8.412109E+01   3.525234E+01
   -8.408195E+01   3.526263E+01
   -8.404400E+01   3.527952E+01
   -8.403703E+01   3.529004E+01
   -8.403733E+01   3.531236E+01
   -8.403126E+01   3.533304E+01
   -8.403978E+01   3.534830E+01
   -8.403820E+01   3.535140E+01
   -8.402433E+01   3.535575E+01
   -8.400936E+01   3.537235E+01
   -8.401290E+01   3.538424E+01
   -8.401006E+01   3.538998E+01
   -8.402296E+01   3.540329E+01
   -8.402202E+01   3.541083E+01
   -8.400333E+01   3.542390E+01
   -8.399356E+01   3.543945E+01
   -8.397237E+01   3.545657E+01
   -8.396201E+01   3.546555E+01
   -8.393778E+01   3.547303E+01
   -8.390692E+01   3.549015E+01
   -8.390276E+01   3.549754E+01
   -8.388060E+01   3.552036E+01
   -8.385948E+01   3.552354E+01
   -8.383218E+01   3.552644E+01
   -8.380327E+01   3.554307E+01
   -8.377193E+01   3.556381E+01
   -8.373583E+01   3.556715E+01
   -8.370749E+01   3.557021E+01
   -8.367625E+01   3.557199E+01
   -8.362971E+01   3.556975E+01
   -8.360884E+01   3.558115E+01
   -8.360088E+01   3.557962E+01
   -8.356622E+01   3.556769E+01
   -8.349880E+01   3.556468E+01
   -8.348027E+01   3.558454E+01
   -8.347217E+01   3.559180E+01
   -8.345698E+01   3.559922E+01
   -8.344673E+01   3.561323E+01
   -8.342236E+01   3.561281E+01
   -8.339725E+01   3.562433E+01
   -8.338956E+01   3.563506E+01
   -8.337258E+01   3.564096E+01
   -8.335950E+01   3.564839E+01
   -8.335223E+01   3.566142E+01
   -8.333495E+01   3.566717E+01
   -8.332041E+01   3.566437E+01
   -8.329029E+01   3.567578E+01
   -8.327036E+01   3.568671E+01
   -8.325727E+01   3.569660E+01
   -8.325698E+01   3.571672E+01
   -8.325238E+01   3.572118E+01
   -8.324088E+01   3.572845E+01
   -8.321424E+01   3.572622E+01
   -8.318663E+01   3.573156E+01
   -8.317869E+01   3.574513E+01
   -8.316633E+01   3.576090E+01
   -8.315988E+01   3.576645E+01
   -8.312763E+01   3.576979E+01
   -8.309801E+01   3.577757E+01
   -8.307957E+01   3.579095E+01
   -8.307422E+01   3.579171E+01
   -8.305270E+01   3.579125E+01
   -8.303597E+01   3.578909E+01
   -8.300539E+01   3.577996E+01
   -8.298491E+01   3.577944E+01
   -8.296314E+01   3.580143E+01
   -8.294664E+01   3.582594E+01
   -8.293290E+01   3.583770E+01
   -8.292265E+01   3.585136E+01
   -8.291959E+01   3.586510E+01
   -8.290566E+01   3.588534E+01
   -8.290354E+01   3.589242E+01
   -8.291324E+01   3.591405E+01
   -8.291363E+01   3.592155E+01
   -8.291172E+01   3.592822E+01
   -8.289966E+01   3.594635E+01
   -8.287444E+01   3.595437E+01
   -8.285216E+01   3.595074E+01
   -8.282792E+01   3.593430E+01
   -8.282132E+01   3.592386E+01
   -8.280562E+01   3.592888E+01
   -8.280733E+01   3.593877E+01
   -8.278889E+01   3.595328E+01
   -8.278600E+01   3.596478E+01
   -8.278726E+01   3.597784E+01
   -8.278678E+01   3.598869E+01
   -8.277698E+01   3.600149E+01
   -8.275084E+01   3.600753E+01
   -8.273252E+01   3.601917E+01
   -8.271609E+01   3.603003E+01
   -8.268447E+01   3.604754E+01
   -8.263789E+01   3.606734E+01
   -8.263163E+01   3.606728E+01
   -8.261751E+01   3.605736E+01
   -8.260181E+01   3.604116E+01
   -8.259327E+01   3.603017E+01
   -8.259413E+01   3.602504E+01
   -8.261273E+01   3.600299E+01
   -8.261156E+01   3.599499E+01
   -8.260592E+01   3.599353E+01
   -8.260255E+01   3.598749E+01
   -8.260937E+01   3.596860E+01
   -8.260032E+01   3.596635E+01
   -8.258061E+01   3.596721E+01
   -8.257652E+01   3.596540E+01
   -8.257444E+01   3.595993E+01
   -8.255865E+01   3.595576E+01
   -8.255046E+01   3.596579E+01
   -8.253190E+01   3.597378E+01
   -8.250614E+01   3.597930E+01
   -8.248566E+01   3.599427E+01
   -8.248338E+01   3.599913E+01
   -8.246174E+01   3.600924E+01
   -8.241055E+01   3.608471E+01
   -8.239088E+01   3.609834E+01
   -8.237643E+01   3.610707E+01
   -8.235563E+01   3.611724E+01
   -8.234980E+01   3.611880E+01
   -8.232183E+01   3.612123E+01
   -8.230352E+01   3.613288E+01
   -8.228959E+01   3.613741E+01
   -8.226079E+01   3.613535E+01
   -8.224776E+01   3.613272E+01
   -8.222633E+01   3.615094E+01
   -8.222309E+01   3.615826E+01
   -8.221379E+01   3.616081E+01
   -8.220413E+01   3.615860E+01
   -8.218197E+01   3.614536E+01
   -8.214702E+01   3.615094E+01
   -8.213495E+01   3.612940E+01
   -8.213612E+01   3.611974E+01
   -8.212671E+01   3.610612E+01
   -8.211561E+01   3.610631E+01
   -8.210555E+01   3.610982E+01
   -8.208114E+01   3.610747E+01
   -8.206234E+01   3.611466E+01
   -8.205455E+01   3.612847E+01
   -8.204331E+01   3.612700E+01
   -8.203368E+01   3.612222E+01
   -8.190916E+01   3.630337E+01
   -8.188031E+01   3.631519E+01
   -8.185838E+01   3.633612E+01
   -8.183370E+01   3.634896E+01
   -8.180104E+01   3.635976E+01
   -8.179437E+01   3.635929E+01
   -8.177734E+01   3.634790E+01
   -8.176553E+01   3.634028E+01
   -8.174799E+01   3.633905E+01
   -8.173070E+01   3.634287E+01
   -8.172266E+01   3.635204E+01
   -8.173443E+01   3.637583E+01
   -8.173938E+01   3.639626E+01
   -8.174133E+01   3.640696E+01
   -8.173951E+01   3.641194E+01
   -8.171693E+01   3.643693E+01
   -8.171618E+01   3.645832E+01
   -8.169692E+01   3.646863E+01
   -8.169769E+01   3.649133E+01
   -8.170193E+01   3.650026E+01
   -8.170919E+01   3.652558E+01
   -8.170966E+01   3.653633E+01
   -8.169159E+01   3.656975E+01
   -8.168184E+01   3.658556E+01
   -8.167785E+01   3.658979E+01
   -8.160080E+01   3.658871E+01
   -8.144211E+01   3.657852E+01
   -8.117668E+01   3.657363E+01
   -8.100371E+01   3.656533E+01
   -8.083766E+01   3.656082E+01
   -8.070483E+01   3.656402E+01
   -8.029520E+01   3.654567E+01
   -8.012217E+01   3.654435E+01
   -7.852972E+01   3.654268E+01
   -7.824545E+01   3.654611E+01
   -7.720524E+01   3.654628E+01
   -7.716975E+01   3.654901E+01
   -7.715253E+01   3.654578E+01
   -7.691894E+01   3.654553E+01
   -7.691587E+01   3.655379E+01
   -7.579652E+01   3.655230E+01
   -7.373960E+01   3.655591E+01
   -7.491622E+01   3.518734E+01
END
END
