none
1
   -1.240822E+02   4.626204E+01
   -1.240407E+02   4.626565E+01
   -1.240473E+02   4.628983E+01
   -1.240265E+02   4.630349E+01
   -1.239552E+02   4.627876E+01
   -1.239261E+02   4.624876E+01
   -1.238716E+02   4.624506E+01
   -1.238309E+02   4.624721E+01
   -1.237793E+02   4.627638E+01
   -1.235858E+02   4.626662E+01
   -1.235004E+02   4.628097E+01
   -1.234404E+02   4.625681E+01
   -1.234182E+02   4.623280E+01
   -1.234205E+02   4.618678E+01
   -1.233677E+02   4.615635E+01
   -1.232821E+02   4.615482E+01
   -1.231677E+02   4.619888E+01
   -1.231117E+02   4.619436E+01
   -1.230197E+02   4.614551E+01
   -1.229600E+02   4.610707E+01
   -1.228937E+02   4.608162E+01
   -1.228414E+02   4.599032E+01
   -1.228122E+02   4.596173E+01
   -1.228009E+02   4.591367E+01
   -1.227751E+02   4.586915E+01
   -1.227825E+02   4.581048E+01
   -1.227526E+02   4.576708E+01
   -1.227701E+02   4.568032E+01
   -1.227477E+02   4.564925E+01
   -1.227155E+02   4.564049E+01
   -1.226845E+02   4.562357E+01
   -1.226446E+02   4.561193E+01
   -1.226013E+02   4.560927E+01
   -1.224843E+02   4.558318E+01
   -1.224384E+02   4.556670E+01
   -1.223908E+02   4.557647E+01
   -1.223675E+02   4.557663E+01
   -1.223005E+02   4.554970E+01
   -1.222545E+02   4.554950E+01
   -1.222079E+02   4.556306E+01
   -1.221813E+02   4.557740E+01
   -1.221429E+02   4.558659E+01
   -1.221157E+02   4.558339E+01
   -1.220525E+02   4.560776E+01
   -1.220223E+02   4.561646E+01
   -1.220033E+02   4.561737E+01
   -1.219652E+02   4.563283E+01
   -1.219600E+02   4.564072E+01
   -1.219539E+02   4.564569E+01
   -1.219342E+02   4.564557E+01
   -1.219094E+02   4.565505E+01
   -1.219021E+02   4.566249E+01
   -1.219044E+02   4.566995E+01
   -1.218684E+02   4.569469E+01
   -1.218109E+02   4.570898E+01
   -1.217398E+02   4.569642E+01
   -1.217111E+02   4.569597E+01
   -1.216699E+02   4.570613E+01
   -1.216322E+02   4.570679E+01
   -1.215333E+02   4.572775E+01
   -1.215065E+02   4.572528E+01
   -1.214640E+02   4.570510E+01
   -1.214026E+02   4.569367E+01
   -1.213740E+02   4.570431E+01
   -1.213425E+02   4.570612E+01
   -1.213141E+02   4.570192E+01
   -1.212872E+02   4.568763E+01
   -1.212148E+02   4.567174E+01
   -1.212015E+02   4.565980E+01
   -1.211941E+02   4.563091E+01
   -1.211952E+02   4.561689E+01
   -1.211870E+02   4.561014E+01
   -1.211734E+02   4.560721E+01
   -1.211463E+02   4.560958E+01
   -1.211288E+02   4.562048E+01
   -1.210772E+02   4.565349E+01
   -1.210132E+02   4.565645E+01
   -1.209813E+02   4.565067E+01
   -1.209511E+02   4.565818E+01
   -1.209075E+02   4.564989E+01
   -1.208538E+02   4.567407E+01
   -1.207772E+02   4.569113E+01
   -1.207079E+02   4.571314E+01
   -1.206826E+02   4.572670E+01
   -1.206293E+02   4.574927E+01
   -1.205917E+02   4.574806E+01
   -1.205577E+02   4.574171E+01
   -1.204980E+02   4.569957E+01
   -1.203861E+02   4.570397E+01
   -1.202860E+02   4.572249E+01
   -1.202192E+02   4.572910E+01
   -1.201583E+02   4.576991E+01
   -1.200622E+02   4.579423E+01
   -1.199662E+02   4.582615E+01
   -1.196746E+02   4.586641E+01
   -1.196025E+02   4.592938E+01
   -1.194500E+02   4.591886E+01
   -1.192641E+02   4.594385E+01
   -1.191262E+02   4.593666E+01
   -1.189881E+02   4.600247E+01
   -1.180749E+02   4.600340E+01
   -1.169126E+02   4.600033E+01
   -1.168844E+02   4.597960E+01
   -1.168501E+02   4.591115E+01
   -1.167878E+02   4.586412E+01
   -1.167765E+02   4.583357E+01
   -1.167086E+02   4.583573E+01
   -1.166605E+02   4.579090E+01
   -1.165910E+02   4.578834E+01
   -1.165395E+02   4.575797E+01
   -1.165260E+02   4.569575E+01
   -1.164801E+02   4.565599E+01
   -1.164545E+02   4.559865E+01
   -1.165156E+02   4.554045E+01
   -1.165440E+02   4.549571E+01
   -1.165464E+02   4.545762E+01
   -1.165793E+02   4.543743E+01
   -1.166642E+02   4.531785E+01
   -1.166648E+02   4.527385E+01
   -1.166943E+02   4.523610E+01
   -1.167216E+02   4.513611E+01
   -1.168362E+02   4.502125E+01
   -1.168380E+02   4.499390E+01
   -1.168165E+02   4.498216E+01
   -1.168384E+02   4.495760E+01
   -1.168221E+02   4.493188E+01
   -1.168556E+02   4.487778E+01
   -1.168955E+02   4.484745E+01
   -1.169288E+02   4.480259E+01
   -1.169309E+02   4.478527E+01
   -1.170509E+02   4.472439E+01
   -1.171412E+02   4.453027E+01
   -1.172132E+02   4.447556E+01
   -1.172054E+02   4.442478E+01
   -1.172316E+02   4.439018E+01
   -1.171804E+02   4.434020E+01
   -1.172104E+02   4.429668E+01
   -1.171923E+02   4.428203E+01
   -1.171425E+02   4.426896E+01
   -1.171054E+02   4.429049E+01
   -1.170839E+02   4.425986E+01
   -1.170505E+02   4.422998E+01
   -1.170454E+02   4.424253E+01
   -1.170304E+02   4.424973E+01
   -1.169996E+02   4.424974E+01
   -1.169751E+02   4.424324E+01
   -1.169718E+02   4.423930E+01
   -1.169626E+02   4.420379E+01
   -1.169214E+02   4.420069E+01
   -1.168838E+02   4.416214E+01
   -1.169358E+02   4.409512E+01
   -1.169539E+02   4.409038E+01
   -1.169665E+02   4.408052E+01
   -1.169644E+02   4.405646E+01
   -1.169330E+02   4.402661E+01
   -1.169383E+02   4.399850E+01
   -1.169345E+02   4.399469E+01
   -1.169357E+02   4.398530E+01
   -1.169599E+02   4.396355E+01
   -1.169526E+02   4.392665E+01
   -1.169741E+02   4.386306E+01
   -1.170071E+02   4.385358E+01
   -1.170168E+02   4.383081E+01
   -1.170223E+02   4.199283E+01
   -1.206274E+02   4.198295E+01
   -1.223767E+02   4.199947E+01
   -1.263879E+02   4.196340E+01
   -1.262453E+02   4.626953E+01
   -1.240822E+02   4.626204E+01
END
END
