none
1
   1.289756E+00   5.195415E+01
   1.154389E+00   5.194757E+01
   1.105336E+00   5.194814E+01
   1.098381E+00   5.195037E+01
   1.097567E+00   5.194846E+01
   1.081976E+00   5.194552E+01
   1.074872E+00   5.195181E+01
   1.072632E+00   5.195206E+01
   1.070314E+00   5.194899E+01
   1.063381E+00   5.194753E+01
   1.060478E+00   5.194912E+01
   1.062160E+00   5.195266E+01
   1.060229E+00   5.195504E+01
   1.053465E+00   5.195716E+01
   1.051705E+00   5.195694E+01
   1.048839E+00   5.195894E+01
   1.048529E+00   5.195851E+01
   1.047027E+00   5.195851E+01
   1.045991E+00   5.195931E+01
   1.042352E+00   5.195923E+01
   1.041766E+00   5.195763E+01
   1.042232E+00   5.195683E+01
   1.040052E+00   5.195594E+01
   1.035320E+00   5.195779E+01
   1.034207E+00   5.195728E+01
   1.033065E+00   5.195783E+01
   1.028345E+00   5.195667E+01
   1.028302E+00   5.195612E+01
   1.025527E+00   5.195561E+01
   1.025553E+00   5.195484E+01
   1.018483E+00   5.195363E+01
   1.017153E+00   5.195427E+01
   1.016638E+00   5.195538E+01
   1.010158E+00   5.195596E+01
   1.006596E+00   5.195784E+01
   1.006338E+00   5.195877E+01
   1.005137E+00   5.195937E+01
   1.005179E+00   5.196072E+01
   1.003716E+00   5.196257E+01
   9.989990E-01   5.196395E+01
   9.761850E-01   5.196128E+01
   9.738080E-01   5.196243E+01
   9.714830E-01   5.196231E+01
   9.680830E-01   5.196410E+01
   9.722600E-01   5.196810E+01
   9.714480E-01   5.196879E+01
   9.716620E-01   5.196931E+01
   9.648790E-01   5.197207E+01
   9.650930E-01   5.197281E+01
   9.642350E-01   5.197352E+01
   9.655220E-01   5.197463E+01
   9.634250E-01   5.197615E+01
   9.637200E-01   5.197683E+01
   9.562150E-01   5.197639E+01
   9.526530E-01   5.197465E+01
   9.531850E-01   5.197409E+01
   9.512370E-01   5.197259E+01
   9.415500E-01   5.197095E+01
   9.395210E-01   5.197237E+01
   9.309070E-01   5.197174E+01
   9.304780E-01   5.197123E+01
   9.266330E-01   5.197257E+01
   9.231830E-01   5.197574E+01
   9.214230E-01   5.197539E+01
   9.209340E-01   5.197480E+01
   8.971740E-01   5.197221E+01
   8.913550E-01   5.197339E+01
   8.911410E-01   5.197295E+01
   8.897820E-01   5.197334E+01
   8.878020E-01   5.197177E+01
   8.882480E-01   5.197068E+01
   8.867370E-01   5.196835E+01
   8.798190E-01   5.196644E+01
   8.723010E-01   5.196747E+01
   8.733220E-01   5.196845E+01
   8.691380E-01   5.197199E+01
   8.653740E-01   5.197164E+01
   8.656260E-01   5.197091E+01
   8.644910E-01   5.196875E+01
   8.588610E-01   5.196535E+01
   8.593790E-01   5.196458E+01
   8.587700E-01   5.196338E+01
   8.570790E-01   5.196265E+01
   8.409910E-01   5.196221E+01
   8.405790E-01   5.196308E+01
   8.304080E-01   5.196633E+01
   8.299610E-01   5.196692E+01
   8.183060E-01   5.196814E+01
   8.163830E-01   5.196687E+01
   8.155420E-01   5.196700E+01
   8.140650E-01   5.196543E+01
   8.139110E-01   5.196417E+01
   8.145960E-01   5.196343E+01
   8.138850E-01   5.196294E+01
   8.141940E-01   5.196235E+01
   8.105920E-01   5.196058E+01
   8.000580E-01   5.196226E+01
   7.989760E-01   5.196325E+01
   7.916470E-01   5.196295E+01
   7.918350E-01   5.196343E+01
   7.908740E-01   5.196362E+01
   7.903080E-01   5.196321E+01
   7.869000E-01   5.196316E+01
   7.856900E-01   5.196395E+01
   7.864420E-01   5.196597E+01
   7.852410E-01   5.196735E+01
   7.831160E-01   5.196755E+01
   7.811490E-01   5.196652E+01
   7.767920E-01   5.196742E+01
   7.722400E-01   5.197037E+01
   7.738450E-01   5.197184E+01
   7.726090E-01   5.197895E+01
   7.739140E-01   5.197993E+01
   7.746350E-01   5.198238E+01
   7.596630E-01   5.198525E+01
   7.601550E-01   5.198636E+01
   7.597260E-01   5.198681E+01
   7.612970E-01   5.198785E+01
   7.629790E-01   5.199101E+01
   7.615710E-01   5.199348E+01
   7.596920E-01   5.199381E+01
   7.603870E-01   5.199473E+01
   7.597260E-01   5.199529E+01
   7.605240E-01   5.199577E+01
   7.602670E-01   5.199663E+01
   7.611340E-01   5.199687E+01
   7.612600E-01   5.199727E+01
   7.589670E-01   5.199841E+01
   7.524910E-01   5.199852E+01
   7.497180E-01   5.199989E+01
   7.495720E-01   5.200223E+01
   7.504050E-01   5.200276E+01
   7.488170E-01   5.200577E+01
   7.452640E-01   5.200707E+01
   7.453320E-01   5.200760E+01
   7.440280E-01   5.200804E+01
   7.436500E-01   5.200762E+01
   7.384400E-01   5.201079E+01
   7.380200E-01   5.201279E+01
   7.404590E-01   5.201433E+01
   7.417600E-01   5.201433E+01
   7.425250E-01   5.201616E+01
   7.416070E-01   5.201984E+01
   7.422190E-01   5.202045E+01
   7.423720E-01   5.202276E+01
   7.410710E-01   5.202323E+01
   7.416070E-01   5.202831E+01
   7.407650E-01   5.202912E+01
   7.403050E-01   5.203100E+01
   7.391570E-01   5.203133E+01
   7.380860E-01   5.203251E+01
   7.151340E-01   5.202759E+01
   7.122150E-01   5.202556E+01
   7.128590E-01   5.202519E+01
   7.034520E-01   5.201884E+01
   7.016000E-01   5.201912E+01
   7.002980E-01   5.201856E+01
   6.996050E-01   5.201956E+01
   7.114920E-01   5.202715E+01
   7.075800E-01   5.202894E+01
   7.126870E-01   5.203477E+01
   7.038040E-01   5.203609E+01
   7.025160E-01   5.203757E+01
   6.987190E-01   5.203666E+01
   6.958260E-01   5.204036E+01
   6.987830E-01   5.204470E+01
   6.986110E-01   5.204652E+01
   6.995600E-01   5.204658E+01
   6.998740E-01   5.204770E+01
   7.160020E-01   5.204832E+01
   7.164420E-01   5.204940E+01
   7.151870E-01   5.205140E+01
   7.112960E-01   5.205299E+01
   7.037770E-01   5.206384E+01
   7.036050E-01   5.206535E+01
   7.050210E-01   5.206643E+01
   7.085180E-01   5.206620E+01
   7.106460E-01   5.206725E+01
   7.107170E-01   5.207008E+01
   7.119230E-01   5.207100E+01
   7.114970E-01   5.207192E+01
   7.103450E-01   5.207251E+01
   7.076390E-01   5.207176E+01
   7.069310E-01   5.207200E+01
   7.068860E-01   5.207675E+01
   7.016370E-01   5.207937E+01
   6.931960E-01   5.207819E+01
   6.900750E-01   5.208024E+01
   6.873800E-01   5.208552E+01
   6.846840E-01   5.208643E+01
   6.816340E-01   5.208613E+01
   6.795060E-01   5.208369E+01
   6.651070E-01   5.208665E+01
   6.620570E-01   5.208430E+01
   6.595030E-01   5.208412E+01
   6.570910E-01   5.208573E+01
   6.536870E-01   5.208508E+01
   6.510620E-01   5.208342E+01
   6.441110E-01   5.208573E+01
   6.431890E-01   5.208526E+01
   6.346060E-01   5.208608E+01
   6.313430E-01   5.208238E+01
   6.253450E-01   5.208061E+01
   6.253450E-01   5.207958E+01
   6.200670E-01   5.207905E+01
   6.193990E-01   5.207852E+01
   6.198670E-01   5.207761E+01
   6.193320E-01   5.207692E+01
   6.067720E-01   5.208065E+01
   6.046330E-01   5.207987E+01
   6.036310E-01   5.207848E+01
   6.034980E-01   5.207683E+01
   5.987540E-01   5.207486E+01
   5.954140E-01   5.207593E+01
   5.958810E-01   5.207396E+01
   5.948790E-01   5.207367E+01
   5.932090E-01   5.207519E+01
   5.894000E-01   5.207527E+01
   5.890000E-01   5.207474E+01
   5.846570E-01   5.207433E+01
   5.827820E-01   5.207595E+01
   5.813910E-01   5.207578E+01
   5.812510E-01   5.207467E+01
   5.763800E-01   5.207367E+01
   5.758180E-01   5.207118E+01
   5.704920E-01   5.206884E+01
   5.683500E-01   5.206917E+01
   5.664080E-01   5.207116E+01
   5.497600E-01   5.206786E+01
   5.492780E-01   5.206532E+01
   5.508460E-01   5.206339E+01
   5.505000E-01   5.206265E+01
   5.468250E-01   5.206265E+01
   5.456150E-01   5.206033E+01
   5.405730E-01   5.205879E+01
   5.347760E-01   5.206015E+01
   5.227630E-01   5.205683E+01
   5.126810E-01   5.205914E+01
   5.060140E-01   5.205598E+01
   5.058360E-01   5.205543E+01
   5.007220E-01   5.205413E+01
   4.996160E-01   5.205680E+01
   4.946030E-01   5.205742E+01
   4.877620E-01   5.206288E+01
   4.877620E-01   5.206455E+01
   4.895820E-01   5.206678E+01
   4.866720E-01   5.206991E+01
   4.840980E-01   5.207044E+01
   4.826420E-01   5.207248E+01
   4.796290E-01   5.207275E+01
   4.792270E-01   5.207245E+01
   4.775200E-01   5.207285E+01
   4.793220E-01   5.207490E+01
   4.544040E-01   5.207098E+01
   4.543180E-01   5.206834E+01
   4.532880E-01   5.206792E+01
   4.531170E-01   5.206929E+01
   4.523440E-01   5.206934E+01
   4.521730E-01   5.206792E+01
   4.448770E-01   5.206882E+01
   4.471940E-01   5.207203E+01
   4.376670E-01   5.207172E+01
   4.367230E-01   5.206987E+01
   4.288260E-01   5.206855E+01
   4.285690E-01   5.206781E+01
   4.096010E-01   5.206465E+01
   4.012140E-01   5.206757E+01
   4.045650E-01   5.207196E+01
   3.977550E-01   5.207435E+01
   4.017630E-01   5.207574E+01
   4.002410E-01   5.207697E+01
   4.014170E-01   5.207872E+01
   3.989270E-01   5.208067E+01
   3.998260E-01   5.208276E+01
   3.980270E-01   5.208441E+01
   3.956060E-01   5.208339E+01
   3.931160E-01   5.208471E+01
   3.920770E-01   5.208610E+01
   3.935590E-01   5.208776E+01
   3.910060E-01   5.208805E+01
   3.923460E-01   5.209593E+01
   3.854990E-01   5.209785E+01
   3.877380E-01   5.209838E+01
   3.878460E-01   5.209894E+01
   3.822910E-01   5.210090E+01
   3.817190E-01   5.210234E+01
   3.852020E-01   5.210770E+01
   3.849460E-01   5.211048E+01
   3.877910E-01   5.211361E+01
   3.866680E-01   5.211439E+01
   3.880480E-01   5.211733E+01
   3.966720E-01   5.211919E+01
   3.965280E-01   5.211966E+01
   3.941810E-01   5.212013E+01
   3.935580E-01   5.212239E+01
   4.057380E-01   5.212447E+01
   4.072750E-01   5.212541E+01
   4.067560E-01   5.212757E+01
   4.045870E-01   5.212890E+01
   4.094570E-01   5.213445E+01
   4.171240E-01   5.213337E+01
   4.188350E-01   5.213699E+01
   4.183590E-01   5.213875E+01
   4.188990E-01   5.214011E+01
   4.177480E-01   5.214643E+01
   4.188020E-01   5.214732E+01
   4.190750E-01   5.215317E+01
   4.204430E-01   5.215621E+01
   4.177110E-01   5.215929E+01
   4.221720E-01   5.216026E+01
   4.255950E-01   5.215938E+01
   4.269790E-01   5.216065E+01
   4.355740E-01   5.215990E+01
   4.377620E-01   5.216102E+01
   4.382090E-01   5.216280E+01
   4.367840E-01   5.216482E+01
   4.386690E-01   5.216664E+01
   4.437690E-01   5.216559E+01
   4.445390E-01   5.216950E+01
   4.454990E-01   5.217081E+01
   4.537680E-01   5.217276E+01
   4.593050E-01   5.217086E+01
   4.612990E-01   5.217118E+01
   4.694720E-01   5.216724E+01
   4.718930E-01   5.216294E+01
   4.736760E-01   5.216302E+01
   4.745680E-01   5.216466E+01
   4.758410E-01   5.216490E+01
   4.780070E-01   5.216701E+01
   4.800450E-01   5.216685E+01
   4.801720E-01   5.216513E+01
   4.825930E-01   5.216549E+01
   4.879420E-01   5.216412E+01
   4.895980E-01   5.216568E+01
   4.922730E-01   5.216552E+01
   4.922730E-01   5.216716E+01
   4.901080E-01   5.216771E+01
   4.878150E-01   5.216958E+01
   4.888340E-01   5.217154E+01
   4.918910E-01   5.217169E+01
   4.910000E-01   5.217419E+01
   4.944390E-01   5.217818E+01
   4.926560E-01   5.218161E+01
   4.949480E-01   5.218599E+01
   4.948210E-01   5.218950E+01
   4.966040E-01   5.219255E+01
   4.995340E-01   5.219372E+01
   4.985150E-01   5.219544E+01
   5.014450E-01   5.219715E+01
   4.999160E-01   5.219833E+01
   5.000440E-01   5.220239E+01
   5.008080E-01   5.220395E+01
   5.034830E-01   5.220457E+01
   5.034240E-01   5.220723E+01
   5.063560E-01   5.220870E+01
   5.068830E-01   5.221269E+01
   5.084600E-01   5.221266E+01
   5.081830E-01   5.221430E+01
   5.123460E-01   5.221425E+01
   5.130690E-01   5.222525E+01
   5.140920E-01   5.222712E+01
   4.940820E-01   5.223997E+01
   4.919710E-01   5.223860E+01
   4.910480E-01   5.223945E+01
   4.895310E-01   5.223808E+01
   4.884100E-01   5.223892E+01
   4.840580E-01   5.223525E+01
   4.859700E-01   5.223456E+01
   4.835300E-01   5.223258E+01
   4.795070E-01   5.223355E+01
   4.706040E-01   5.224110E+01
   4.659880E-01   5.223993E+01
   4.558320E-01   5.224700E+01
   4.447240E-01   5.224170E+01
   4.320210E-01   5.225116E+01
   4.300470E-01   5.225095E+01
   4.270430E-01   5.225306E+01
   4.151980E-01   5.224749E+01
   4.185450E-01   5.224559E+01
   4.212920E-01   5.224076E+01
   4.204340E-01   5.223944E+01
   4.157990E-01   5.223829E+01
   4.114720E-01   5.224008E+01
   3.943550E-01   5.223078E+01
   3.845850E-01   5.223414E+01
   3.693650E-01   5.222727E+01
   3.429790E-01   5.224234E+01
   3.545230E-01   5.224555E+01
   3.538800E-01   5.224586E+01
   3.601880E-01   5.224909E+01
   3.421060E-01   5.226268E+01
   3.442040E-01   5.226395E+01
   3.395630E-01   5.226713E+01
   3.486510E-01   5.227303E+01
   3.528220E-01   5.227966E+01
   3.529410E-01   5.228189E+01
   3.491280E-01   5.228324E+01
   3.572220E-01   5.228948E+01
   3.570490E-01   5.229167E+01
   3.581280E-01   5.229380E+01
   3.577830E-01   5.229681E+01
   3.757700E-01   5.229333E+01
   3.773850E-01   5.229142E+01
   3.702200E-01   5.228704E+01
   3.711000E-01   5.228600E+01
   3.785000E-01   5.228334E+01
   3.775610E-01   5.228219E+01
   3.784420E-01   5.228190E+01
   3.792050E-01   5.228262E+01
   3.839040E-01   5.228154E+01
   3.855480E-01   5.228262E+01
   3.941470E-01   5.228080E+01
   3.943430E-01   5.227895E+01
   4.272040E-01   5.225521E+01
   4.520860E-01   5.226258E+01
   4.516140E-01   5.226361E+01
   4.717880E-01   5.226894E+01
   4.730020E-01   5.226809E+01
   4.987890E-01   5.227304E+01
   4.984450E-01   5.227377E+01
   4.961280E-01   5.227498E+01
   4.962140E-01   5.227524E+01
   4.954410E-01   5.227551E+01
   4.956130E-01   5.227624E+01
   4.981880E-01   5.227813E+01
   4.964710E-01   5.227913E+01
   4.995610E-01   5.228396E+01
   4.989600E-01   5.228449E+01
   5.049100E-01   5.228471E+01
   5.049100E-01   5.228603E+01
   4.889180E-01   5.229609E+01
   4.859810E-01   5.229498E+01
   4.853990E-01   5.229556E+01
   4.856560E-01   5.229677E+01
   4.740690E-01   5.230380E+01
   4.718380E-01   5.230370E+01
   4.709790E-01   5.230433E+01
   4.716660E-01   5.230475E+01
   4.699490E-01   5.230659E+01
   4.622250E-01   5.230932E+01
   4.588770E-01   5.231566E+01
   4.417970E-01   5.231703E+01
   4.417110E-01   5.231619E+01
   4.316690E-01   5.231587E+01
   4.290940E-01   5.232364E+01
   4.247170E-01   5.232894E+01
   4.351880E-01   5.233371E+01
   4.369050E-01   5.233361E+01
   4.363040E-01   5.233560E+01
   4.382780E-01   5.233507E+01
   4.379350E-01   5.233680E+01
   4.388790E-01   5.234042E+01
   4.407670E-01   5.234168E+01
   4.429130E-01   5.234614E+01
   4.429580E-01   5.234881E+01
   4.272480E-01   5.235385E+01
   4.246050E-01   5.235201E+01
   4.197420E-01   5.235227E+01
   4.194310E-01   5.235271E+01
   4.204600E-01   5.235550E+01
   4.193090E-01   5.235647E+01
   4.192250E-01   5.235823E+01
   4.152170E-01   5.235993E+01
   4.105180E-01   5.235996E+01
   4.081150E-01   5.236132E+01
   4.079430E-01   5.236289E+01
   3.748810E-01   5.240952E+01
   4.256280E-01   5.243024E+01
   4.238260E-01   5.243380E+01
   4.290610E-01   5.243510E+01
   4.316360E-01   5.243777E+01
   4.404770E-01   5.244138E+01
   4.399620E-01   5.244395E+01
   4.446820E-01   5.244557E+01
   4.458140E-01   5.244720E+01
   4.550620E-01   5.244277E+01
   4.626670E-01   5.244252E+01
   4.687050E-01   5.244582E+01
   4.734060E-01   5.244571E+01
   4.757370E-01   5.244659E+01
   4.781070E-01   5.244531E+01
   4.838770E-01   5.244750E+01
   4.964120E-01   5.244722E+01
   5.005390E-01   5.245020E+01
   5.138380E-01   5.244915E+01
   5.161310E-01   5.245053E+01
   5.241190E-01   5.244813E+01
   5.270610E-01   5.245016E+01
   5.280170E-01   5.245265E+01
   5.309980E-01   5.245365E+01
   5.346280E-01   5.245130E+01
   5.648200E-01   5.245325E+01
   5.665630E-01   5.245356E+01
   5.983150E-01   5.245407E+01
   5.998770E-01   5.245310E+01
   6.074180E-01   5.245250E+01
   6.096110E-01   5.245050E+01
   6.175410E-01   5.244917E+01
   6.211460E-01   5.245113E+01
   6.426850E-01   5.245080E+01
   6.434570E-01   5.245206E+01
   6.450880E-01   5.245221E+01
   6.461180E-01   5.245373E+01
   6.516110E-01   5.245655E+01
   6.533280E-01   5.245666E+01
   6.623400E-01   5.246152E+01
   6.672320E-01   5.246210E+01
   6.718670E-01   5.246016E+01
   6.722100E-01   5.245859E+01
   6.936990E-01   5.245111E+01
   7.185890E-01   5.244965E+01
   7.186420E-01   5.244827E+01
   6.855110E-01   5.242519E+01
   6.692030E-01   5.240996E+01
   6.698900E-01   5.240692E+01
   7.377820E-01   5.239483E+01
   7.413350E-01   5.239160E+01
   7.412490E-01   5.238893E+01
   7.485440E-01   5.238322E+01
   7.615600E-01   5.238699E+01
   7.627920E-01   5.238888E+01
   7.677700E-01   5.239024E+01
   7.704310E-01   5.238945E+01
   7.734350E-01   5.238626E+01
   7.956650E-01   5.239071E+01
   8.099990E-01   5.238977E+01
   8.164370E-01   5.239349E+01
   8.357480E-01   5.240014E+01
   8.534300E-01   5.239904E+01
   8.548890E-01   5.239961E+01
   8.571200E-01   5.239788E+01
   8.570340E-01   5.239516E+01
   8.648450E-01   5.239034E+01
   8.807240E-01   5.239165E+01
   8.916240E-01   5.239029E+01
   8.941990E-01   5.238814E+01
   9.049280E-01   5.238594E+01
   9.192620E-01   5.238919E+01
   9.363420E-01   5.238668E+01
   9.419210E-01   5.237918E+01
   9.570290E-01   5.237164E+01
   9.806310E-01   5.236933E+01
   9.868100E-01   5.237159E+01
   9.985710E-01   5.237130E+01
   1.006895E+00   5.237573E+01
   1.037365E+00   5.237861E+01
   1.038480E+00   5.237714E+01
   1.082512E+00   5.237389E+01
   1.082426E+00   5.237295E+01
   1.115728E+00   5.237101E+01
   1.116415E+00   5.236986E+01
   1.119848E+00   5.236980E+01
   1.123882E+00   5.236697E+01
   1.161140E+00   5.236118E+01
   1.161397E+00   5.236170E+01
   1.170924E+00   5.235971E+01
   1.177190E+00   5.236076E+01
   1.183026E+00   5.235856E+01
   1.186889E+00   5.235950E+01
   1.188176E+00   5.236092E+01
   1.194614E+00   5.236123E+01
   1.201137E+00   5.235871E+01
   1.202767E+00   5.235924E+01
   1.214956E+00   5.235478E+01
   1.214956E+00   5.235552E+01
   1.217359E+00   5.235709E+01
   1.218866E+00   5.235675E+01
   1.221564E+00   5.235882E+01
   1.223109E+00   5.235835E+01
   1.223367E+00   5.235913E+01
   1.225942E+00   5.236002E+01
   1.230662E+00   5.235987E+01
   1.233152E+00   5.236112E+01
   1.233581E+00   5.236458E+01
   1.248086E+00   5.236542E+01
   1.253837E+00   5.237009E+01
   1.259330E+00   5.237051E+01
   1.267312E+00   5.237637E+01
   1.268686E+00   5.237879E+01
   1.269973E+00   5.237957E+01
   1.270660E+00   5.237936E+01
   1.286302E+00   5.238945E+01
   1.289907E+00   5.238986E+01
   1.291452E+00   5.238903E+01
   1.291967E+00   5.238924E+01
   1.293512E+00   5.238819E+01
   1.297289E+00   5.239070E+01
   1.302095E+00   5.239070E+01
   1.303468E+00   5.238965E+01
   1.305357E+00   5.239007E+01
   1.308962E+00   5.238745E+01
   1.312223E+00   5.238683E+01
   1.313768E+00   5.238735E+01
   1.316971E+00   5.238670E+01
   1.316008E+00   5.238780E+01
   1.320076E+00   5.238894E+01
   1.322131E+00   5.238835E+01
   1.324823E+00   5.238956E+01
   1.324965E+00   5.239040E+01
   1.330634E+00   5.239305E+01
   1.330114E+00   5.239337E+01
   1.330350E+00   5.239406E+01
   1.331095E+00   5.239397E+01
   1.333320E+00   5.239654E+01
   1.333436E+00   5.239799E+01
   1.335257E+00   5.239925E+01
   1.335692E+00   5.240137E+01
   1.337598E+00   5.240113E+01
   1.347096E+00   5.240369E+01
   1.346572E+00   5.240433E+01
   1.347189E+00   5.240514E+01
   1.346089E+00   5.240553E+01
   1.346737E+00   5.240700E+01
   1.346123E+00   5.240769E+01
   1.346259E+00   5.240848E+01
   1.348100E+00   5.240825E+01
   1.352053E+00   5.240973E+01
   1.353280E+00   5.240952E+01
   1.355665E+00   5.241064E+01
   1.356313E+00   5.241010E+01
   1.361152E+00   5.241251E+01
   1.361027E+00   5.241324E+01
   1.360157E+00   5.241383E+01
   1.360908E+00   5.241517E+01
   1.356748E+00   5.241857E+01
   1.356210E+00   5.242066E+01
   1.357335E+00   5.242185E+01
   1.357279E+00   5.242326E+01
   1.363913E+00   5.242656E+01
   1.366811E+00   5.242647E+01
   1.368183E+00   5.242721E+01
   1.368183E+00   5.242823E+01
   1.370242E+00   5.242786E+01
   1.371005E+00   5.242861E+01
   1.371081E+00   5.242977E+01
   1.374818E+00   5.242995E+01
   1.375351E+00   5.242935E+01
   1.380232E+00   5.243153E+01
   1.382214E+00   5.243121E+01
   1.382596E+00   5.243191E+01
   1.385569E+00   5.243135E+01
   1.391517E+00   5.243381E+01
   1.392432E+00   5.243567E+01
   1.391136E+00   5.243642E+01
   1.393074E+00   5.243742E+01
   1.393230E+00   5.243813E+01
   1.395916E+00   5.243919E+01
   1.396166E+00   5.243864E+01
   1.396978E+00   5.243877E+01
   1.397040E+00   5.243982E+01
   1.401903E+00   5.244153E+01
   1.402594E+00   5.244098E+01
   1.405012E+00   5.244092E+01
   1.406151E+00   5.244181E+01
   1.407307E+00   5.244156E+01
   1.406391E+00   5.244315E+01
   1.410333E+00   5.244426E+01
   1.412014E+00   5.244363E+01
   1.412564E+00   5.244443E+01
   1.414464E+00   5.244492E+01
   1.416096E+00   5.244419E+01
   1.417776E+00   5.244516E+01
   1.419338E+00   5.244492E+01
   1.421422E+00   5.244605E+01
   1.425469E+00   5.244572E+01
   1.425886E+00   5.244511E+01
   1.432195E+00   5.244467E+01
   1.432255E+00   5.244572E+01
   1.434934E+00   5.244728E+01
   1.435231E+00   5.244928E+01
   1.433320E+00   5.245361E+01
   1.433763E+00   5.245565E+01
   1.431362E+00   5.245716E+01
   1.411051E+00   5.246122E+01
   1.411051E+00   5.246200E+01
   1.411704E+00   5.246264E+01
   1.410660E+00   5.246377E+01
   1.413988E+00   5.246510E+01
   1.417839E+00   5.246983E+01
   1.422767E+00   5.247113E+01
   1.427400E+00   5.246989E+01
   1.426356E+00   5.246942E+01
   1.427139E+00   5.246904E+01
   1.427596E+00   5.246796E+01
   1.435167E+00   5.246435E+01
   1.434058E+00   5.246327E+01
   1.434775E+00   5.246252E+01
   1.434123E+00   5.246212E+01
   1.438594E+00   5.245796E+01
   1.457233E+00   5.245798E+01
   1.458316E+00   5.245886E+01
   1.459624E+00   5.245897E+01
   1.463278E+00   5.246139E+01
   1.463143E+00   5.246219E+01
   1.464135E+00   5.246323E+01
   1.464000E+00   5.246395E+01
   1.472120E+00   5.246749E+01
   1.472751E+00   5.246834E+01
   1.483453E+00   5.247165E+01
   1.483813E+00   5.247104E+01
   1.487555E+00   5.246928E+01
   1.487499E+00   5.246873E+01
   1.488470E+00   5.246829E+01
   1.490050E+00   5.246869E+01
   1.496341E+00   5.246746E+01
   1.494793E+00   5.246597E+01
   1.496127E+00   5.246548E+01
   1.497234E+00   5.246621E+01
   1.498373E+00   5.246579E+01
   1.497559E+00   5.246508E+01
   1.501399E+00   5.246387E+01
   1.501660E+00   5.246302E+01
   1.508201E+00   5.246155E+01
   1.508689E+00   5.246230E+01
   1.514579E+00   5.246322E+01
   1.518354E+00   5.246226E+01
   1.518485E+00   5.246183E+01
   1.521576E+00   5.246165E+01
   1.523529E+00   5.246472E+01
   1.522422E+00   5.246538E+01
   1.524293E+00   5.246745E+01
   1.530162E+00   5.246801E+01
   1.535868E+00   5.246598E+01
   1.536093E+00   5.246514E+01
   1.538050E+00   5.246421E+01
   1.538270E+00   5.246306E+01
   1.541408E+00   5.246180E+01
   1.543385E+00   5.246265E+01
   1.547813E+00   5.246102E+01
   1.547772E+00   5.245980E+01
   1.548553E+00   5.245906E+01
   1.558493E+00   5.245789E+01
   1.562811E+00   5.246193E+01
   1.561709E+00   5.246551E+01
   1.566254E+00   5.246919E+01
   1.565542E+00   5.247166E+01
   1.568031E+00   5.247449E+01
   1.574116E+00   5.247533E+01
   1.576305E+00   5.247664E+01
   1.586491E+00   5.247818E+01
   1.595297E+00   5.247553E+01
   1.597614E+00   5.247320E+01
   1.604277E+00   5.247130E+01
   1.605788E+00   5.246731E+01
   1.635251E+00   5.246304E+01
   1.635371E+00   5.246523E+01
   1.636358E+00   5.246667E+01
   1.643559E+00   5.246893E+01
   1.644735E+00   5.247108E+01
   1.646289E+00   5.247173E+01
   1.648907E+00   5.247148E+01
   1.653850E+00   5.246783E+01
   1.657207E+00   5.246755E+01
   1.661678E+00   5.247006E+01
   1.663077E+00   5.247454E+01
   1.670688E+00   5.247613E+01
   1.671586E+00   5.247716E+01
   1.670688E+00   5.248026E+01
   1.672118E+00   5.248225E+01
   1.676144E+00   5.248383E+01
   1.676942E+00   5.248640E+01
   1.681833E+00   5.248934E+01
   1.682558E+00   5.249478E+01
   1.675755E+00   5.249740E+01
   1.674414E+00   5.250173E+01
   1.671003E+00   5.250341E+01
   1.655775E+00   5.250037E+01
   1.653544E+00   5.250136E+01
   1.651413E+00   5.250426E+01
   1.646443E+00   5.250658E+01
   1.645225E+00   5.250815E+01
   1.647305E+00   5.251340E+01
   1.645580E+00   5.251519E+01
   1.629806E+00   5.252096E+01
   1.628386E+00   5.252278E+01
   1.628436E+00   5.252701E+01
   1.620666E+00   5.253234E+01
   1.620321E+00   5.253401E+01
   1.621538E+00   5.253534E+01
   1.621031E+00   5.253941E+01
   1.619919E+00   5.253983E+01
   1.624435E+00   5.254125E+01
   1.627611E+00   5.254037E+01
   1.628812E+00   5.253880E+01
   1.633876E+00   5.253729E+01
   1.658510E+00   5.254240E+01
   1.659883E+00   5.254491E+01
   1.665119E+00   5.254940E+01
   1.669239E+00   5.255013E+01
   1.681255E+00   5.254767E+01
   1.684860E+00   5.254950E+01
   1.686405E+00   5.254908E+01
   1.690525E+00   5.254486E+01
   1.701769E+00   5.254454E+01
   1.703399E+00   5.254366E+01
   1.705631E+00   5.253964E+01
   1.725715E+00   5.253290E+01
   1.726574E+00   5.253055E+01
   1.741254E+00   5.253288E+01
   1.763681E+00   5.248238E+01
   1.761749E+00   5.247647E+01
   1.758074E+00   5.247284E+01
   1.757836E+00   5.247179E+01
   1.750957E+00   5.247073E+01
   1.729604E+00   5.242693E+01
   1.732463E+00   5.241492E+01
   1.677175E+00   5.231591E+01
   1.623433E+00   5.218820E+01
   1.582790E+00   5.208957E+01
   1.579374E+00   5.208581E+01
   1.463914E+00   5.204092E+01
   1.459664E+00   5.204088E+01
   1.454746E+00   5.203287E+01
   1.449409E+00   5.203100E+01
   1.435313E+00   5.200878E+01
   1.433927E+00   5.200862E+01
   1.391005E+00   5.198578E+01
   1.389365E+00   5.197920E+01
   1.369575E+00   5.196419E+01
   1.320218E+00   5.193285E+01
   1.306307E+00   5.193386E+01
   1.307251E+00   5.194508E+01
   1.306135E+00   5.194820E+01
   1.303131E+00   5.195074E+01
   1.289756E+00   5.195415E+01
END
END
