none
1
   -5.339417E+01   -3.373912E+01
   -5.336321E+01   -3.373654E+01
   -5.277230E+01   -3.411526E+01
   -5.484598E+01   -3.543046E+01
   -5.783680E+01   -3.467596E+01
   -5.794731E+01   -3.450839E+01
   -5.810591E+01   -3.433987E+01
   -5.832661E+01   -3.415450E+01
   -5.835468E+01   -3.404255E+01
   -5.843356E+01   -3.391484E+01
   -5.848687E+01   -3.357513E+01
   -5.844819E+01   -3.334742E+01
   -5.838993E+01   -3.328049E+01
   -5.838202E+01   -3.312817E+01
   -5.832557E+01   -3.309757E+01
   -5.816997E+01   -3.309102E+01
   -5.815416E+01   -3.305485E+01
   -5.809264E+01   -3.299502E+01
   -5.813014E+01   -3.290480E+01
   -5.817173E+01   -3.257208E+01
   -5.820964E+01   -3.249023E+01
   -5.819965E+01   -3.238414E+01
   -5.811897E+01   -3.231946E+01
   -5.810797E+01   -3.228872E+01
   -5.810976E+01   -3.225882E+01
   -5.819279E+01   -3.216252E+01
   -5.815555E+01   -3.199616E+01
   -5.821151E+01   -3.188502E+01
   -5.816655E+01   -3.183213E+01
   -5.807958E+01   -3.180889E+01
   -5.805117E+01   -3.175300E+01
   -5.799045E+01   -3.158082E+01
   -5.801563E+01   -3.153429E+01
   -5.808248E+01   -3.149754E+01
   -5.808930E+01   -3.145387E+01
   -5.798953E+01   -3.138450E+01
   -5.800086E+01   -3.136114E+01
   -5.799013E+01   -3.131653E+01
   -5.791549E+01   -3.121258E+01
   -5.792309E+01   -3.112277E+01
   -5.788265E+01   -3.107346E+01
   -5.787449E+01   -3.103768E+01
   -5.791342E+01   -3.095708E+01
   -5.791249E+01   -3.092896E+01
   -5.788545E+01   -3.090965E+01
   -5.781848E+01   -3.091097E+01
   -5.781523E+01   -3.070483E+01
   -5.784823E+01   -3.066661E+01
   -5.785598E+01   -3.062477E+01
   -5.789666E+01   -3.058898E+01
   -5.789690E+01   -3.051973E+01
   -5.784800E+01   -3.046047E+01
   -5.765198E+01   -3.033447E+01
   -5.762623E+01   -3.025080E+01
   -5.765546E+01   -3.018887E+01
   -5.762208E+01   -3.017726E+01
   -5.755556E+01   -3.020287E+01
   -5.754561E+01   -3.023006E+01
   -5.755656E+01   -3.025322E+01
   -5.752148E+01   -3.027576E+01
   -5.746416E+01   -3.025602E+01
   -5.741239E+01   -3.026915E+01
   -5.737351E+01   -3.026382E+01
   -5.734910E+01   -3.026973E+01
   -5.731343E+01   -3.024786E+01
   -5.726076E+01   -3.025694E+01
   -5.717194E+01   -3.023258E+01
   -5.717690E+01   -3.019318E+01
   -5.710241E+01   -3.008319E+01
   -5.686723E+01   -3.006385E+01
   -5.664675E+01   -3.019962E+01
   -5.648435E+01   -3.033677E+01
   -5.648647E+01   -3.038426E+01
   -5.645595E+01   -3.037685E+01
   -5.643652E+01   -3.042235E+01
   -5.641135E+01   -3.042169E+01
   -5.638793E+01   -3.044410E+01
   -5.572720E+01   -3.093064E+01
   -5.566499E+01   -3.085799E+01
   -5.564115E+01   -3.083790E+01
   -5.557395E+01   -3.082386E+01
   -5.553884E+01   -3.088318E+01
   -5.548042E+01   -3.091960E+01
   -5.503716E+01   -3.126212E+01
   -5.499902E+01   -3.125958E+01
   -5.475330E+01   -3.141455E+01
   -5.466672E+01   -3.144411E+01
   -5.458167E+01   -3.144799E+01
   -5.449515E+01   -3.152030E+01
   -5.444391E+01   -3.159583E+01
   -5.444269E+01   -3.164897E+01
   -5.409106E+01   -3.192030E+01
   -5.403301E+01   -3.188543E+01
   -5.396594E+01   -3.190848E+01
   -5.395458E+01   -3.194696E+01
   -5.384307E+01   -3.199330E+01
   -5.373821E+01   -3.207166E+01
   -5.371537E+01   -3.209530E+01
   -5.345770E+01   -3.247652E+01
   -5.344727E+01   -3.251761E+01
   -5.339024E+01   -3.257522E+01
   -5.336665E+01   -3.256037E+01
   -5.328722E+01   -3.261118E+01
   -5.327332E+01   -3.259512E+01
   -5.324477E+01   -3.259553E+01
   -5.323283E+01   -3.262039E+01
   -5.318117E+01   -3.263624E+01
   -5.308408E+01   -3.272221E+01
   -5.317261E+01   -3.282300E+01
   -5.328527E+01   -3.290351E+01
   -5.329632E+01   -3.296987E+01
   -5.346784E+01   -3.307679E+01
   -5.351141E+01   -3.314506E+01
   -5.351996E+01   -3.320665E+01
   -5.349112E+01   -3.342790E+01
   -5.352106E+01   -3.366162E+01
   -5.351577E+01   -3.367975E+01
   -5.343607E+01   -3.368487E+01
   -5.342085E+01   -3.373068E+01
   -5.339417E+01   -3.373912E+01
END
END
