Кабардино-Балкария
1
	44.4043065798	44.1806721146
	44.4220906985	44.1803821976
	44.4309226305	44.1800209894
	44.4426359516	44.1788673279
	44.4542487404	44.1769500487
	44.4657112693	44.1742773619
	44.476974454	44.1708607121
	44.4879900637	44.1667147302
	44.498710928	44.1618571698
	44.5090911385	44.1563088317
	44.5190862454	44.1500934748
	44.5286534483	44.1432377142
	44.5323361988	44.1403347897
	44.5367841358	44.1367337155
	44.5421997158	44.1321698331
	44.5507902136	44.1241239539
	44.5588360928	44.1155334561
	44.5663028997	44.1064351255
	44.5731586604	44.0968679227
	44.5793740173	44.0868728157
	44.5849223553	44.0764926053
	44.5897799158	44.065771741
	44.5939258977	44.0547561312
	44.5973425474	44.0434929466
	44.6000152343	44.0320304177
	44.6019325135	44.0204176288
	44.6030861749	44.0087043078
	44.6034712784	43.9969406128
	44.6030861749	43.9851769178
	44.6023899515	43.9772475894
	44.6016723046	43.9707324328
	44.6014077081	43.9523857801
	44.6008235347	43.9455017583
	44.5994349849	43.9321808355
	44.5988654969	43.9273515362
	44.5969482177	43.9157387474
	44.5942755308	43.9042762185
	44.5941064196	43.903649611
	44.5924432115	43.8975308366
	44.5891956731	43.8868942594
	44.5850496912	43.8758786496
	44.5801921307	43.8651577853
	44.5746437927	43.8547775749
	44.5684284358	43.844782468
	44.5615726751	43.8352152651
	44.5541058682	43.8261169345
	44.546059989	43.8175264368
	44.5374694912	43.8094805576
	44.5331618504	43.805945368
	44.5400441343	43.8010135931
	44.5491424649	43.7935467862
	44.5577329627	43.785500907
	44.5657788419	43.7769104092
	44.5711258614	43.7705206197
	44.5744446481	43.7663625997
	44.5765644354	43.7636540586
	44.583420196	43.7540868558
	44.5896355529	43.7440917488
	44.5947440235	43.7345973535
	44.5972464649	43.7295924707
	44.5976863324	43.7287066556
	44.6025438928	43.7179857913
	44.6066898747	43.7069701815
	44.6101065245	43.6957069969
	44.6127792113	43.6842444679
	44.6146964905	43.6726316791
	44.615850152	43.6609183581
	44.6162352555	43.6491546631
	44.615850152	43.6373909681
	44.6151669181	43.6295799242
	44.6129467643	43.6093009936
	44.6124763367	43.6053987164
	44.6105590575	43.5937859276
	44.6078863707	43.5823233986
	44.6055824568	43.5744482043
	44.6000282576	43.5569540026
	44.5989155217	43.5535660123
	44.5947695398	43.5425504026
	44.5912184723	43.5345355972
	44.5908550385	43.5337664957
	44.5901159304	43.5206802321
	44.5900170221	43.5190590589
	44.5888633607	43.5073457379
	44.5869460815	43.495732949
	44.5842733946	43.4842704201
	44.5808567449	43.4730072355
	44.5797728978	43.4699075751
	44.5813918822	43.4625724098
	44.5833091614	43.450959621
	44.5844628229	43.4392463
	44.5848479264	43.427482605
	44.5844628229	43.41571891
	44.5833091614	43.404005589
	44.5813918822	43.3923928001
	44.5787191954	43.3809302712
	44.5753025456	43.3696670865
	44.5711565637	43.3586514768
	44.5662990033	43.3479306125
	44.5607506652	43.3375504021
	44.5545353083	43.3275552951
	44.5476795477	43.3179880922
	44.5402127408	43.3088897617
	44.5321668616	43.3002992639
	44.5276222462	43.2959115312
	44.5234642262	43.2920357988
	44.5194183438	43.2883776523
	44.5103200132	43.2809108454
	44.5007528104	43.2740550848
	44.4907577034	43.2678397278
	44.480377493	43.2622913898
	44.4750360163	43.2597654741
	44.4750354488	43.2597652171
	44.4740951058	43.259218512
	44.4637148953	43.253670174
	44.4573551829	43.2506868599
	44.4528735257	43.2483982623
	44.4428537259	43.243832828
	44.4309137235	43.2388279452
	44.430212659	43.2385358191
	44.4191970492	43.2343898372
	44.4079338645	43.2309731875
	44.3964713356	43.2283005006
	44.3848585468	43.2263832214
	44.3731452257	43.2252295599
	44.3693247687	43.2250199381
	44.3629389655	43.2247376505
	44.3432320326	43.2249472723
	44.3315187115	43.2261009338
	44.3199059227	43.228018213
	44.3126852031	43.2296094588
	44.3067507341	43.2269589923
	44.3050282652	43.2256206232
	44.3036214379	43.2245520624
	44.302589165	43.223565568
	44.2969146817	43.2183703281
	44.2878163511	43.2109035212
	44.2782491483	43.2040477605
	44.2682540413	43.1978324036
	44.2578738309	43.1922840656
	44.2471529666	43.1874265051
	44.2404588257	43.1849070089
	44.2386176017	43.1818928359
	44.2330634025	43.1732868788
	44.2314914851	43.1708933078
	44.2246357245	43.1613261049
	44.2171689175	43.1522277744
	44.2096344101	43.1441507128
	44.2058446176	43.1395662421
	44.2024441861	43.1355728061
	44.1951628751	43.1277515006
	44.1775450545	43.1099199262
	44.1726030732	43.1038102947
	44.1679898404	43.0983337314
	44.1599439612	43.0897432336
	44.1530903339	43.0832405078
	44.1447666644	43.0757484424
	44.143029794	43.074205289
	44.1339314634	43.0667384821
	44.1243642606	43.0598827215
	44.1143691536	43.0536673646
	44.1039889432	43.0481190265
	44.0932680789	43.0432614661
	44.0926231372	43.0429957864
	44.0878929125	43.0410579202
	44.0775222445	43.0371776179
	44.0662590598	43.0337609682
	44.0547965309	43.0310882813
	44.0431837421	43.0291710021
	44.0314704211	43.0280173407
	44.0197067261	43.0276322372
	44.0079430311	43.0280173407
	43.9962297101	43.0291710021
	43.9846169212	43.0310882813
	43.9731543923	43.0337609682
	43.9618912076	43.0371776179
	43.9508755979	43.0413235999
	43.9401547336	43.0461811603
	43.9297745231	43.0517294984
	43.9296058792	43.0518269868
	43.919942234	43.057420258
	43.917271676	43.0503247556
	43.9124141156	43.0396038913
	43.9068657775	43.0292236809
	43.9006504206	43.0192285739
	43.899329305	43.0172791331
	43.8962775472	43.0128388255
	43.8907429022	43.0052210634
	43.8832760953	42.9961227329
	43.8752302161	42.9875322351
	43.8722736403	42.9846428454
	43.8600513503	42.9729698718
	43.8544174283	42.9678133823
	43.8453190977	42.9603465754
	43.8357518948	42.9534908147
	43.8316320425	42.9508186373
	43.8297869879	42.9496573879
	43.8264210874	42.9470103937
	43.8168556506	42.9401558131
	43.8118660265	42.9368217677
	43.8118642606	42.9368205877
	43.8077238515	42.9341354741
	43.7927244618	42.9246979131
	43.786869764	42.9211676697
	43.7806635051	42.9177457106
	43.7805321716	42.9176094453
	43.779353742	42.9160563295
	43.7718869351	42.906957999
	43.7638410559	42.8983675012
	43.7606405307	42.8952455628
	43.7427495665	42.8782226752
	43.7415825744	42.8761703972
	43.7353672175	42.8661752902
	43.7334253156	42.8633284493
	43.7142755353	42.835824482
	43.7093616766	42.8291041201
	43.7018948697	42.8200057895
	43.6938489905	42.8114152917
	43.6893818427	42.80709981
	43.6810429145	42.7993178276
	43.6769195645	42.7955874301
	43.6678212339	42.7881206232
	43.6582540311	42.7812648626
	43.6482589241	42.7750495057
	43.6378787137	42.7695011676
	43.6271578494	42.7646436072
	43.6161422396	42.7604976253
	43.604879055	42.7570809755
	43.5934165261	42.7544082887
	43.5818037372	42.7524910095
	43.5779500948	42.7520259132
	43.5704427706	42.7512019386
	43.562583092	42.7505133734
	43.550819397	42.7501282699
	43.539055702	42.7505133734
	43.527342381	42.7516670348
	43.5157295921	42.753584314
	43.5044909011	42.7561971782
	43.5035517691	42.7564475217
	43.4988072603	42.7526782754
	43.4892400574	42.7458225148
	43.4792449505	42.7396071579
	43.46886474	42.7340588198
	43.4581438758	42.7292012594
	43.447128266	42.7250552775
	43.4358650813	42.7216386278
	43.4244025524	42.7189659409
	43.4173880603	42.717714568
	43.4078124306	42.7155365235
	43.4065252393	42.7152853602
	43.3937460035	42.7128401392
	43.3834204059	42.7111740234
	43.3717070849	42.7100203619
	43.3599433899	42.7096352584
	43.3545967781	42.7097147421
	43.3377930367	42.7102144675
	43.3313759535	42.7105200873
	43.3196626324	42.7116737487
	43.3080498436	42.7135910279
	43.2965873147	42.7162637148
	43.285335409	42.7196765362
	43.2716673487	42.7243152081
	43.2716560697	42.7243190364
	43.2606404599	42.7284650183
	43.2499195957	42.7333225787
	43.2395393852	42.7388709168
	43.23806599	42.7397309244
	43.2284338667	42.7429464603
	43.2275734281	42.7432361201
	43.2255192876	42.7439472786
	43.2163301384	42.7471909444
	43.2083810772	42.7485526623
	43.2049514419	42.7491744423
	43.193785823	42.7513106728
	43.1934737921	42.7513706569
	43.1877552648	42.7524752136
	43.1774239816	42.7540319437
	43.169133828	42.7554802186
	43.1671752537	42.7558811313
	43.1550330723	42.7584369785
	43.1455291176	42.7607087526
	43.134265933	42.7641254024
	43.1232503232	42.7682713843
	43.1125294589	42.7731289447
	43.1021492485	42.7786772828
	43.0959313601	42.7824366499
	43.0912914545	42.7853715481
	43.0856271945	42.7890048833
	43.0760599917	42.795860644
	43.0669616611	42.8033274509
	43.0583711633	42.8113733301
	43.0537641472	42.8161536228
	43.0218190456	42.8374711519
	42.9951347536	42.8511966466
	42.9820976967	42.8574531319
	42.9803654575	42.8582958759
	42.969985247	42.8638442139
	42.9602560432	42.8698822416
	42.9506163032	42.8762985624
	42.9503504001	42.8764758916
	42.9433719042	42.881382067
	42.9355937365	42.8871308158
	42.9330050295	42.889080401
	42.9239066989	42.8965472079
	42.9153162012	42.9045930871
	42.9144733486	42.9054415628
	42.9079196987	42.9120829507
	42.9007166721	42.9198249729
	42.8965668721	42.9247309954
	42.8872323079	42.9361750872
	42.8839153009	42.9403673952
	42.8838600285	42.9404445278
	42.8786681557	42.9416551027
	42.8674049711	42.9450717525
	42.8563893613	42.9492177344
	42.845668497	42.9540752948
	42.8352882866	42.9596236329
	42.8252931796	42.9658389898
	42.8157259768	42.9726947504
	42.8066276462	42.9801615573
	42.7980371484	42.9882074365
	42.7926898442	42.9939166951
	42.7860654699	42.9891697356
	42.7760703629	42.9829543787
	42.7682075567	42.9786720978
	42.765068054	42.9770622383
	42.7625506497	42.975796181
	42.7518297854	42.9709386206
	42.7408141757	42.9667926387
	42.729550991	42.963375989
	42.7180884621	42.9607033021
	42.7064756732	42.9587860229
	42.6947623522	42.9576323615
	42.6829986572	42.957247258
	42.6712349622	42.9576323615
	42.6595216412	42.9587860229
	42.6498541204	42.9603274898
	42.6329664556	42.9634936886
	42.6310211876	42.9638695008
	42.6195586587	42.9665421877
	42.608295474	42.9699588374
	42.6062774591	42.9706572483
	42.5911694995	42.9759865687
	42.5760882733	42.9812892735
	42.5669186887	42.9847974158
	42.5576769858	42.9889339275
	42.5506995583	42.9906548891
	42.5394363736	42.9940715388
	42.5328986349	42.9964326443
	42.5234801473	43.0000413479
	42.5190022763	43.0018262244
	42.5082814121	43.0066837848
	42.4979012016	43.0122321229
	42.4958735247	43.0134205336
	42.4943165467	43.0139171465
	42.491157565	43.0149570064
	42.4801419553	43.0191029883
	42.4713877413	43.0230055192
	42.4635934574	43.0267321493
	42.4553357023	43.0286473049
	42.4494193459	43.0301255617
	42.4402422176	43.0328482793
	42.4390482173	43.0332373784
	42.4385571056	43.0333982021
	42.4323086314	43.0354543239
	42.4307136869	43.0359874324
	42.4196980771	43.0401334143
	42.4089772128	43.0449909747
	42.3985970024	43.0505393128
	42.3886018954	43.0567546697
	42.3790346926	43.0636104303
	42.3779529873	43.0644470042
	42.3770660416	43.0644712281
	42.3760032654	43.0644364364
	42.3642395704	43.0648215399
	42.3525262494	43.0659752014
	42.3409134605	43.0678924805
	42.3294509316	43.0705651674
	42.3181877469	43.0739818172
	42.3071721372	43.0781277991
	42.2964512729	43.0829853595
	42.2860710625	43.0885336976
	42.2760759555	43.0947490545
	42.2665087526	43.1016048151
	42.2574104221	43.109071622
	42.2488199243	43.1171175012
	42.2407740451	43.125707999
	42.2333072382	43.1348063295
	42.2264514776	43.1443735324
	42.2202361207	43.1543686394
	42.2146877826	43.1647488498
	42.2098302222	43.1754697141
	42.2056842402	43.1864853238
	42.2022675905	43.1977485085
	42.1995949036	43.2092110374
	42.1976776244	43.2208238263
	42.196523963	43.2325371473
	42.1961388595	43.2443008423
	42.196523963	43.2560645373
	42.1976776244	43.2677778583
	42.1995949036	43.2793906471
	42.2022675905	43.2908531761
	42.2056842402	43.3021163607
	42.2098302222	43.3131319705
	42.2146877826	43.3238528348
	42.2202361207	43.3342330452
	42.2226310609	43.3382591914
	42.2208290222	43.3492875714
	42.2196753607	43.3610008924
	42.2193322976	43.3688759682
	42.21905001	43.3819298622
	42.2193930731	43.3975821764
	42.2205467346	43.4092954975
	42.2224640138	43.4209082863
	42.2251367006	43.4323708152
	42.2285533504	43.4436339999
	42.2326993323	43.4546496096
	42.2330354861	43.4554556168
	42.2352556399	43.4607427872
	42.2397770465	43.4706576443
	42.2453253846	43.4810378548
	42.2515407415	43.4910329617
	42.2542347541	43.4949516838
	42.2575687995	43.4996666497
	42.2617305475	43.5053151304
	42.2691973544	43.514413461
	42.2772432336	43.5230039588
	42.2780011718	43.5237574067
	42.2862878612	43.531946201
	42.2841106013	43.5380020475
	42.2821052957	43.5442857359
	42.2804420877	43.5498475645
	42.2790307436	43.5548270608
	42.2763580567	43.5662895897
	42.2744407775	43.5779023785
	42.2736443491	43.5850549113
	42.2730874033	43.5911660563
	42.2727301703	43.5957268446
	42.2723450668	43.6074905396
	42.2727301703	43.6192542345
	42.2738838317	43.6309675556
	42.2758011109	43.6425803444
	42.2784737978	43.6540428733
	42.2818904475	43.665306058
	42.2860364295	43.6763216677
	42.2908939899	43.687042532
	42.2964423279	43.6974227425
	42.3026576848	43.7074178494
	42.3095134455	43.7169850523
	42.3144551518	43.7231406653
	42.3216801884	43.7317466223
	42.324205289	43.7346893399
	42.3322511682	43.7432798377
	42.340841666	43.7513257169
	42.3499399965	43.7587925238
	42.3595071994	43.7656482844
	42.3695023063	43.7718636413
	42.3798825168	43.7774119794
	42.3891785907	43.7816721905
	42.4055589008	43.7886225689
	42.4069836911	43.7892199182
	42.4179993009	43.7933659001
	42.4252583937	43.7956598882
	42.4305038785	43.7975315495
	42.4417670632	43.8009481993
	42.4532295921	43.8036208862
	42.4594955474	43.8047523515
	42.4646452015	43.8061476941
	42.4707870817	43.8083576604
	42.4820502663	43.8117743101
	42.4935127952	43.814446997
	42.5009241081	43.8157606248
	42.5021881348	43.8228553078
	42.5039471856	43.830763441
	42.5084024891	43.8488600224
	42.5088574634	43.8508393952
	42.510415021	43.8570992088
	42.5138316707	43.8683623934
	42.5179776526	43.8793780032
	42.522835213	43.8900988675
	42.5283835511	43.9004790779
	42.534598908	43.9104741849
	42.5414546686	43.9200413877
	42.5489214755	43.9291397183
	42.5569673547	43.9377302161
	42.5570275598	43.9377903927
	42.5650918299	43.9458470333
	42.5736221225	43.9538327359
	42.5827204531	43.9612995428
	42.5922876559	43.9681553034
	42.6022827629	43.9743706603
	42.6126629733	43.9799189984
	42.6233838376	43.9847765588
	42.6343994474	43.9889225408
	42.645662632	43.9923391905
	42.6485679392	43.9930917432
	42.6618964915	43.9964257886
	42.6704537132	43.9983459228
	42.6820665021	44.000263202
	42.6826113408	44.0003340849
	42.6912172978	44.0014403471
	42.7023857801	44.0025231256
	42.7141494751	44.0029082291
	42.7259131701	44.0025231256
	42.7334828148	44.0018661554
	42.7643208275	43.99853211
	42.7684645038	43.9980354188
	42.7740623036	43.9972086781
	42.7795561957	43.9963087632
	42.7877222841	44.0029636663
	42.797289487	44.009819427
	42.8001925637	44.0117189603
	42.8249041726	44.0275499539
	42.8319962028	44.0318657775
	42.8423764133	44.0374141156
	42.8425382436	44.0374938206
	42.8594907583	44.0458327489
	42.8700497922	44.0506106042
	42.881065402	44.0547565862
	42.8865440215	44.0565190926
	42.9057090605	44.06234795
	42.9114936257	44.0640020933
	42.9229561546	44.0666747802
	42.9345689435	44.0685920594
	42.9462820381	44.069745706
	42.9548956245	44.0703102812
	42.9548958509	44.070310296
	42.9638758434	44.070673857
	42.9988718761	44.071215544
	43.0016555786	44.0712370865
	43.0070377376	44.0711565422
	43.0334962066	44.0703644595
	43.0337456652	44.0706134613
	43.0422195346	44.0785428189
	43.0513178652	44.0860096258
	43.0608850681	44.0928653864
	43.0669370842	44.0967366533
	43.0719495964	44.09980367
	43.0758926872	44.1021477599
	43.0862728977	44.107696098
	43.0964206213	44.1123150962
	43.1083682531	44.1173123496
	43.1089413938	44.1175509119
	43.1199570035	44.1216968938
	43.1312201882	44.1251135435
	43.1426827171	44.1277862304
	43.154295506	44.1297035096
	43.166008827	44.130857171
	43.1718612568	44.1311451111
	43.1887985127	44.1317020569
	43.1947097778	44.1317992203
	43.2036070598	44.1315790264
	43.2205519451	44.130739793
	43.2234183581	44.1305748834
	43.2351316791	44.129421222
	43.2467444679	44.1275039428
	43.2508052198	44.1266473922
	43.2582972852	44.1249765548
	43.2656990623	44.1231604185
	43.276962247	44.1197437688
	43.2781493822	44.1193361657
	43.2909362475	44.1148958581
	43.3007647219	44.1111574792
	43.3114855862	44.1062999188
	43.3202661252	44.1016642637
	43.331092236	44.095560748
	43.3326919075	44.0946480651
	43.3426870145	44.0884327082
	43.3522542173	44.0815769476
	43.356081629	44.0785567807
	43.364977503	44.0713393735
	43.3702484219	44.0668927335
	43.3788389197	44.0588468543
	43.3868847989	44.0502563565
	43.3898208807	44.0468223331
	43.3950951391	44.0404943809
	43.3982531222	44.041074194
	43.4204775485	44.0449499264
	43.4279008526	44.0460853455
	43.4396141737	44.047239007
	43.4454732939	44.0475271669
	43.4710241362	44.0483664003
	43.4886924059	44.0480782403
	43.4923427579	44.047801649
	43.5279109952	44.0447422618
	43.5359739643	44.0438651917
	43.5475867531	44.0419479125
	43.5527301399	44.0408464097
	43.6190456384	44.0256269016
	43.6344489129	44.0236658474
	43.6360011907	44.0260289944
	43.6415133498	44.0338225733
	43.6448397658	44.0382705103
	43.6461833673	44.0400441343
	43.6536501743	44.0491424649
	43.6616960535	44.0577329627
	43.666352032	44.06222441
	43.6705253108	44.0661077719
	43.6744598301	44.0696622037
	43.6835581606	44.0771290106
	43.6931253635	44.0839847712
	43.6961585239	44.0859675613
	43.7061454013	44.0923533645
	43.7131073479	44.0965859313
	43.7234875583	44.1021342694
	43.7335828627	44.1067313328
	43.7382672537	44.1086923797
	43.748448259	44.1140453389
	43.7519505976	44.1168868588
	43.7557780092	44.1199070257
	43.7653452121	44.1267627863
	43.7697668265	44.1296244711
	43.7950430106	44.1454630942
	43.8006165031	44.1488167663
	43.8109967136	44.1543651044
	43.8217175779	44.1592226648
	43.8327331876	44.1633686467
	43.8439963723	44.1667852964
	43.8554589012	44.1694579833
	43.86707169	44.1713752625
	43.8679102226	44.171483653
	43.8831842704	44.1734215192
	43.8940590589	44.1744667902
	43.9058227539	44.1748518937
	43.9175864489	44.1744667902
	43.9292997699	44.1733131287
	43.9293369851	44.1733082253
	43.9455194055	44.1711743334
	43.9457730474	44.1711669458
	43.952300194	44.1708580865
	43.964013515	44.1697044251
	43.9756263039	44.1677871459
	43.9849890221	44.1656635445
	44.0006918302	44.1631455437
	44.00730355	44.1619582885
	44.0187660789	44.1592856016
	44.0300292636	44.1558689519
	44.0346504354	44.154229695
	44.0474296713	44.1494994703
	44.0538241092	44.1469927453
	44.0624034437	44.1431737127
	44.0665029127	44.1430719484
	44.1126149732	44.141401111
	44.1178656847	44.1411339654
	44.1295790058	44.139980304
	44.134665557	44.1392365516
	44.1674414359	44.13396464
	44.1739676735	44.1327911132
	44.1854302024	44.1301184263
	44.1966933871	44.1267017766
	44.2077089968	44.1225557947
	44.2161569808	44.1187993249
	44.21967319	44.1200336858
	44.2309363747	44.1234503355
	44.2345446075	44.1243772173
	44.2400543693	44.1276909728
	44.2504345798	44.1332393109
	44.2611554441	44.1380968713
	44.2721710538	44.1422428533
	44.2742920934	44.1429481817
	44.2746683901	44.1432377142
	44.284235593	44.1500934748
	44.2942306999	44.1563088317
	44.3046109103	44.1618571698
	44.3153317746	44.1667147302
	44.3263473844	44.1708607121
	44.3376105691	44.1742773619
	44.349073098	44.1769500487
	44.3606858868	44.1788673279
	44.3723992079	44.1800209894
	44.3811337016	44.1803805828
	44.3983456156	44.1806704998
	44.3996367986	44.180639113
	44.4013748169	44.1806960099
	44.4043065798	44.1806721146
END
END
