none
1
   -8.310642E+01   4.196397E+01
   -8.305735E+01   4.186716E+01
   -8.280836E+01   4.176026E+01
   -8.263504E+01   4.170539E+01
   -8.230042E+01   4.175045E+01
   -8.138500E+01   4.220145E+01
   -8.050521E+01   4.233584E+01
   -8.051087E+01   4.063119E+01
   -8.064103E+01   4.059255E+01
   -8.062382E+01   4.054516E+01
   -8.057649E+01   4.047156E+01
   -8.060446E+01   4.024533E+01
   -8.068836E+01   4.014838E+01
   -8.074430E+01   3.989631E+01
   -8.077872E+01   3.990126E+01
   -8.083250E+01   3.976414E+01
   -8.081744E+01   3.971617E+01
   -8.085495E+01   3.962089E+01
   -8.093792E+01   3.959360E+01
   -8.111432E+01   3.944590E+01
   -8.116165E+01   3.942430E+01
   -8.120038E+01   3.938108E+01
   -8.138192E+01   3.932233E+01
   -8.145423E+01   3.939272E+01
   -8.153814E+01   3.932785E+01
   -8.154889E+01   3.925126E+01
   -8.160913E+01   3.923793E+01
   -8.166506E+01   3.925792E+01
   -8.171790E+01   3.917930E+01
   -8.173391E+01   3.908781E+01
   -8.177478E+01   3.906443E+01
   -8.173821E+01   3.891895E+01
   -8.179630E+01   3.890724E+01
   -8.188450E+01   3.885700E+01
   -8.194043E+01   3.887040E+01
   -8.195009E+01   3.893245E+01
   -8.194904E+01   3.897751E+01
   -8.201358E+01   3.899089E+01
   -8.207167E+01   3.895744E+01
   -8.212115E+01   3.885700E+01
   -8.217493E+01   3.878995E+01
   -8.215772E+01   3.858340E+01
   -8.225929E+01   3.857849E+01
   -8.230616E+01   3.844200E+01
   -8.238526E+01   3.842918E+01
   -8.240729E+01   3.843436E+01
   -8.253612E+01   3.840077E+01
   -8.255900E+01   3.840076E+01
   -8.258246E+01   3.840642E+01
   -8.259961E+01   3.842445E+01
   -8.260682E+01   3.845802E+01
   -8.261675E+01   3.847215E+01
   -8.265510E+01   3.849051E+01
   -8.267811E+01   3.851382E+01
   -8.269751E+01   3.853958E+01
   -8.272774E+01   3.855052E+01
   -8.275556E+01   3.855366E+01
   -8.278458E+01   3.855370E+01
   -8.281374E+01   3.856108E+01
   -8.285449E+01   3.859380E+01
   -8.286881E+01   3.865920E+01
   -8.288203E+01   3.869532E+01
   -8.289084E+01   3.875117E+01
   -8.296023E+01   3.872454E+01
   -8.302412E+01   3.871852E+01
   -8.304615E+01   3.869102E+01
   -8.310232E+01   3.866522E+01
   -8.312206E+01   3.864255E+01
   -8.314564E+01   3.861498E+01
   -8.318026E+01   3.861612E+01
   -8.320974E+01   3.861313E+01
   -8.325109E+01   3.862247E+01
   -8.328948E+01   3.859397E+01
   -8.330931E+01   3.859579E+01
   -8.332201E+01   3.860687E+01
   -8.333095E+01   3.863128E+01
   -8.335500E+01   3.864948E+01
   -8.340040E+01   3.866105E+01
   -8.346243E+01   3.867074E+01
   -8.352338E+01   3.869789E+01
   -8.357781E+01   3.868235E+01
   -8.362578E+01   3.867151E+01
   -8.363839E+01   3.863859E+01
   -8.366302E+01   3.861827E+01
   -8.371114E+01   3.863903E+01
   -8.375795E+01   3.864520E+01
   -8.378163E+01   3.866370E+01
   -8.379347E+01   3.869936E+01
   -8.383810E+01   3.871124E+01
   -8.386115E+01   3.875171E+01
   -8.388709E+01   3.876139E+01
   -8.392600E+01   3.876798E+01
   -8.396379E+01   3.878161E+01
   -8.406135E+01   3.876403E+01
   -8.412717E+01   3.878117E+01
   -8.416569E+01   3.879216E+01
   -8.420686E+01   3.879524E+01
   -8.423562E+01   3.882205E+01
   -8.423562E+01   3.888090E+01
   -8.424802E+01   3.890241E+01
   -8.429652E+01   3.896076E+01
   -8.431251E+01   3.900857E+01
   -8.434390E+01   3.903308E+01
   -8.438112E+01   3.904096E+01
   -8.441947E+01   3.904709E+01
   -8.443413E+01   3.905629E+01
   -8.443413E+01   3.907205E+01
   -8.443639E+01   3.909744E+01
   -8.444710E+01   3.911101E+01
   -8.446515E+01   3.911932E+01
   -8.447868E+01   3.911451E+01
   -8.449560E+01   3.909788E+01
   -8.451421E+01   3.908869E+01
   -8.454579E+01   3.909613E+01
   -8.455989E+01   3.908475E+01
   -8.459601E+01   3.907093E+01
   -8.462080E+01   3.906899E+01
   -8.464505E+01   3.908344E+01
   -8.468848E+01   3.909482E+01
   -8.470032E+01   3.911276E+01
   -8.474713E+01   3.914295E+01
   -8.478209E+01   3.911407E+01
   -8.480967E+01   3.910193E+01
   -8.481351E+01   3.910481E+01
   -8.482049E+01   3.910593E+01
   -8.482190E+01   3.924246E+01
   -8.481745E+01   3.947737E+01
   -8.481588E+01   3.981426E+01
   -8.480562E+01   4.031013E+01
   -8.480425E+01   4.050184E+01
   -8.480751E+01   4.169702E+01
   -8.341643E+01   4.173548E+01
   -8.311246E+01   4.196111E+01
   -8.310642E+01   4.196397E+01
END
END
