none
1
   -7.902100E+01   -5.024173E+00
   -7.907765E+01   -4.997968E+00
   -7.908183E+01   -4.982920E+00
   -7.927410E+01   -4.973247E+00
   -7.931264E+01   -4.910789E+00
   -7.935917E+01   -4.887401E+00
   -7.937458E+01   -4.842600E+00
   -7.940186E+01   -4.839965E+00
   -7.942970E+01   -4.799447E+00
   -7.947457E+01   -4.655411E+00
   -7.949828E+01   -4.627274E+00
   -7.949728E+01   -4.534624E+00
   -7.956792E+01   -4.523691E+00
   -7.963276E+01   -4.449492E+00
   -7.965292E+01   -4.446455E+00
   -7.974150E+01   -4.492432E+00
   -7.981633E+01   -4.501387E+00
   -7.987583E+01   -4.422989E+00
   -7.991839E+01   -4.399745E+00
   -7.995286E+01   -4.408114E+00
   -7.999598E+01   -4.389971E+00
   -8.006904E+01   -4.319756E+00
   -8.014296E+01   -4.304095E+00
   -8.017138E+01   -4.310019E+00
   -8.018846E+01   -4.357867E+00
   -8.025752E+01   -4.419514E+00
   -8.027561E+01   -4.417349E+00
   -8.028313E+01   -4.442570E+00
   -8.032426E+01   -4.473982E+00
   -8.038915E+01   -4.498229E+00
   -8.045804E+01   -4.452678E+00
   -8.046180E+01   -4.376692E+00
   -8.034543E+01   -4.227720E+00
   -8.037310E+01   -4.212741E+00
   -8.041048E+01   -4.228130E+00
   -8.043377E+01   -4.207029E+00
   -8.045840E+01   -4.215326E+00
   -8.045933E+01   -4.138882E+00
   -8.047537E+01   -4.133353E+00
   -8.049499E+01   -4.086707E+00
   -8.049105E+01   -4.050793E+00
   -8.044648E+01   -3.985979E+00
   -8.036462E+01   -3.972282E+00
   -8.029901E+01   -4.006405E+00
   -8.026968E+01   -3.992631E+00
   -8.023943E+01   -3.939882E+00
   -8.021005E+01   -3.941410E+00
   -8.014231E+01   -3.896655E+00
   -8.016990E+01   -3.871611E+00
   -8.017113E+01   -3.808411E+00
   -8.020246E+01   -3.777631E+00
   -8.020072E+01   -3.604413E+00
   -8.022235E+01   -3.594505E+00
   -8.022479E+01   -3.518670E+00
   -8.025578E+01   -3.486682E+00
   -8.023167E+01   -3.438548E+00
   -8.032390E+01   -3.397315E+00
   -8.332819E+01   -1.614134E+00
   -9.333519E+01   -2.887373E+00
   -9.356487E+01   2.843487E+00
   -7.905245E+01   1.507978E+00
   -7.884927E+01   1.467149E+00
   -7.865461E+01   1.327612E+00
   -7.861406E+01   1.257269E+00
   -7.853998E+01   1.253655E+00
   -7.850191E+01   1.207183E+00
   -7.845853E+01   1.189656E+00
   -7.843287E+01   1.202733E+00
   -7.841635E+01   1.170250E+00
   -7.839605E+01   1.164666E+00
   -7.832718E+01   1.205562E+00
   -7.830463E+01   1.199181E+00
   -7.827749E+01   1.132298E+00
   -7.824112E+01   1.102391E+00
   -7.824296E+01   1.074651E+00
   -7.826718E+01   1.058601E+00
   -7.819372E+01   1.003045E+00
   -7.818474E+01   9.513120E-01
   -7.815340E+01   9.352220E-01
   -7.810671E+01   9.408740E-01
   -7.808393E+01   9.074970E-01
   -7.798484E+01   8.658470E-01
   -7.795525E+01   8.338650E-01
   -7.786012E+01   8.122090E-01
   -7.782792E+01   8.159900E-01
   -7.777654E+01   8.510020E-01
   -7.774608E+01   8.451230E-01
   -7.771250E+01   8.608520E-01
   -7.768862E+01   8.480270E-01
   -7.765515E+01   8.207880E-01
   -7.765223E+01   7.855730E-01
   -7.768237E+01   7.493110E-01
   -7.765463E+01   7.157680E-01
   -7.755860E+01   6.600520E-01
   -7.749456E+01   6.714450E-01
   -7.747039E+01   6.601030E-01
   -7.746899E+01   6.080490E-01
   -7.751126E+01   5.199950E-01
   -7.750969E+01   4.185160E-01
   -7.742198E+01   4.316440E-01
   -7.738751E+01   4.047230E-01
   -7.732376E+01   3.983710E-01
   -7.728586E+01   3.742350E-01
   -7.721722E+01   3.736450E-01
   -7.716439E+01   3.993880E-01
   -7.710602E+01   3.791750E-01
   -7.707122E+01   2.953420E-01
   -7.702837E+01   2.909960E-01
   -7.699726E+01   3.052840E-01
   -7.698091E+01   2.778730E-01
   -7.693191E+01   2.866720E-01
   -7.690456E+01   2.556790E-01
   -7.684558E+01   2.494830E-01
   -7.680016E+01   2.740220E-01
   -7.677630E+01   2.679310E-01
   -7.673117E+01   2.984600E-01
   -7.671248E+01   2.828260E-01
   -7.662086E+01   2.707220E-01
   -7.658864E+01   2.361680E-01
   -7.653533E+01   2.676810E-01
   -7.650336E+01   2.466750E-01
   -7.642073E+01   2.637910E-01
   -7.641858E+01   3.865400E-01
   -7.636969E+01   4.043070E-01
   -7.634896E+01   3.894260E-01
   -7.632066E+01   4.415270E-01
   -7.629796E+01   4.316270E-01
   -7.627165E+01   4.458080E-01
   -7.625024E+01   4.291450E-01
   -7.625099E+01   4.089980E-01
   -7.622902E+01   4.125800E-01
   -7.621900E+01   3.917730E-01
   -7.618199E+01   3.818120E-01
   -7.615674E+01   3.985080E-01
   -7.612667E+01   3.789450E-01
   -7.610843E+01   3.246270E-01
   -7.606532E+01   3.456350E-01
   -7.599789E+01   3.046420E-01
   -7.597447E+01   2.502870E-01
   -7.595158E+01   2.447490E-01
   -7.594209E+01   2.110960E-01
   -7.588716E+01   1.514960E-01
   -7.584278E+01   1.347920E-01
   -7.580055E+01   6.067900E-02
   -7.565075E+01   4.312700E-02
   -7.563091E+01   5.678700E-02
   -7.560304E+01   2.446000E-02
   -7.557467E+01   2.117800E-02
   -7.557004E+01   -1.657900E-02
   -7.552763E+01   -9.184000E-03
   -7.542386E+01   -7.743200E-02
   -7.535215E+01   -8.226900E-02
   -7.527259E+01   -1.149840E-01
   -7.525250E+01   -1.082950E-01
   -7.525021E+01   -1.307700E-01
   -7.528364E+01   -1.619920E-01
   -7.538123E+01   -1.784300E-01
   -7.546284E+01   -1.612380E-01
   -7.551821E+01   -1.268340E-01
   -7.556722E+01   -1.414240E-01
   -7.559614E+01   -1.305630E-01
   -7.559245E+01   -1.798180E-01
   -7.558051E+01   -1.688620E-01
   -7.552950E+01   -1.789520E-01
   -7.547430E+01   -2.448330E-01
   -7.545303E+01   -3.152830E-01
   -7.537881E+01   -4.261030E-01
   -7.534392E+01   -4.489260E-01
   -7.531967E+01   -4.440190E-01
   -7.529978E+01   -4.823900E-01
   -7.523273E+01   -5.185820E-01
   -7.521302E+01   -6.290940E-01
   -7.522634E+01   -6.549970E-01
   -7.526408E+01   -6.682220E-01
   -7.523917E+01   -6.960450E-01
   -7.526613E+01   -7.293340E-01
   -7.524345E+01   -7.615820E-01
   -7.525421E+01   -7.828880E-01
   -7.523218E+01   -7.979360E-01
   -7.524161E+01   -8.331510E-01
   -7.521246E+01   -8.678260E-01
   -7.522351E+01   -9.319300E-01
   -7.518251E+01   -9.715020E-01
   -7.525762E+01   -9.990790E-01
   -7.531581E+01   -9.942370E-01
   -7.537827E+01   -9.490240E-01
   -7.555085E+01   -1.568517E+00
   -7.558003E+01   -1.561244E+00
   -7.603812E+01   -2.132753E+00
   -7.662641E+01   -2.598907E+00
   -7.783933E+01   -3.009188E+00
   -7.793523E+01   -3.071951E+00
   -7.800232E+01   -3.163287E+00
   -7.800373E+01   -3.197725E+00
   -7.802983E+01   -3.199306E+00
   -7.805988E+01   -3.236032E+00
   -7.808039E+01   -3.236064E+00
   -7.810032E+01   -3.284306E+00
   -7.818371E+01   -3.368290E+00
   -7.817334E+01   -3.403836E+00
   -7.814802E+01   -3.417232E+00
   -7.813677E+01   -3.462165E+00
   -7.814143E+01   -3.487365E+00
   -7.818331E+01   -3.509343E+00
   -7.823915E+01   -3.509268E+00
   -7.825489E+01   -3.409404E+00
   -7.833742E+01   -3.392916E+00
   -7.834829E+01   -3.492180E+00
   -7.839005E+01   -3.590124E+00
   -7.838054E+01   -3.651959E+00
   -7.839644E+01   -3.695825E+00
   -7.841738E+01   -3.701142E+00
   -7.840492E+01   -3.790191E+00
   -7.846902E+01   -3.859884E+00
   -7.848435E+01   -3.938013E+00
   -7.852044E+01   -3.950688E+00
   -7.855920E+01   -3.998552E+00
   -7.856042E+01   -4.047134E+00
   -7.853381E+01   -4.079884E+00
   -7.857174E+01   -4.136955E+00
   -7.856876E+01   -4.184499E+00
   -7.859729E+01   -4.235258E+00
   -7.859621E+01   -4.268877E+00
   -7.864553E+01   -4.360254E+00
   -7.863282E+01   -4.398205E+00
   -7.860164E+01   -4.427029E+00
   -7.862504E+01   -4.511946E+00
   -7.865116E+01   -4.537466E+00
   -7.865215E+01   -4.579813E+00
   -7.870992E+01   -4.632908E+00
   -7.884134E+01   -4.668232E+00
   -7.888145E+01   -4.724584E+00
   -7.888399E+01   -4.773676E+00
   -7.890188E+01   -4.786167E+00
   -7.888109E+01   -4.807230E+00
   -7.890488E+01   -4.850556E+00
   -7.888210E+01   -4.867677E+00
   -7.888431E+01   -4.902638E+00
   -7.896575E+01   -4.904815E+00
   -7.900179E+01   -5.013134E+00
   -7.902100E+01   -5.024173E+00
END
END
