none
1
   1.933744E+01   5.099835E+01
   1.929321E+01   5.103115E+01
   1.926425E+01   5.101851E+01
   1.924813E+01   5.098015E+01
   1.920296E+01   5.096973E+01
   1.915035E+01   5.099121E+01
   1.911976E+01   5.098755E+01
   1.909125E+01   5.101465E+01
   1.904754E+01   5.101370E+01
   1.899462E+01   5.106030E+01
   1.892650E+01   5.108209E+01
   1.889336E+01   5.104729E+01
   1.885612E+01   5.106030E+01
   1.866005E+01   5.104192E+01
   1.857033E+01   5.107159E+01
   1.854450E+01   5.112630E+01
   1.853101E+01   5.112452E+01
   1.853000E+01   5.110081E+01
   1.848963E+01   5.107798E+01
   1.845483E+01   5.110256E+01
   1.836374E+01   5.112376E+01
   1.818238E+01   5.114533E+01
   1.815010E+01   5.116846E+01
   1.816248E+01   5.122723E+01
   1.815456E+01   5.125001E+01
   1.809833E+01   5.125389E+01
   1.809699E+01   5.130471E+01
   1.806227E+01   5.135305E+01
   1.809660E+01   5.137464E+01
   1.812145E+01   5.137202E+01
   1.814455E+01   5.140323E+01
   1.818760E+01   5.140361E+01
   1.819241E+01   5.142219E+01
   1.817699E+01   5.144721E+01
   1.820846E+01   5.146623E+01
   1.832341E+01   5.143544E+01
   1.834184E+01   5.147760E+01
   1.836627E+01   5.148430E+01
   1.836631E+01   5.151031E+01
   1.834565E+01   5.153520E+01
   1.835804E+01   5.158593E+01
   1.833683E+01   5.159772E+01
   1.833769E+01   5.162794E+01
   1.835463E+01   5.164610E+01
   1.834512E+01   5.167279E+01
   1.839030E+01   5.171423E+01
   1.839167E+01   5.175632E+01
   1.841322E+01   5.176785E+01
   1.839723E+01   5.179521E+01
   1.842846E+01   5.181394E+01
   1.843158E+01   5.183527E+01
   1.846827E+01   5.186297E+01
   1.850453E+01   5.186652E+01
   1.852463E+01   5.184972E+01
   1.859691E+01   5.186082E+01
   1.867624E+01   5.183879E+01
   1.868724E+01   5.187402E+01
   1.874117E+01   5.191975E+01
   1.870282E+01   5.196426E+01
   1.870968E+01   5.207503E+01
   1.875353E+01   5.208910E+01
   1.878641E+01   5.207452E+01
   1.882643E+01   5.207992E+01
   1.886405E+01   5.210028E+01
   1.891452E+01   5.209365E+01
   1.892080E+01   5.211275E+01
   1.889988E+01   5.212771E+01
   1.889622E+01   5.215466E+01
   1.891610E+01   5.220619E+01
   1.899106E+01   5.222716E+01
   1.905866E+01   5.222412E+01
   1.908542E+01   5.225427E+01
   1.901863E+01   5.226618E+01
   1.902829E+01   5.229180E+01
   1.901913E+01   5.232194E+01
   1.903862E+01   5.234201E+01
   1.909558E+01   5.236014E+01
   1.916425E+01   5.235654E+01
   1.927126E+01   5.240624E+01
   1.931442E+01   5.239841E+01
   1.934143E+01   5.236161E+01
   1.936237E+01   5.235477E+01
   1.942599E+01   5.235097E+01
   1.945040E+01   5.236386E+01
   1.950484E+01   5.234574E+01
   1.952194E+01   5.231894E+01
   1.961995E+01   5.230009E+01
   1.964929E+01   5.226705E+01
   1.969809E+01   5.229124E+01
   1.974394E+01   5.227358E+01
   1.981566E+01   5.229675E+01
   1.984591E+01   5.228624E+01
   1.989173E+01   5.232361E+01
   1.994087E+01   5.231150E+01
   1.997657E+01   5.227863E+01
   2.004797E+01   5.226884E+01
   2.009171E+01   5.223879E+01
   2.007717E+01   5.219547E+01
   2.010111E+01   5.216438E+01
   2.016389E+01   5.216342E+01
   2.020105E+01   5.213005E+01
   2.025574E+01   5.212938E+01
   2.027913E+01   5.210822E+01
   2.028093E+01   5.207104E+01
   2.022701E+01   5.202122E+01
   2.026917E+01   5.201121E+01
   2.030546E+01   5.197279E+01
   2.029340E+01   5.195231E+01
   2.034481E+01   5.193334E+01
   2.037543E+01   5.195372E+01
   2.040539E+01   5.194429E+01
   2.041591E+01   5.195949E+01
   2.044315E+01   5.195570E+01
   2.048314E+01   5.194100E+01
   2.050343E+01   5.190625E+01
   2.057693E+01   5.189914E+01
   2.061619E+01   5.185633E+01
   2.063208E+01   5.181975E+01
   2.059385E+01   5.179640E+01
   2.060520E+01   5.176055E+01
   2.066910E+01   5.173090E+01
   2.066273E+01   5.166881E+01
   2.062366E+01   5.164533E+01
   2.051993E+01   5.165332E+01
   2.046362E+01   5.168017E+01
   2.040681E+01   5.165621E+01
   2.042944E+01   5.163683E+01
   2.044906E+01   5.158791E+01
   2.046779E+01   5.158478E+01
   2.048027E+01   5.156271E+01
   2.046503E+01   5.151590E+01
   2.052733E+01   5.152015E+01
   2.054478E+01   5.145636E+01
   2.050805E+01   5.143618E+01
   2.049335E+01   5.140172E+01
   2.045674E+01   5.139416E+01
   2.043867E+01   5.136025E+01
   2.044142E+01   5.132520E+01
   2.038777E+01   5.130414E+01
   2.040295E+01   5.127099E+01
   2.037607E+01   5.122524E+01
   2.033616E+01   5.124116E+01
   2.027054E+01   5.123351E+01
   2.027462E+01   5.120976E+01
   2.023307E+01   5.118826E+01
   2.012117E+01   5.117649E+01
   2.001982E+01   5.118289E+01
   2.003846E+01   5.116402E+01
   2.000346E+01   5.111958E+01
   2.000399E+01   5.109036E+01
   2.004897E+01   5.108054E+01
   2.006849E+01   5.106092E+01
   2.004397E+01   5.096274E+01
   2.001121E+01   5.095103E+01
   1.995286E+01   5.097849E+01
   1.992223E+01   5.101153E+01
   1.988138E+01   5.102480E+01
   1.984474E+01   5.096662E+01
   1.986093E+01   5.093770E+01
   1.984656E+01   5.090837E+01
   1.980474E+01   5.089358E+01
   1.973255E+01   5.083161E+01
   1.969225E+01   5.083091E+01
   1.957136E+01   5.089409E+01
   1.951116E+01   5.086852E+01
   1.946682E+01   5.087431E+01
   1.945214E+01   5.091725E+01
   1.941931E+01   5.095707E+01
   1.939471E+01   5.096584E+01
   1.938810E+01   5.098378E+01
   1.935240E+01   5.098064E+01
   1.933744E+01   5.099835E+01
END
END
