Тульская область
1
	38.0921541873	54.930615487
	38.1028750516	54.9257579266
	38.113255262	54.9202095886
	38.123250369	54.9139942317
	38.1256712194	54.912348017
	38.1292875524	54.9098455756
	38.1364339048	54.9046360296
	38.1455322354	54.8971692227
	38.1541227332	54.8891233435
	38.1596769324	54.8835691443
	38.167178316	54.8755599986
	38.168922391	54.8750309392
	38.1772202944	54.8719848047
	38.194815758	54.8716942682
	38.206529079	54.8705406068
	38.2181418678	54.8686233276
	38.2296043968	54.8659506407
	38.2408675814	54.862533991
	38.2518831912	54.858388009
	38.2598911577	54.854840173
	38.2646061235	54.8526123898
	38.2673190213	54.8513026654
	38.2776992317	54.8457543273
	38.2876943387	54.8395389704
	38.2914217645	54.8369800405
	38.3017754139	54.8370690616
	38.3150855334	54.8366906061
	38.3255855608	54.8356924824
	38.3276802757	54.8361221069
	38.3392930646	54.8380393861
	38.3510063856	54.8391930475
	38.3627700806	54.839578151
	38.3745337755	54.8391930475
	38.3862470966	54.8380393861
	38.3949840361	54.8366698571
	38.3980434233	54.8361129113
	38.4009192726	54.8355651611
	38.4123818015	54.8328924742
	38.4236449862	54.8294758244
	38.434660596	54.8253298425
	38.4372397897	54.8242364449
	38.4527403172	54.8235918216
	38.4570304186	54.8233620538
	38.4687437396	54.8222083924
	38.4729640235	54.8216018109
	38.4943568458	54.8182677655
	38.5017493508	54.8169570678
	38.5132118797	54.8142843809
	38.5244750643	54.8108677312
	38.5342269045	54.8072396073
	38.5445036989	54.8030739578
	38.5457674685	54.8025560998
	38.5564883328	54.7976985394
	38.5668685433	54.7921502014
	38.574364465	54.787574872
	38.5782478268	54.7850724306
	38.580747012	54.783432403
	38.5903142149	54.7765766424
	38.5953463413	54.7725703893
	38.6081332065	54.7620113072
	38.6121994107	54.7585507535
	38.6207899085	54.7505048743
	38.6219947034	54.7492885568
	38.6358878309	54.7351284005
	38.6427289151	54.7277542202
	38.6461542055	54.723730706
	38.658094208	54.7092806328
	38.6621357245	54.7042058165
	38.6689914851	54.6946386136
	38.675206842	54.6846435066
	38.6803889061	54.6750017557
	38.6820521141	54.6716677103
	38.6824183881	54.6709292508
	38.6872759485	54.6602083865
	38.6914219304	54.6491927767
	38.6948385801	54.6379295921
	38.697511267	54.6264670632
	38.6994285462	54.6148542743
	38.7005822076	54.6031409533
	38.7009673111	54.5913772583
	38.7009673111	54.5877685547
	38.7005822076	54.5760048597
	38.6994285462	54.5642915387
	38.697511267	54.5526787498
	38.6948385801	54.5412162209
	38.6914219304	54.5299530362
	38.6872759485	54.5189374265
	38.6824183881	54.5082165622
	38.67687005	54.4978363518
	38.6706546931	54.4878412448
	38.6646888541	54.479443674
	38.6668755431	54.4757583138
	38.6691308899	54.4717336
	38.6707940979	54.4686742128
	38.6740870892	54.4623187161
	38.6789446496	54.4515978518
	38.6830906316	54.4405822421
	38.6865072813	54.4293190574
	38.6867513349	54.4283581534
	38.6944882809	54.4242630788
	38.6959833593	54.4234160503
	38.6986481509	54.4230667278
	38.6987470966	54.4230537293
	38.7103598854	54.4211364501
	38.7218224143	54.4184637632
	38.733085599	54.4150471135
	38.7441012088	54.4109011316
	38.7548220731	54.4060435712
	38.7652022835	54.4004952331
	38.7751973904	54.3942798762
	38.7847645933	54.3874241156
	38.7938629239	54.3799573087
	38.8024534216	54.3719114295
	38.8104993008	54.3633209317
	38.8179661078	54.3542226011
	38.8237512593	54.3461494314
	38.8270961328	54.3444769947
	38.8365905281	54.3393685241
	38.8465856351	54.3331531672
	38.8561528379	54.3262974066
	38.8652511685	54.3188305997
	38.8737543451	54.3108719817
	38.8793161737	54.3053177825
	38.8794034949	54.3052305213
	38.8874493741	54.2966400235
	38.894916181	54.2875416929
	38.9017719416	54.2779744901
	38.9079872985	54.2679793831
	38.9101524879	54.2641203023
	38.9118156959	54.2610685444
	38.9151988446	54.2545474148
	38.920056405	54.2438265506
	38.9242023869	54.2328109408
	38.9276190367	54.2215477561
	38.9287550273	54.2170799221
	38.9304258647	54.210137173
	38.931962561	54.2031424782
	38.9329545594	54.1977228048
	38.936424677	54.1883620883
	38.9398413267	54.1770989036
	38.9425140136	54.1656363747
	38.9444312928	54.1540235858
	38.9455849542	54.1423102648
	38.9459700577	54.1305465698
	38.9455849542	54.1187828748
	38.9454513579	54.1168965795
	38.9451766997	54.1132878759
	38.9441566346	54.1034608502
	38.9422393554	54.0918480614
	38.9413032931	54.087833509
	38.9443639554	54.0859302668
	38.9539311582	54.0790745062
	38.9630294888	54.0716076993
	38.9716199866	54.0635618201
	38.9780557694	54.0567825247
	38.9805582108	54.0540054251
	38.9821683072	54.0521942227
	38.9896351141	54.0430958921
	38.9964908747	54.0335286893
	39.0027062316	54.0235335823
	39.0082545697	54.0131533719
	39.0131121301	54.0024325076
	39.017258112	53.9914168978
	39.0206747618	53.9801537132
	39.0214331913	53.9772249055
	39.0222647953	53.9738984895
	39.0241790527	53.9653647682
	39.0260963319	53.9537519794
	39.0272499933	53.9420386584
	39.0276350968	53.9302749634
	39.027516877	53.9237547586
	39.0272345894	53.9159727762
	39.0269677057	53.910729286
	39.0258140443	53.8990159649
	39.0247435794	53.8925322552
	39.0264332945	53.891299848
	39.035531625	53.8838330411
	39.0441221228	53.8757871619
	39.0505579056	53.8690078665
	39.053060347	53.8662307669
	39.0546704434	53.8644195645
	39.0621372503	53.8553212339
	39.068993011	53.8457540311
	39.0752083679	53.8357589241
	39.0807567059	53.8253787137
	39.0856142663	53.8146578494
	39.0897602483	53.8036422396
	39.093176898	53.792379055
	39.0939587936	53.7893562754
	39.0942718823	53.7881010484
	39.0947575017	53.786689725
	39.0981741514	53.7754265403
	39.1008468383	53.7639640114
	39.1018335916	53.7585756822
	39.1023905374	53.7552492662
	39.1033210633	53.7490248065
	39.1044747247	53.7373114855
	39.1048598282	53.7255477905
	39.1044747247	53.7137840955
	39.1033210633	53.7020707745
	39.1014037841	53.6904579857
	39.0987310972	53.6789954568
	39.0953144475	53.6677322721
	39.093990202	53.6639688254
	39.096503314	53.6554390525
	39.0991760009	53.6439765236
	39.1010932801	53.6323637348
	39.1022469415	53.6206504137
	39.102632045	53.6088867188
	39.1022469415	53.5971230238
	39.102115522	53.5952653606
	39.1018408638	53.5916490276
	39.1008186219	53.5817933697
	39.0989013427	53.5701805809
	39.0962286558	53.558718052
	39.0928120061	53.5474548673
	39.0886660242	53.5364392575
	39.0838084637	53.5257183933
	39.0782601257	53.5153381828
	39.0736847963	53.5078422611
	39.0711823549	53.5039588993
	39.0695423274	53.5014597141
	39.0626865667	53.4918925112
	39.055343088	53.4829349571
	39.051252069	53.4754440788
	39.0450367121	53.4654489719
	39.0381809515	53.455881769
	39.0307141446	53.4467834384
	39.0226682654	53.4381929407
	39.0140777676	53.4301470615
	39.0049794371	53.4226802545
	38.9954122342	53.4158244939
	38.9854171272	53.409609137
	38.9750369168	53.404060799
	38.9643160525	53.3992032385
	38.9533004428	53.3950572566
	38.9424507999	53.3917660534
	38.9426360123	53.3861083984
	38.9422509088	53.3743447035
	38.9421194893	53.3724870402
	38.9418448311	53.3688707072
	38.9408225892	53.3590150494
	38.93890531	53.3474022606
	38.9362326231	53.3359397317
	38.9328159734	53.324676547
	38.9286699914	53.3136609372
	38.923812431	53.3029400729
	38.9211646219	53.2977821261
	38.9167166849	53.2894508273
	38.9138161559	53.2842285637
	38.907600799	53.2742334567
	38.9007450384	53.2646662539
	38.8932782315	53.2555679233
	38.8852323523	53.2469774255
	38.8766418545	53.2389315463
	38.867543524	53.2314647394
	38.8579763211	53.2246089788
	38.8479812142	53.2183936219
	38.8386046117	53.2133441017
	38.8302733129	53.2091708228
	38.8292697049	53.208672005
	38.8185488406	53.2038144446
	38.8075332308	53.1996684627
	38.8036549229	53.198400828
	38.7979032648	53.1965928297
	38.8025560998	53.186323804
	38.8067020818	53.1753081942
	38.8101187315	53.1640450096
	38.8127914184	53.1525824806
	38.8147086976	53.1409696918
	38.815862359	53.1292563708
	38.8162474625	53.1174926758
	38.8162474625	53.1138839722
	38.815862359	53.1021202772
	38.8147086976	53.0904069562
	38.8127914184	53.0787941673
	38.8101425973	53.0674207983
	38.8090287057	53.0632551489
	38.8090048399	53.063165989
	38.8055881902	53.0519028043
	38.8014422082	53.0408871946
	38.7965846478	53.0301663303
	38.7961999503	53.0293909497
	38.7939797964	53.0249430127
	38.7888161559	53.0153381828
	38.7829850981	53.0059206281
	38.782340106	53.0034430886
	38.7789234563	52.9921799039
	38.7747774744	52.9811642942
	38.7699199139	52.9704434299
	38.7643715759	52.9600632194
	38.758156219	52.9500681125
	38.7513004583	52.9405009096
	38.7438336514	52.9314025791
	38.7357877722	52.9228120813
	38.7271972744	52.9147662021
	38.7180989439	52.9072993952
	38.708531741	52.9004436346
	38.6985366341	52.8942282777
	38.6881564236	52.8886799396
	38.6774355593	52.8838223792
	38.6736504344	52.88230457
	38.6600395946	52.877025029
	38.6528091098	52.8743968562
	38.6415459251	52.8709802065
	38.633127544	52.868940439
	38.5972922779	52.8611660859
	38.5942481301	52.8605331666
	38.5826353412	52.8586158874
	38.5766945955	52.8579340321
	38.5369759675	52.8540430408
	38.5312033922	52.8535712347
	38.5194396973	52.8531861312
	38.513053894	52.8531861312
	38.5113177435	52.8531945106
	38.5084307767	52.8517384113
	38.4977099124	52.8468808508
	38.489554006	52.843732537
	38.4881543056	52.8432309633
	38.4805313199	52.8361452914
	38.471465354	52.8287033247
	38.4642403174	52.8231567549
	38.4642079527	52.8231319147
	38.4546407498	52.8162761541
	38.4446456429	52.8100607972
	38.4342654324	52.8045124591
	38.4235445681	52.7996548987
	38.4147911259	52.79629365
	38.4100761601	52.7946228126
	38.4078139926	52.7938380794
	38.3965508079	52.7904214296
	38.385088279	52.7877487428
	38.3750838969	52.7860506025
	38.3534164165	52.7829988447
	38.3518080097	52.7827797057
	38.3400946886	52.7816260443
	38.3370201606	52.7814509483
	38.3311836738	52.7811686607
	38.3224945068	52.7809586532
	38.3107308119	52.7813437567
	38.2990174908	52.7824974181
	38.287404702	52.7844146973
	38.2843208072	52.7850562444
	38.2779273746	52.7864447942
	38.2695487404	52.788475934
	38.2582855558	52.7918925838
	38.247269946	52.7960385657
	38.2365490817	52.8008961261
	38.2261688713	52.8064444642
	38.2161737643	52.8126598211
	38.2066065615	52.8195155817
	38.1975082309	52.8269823886
	38.1920374528	52.831983262
	38.1848512311	52.8327827575
	38.1732384422	52.8347000367
	38.1617759133	52.8373727236
	38.1599832673	52.8378630019
	38.1480356355	52.8411970473
	38.1385650968	52.8441234187
	38.1332712707	52.8460131853
	38.1177149352	52.8518420427
	38.1119931516	52.8540982581
	38.1035790051	52.857838632
	38.080797633	52.8686723723
	38.0784909152	52.8697895587
	38.0681107048	52.8753378968
	38.0670401689	52.8759608955
	38.0663923013	52.8762554299
	38.064069241	52.8773315579
	38.0620291969	52.8769134766
	38.0504164081	52.8749961974
	38.0387030871	52.873842536
	38.0269393921	52.8734574325
	38.0208282471	52.8734574325
	38.0090645521	52.873842536
	37.9973512311	52.8749961974
	37.9973277871	52.8749992855
	37.9785224927	52.8774775646
	37.9761555845	52.8756297785
	37.9665883817	52.8687740179
	37.9565932747	52.862558661
	37.9462130643	52.8570103229
	37.9354922	52.8521527625
	37.9244765902	52.8480067805
	37.9179395718	52.8459259219
	37.9099184695	52.8423718787
	37.8989028598	52.8382258967
	37.8876396751	52.834809247
	37.8761771462	52.8321365601
	37.8645643573	52.8302192809
	37.8528510363	52.8290656195
	37.8410873413	52.828680516
	37.8293236463	52.8290656195
	37.8176103253	52.8302192809
	37.8059975365	52.8321365601
	37.7945350075	52.834809247
	37.7832718229	52.8382258967
	37.7722562131	52.8423718787
	37.7615353488	52.8472294391
	37.7511551384	52.8527777772
	37.7470920742	52.85519534
	37.7415531338	52.8585904206
	37.735621091	52.8623882146
	37.7260538881	52.8692439753
	37.7169555576	52.8767107822
	37.7083650598	52.8847566614
	37.7003191806	52.8933471592
	37.6959201286	52.8985594483
	37.6887027213	52.9074476929
	37.6856349665	52.9113337343
	37.6787792058	52.9209009372
	37.6725638489	52.9308960441
	37.6716919704	52.932423378
	37.6678603438	52.9317174063
	37.6587461811	52.9302787902
	37.64703286	52.9291251288
	37.635269165	52.9287400253
	37.62915802	52.9287400253
	37.617394325	52.9291251288
	37.605681004	52.9302787902
	37.603786528	52.9305384549
	37.5979500412	52.9313700589
	37.5882317283	52.9330276734
	37.5767691994	52.9357003603
	37.5749478958	52.9361986382
	37.5630078934	52.9395326836
	37.5535660123	52.9424510554
	37.5425504026	52.9465970374
	37.5318295383	52.9514545978
	37.5214493278	52.9570029359
	37.5114542209	52.9632182928
	37.5053157112	52.9675073999
	37.4878138801	52.9802866357
	37.484385187	52.9828532892
	37.4752868564	52.9903200961
	37.4666963586	52.9983659753
	37.465070231	53.0000131652
	37.4542441201	53.0111215636
	37.4478243686	53.0180648716
	37.4403575617	53.0271632021
	37.4339108475	53.0361209196
	37.4271083684	53.0456186496
	37.4208930115	53.0556137565
	37.4207711048	53.0558252365
	37.4195140558	53.057444269
	37.4126582952	53.0670114719
	37.407333106	53.0754820899
	37.4037244024	53.0815932349
	37.4028342347	53.0831177238
	37.3972858966	53.0934979343
	37.3924283362	53.1042187986
	37.3889532506	53.1134518795
	37.3798825168	53.1175617755
	37.3750506706	53.1200359152
	37.3722661192	53.1178554254
	37.3626989163	53.1109996648
	37.3527038094	53.1047843079
	37.3474815458	53.101883779
	37.339150247	53.0974358419
	37.3339923001	53.0947880328
	37.3232714358	53.0899304724
	37.3157721654	53.0870188986
	37.3066016331	53.0836924826
	37.3030852938	53.0824580745
	37.2918221092	53.0790414248
	37.2803595802	53.0763687379
	37.2720226233	53.0749134169
	37.2609142248	53.0732425795
	37.257638393	53.0727806213
	37.2515364546	53.0720830482
	37.2401381392	53.0709767859
	37.2345267565	53.0705206976
	37.2255333336	53.0701569293
	37.207207528	53.0698746417
	37.2044372559	53.0698533065
	37.1926735609	53.07023841
	37.1809602398	53.0713920715
	37.1806534882	53.0714327246
	37.1514863129	53.0753237158
	37.1401802757	53.0772003419
	37.1293255948	53.079711295
	37.1051556729	53.0860970982
	37.1045478249	53.086258832
	37.0954215881	53.0889649735
	37.0843131897	53.0925813065
	37.0821762418	53.0932918147
	37.0711606321	53.0974377966
	37.0667146709	53.0993498504
	37.0557994202	53.1042191611
	37.0554136615	53.1041679504
	37.0494420279	53.1034830718
	37.0380513418	53.1023691802
	37.0323096545	53.1019003973
	37.0205459595	53.1015152938
	37.0109287914	53.101772588
	37.0056568798	53.1020548756
	37.0035103529	53.1021826849
	36.9917970318	53.1033363464
	36.980184243	53.1052536256
	36.9687217141	53.1079263125
	36.9680176085	53.1081165079
	36.9637464862	53.1075019958
	36.9577212571	53.1068118843
	36.9349475145	53.1045917305
	36.9292594225	53.1041281805
	36.9174957275	53.1037430771
	36.9057320326	53.1041281805
	36.8940187115	53.105281842
	36.885281772	53.1066513709
	36.8791629976	53.1077652625
	36.8762871483	53.1083130128
	36.8648903008	53.1109681137
	36.8486022949	53.1109681137
	36.8368385999	53.1113532172
	36.8340949861	53.1115541257
	36.8135413973	53.1132173337
	36.80457169	53.1141700866
	36.7965052351	53.1154188687
	36.7684519515	53.1204161221
	36.7649056175	53.1210846192
	36.7534430886	53.1237573061
	36.7456673096	53.1260296885
	36.7290047119	53.1313092295
	36.7255173063	53.1324534968
	36.7145016965	53.1365994788
	36.704948676	53.1408863591
	36.6957781437	53.1453266667
	36.6946103	53.1458973468
	36.6842300896	53.1514456849
	36.6762948248	53.1563050324
	36.6612954351	53.1660325104
	36.659235593	53.1673885198
	36.6534679344	53.1714075685
	36.6426315016	53.17763108
	36.642276049	53.1778357606
	36.6322809421	53.1840511175
	36.6315649324	53.1845320271
	36.6093481355	53.1995314167
	36.6004969423	53.2059062677
	36.5920462887	53.2128415399
	36.5845282814	53.2110885865
	36.5729154926	53.2091713073
	36.5612021715	53.2080176459
	36.5595825842	53.2079188271
	36.5545853307	53.2076365395
	36.5444412231	53.2073502548
	36.5326775282	53.2077353583
	36.5209642071	53.2088890197
	36.5093514183	53.2108062989
	36.507035167	53.21128288
	36.4939736435	53.2140599796
	36.4848273659	53.2162560854
	36.4810133296	53.2173231955
	36.4343519527	53.2309340353
	36.4269028043	53.233283575
	36.4185460278	53.2363529906
	36.4038136669	53.242181848
	36.4011548337	53.2432584143
	36.3910309199	53.2478237729
	36.3746756178	53.249174592
	36.3660035748	53.250103009
	36.354390786	53.2520202882
	36.342928257	53.2546929751
	36.3316650724	53.2581096248
	36.3206494626	53.2622556067
	36.3099285983	53.2671131671
	36.2995483879	53.2726615052
	36.2895532809	53.2788768621
	36.2799860781	53.2857326227
	36.2708877475	53.2931994296
	36.2691589877	53.2947352832
	36.2597839836	53.2997840027
	36.2557828296	53.3021636351
	36.2496795987	53.3041148738
	36.238663989	53.3082608557
	36.2279431247	53.3131184161
	36.2175629143	53.3186667542
	36.2075678073	53.3248821111
	36.2051469569	53.3265283258
	36.2015306238	53.3290307672
	36.1943842714	53.3342403131
	36.1852859409	53.3417071201
	36.1766954431	53.3497529993
	36.1686495639	53.358343497
	36.161182757	53.3674418276
	36.1565333553	53.3739300601
	36.1545805316	53.3736076476
	36.1428672106	53.3724539862
	36.1391791571	53.3722502663
	36.126956867	53.3717009498
	36.1071175306	53.3719046698
	36.0954042096	53.3730583312
	36.0876887323	53.3742449509
	36.0735209467	53.3767397629
	36.0696236351	53.3774704224
	36.0581611062	53.3801431093
	36.0490348693	53.3828492508
	36.0379264709	53.3864655839
	36.0357895231	53.3871760921
	36.0247739133	53.391322074
	36.0158898679	53.3952867441
	36.0038847551	53.4010384782
	35.9954057355	53.4019508483
	35.9837929466	53.4038681275
	35.9723304177	53.4065408144
	35.961067233	53.4099574641
	35.9506022735	53.4138764267
	35.9458796782	53.4158142929
	35.9453290281	53.4160413123
	35.9346081638	53.4208988727
	35.9242279533	53.4264472108
	35.9142328464	53.4326625677
	35.9046656435	53.4395183283
	35.895567313	53.4469851352
	35.8869768152	53.4550310144
	35.878930936	53.4636215122
	35.8714641291	53.4727198427
	35.8646083684	53.4822870456
	35.8583930115	53.4922821525
	35.8528446735	53.502662363
	35.847987113	53.5133832273
	35.8438411311	53.524398837
	35.8404244814	53.5356620217
	35.8396556154	53.5386325966
	35.8365550848	53.5431238376
	35.8303397278	53.5531189445
	35.8247913898	53.563499155
	35.8199338294	53.5742200193
	35.8157878474	53.585235629
	35.8123711977	53.5964988137
	35.8096985108	53.6079613426
	35.8077812316	53.6195741314
	35.8076927354	53.6204726485
	35.8059993597	53.6228357516
	35.7997840027	53.6328308586
	35.7942356647	53.643211069
	35.7933056977	53.6451253224
	35.7902463105	53.6515187551
	35.7863187171	53.6603253659
	35.7821727351	53.6713409757
	35.7789115674	53.6820277222
	35.7750571351	53.688395739
	35.769508797	53.6987759494
	35.7646512366	53.7094968137
	35.7605052547	53.7205124234
	35.7570886049	53.7317756081
	35.754415918	53.743238137
	35.7541716378	53.7444893753
	35.7511695008	53.7494995598
	35.7456211627	53.7598797702
	35.7434577735	53.7644260102
	35.7403983863	53.771094101
	35.7377042151	53.7772687253
	35.7335582332	53.7882843351
	35.7301415835	53.7995475197
	35.7274688966	53.8110100487
	35.7255516174	53.8226228375
	35.7243979559	53.8343361585
	35.7240128524	53.8460998535
	35.7240128524	53.8497161865
	35.7243979559	53.8614798815
	35.7255516174	53.8731932025
	35.7274688966	53.8848059914
	35.7301415835	53.8962685203
	35.7335582332	53.907531705
	35.7377042151	53.9185473147
	35.7425617755	53.929268179
	35.7481101136	53.9396483895
	35.7543254705	53.9496434964
	35.7611812311	53.9592106993
	35.768648038	53.9683090298
	35.7766939172	53.9768995276
	35.785284415	53.9849454068
	35.7943827456	53.9924122137
	35.8039499484	53.9992679743
	35.8139450554	54.0054833312
	35.8243252658	54.0110316693
	35.8350461301	54.0158892297
	35.8361942418	54.0163601596
	35.8393911597	54.0205143963
	35.8467043735	54.0294128506
	35.8547502527	54.0380033484
	35.8633407505	54.0460492276
	35.8695637851	54.0512629872
	35.8821669337	54.0613468903
	35.8778499323	54.0666071718
	35.8709941717	54.0761743747
	35.8687701251	54.0795858797
	35.8668246295	54.0826452669
	35.8628333192	54.0892288688
	35.8572849811	54.0996090793
	35.8524274207	54.1103299436
	35.8482814387	54.1213455533
	35.844864789	54.132608738
	35.8421921021	54.1440712669
	35.8402748229	54.1556840558
	35.8391211615	54.1673973768
	35.838736058	54.1791610718
	35.8391211615	54.1909247668
	35.8402748229	54.2026380878
	35.8421921021	54.2142508766
	35.8422787603	54.2146837593
	35.8431179937	54.2188494087
	35.8457040224	54.229879055
	35.8491206721	54.2411422396
	35.8532666541	54.2521578494
	35.8581242145	54.2628787137
	35.8636725526	54.2732589241
	35.8698879095	54.2832540311
	35.8767436701	54.2928212339
	35.884210477	54.3019195645
	35.8869023902	54.3049205809
	35.889954148	54.3082469969
	35.895308114	54.3138364783
	35.9038986118	54.3218823575
	35.9129969423	54.3293491644
	35.9225641452	54.336204925
	35.9325592521	54.3424202819
	35.9429394626	54.34796862
	35.9462679546	54.349567785
	35.959329478	54.35567893
	35.9667218503	54.3589373254
	35.9777374601	54.3630833074
	35.9890006447	54.3664999571
	35.9909523013	54.3670111877
	36.026779938	54.37618172
	36.0362908104	54.3783431762
	36.0479035992	54.3802604554
	36.0542946987	54.3809858573
	36.0601311855	54.3815428031
	36.0654534071	54.3819710626
	36.0772171021	54.3823561661
	36.088980797	54.3819710626
	36.0941121698	54.3815609122
	36.1088292718	54.3801723624
	36.1154112201	54.3794288514
	36.127024009	54.3775115722
	36.1281520038	54.3772485607
	36.131409737	54.3797555688
	36.1316096132	54.379909162
	36.1411768161	54.3867649226
	36.151171923	54.3929802795
	36.1615521335	54.3985286176
	36.1722729978	54.403386178
	36.1832886075	54.4075321599
	36.1945517922	54.4109488096
	36.2039732733	54.4132032035
	36.2092528143	54.4143170951
	36.2112938621	54.4147353881
	36.222906651	54.4166526673
	36.234619972	54.4178063287
	36.246383667	54.4181914322
	36.2534057465	54.4180543056
	36.2606307832	54.417772018
	36.2653723986	54.4175240411
	36.2770857196	54.4163703797
	36.2886985085	54.4144531005
	36.3001610374	54.4117804136
	36.3114242221	54.4083637639
	36.3147060356	54.4071285768
	36.3189149866	54.411622428
	36.3275054843	54.4196683072
	36.3366038149	54.4271351141
	36.3461710178	54.4339908747
	36.3561661247	54.4402062316
	36.3616220407	54.4432312827
	36.3657953195	54.4454514365
	36.370719614	54.4479747235
	36.3814404783	54.4528322839
	36.392456088	54.4569782659
	36.4037192727	54.4603949156
	36.4131407538	54.4626493094
	36.4184202948	54.463763201
	36.4204613426	54.4641814941
	36.4320741314	54.4660987733
	36.4437874525	54.4672524347
	36.4441731801	54.4672773004
	36.5055592885	54.4711682916
	36.5169372559	54.4715285294
	36.5219429827	54.4714588598
	36.5331771269	54.4711460862
	36.5841401407	54.474701191
	36.5848931043	54.4747521295
	36.5913561536	54.4750591104
	36.5982133498	54.4752612814
	36.5983823117	54.4753313684
	36.6093979215	54.4794773503
	36.6103353207	54.4797926829
	36.6203374569	54.4831267284
	36.6306632424	54.4862280455
	36.6349406056	54.4872253867
	36.6316142634	54.4960632657
	36.6281976137	54.5073264504
	36.6255249268	54.5187889793
	36.6236076476	54.5304017682
	36.6224539862	54.5421150892
	36.6220688827	54.5538787842
	36.6220688827	54.5577697754
	36.6224539862	54.5695334704
	36.6229666646	54.5757183686
	36.6225013854	54.5790162701
	36.621347724	54.5907295912
	36.6209626205	54.6024932861
	36.621347724	54.6142569811
	36.6225013854	54.6259703021
	36.6244186646	54.637583091
	36.6244430518	54.6377054715
	36.6252746558	54.641871121
	36.6279229555	54.6532112693
	36.6313396052	54.664474454
	36.6354855872	54.6754900637
	36.6403431476	54.686210928
	36.6458914857	54.6965911385
	36.6521068426	54.7065862454
	36.6552581613	54.7111486821
	36.6580352609	54.7150396733
	36.6617397028	54.7200444395
	36.6692065097	54.72914277
	36.6772523889	54.7377332678
	36.6858428867	54.745779147
	36.694741341	54.7530923608
	36.6983500446	54.7558694604
	36.6985499209	54.7560230536
	36.7081171237	54.7628788142
	36.7181122307	54.7690941711
	36.7284924411	54.7746425092
	36.7392133054	54.7795000696
	36.7502289151	54.7836460515
	36.7614920998	54.7870627012
	36.7637454616	54.7876508789
	36.7790271388	54.7915342407
	36.788236306	54.7936187499
	36.7998490948	54.7955360291
	36.8115624159	54.7966896905
	36.8233261108	54.797074794
	36.8299942017	54.797074794
	36.8417578966	54.7966896905
	36.8534712177	54.7955360291
	36.8597446272	54.7945973005
	36.8961368391	54.7884937849
	36.9014762184	54.7875152343
	36.9054399445	54.7866802937
	36.9254365876	54.7822323567
	36.9329353904	54.7803946104
	36.9441985751	54.7769779607
	36.9552141848	54.7728319787
	36.9559106111	54.7725417968
	36.9620353014	54.7722451105
	36.9737486225	54.771091449
	36.9828742922	54.7696507124
	37.0015603457	54.7662065772
	37.0068841233	54.7658318952
	37.0073470267	54.7675630274
	37.0073708925	54.7676521873
	37.0107875423	54.778915372
	37.0149335242	54.7899309817
	37.0197910846	54.800651846
	37.0253394227	54.8110320564
	37.0315547796	54.8210271634
	37.0384105402	54.8305943663
	37.0458773471	54.8396926968
	37.049824956	54.8440483915
	37.0510554866	54.8478088046
	37.0518836277	54.8501933255
	37.0549430149	54.858806912
	37.0582608557	54.8674380008
	37.0631184161	54.878158865
	37.0686667542	54.8885390755
	37.0748821111	54.8985341824
	37.0817378717	54.9081013853
	37.0878706612	54.9156610763
	37.0962019601	54.9253809249
	37.0975359775	54.9269195645
	37.1055818567	54.9355100623
	37.1141723545	54.9435559415
	37.1174460877	54.946358266
	37.1241320468	54.9544464199
	37.132177926	54.9630369177
	37.1407684238	54.9710827969
	37.1498667544	54.9785496038
	37.1594339572	54.9854053645
	37.1694290642	54.9916207214
	37.1798092746	54.9971690594
	37.1905301389	55.0020266199
	37.2015457486	55.0061726018
	37.2128089333	55.0095892515
	37.2242714622	55.0122619384
	37.2358842511	55.0141792176
	37.2475975721	55.015332879
	37.2593612671	55.0157179825
	37.2711249621	55.015332879
	37.2828382831	55.0141792176
	37.2881830953	55.0133937319
	37.3050910265	55.0130822076
	37.3168043476	55.0119285462
	37.3191995731	55.0115968142
	37.3344736209	55.0093766604
	37.3436911843	55.0077911132
	37.3466280481	55.0071814345
	37.3665524179	55.0028716331
	37.3682800603	55.003399414
	37.3742774392	55.0051184263
	37.3857399681	55.0077911132
	37.3890387118	55.0084153274
	37.399872452	55.010360823
	37.4081864972	55.011653888
	37.4198998182	55.0128075494
	37.4316635132	55.0131926529
	37.4383239746	55.0131926529
	37.4500876696	55.0128075494
	37.4618009906	55.011653888
	37.4734137795	55.0097366088
	37.4848763084	55.0070639219
	37.4926461617	55.004793417
	37.5040368478	55.0011847133
	37.5075301791	55.0000385686
	37.5185457888	54.9958925867
	37.5292666531	54.9910350262
	37.5322406468	54.9895340175
	37.5408542332	54.9850860805
	37.54826045	54.9810387512
	37.5582555569	54.9748233943
	37.5678227598	54.9679676336
	37.5769210904	54.9605008267
	37.5855115881	54.9524549475
	37.5935574673	54.9438644497
	37.5957952632	54.9412630887
	37.603294958	54.9323748441
	37.6055846301	54.9296055884
	37.6059520217	54.9294701078
	37.6113222934	54.9360138028
	37.6193681726	54.9446043006
	37.6279586704	54.9526501797
	37.6370570009	54.9601169867
	37.6466242038	54.9669727473
	37.6566193107	54.9731881042
	37.6669995212	54.9787364423
	37.6777203855	54.9835940027
	37.6887359952	54.9877399846
	37.6999991799	54.9911566343
	37.7114617088	54.9938293212
	37.7230744977	54.9957466004
	37.7262254868	54.9961331782
	37.7488313828	54.9987042842
	37.7573937147	54.9994713678
	37.7609359434	54.9996684745
	37.764122721	54.9998142921
	37.7751130296	55.002202919
	37.7890798522	55.0062756872
	37.7928794289	55.0073385801
	37.8035898152	55.0098599882
	37.819985384	55.0131940336
	37.8207375267	55.0133453124
	37.8323503155	55.0152625916
	37.8392336491	55.0160342823
	37.8511736515	55.0171405445
	37.856003639	55.0175225153
	37.867767334	55.0179076188
	37.8696588796	55.0178976722
	37.895774297	55.017623014
	37.9056464464	55.017247857
	37.9173597675	55.0160941956
	37.9245030936	55.0150073742
	37.968929058	55.0073322033
	37.9733985207	55.0065017455
	37.9848610496	55.0038290586
	37.9961242343	55.0004124089
	38.007139844	54.996266427
	38.0178607083	54.9914088666
	38.0282409188	54.9858605285
	38.0382360257	54.9796451716
	38.0478032286	54.972789411
	38.0569015591	54.9653226041
	38.0654920569	54.9572767249
	38.0683180224	54.954386524
	38.070277251	54.952716673
	38.0721984951	54.9510556363
	38.0807889929	54.9430097571
	38.0888348721	54.9344192593
	38.0918631803	54.9307292552
	38.0921541873	54.930615487
END
END
