Башкирия
1
	55.0480931456	56.524905805
	55.0517759443	56.5218834102
	55.0653913269	56.524658949
	55.0662285545	56.5248275512
	55.0778413434	56.5267448304
	55.0895546644	56.5278984918
	55.0936310337	56.5281192438
	55.1102197482	56.5288288866
	55.1103665256	56.5289073407
	55.1210873899	56.5337649011
	55.1321029996	56.537910883
	55.1433661843	56.5413275328
	55.1548287132	56.5440002196
	55.1664415021	56.5459174988
	55.174456439	56.546790431
	55.2100017881	56.5498574476
	55.2137001722	56.5501381769
	55.2254638672	56.5505232804
	55.2372275622	56.5501381769
	55.2489408832	56.5489845154
	55.260553672	56.5470672362
	55.272016201	56.5443945494
	55.2832793856	56.5409778996
	55.2942949954	56.5368319177
	55.3050158597	56.5319743573
	55.3153960701	56.5264260192
	55.3253911771	56.5202106623
	55.3349583799	56.5133549017
	55.3381796975	56.5108242985
	55.346756926	56.5108275279
	55.346824646	56.5108275406
	55.3537497094	56.5106941783
	55.3704384001	56.5100511606
	55.3822725811	56.5102137542
	55.3824825906	56.510226022
	55.3887110915	56.5161185325
	55.3937286289	56.5206891202
	55.4028269594	56.5281559271
	55.4060911998	56.53060236
	55.4174742564	56.5389336588
	55.4237772189	56.5433429865
	55.4337723259	56.5495583434
	55.4432667212	56.554666814
	55.449934812	56.5580008594
	55.4508206271	56.5584407269
	55.4615414914	56.5632982873
	55.4725571012	56.5674442693
	55.4838202859	56.570860919
	55.4952828148	56.5735336059
	55.5068956036	56.5754508851
	55.5082748053	56.5756270399
	55.5288187823	56.5781703028
	55.5394487462	56.5802666217
	55.5507722516	56.5821266053
	55.5564774351	56.5827852275
	55.5756496296	56.5846888867
	55.5871415753	56.5865821717
	55.5944764325	56.5873951229
	55.6127477615	56.5890415504
	55.6201503471	56.5905099981
	55.6243664645	56.5926585614
	55.6350873288	56.5975161218
	55.6461029386	56.6016621037
	55.6471445207	56.6020121287
	55.6546442156	56.6045069407
	55.6648658181	56.6075735655
	55.676328347	56.6102462524
	55.6879411358	56.6121635316
	55.6954571812	56.6129927173
	55.7030765655	56.6144918937
	55.7143235821	56.6163368104
	55.7216422671	56.6171483036
	55.7402503603	56.6188267704
	55.7446449964	56.6191689386
	55.7564086914	56.6195540421
	55.7681723864	56.6191689386
	55.7798857074	56.6180152772
	55.7825696052	56.6176413462
	55.7920147956	56.6162527964
	55.8000517923	56.6148845155
	55.8078415397	56.619649591
	55.8182217502	56.6251979291
	55.8289426145	56.6300554895
	55.8399582242	56.6342014714
	55.840791398	56.6344820269
	55.8482834635	56.6369844683
	55.8587134743	56.6401205625
	55.8701760032	56.6427932494
	55.8817887921	56.6447105286
	55.8935021131	56.6458641901
	55.9052658081	56.6462492936
	55.9105643157	56.646171234
	55.9294623259	56.6456142882
	55.9359275133	56.6453072443
	55.9476408344	56.6441535828
	55.9592536232	56.6422363036
	55.9707161521	56.6395636167
	55.9819793368	56.636146967
	55.9929949466	56.6320009851
	56.0037158108	56.6271434247
	56.0140960213	56.6215950866
	56.0240911282	56.6153797297
	56.0336583311	56.6085239691
	56.0427566616	56.6010571622
	56.0513471594	56.593011283
	56.0593930386	56.5844207852
	56.0668598455	56.5753224546
	56.0737156062	56.5657552518
	56.0799309631	56.5557601448
	56.0854793011	56.5453799344
	56.0903368616	56.5346590701
	56.0944828435	56.5236434603
	56.0978994932	56.5123802757
	56.1005721801	56.5009177468
	56.1006653547	56.5003533968
	56.1035430428	56.4988152404
	56.108970601	56.4955529168
	56.1126025296	56.4938121259
	56.12298274	56.4882637878
	56.1296520945	56.4842179125
	56.1325508638	56.4823722542
	56.1330108976	56.4825291081
	56.1442740822	56.4859457579
	56.1557366112	56.4886184447
	56.1673494	56.4905357239
	56.179062721	56.4916893854
	56.190826416	56.4920744889
	56.2011032104	56.4920744889
	56.2112890253	56.4917410398
	56.2206217014	56.4984287409
	56.2306168083	56.5046440978
	56.2409970187	56.5101924359
	56.24153615	56.5104367131
	56.2472366245	56.5157757901
	56.256334955	56.523242597
	56.2659021579	56.5300983576
	56.2758972648	56.5363137145
	56.2862774753	56.5418620526
	56.2941651586	56.5455175712
	56.3152756932	56.5546881034
	56.3181088742	56.5558901453
	56.329124484	56.5600361272
	56.3403876687	56.5634527769
	56.3518501976	56.5661254638
	56.3573704763	56.5671342591
	56.3657017751	56.5685228089
	56.3717942853	56.5694312928
	56.3835076063	56.5705849542
	56.3952713013	56.5709700577
	56.4070349963	56.5705849542
	56.4187483173	56.5694312928
	56.4303611061	56.5675140136
	56.441823635	56.5648413267
	56.4530868197	56.561424677
	56.4641024295	56.5572786951
	56.4657269488	56.5565964559
	56.4663291955	56.5563400569
	56.4760155791	56.5585626798
	56.4843468779	56.5602335172
	56.4846245506	56.560288977
	56.4962373395	56.5622062562
	56.5079506605	56.5633599176
	56.5197143555	56.5637450211
	56.5308092703	56.5634025007
	56.5396975149	56.5628531843
	56.5403662951	56.5628106012
	56.5520796161	56.5616569398
	56.563692405	56.5597396606
	56.5751549339	56.5570669737
	56.5864181185	56.553650324
	56.5974337283	56.549504342
	56.5984972046	56.5490598382
	56.6043696869	56.5473422736
	56.6116943026	56.5450291081
	56.6227099124	56.5408831262
	56.6254421954	56.5397248783
	56.6401669269	56.5333390751
	56.6481555081	56.5296397626
	56.6585357186	56.5240914245
	56.6685308255	56.5178760676
	56.6780980284	56.511020307
	56.6871963589	56.5035535001
	56.6957868567	56.4955076209
	56.7038327359	56.4869171231
	56.7112995428	56.4778187925
	56.7181553034	56.4682515897
	56.7243706603	56.4582564827
	56.7299189984	56.4478762723
	56.7347765588	56.437155408
	56.7389225408	56.4261397982
	56.7423391905	56.4148766136
	56.744817341	56.4042484057
	56.7453525308	56.4042341022
	56.7523108752	56.4039132013
	56.7640241962	56.4027595399
	56.775636985	56.4008422607
	56.7870995139	56.3981695738
	56.7983626986	56.3947529241
	56.8093783084	56.3906069421
	56.8200991727	56.3857493817
	56.8304793831	56.3802010436
	56.8404744901	56.3739856867
	56.8500416929	56.3671299261
	56.8591400235	56.3596631192
	56.8677305213	56.35161724
	56.8757764005	56.3430267422
	56.8832432074	56.3339284117
	56.890098968	56.3243612088
	56.8936057551	56.3189022911
	56.8978808499	56.3168635785
	56.9082610604	56.3113152404
	56.9099287949	56.3103403951
	56.9160399399	56.3067240621
	56.9243673123	56.3014835505
	56.9286351342	56.2984252726
	56.933680173	56.3020404963
	56.94367528	56.3082558532
	56.9540554904	56.3138041913
	56.9647763547	56.3186617517
	56.9757919645	56.3228077336
	56.9870551491	56.3262243833
	56.9985176781	56.3288970702
	57.0101304669	56.3308143494
	57.0218437879	56.3319680109
	57.0263320604	56.3322059106
	57.0645487101	56.3337530205
	57.0657205105	56.3347627303
	57.0719743738	56.3413404456
	57.0805648716	56.3493863248
	57.0896632021	56.3568531317
	57.0914520791	56.358183158
	57.0949353552	56.3674380008
	57.0997929156	56.378158865
	57.1053412537	56.3885390755
	57.1115566106	56.3985341824
	57.1184123712	56.4081013853
	57.1258791782	56.4171997158
	57.1339250574	56.4257902136
	57.142127839	56.4334950892
	57.1468504343	56.4376607386
	57.1472381504	56.4380017422
	57.1563364809	56.4454685492
	57.1659036838	56.4523243098
	57.1758987907	56.4585396667
	57.1862790012	56.4640880048
	57.1969998655	56.4689455652
	57.2080154752	56.4730915471
	57.2164240425	56.4757180558
	57.2475367134	56.4846063004
	57.2503913308	56.4853964415
	57.2618538597	56.4880691283
	57.2734666485	56.4899864075
	57.2851799696	56.491140069
	57.2969436646	56.4915251725
	57.3018860643	56.4914572548
	57.3121552293	56.4911749672
	57.3172599451	56.4909620528
	57.3337075399	56.4961745903
	57.3414939309	56.4984503355
	57.3499645474	56.5005014272
	57.3706020596	56.5049722524
	57.373593972	56.5055938476
	57.3852067608	56.5075111268
	57.3969200819	56.5086647882
	57.4086837769	56.5090498917
	57.4124603271	56.5090498917
	57.4242240221	56.5086647882
	57.4359373432	56.5075111268
	57.447550132	56.5055938476
	57.4590126609	56.5029211607
	57.4702758456	56.499504511
	57.4812914553	56.495358529
	57.4920123196	56.4905009686
	57.5023925301	56.4849526306
	57.512387637	56.4787372736
	57.5219548399	56.471881513
	57.5284260374	56.4666742437
	57.5373447996	56.4591516607
	57.5399719326	56.4568921231
	57.5485624304	56.4488462439
	57.5566083096	56.4402557461
	57.5640751165	56.4311574156
	57.5709308772	56.4215902127
	57.576313772	56.4130218029
	57.579098501	56.4082992077
	57.5799309631	56.4068725105
	57.5854793011	56.3964923001
	57.5903368616	56.3857714358
	57.5944828435	56.3747558261
	57.5978994932	56.3634926414
	57.5989587603	56.3593423447
	57.6014535724	56.3490579209
	57.6030669921	56.3417456886
	57.6049842713	56.3301328998
	57.6061379327	56.3184195788
	57.6064325276	56.312361177
	57.606896781	56.3118986121
	57.614113256	56.3041936601
	57.6185684537	56.3058704778
	57.6195579895	56.3062031804
	57.6270500549	56.3086979924
	57.6373237038	56.3117819395
	57.6487862327	56.3144546264
	57.6603990216	56.3163719056
	57.6721123426	56.317525567
	57.6729725817	56.3175798803
	57.682143114	56.3181368261
	57.6930465698	56.3184676163
	57.69987441	56.3183379736
	57.7200827853	56.3175702893
	57.7261581079	56.317399004
	57.7297757444	56.3189440393
	57.7407913541	56.3230900212
	57.7520545388	56.3265066709
	57.7635170677	56.3291793578
	57.7751298565	56.331096637
	57.7868431776	56.3322502985
	57.7922564491	56.3325232607
	57.8000308021	56.3327979189
	57.8063812256	56.3329100602
	57.8181449206	56.3325249567
	57.8298582416	56.3313712952
	57.8414710304	56.329454016
	57.8478591328	56.3280621898
	57.8516557021	56.3271624248
	57.9014531974	56.3193578894
	57.9086936257	56.3180709594
	57.9201561546	56.3153982725
	57.9272444843	56.3133421937
	57.9361327289	56.3105650941
	57.9403075839	56.3092045232
	57.9513231936	56.3050585412
	57.9578547792	56.3022001204
	57.9650798158	56.298866075
	57.9692690945	56.2968669354
	57.9782108798	56.2921402639
	57.9816038894	56.2920355591
	57.9895050529	56.2968727966
	57.9998852634	56.3024211346
	58.0106061277	56.3072786951
	58.0216217374	56.311424677
	58.0328849221	56.3148413267
	58.044347451	56.3175140136
	58.0559602398	56.3194312928
	58.0676735609	56.3205849542
	58.0794372559	56.3209700577
	58.0912009508	56.3205849542
	58.1029142719	56.3194312928
	58.1145270607	56.3175140136
	58.1209767187	56.3161075876
	58.1588438894	56.3071192189
	58.2016533959	56.2997410653
	58.206194236	56.2988982909
	58.2176567649	56.296225604
	58.2251019575	56.2940576174
	58.2298301125	56.295394
	58.2412926414	56.2980666869
	58.2529054303	56.2999839661
	58.2646187513	56.3011376276
	58.2763824463	56.3015227311
	58.2881461413	56.3011376276
	58.2998594623	56.2999839661
	58.3011149895	56.2998141721
	58.3111171257	56.2984256223
	58.3214743874	56.2966781371
	58.3329369163	56.2940054502
	58.344200101	56.2905888005
	58.3442003408	56.2905887146
	58.345289603	56.29160892
	58.3492745121	56.2950023022
	58.3556603153	56.3002818432
	58.3607737368	56.3043552679
	58.3703409396	56.3112110285
	58.3788115577	56.3165362178
	58.3849227027	56.3201449214
	58.3864471916	56.321035089
	58.396827402	56.3265834271
	58.4075482663	56.3314409875
	58.4185638761	56.3355869695
	58.4298270608	56.3390036192
	58.4412895897	56.3416763061
	58.4529023785	56.3435935853
	58.4646156996	56.3447472467
	58.4685218818	56.3449606375
	58.5257499701	56.3474630789
	58.5308336523	56.3476134016
	58.5669435766	56.3481703474
	58.5814811022	56.3478066339
	58.5931944232	56.3466529725
	58.6048072121	56.3447356933
	58.616269741	56.3420630064
	58.6275329257	56.3386463567
	58.6385485354	56.3345003747
	58.6492693997	56.3296428143
	58.6596496102	56.3240944763
	58.6613173447	56.3231196309
	58.6674284897	56.3195032979
	58.6757558621	56.3142627863
	58.685323065	56.3074070257
	58.6927195399	56.3014139667
	58.7036437655	56.2980884953
	58.7146593753	56.2939425134
	58.7253802396	56.289084953
	58.730149444	56.2866440756
	58.7328589699	56.2861266845
	58.7426620012	56.2838901855
	58.7512755876	56.2816700316
	58.7529350852	56.2812338438
	58.7641982699	56.2778171941
	58.7752138797	56.2736712121
	58.7859347439	56.2688136517
	58.7963149544	56.2632653137
	58.8063100613	56.2570499568
	58.8158772642	56.2501941961
	58.8249755948	56.2427273892
	58.8300271302	56.2381246292
	58.834756078	56.2369015532
	58.8362233246	56.236515461
	58.8373816934	56.2365772441
	58.8484977212	56.2371341899
	58.8550772969	56.2373432305
	58.8586735309	56.245094595
	58.864221869	56.2554748055
	58.8704372259	56.2654699124
	58.8772929865	56.2750371153
	58.8847597934	56.2841354458
	58.8928056726	56.2927259436
	58.9013961704	56.3007718228
	58.9104945009	56.3082386297
	58.9200617038	56.3150943903
	58.9263470105	56.3191081577
	58.9327404431	56.3230067783
	58.9364502434	56.3252083679
	58.9468304538	56.3307567059
	58.9575513181	56.3356142663
	58.9685669278	56.3397602483
	58.9798301125	56.343176898
	58.9912926414	56.3458495849
	59.0029054303	56.3477668641
	59.0146187513	56.3489205255
	59.0263824463	56.349305629
	59.0381461413	56.3489205255
	59.0498594623	56.3477668641
	59.0614722511	56.3458495849
	59.0729347801	56.343176898
	59.0841979647	56.3397602483
	59.0896970603	56.3377934258
	59.1093754892	56.3303926784
	59.13311826	56.331154367
	59.150649193	56.3308617486
	59.1524355402	56.3307357313
	59.1635439386	56.3298964979
	59.1734709125	56.3288688538
	59.1850837013	56.3269515746
	59.1965462303	56.3242788877
	59.2078094149	56.320862238
	59.2188250247	56.3167162561
	59.223710971	56.3146072169
	59.2485441323	56.3147960224
	59.2620907605	56.3160448981
	59.2668389051	56.3164193048
	59.2786026001	56.3168044083
	59.2827530748	56.3167565146
	59.2949829942	56.316474227
	59.3025962145	56.3161370172
	59.3143095355	56.3149833558
	59.3259223244	56.3130660766
	59.3357626719	56.310819955
	59.3443686289	56.3085998012
	59.3459908103	56.3081732359
	59.357253995	56.3047565862
	59.3682696048	56.3006106042
	59.378990469	56.2957530438
	59.3893706795	56.2902047057
	59.3993657864	56.2839893488
	59.4089329893	56.2771335882
	59.4180313199	56.2696667813
	59.4266218176	56.2616209021
	59.4346676968	56.2530304043
	59.4421345038	56.2439320738
	59.4489902644	56.2343648709
	59.4552056213	56.224369764
	59.4607539594	56.2139895535
	59.4656115198	56.2032686892
	59.4697575017	56.1922530795
	59.4731741514	56.1809898948
	59.4758468383	56.1695273659
	59.4764263484	56.1664765641
	59.4775326106	56.160365419
	59.4788703797	56.151803432
	59.4800240411	56.140090111
	59.4804091446	56.128326416
	59.4802685632	56.1212164625
	59.4797192468	56.1073309645
	59.4794747247	56.102677223
	59.4783210633	56.090963902
	59.4780374193	56.0889016966
	59.4769325135	56.0779100079
	59.4754160075	56.0683759
	59.4749870179	56.0648484845
	59.4730697387	56.0532356956
	59.4703970518	56.0417731667
	59.4669804021	56.030509982
	59.465239354	56.0256144954
	59.4630894109	56.0188446378
	59.4589434289	56.0078290281
	59.4552842982	55.9995859534
	59.4538640442	55.9965912934
	59.4527211804	55.993390856
	59.4495058679	55.985047656
	59.4446483075	55.9743267917
	59.4390999694	55.9639465812
	59.4328846125	55.9539514743
	59.4260288519	55.9443842714
	59.418562045	55.9352859409
	59.4129388834	55.9292439589
	59.4160283841	55.9273227839
	59.425595587	55.9204670233
	59.4346939175	55.9130002164
	59.4349735894	55.9127544382
	59.439703814	55.9085887888
	59.4480146399	55.9007886878
	59.4560605191	55.89219819
	59.463527326	55.8830998594
	59.4703830866	55.8735326566
	59.4765984435	55.8635375496
	59.4821467816	55.8531573392
	59.487004342	55.8424364749
	59.491150324	55.8314208651
	59.4945669737	55.8201576805
	59.4971369664	55.809135583
	59.5012642478	55.8081732359
	59.5125274325	55.8047565862
	59.5235430423	55.8006106042
	59.5342639065	55.7957530438
	59.544644117	55.7902047057
	59.5546392239	55.7839893488
	59.5642064268	55.7771335882
	59.5723958903	55.7704584647
	59.5801301617	55.7716483948
	59.5809578317	55.7717554068
	59.6006721872	55.7742578482
	59.6115578382	55.7753044977
	59.6233215332	55.7756896012
	59.6350852282	55.7753044977
	59.6467985492	55.7741508362
	59.6584113381	55.772233557
	59.669873867	55.7695608702
	59.6811370516	55.7661442204
	59.6921526614	55.7619982385
	59.7028735257	55.7571406781
	59.7132537361	55.75159234
	59.7232488431	55.7453769831
	59.7328160459	55.7385212225
	59.7419143765	55.7310544156
	59.7423020926	55.7307134119
	59.7470246878	55.7265477625
	59.7552274695	55.718842887
	59.7632733487	55.7102523892
	59.7707401556	55.7011540586
	59.7775959162	55.6915868558
	59.7838112731	55.6815917488
	59.7893596112	55.6712115384
	59.791134246	55.6675068797
	59.7923206477	55.6657537259
	59.7985360046	55.6557586189
	59.8040843427	55.6453784085
	59.8089419031	55.6346575442
	59.813087885	55.6236419345
	59.8165045347	55.6123787498
	59.8191772216	55.6009162209
	59.8199640671	55.5966981347
	59.8210779587	55.5903047021
	59.8222083924	55.5829099994
	59.8233620538	55.5711966784
	59.8237471573	55.5594329834
	59.8233620538	55.5476692884
	59.8222083924	55.5359559674
	59.8202911132	55.5243431785
	59.8176184263	55.5128806496
	59.8142017766	55.501617465
	59.8100557947	55.4906018552
	59.8051982343	55.4798809909
	59.7996498962	55.4695007805
	59.7934345393	55.4595056735
	59.7865787787	55.4499384707
	59.7826996272	55.4450604364
	59.778808636	55.4403378412
	59.7752209805	55.4361175449
	59.7671751013	55.4275270471
	59.7585846035	55.4194811679
	59.749486273	55.412014361
	59.7399190701	55.4051586004
	59.7299239632	55.3989432435
	59.7195437527	55.3933949054
	59.7088228884	55.388537345
	59.7060802521	55.3874276463
	59.7042509683	55.3852117428
	59.7007733487	55.3811248691
	59.6927274695	55.3725343713
	59.6841369717	55.3644884921
	59.6750386412	55.3570216852
	59.6654714383	55.3501659246
	59.6554763313	55.3439505677
	59.6450961209	55.3384022296
	59.6343752566	55.3335446692
	59.6301354684	55.331851208
	59.6229180611	55.3290741084
	59.6161422396	55.3266215877
	59.604879055	55.3232049379
	59.5936301457	55.3205748771
	59.5790755962	55.3176614686
	59.5788470168	55.3175191177
	59.5726903714	55.3132167669
	59.5626952645	55.30700141
	59.552315054	55.3014530719
	59.5415941897	55.2965955115
	59.53057858	55.2924495296
	59.5193153953	55.2890328798
	59.5078528664	55.286360193
	59.4962400775	55.2844429138
	59.4925508698	55.2839959417
	59.482556363	55.2828896795
	59.4745322497	55.2821829901
	59.4627685547	55.2817978866
	59.4510048597	55.2821829901
	59.4392915387	55.2833366515
	59.4276787498	55.2852539307
	59.4275229027	55.2852850022
	59.4094641258	55.2888937059
	59.3981574441	55.2915353212
	59.3887806317	55.2943797462
	59.3876850899	55.293954525
	59.3654606636	55.2858978843
	59.3619765902	55.2846751765
	59.3507134056	55.2812585268
	59.3437877018	55.2795492397
	59.3404296374	55.2787907752
	59.3402001281	55.2783920769
	59.3339847712	55.2683969699
	59.3271290106	55.258829767
	59.3261020908	55.2575042973
	59.3233516021	55.253988151
	59.3229747235	55.2532193088
	59.3174263854	55.2428390983
	59.3112110285	55.2328439914
	59.3043552679	55.2232767885
	59.3040618735	55.2228954865
	59.2965621787	55.2131756379
	59.2893887662	55.2044586093
	59.281342887	55.1958681116
	59.2727523892	55.1878222324
	59.2636540586	55.1803554254
	59.2540868558	55.1734996648
	59.2440917488	55.1672843079
	59.2388317876	55.1643636586
	59.2263348394	55.1576955678
	59.2212145901	55.155067879
	59.2104937259	55.1502103186
	59.2052183038	55.1481220273
	59.1904935724	55.1425601986
	59.1847533847	55.1405025081
	59.1802791671	55.1390486887
	59.1784289456	55.1381229938
	59.1677080813	55.1332654334
	59.1668751815	55.1329228754
	59.1485812593	55.1228804869
	59.1482595242	55.1226650091
	59.1382644173	55.1164496522
	59.1278842068	55.1109013141
	59.1171633426	55.1060437537
	59.1160472727	55.1055858412
	59.1110708703	55.1028720045
	59.1051992215	55.0987773748
	59.0952041146	55.0925620179
	59.0899039329	55.0896199144
	59.0773993553	55.0829518236
	59.0723193265	55.080345589
	59.0615984622	55.0754880286
	59.0573586739	55.0737945674
	59.0501412667	55.0710174678
	59.0433654452	55.068564947
	59.0321022605	55.0651482973
	59.0206397316	55.0624756104
	59.0090269428	55.0605583312
	59.0013468355	55.0598019067
	59.0019340394	55.0562452655
	59.0030877008	55.0445319445
	59.0034728043	55.0327682495
	59.0030877008	55.0210045545
	59.0019340394	55.0092912335
	59.0000167602	54.9976784447
	58.9973440733	54.9862159157
	58.9939274236	54.9749527311
	58.9897814416	54.9639371213
	58.9849238812	54.953216257
	58.9793755431	54.9428360466
	58.9731601862	54.9328409396
	58.9679608935	54.9254669836
	58.9607358569	54.9157471349
	58.959079389	54.9135538881
	58.9516125821	54.9044555576
	58.9435667029	54.8958650598
	58.9349762051	54.8878191806
	58.9258778746	54.8803523737
	58.9163106717	54.8734966131
	58.9063155647	54.8672812562
	58.9024496429	54.8651123386
	58.8902273529	54.8584518772
	58.8837130643	54.8550724567
	58.8729922	54.8502148963
	58.8619765902	54.8460689143
	58.8507134056	54.8426522646
	58.8491985218	54.8422534151
	58.8491945592	54.8422523902
	58.8356003983	54.8372609319
	58.8314208651	54.8357844905
	58.8210514034	54.8326097803
	58.7936887783	54.8251268089
	58.776979421	54.819474916
	58.7663180056	54.8146466589
	58.7595009296	54.8119840962
	58.749020247	54.8081344959
	58.7489932156	54.8081211627
	58.7382723513	54.8032636023
	58.7339731406	54.8015472887
	58.7321068894	54.8008299546
	58.7316067954	54.8005458812
	58.7223208523	54.7956242145
	58.7115999881	54.7907666541
	58.7016907786	54.787000261
	58.6944733713	54.7844978196
	58.6933669711	54.7841182307
	58.6869455821	54.782071807
	58.6711069591	54.7773492118
	58.6662651634	54.7759789858
	58.6548026344	54.7733062989
	58.6458944441	54.7717659951
	58.636456883	54.7703774453
	58.6337522846	54.7700004699
	58.6220389635	54.7688468085
	58.6102752686	54.768461705
	58.5883255005	54.768461705
	58.5766713678	54.768839661
	58.5552861749	54.7702282108
	58.5551766126	54.7702353583
	58.5434632916	54.7713890197
	58.5365285535	54.7724399312
	58.4993047375	54.7788257344
	58.4946266868	54.7796921021
	58.4831641579	54.782364789
	58.4719009733	54.7857814387
	58.4608853635	54.7899274207
	58.4501644992	54.7947849811
	58.4397842888	54.8003333192
	58.4297891818	54.8065486761
	58.420221979	54.8134044367
	58.4174210063	54.8157031356
	58.4083251953	54.8154053695
	58.4030970995	54.8154813678
	58.393651909	54.815756026
	58.3871163099	54.8160651312
	58.3754029889	54.8172187927
	58.3637902	54.8191360719
	58.3592199522	54.8201070239
	58.3506139951	54.8220525195
	58.3437217141	54.8237542543
	58.3324585294	54.8271709041
	58.3214429197	54.831316886
	58.3107220554	54.8361744464
	58.3003418449	54.8417227845
	58.290346738	54.8479381414
	58.2807795351	54.854793902
	58.2716812046	54.8622607089
	58.2711710779	54.8627097859
	58.2664484827	54.8668830647
	58.2661740786	54.867141047
	58.2629830261	54.8611710075
	58.2567676692	54.8511759006
	58.2499119085	54.8416086977
	58.2424451016	54.8325103672
	58.2343992224	54.8239198694
	58.2258087246	54.8158739902
	58.2167103941	54.8084071833
	58.2071431912	54.8015514226
	58.1971480843	54.7953360657
	58.1961275956	54.7947513266
	58.1839053055	54.7878009482
	58.1745455838	54.7828373492
	58.1638247195	54.7779797888
	58.1599736718	54.7764364237
	58.1241075429	54.7625404432
	58.1192706204	54.7600636066
	58.1085497561	54.7552060462
	58.0975341464	54.7510600642
	58.0862709617	54.7476434145
	58.0804320514	54.7461831372
	58.0720931232	54.744245271
	58.0664695046	54.7430328614
	58.0568163679	54.7413845456
	58.0373766707	54.738607446
	58.0354170185	54.7383384826
	58.0237036974	54.7371848212
	58.0119400024	54.7367997177
	58.0	54.7367997177
	57.988236305	54.7371848212
	57.976522984	54.7383384826
	57.9649101951	54.7402557618
	57.9534476662	54.7429284487
	57.9421844816	54.7463450984
	57.9311688718	54.7504910803
	57.9204480075	54.7553486407
	57.9162196655	54.7575036384
	57.9130096769	54.758559759
	57.9019940671	54.762705741
	57.8912732028	54.7675633014
	57.8808929924	54.7731116395
	57.8786418816	54.7744331912
	57.878493967	54.7745060504
	57.8681137565	54.7800543885
	57.8581186496	54.7862697454
	57.8548461798	54.7885089065
	57.8492919806	54.7923998978
	57.8429972475	54.7970164972
	57.833898917	54.8044833041
	57.8253084192	54.8125291833
	57.81726254	54.8211196811
	57.8097957331	54.8302180117
	57.8029399724	54.8397852145
	57.7967246155	54.8497803215
	57.7911762775	54.8601605319
	57.7863187171	54.8708813962
	57.7821727351	54.881897006
	57.7787560854	54.8931601906
	57.7768789696	54.9008364104
	57.7757727073	54.9058336639
	57.7749771363	54.909619973
	57.7730598571	54.9212327618
	57.7719061957	54.9329460829
	57.7715210922	54.9447097778
	57.7719061957	54.9564734728
	57.7730598571	54.9681867938
	57.7749771363	54.9797995827
	57.7776498232	54.9912621116
	57.7810664729	55.0025252963
	57.7852124548	55.013540906
	57.7900700153	55.0242617703
	57.7956183533	55.0346419808
	57.8018337102	55.0446370877
	57.8086894709	55.0542042906
	57.8129644121	55.0595610184
	57.8107219549	55.062838193
	57.804506598	55.0728333
	57.7989582599	55.0832135104
	57.7941006995	55.0939343747
	57.7899547175	55.1049499845
	57.7865380678	55.1162131692
	57.7846858731	55.124156799
	57.7836269952	55.1242316977
	57.7556661449	55.1251889729
	57.7502330112	55.1241918623
	57.7412428241	55.1227760436
	57.7323866959	55.1218325179
	57.7051650162	55.119612364
	57.7023078234	55.1194022284
	57.6957743349	55.1190931845
	57.6768915834	55.1185438681
	57.659897682	55.118852912
	57.6534026778	55.1193969624
	57.6425613081	55.1205032246
	57.6373429913	55.1211128356
	57.6312128256	55.1220275995
	57.6195551108	55.1239730951
	57.6140724876	55.1249756104
	57.6055528614	55.1268863446
	57.5611040088	55.1379947431
	57.5581611062	55.1387566958
	57.5512960413	55.1407431755
	57.5187222461	55.1508742705
	57.514581142	55.1502800109
	57.5078452184	55.1495220392
	57.4989493444	55.1486904352
	57.4939719469	55.1482947455
	57.482208252	55.147909642
	57.4796863905	55.1479273222
	57.4765718914	55.1479709946
	57.4739354307	55.1459087091
	57.4683046679	55.1417594914
	57.4455232958	55.1256462102
	57.4415868558	55.1229396673
	57.4319224668	55.1169157191
	57.4142893074	55.1066852005
	57.4127749794	55.101556335
	57.4105915471	55.09467319
	57.4064455652	55.0836575803
	57.4015880048	55.072936716
	57.3960396667	55.0625565056
	57.3934964227	55.0582887045
	57.3937076716	55.0579732693
	57.3990905664	55.0494048596
	57.4018752954	55.0446822643
	57.4027077575	55.0432555672
	57.4082560956	55.0328753567
	57.413113656	55.0221544925
	57.4172596379	55.0111388827
	57.4206762876	54.999875698
	57.4233489745	54.9884131691
	57.4252662537	54.9768003803
	57.4264199152	54.9650870592
	57.4268050187	54.9533233643
	57.4265950112	54.9446341973
	57.4263127236	54.9387977105
	57.4261376276	54.9357231825
	57.4249839661	54.9240098614
	57.4235913805	54.9151465243
	57.4247512484	54.9147571965
	57.4357668582	54.9106112146
	57.4464877225	54.9057536542
	57.4568679329	54.9002053161
	57.4668630399	54.8939899592
	57.4764302427	54.8871341986
	57.4787741046	54.8853047127
	57.5238583517	54.8789111543
	57.5336936257	54.877236914
	57.5400082607	54.8758624828
	57.5600049038	54.8711322582
	57.5651527976	54.8698340025
	57.575431742	54.8667482919
	57.5837706702	54.8639711923
	57.5847549105	54.8636402532
	57.5957705203	54.8594942712
	57.6064913846	54.8546367108
	57.6102608862	54.8526218702
	57.6209923362	54.850119647
	57.6322555209	54.8467029973
	57.6432711306	54.8425570154
	57.6469692534	54.8409765366
	57.6539120024	54.8379171494
	57.6609347439	54.8346400677
	57.6713149544	54.8290917297
	57.6813100613	54.8228763728
	57.6908772642	54.8160206121
	57.6999755948	54.8085538052
	57.7085660925	54.800507926
	57.7166119717	54.7919174283
	57.7240787787	54.7828190977
	57.7299256467	54.7747455531
	57.735357363	54.7729786384
	57.737533536	54.7722553655
	57.7485491458	54.7681093835
	57.7493276385	54.7677847807
	57.7763225751	54.7613665492
	57.7812706565	54.7601156797
	57.7899549301	54.7575527881
	57.7985608871	54.7547756885
	57.8011397982	54.7539219304
	57.812155408	54.7497759485
	57.8228762723	54.7449183881
	57.8332564827	54.73937005
	57.8413191552	54.734427999
	57.8468733544	54.7308192953
	57.8488057889	54.7295459895
	57.8583729917	54.7226902288
	57.8674713223	54.7152234219
	57.8760618201	54.7071775427
	57.8841076993	54.6985870449
	57.8915745062	54.6894887144
	57.8984302668	54.6799215115
	57.9046456237	54.6699264046
	57.9077029497	54.6644097927
	57.9102130205	54.6596871975
	57.9127040326	54.6548235989
	57.917561593	54.6441027346
	57.9217075749	54.6330871249
	57.9242509103	54.6249687774
	57.9274105409	54.6226599296
	57.9303054476	54.6217045232
	57.9413210574	54.6175585412
	57.9520419217	54.6127009808
	57.9624221321	54.6071526428
	57.9724172391	54.6009372859
	57.9758253144	54.5986030332
	57.9762205749	54.5983255907
	57.9845071994	54.6042637019
	57.9945023063	54.6104790588
	58.0048825168	54.6160273969
	58.0119126776	54.6193077476
	58.0179364108	54.6224208295
	58.0286572751	54.6272783899
	58.031871171	54.6285735028
	58.046046586	54.634127702
	58.0538482999	54.636978571
	58.0651114846	54.6403952207
	58.0718798352	54.6420688934
	58.0788940342	54.6485577725
	58.0879923647	54.6560245794
	58.0975595676	54.6628803401
	58.1075546745	54.669095697
	58.117934885	54.674644035
	58.1286557492	54.6795015954
	58.139671359	54.6836475774
	58.1509345437	54.6870642271
	58.1534300077	54.6877137487
	58.1787061918	54.6940995519
	58.1876732567	54.6961227172
	58.1966021478	54.6976660655
	58.2060473382	54.6990546153
	58.2087312359	54.6994285462
	58.220444557	54.7005822076
	58.2229803773	54.7007304389
	58.2253120597	54.7008502227
	58.2452097531	54.7037761965
	58.2479005475	54.7041511414
	58.2569573531	54.7051109211
	58.2670152988	54.7059198976
	58.2702611548	54.7075957152
	58.2732235812	54.7090907513
	58.2839444455	54.7139483118
	58.2949600553	54.7180942937
	58.30622324	54.7215109434
	58.3118746317	54.7229275378
	58.3202059306	54.7248730335
	58.3260170677	54.7261291259
	58.3376298565	54.7280464051
	58.3493431776	54.7292000665
	58.3611068726	54.72958517
	58.3728705675	54.7292000665
	58.3845838886	54.7280464051
	58.3961966774	54.7261291259
	58.4034352684	54.7245335537
	58.4378743554	54.7161946255
	58.4420982932	54.7151175108
	58.4514753895	54.7123294985
	58.4606734806	54.7093201331
	58.4775371678	54.7051013164
	58.5514891645	54.6956142954
	58.5520796161	54.695537555
	58.563692405	54.6936202758
	58.5751549339	54.6909475889
	58.5864181185	54.6875309392
	58.5974337283	54.6833849573
	58.6081545926	54.6785273969
	58.6175172539	54.6735621262
	58.6209397401	54.6764884513
	58.6259369935	54.6806541008
	58.6316096132	54.6851917547
	58.6411768161	54.6920475153
	58.651171923	54.6982628723
	58.6549618612	54.7003903592
	58.6610730063	54.7037244047
	58.6676632785	54.7071452557
	58.6783841428	54.7120028162
	58.6815674096	54.7132859248
	58.6957351953	54.718840124
	58.7035675382	54.7217029973
	58.70698544	54.7228252268
	58.7069943723	54.722828927
	58.718009982	54.7269749089
	58.7292731667	54.7303915586
	58.7298908045	54.7305558786
	58.7493543072	54.7379260583
	58.755233798	54.7400364324
	58.7608006353	54.7418257447
	58.7763569707	54.7465483399
	58.7820533181	54.7481756773
	58.793515847	54.7508483642
	58.795937264	54.7513127842
	58.8139884115	54.7546468296
	58.8231797833	54.7560996888
	58.8348931043	54.7572533502
	58.8452340535	54.7576328266
	58.8599685434	54.7577493816
	58.8732141383	54.7627420165
	58.8788376188	54.7647556706
	58.8844279084	54.7665521008
	58.8999918732	54.7712746961
	58.9056647683	54.7728949156
	58.91131616	54.77431151
	58.9363100565	54.7801479968
	58.9421211937	54.7814040893
	58.9514272903	54.7830024827
	58.9673978081	54.785315761
	58.9741610119	54.78908154
	58.9821087741	54.7932506024
	58.9928296384	54.7981081628
	59.0038452482	54.8022541448
	59.0151084328	54.8056707945
	59.0265709617	54.8083434814
	59.0381837506	54.8102607606
	59.0498970716	54.811414422
	59.0616607666	54.8117995255
	59.071105957	54.8117995255
	59.082869652	54.811414422
	59.094582973	54.8102607606
	59.0972668708	54.8098868296
	59.1067120612	54.8084982798
	59.1156409523	54.8069549316
	59.1255519646	54.8046905647
	59.1504829748	54.7982481041
	59.1804298357	54.7935239567
	59.1844429224	54.7976650072
	59.1864229211	54.799676322
	59.1950134189	54.8077222012
	59.2041117495	54.8151890081
	59.2136789523	54.8220447688
	59.2236740593	54.8282601257
	59.2274639975	54.8303876127
	59.2335751425	54.8337216581
	59.2401654147	54.8371425092
	59.250886279	54.8420000696
	59.2577740972	54.8446885994
	59.2797162359	54.8527376106
	59.2838440275	54.8541950627
	59.2951072121	54.8576117124
	59.3007763555	54.8590324512
	59.3036198966	54.8596961611
	59.3130152788	54.8699352336
	59.3183580408	54.8755125037
	59.3269485385	54.8835583829
	59.3360468691	54.8910251898
	59.345614072	54.8978809504
	59.3505734544	54.9010782944
	59.3567300998	54.9053806452
	59.3614188891	54.908409422
	59.3655954831	54.917197169
	59.3667301715	54.919540701
	59.3722785096	54.9299209114
	59.3784938665	54.9399160184
	59.3853496271	54.9494832212
	59.392816434	54.9585815518
	59.4008623132	54.9671720496
	59.409452811	54.9752179288
	59.412982202	54.9782334424
	59.4179870848	54.9823990918
	59.4235560244	54.9868503851
	59.4331232272	54.9937061457
	59.4431183342	54.9999215026
	59.4469082724	55.0020489896
	59.4530194174	55.005383035
	59.4596096896	55.0088038861
	59.4703305539	55.0136614465
	59.4801351469	55.0173915305
	59.4873601835	55.0199016013
	59.4885712003	55.0203174993
	59.4888224491	55.0203986677
	59.4889644342	55.0205968077
	59.4964312412	55.0296951382
	59.5044771203	55.038285636
	59.5130676181	55.0463315152
	59.5221659487	55.0537983221
	59.5317331516	55.0606540827
	59.5417282585	55.0668694396
	59.5521084689	55.0724177777
	59.5628293332	55.0772753381
	59.573844943	55.0814213201
	59.5851081277	55.0848379698
	59.5920338314	55.0865472569
	59.6006474178	55.0884927525
	59.605184243	55.0894561523
	59.6167970318	55.0913734315
	59.6285103529	55.0925270929
	59.6402740479	55.0929121964
	59.6520377428	55.0925270929
	59.6637510639	55.0913734315
	59.6664349616	55.0909995005
	59.675880152	55.0896109507
	59.6848090431	55.0880676025
	59.6962715721	55.0853949156
	59.7075347567	55.0819782659
	59.7143105782	55.0795257451
	59.7215279855	55.0767486455
	59.7257677737	55.0750551843
	59.736488638	55.0701976239
	59.7425123712	55.0670845421
	59.7444150227	55.0662330238
	59.755445489	55.0658815807
	59.7614814074	55.0655877008
	59.7731947284	55.0644340394
	59.7848075173	55.0625167602
	59.7962700462	55.0598440733
	59.8075332308	55.0564274236
	59.8185488406	55.0522814416
	59.8292697049	55.0474238812
	59.8396499153	55.0418755431
	59.8415369631	55.0407021015
	59.8514960671	55.0437231626
	59.862958596	55.0463958495
	59.8745713849	55.0483131287
	59.8860512754	55.0494513378
	59.8943825742	55.0500082836
	59.8946160047	55.050023736
	59.9063796997	55.0504088395
	59.9181433947	55.050023736
	59.9298567157	55.0488700745
	59.9414695046	55.0469527953
	59.952681124	55.0443471453
	59.9776826499	55.0376866839
	59.9779335594	55.037619647
	59.989196744	55.0342029973
	59.9981811889	55.0308838805
	60.005123938	55.0281067809
	60.0071551028	55.0272799158
	60.0178759671	55.0224223553
	60.0282561775	55.0168740173
	60.0330033256	55.014035042
	60.038832183	55.0104263384
	60.0440801419	55.0070499568
	60.0536473448	55.0001941961
	60.0627456753	54.9927273892
	60.0713361731	54.98468151
	60.0793820523	54.9760910122
	60.0868488592	54.9669926817
	60.0937046198	54.9574254788
	60.0999199767	54.9474303719
	60.1054683148	54.9370501614
	60.1103258752	54.9263292971
	60.1135849588	54.9178633817
	60.1201816839	54.9097645933
	60.1270374445	54.9001973904
	60.1332528014	54.8902022835
	60.1388011395	54.8798220731
	60.1436586999	54.8691012088
	60.1444222327	54.8672281577
	60.1466500159	54.8616739585
	60.1500324651	54.8525313998
	60.1534491148	54.8412682151
	60.1561218017	54.8298056862
	60.1580390809	54.8181928974
	60.1591927423	54.8064795763
	60.1595778458	54.7947158813
	60.1591927423	54.7829521864
	60.1580390809	54.7712388653
	60.1561218017	54.7596260765
	60.1534491148	54.7481635476
	60.1500324651	54.7369003629
	60.1458864831	54.7258847532
	60.1411264652	54.7153619918
	60.1330698246	54.6989740524
	60.1329722821	54.6987759494
	60.127423944	54.688395739
	60.1212085871	54.678400632
	60.1143528265	54.6688334292
	60.110473675	54.6639553949
	60.1065826838	54.6592327997
	60.1029950284	54.6550125034
	60.0949491492	54.6464220056
	60.0926051438	54.6441204257
	60.0863431922	54.637533761
	60.0818214014	54.6331673071
	60.0776504706	54.6288413405
	60.0764022582	54.6218468406
	60.0737295713	54.6103843117
	60.0703129216	54.5991211271
	60.0661669397	54.5881055173
	60.0613093793	54.577384653
	60.0557610412	54.5670044426
	60.0495456843	54.5570093356
	60.0494872481	54.556921935
	60.049375238	54.5567276481
	60.0431598811	54.5467325412
	60.0393472802	54.5412497287
	60.0389197437	54.5403889135
	60.0361426441	54.5348347143
	60.0310341735	54.525340319
	60.0248188166	54.5153452121
	60.0181830398	54.5060652955
	60.0145743361	54.5013427003
	60.0143543524	54.501055414
	60.0068875455	54.4919570835
	59.9988416663	54.4833665857
	59.9902511685	54.4753207065
	59.9811528379	54.4678538996
	59.9715856351	54.460998139
	59.9666775639	54.4578327084
	59.9604772366	54.4534984441
	59.9504821297	54.4472830872
	59.9474702685	54.4455825886
	59.9293963311	54.4356059815
	59.9286002991	54.4284577984
	59.9266830199	54.4168450096
	59.9250092302	54.4092846816
	59.9265781683	54.4072697813
	59.9308190016	54.4015093687
	59.934153047	54.3967867735
	59.9367679743	54.3929799832
	59.9429833312	54.3829848763
	59.9485316693	54.3726046658
	59.9533892297	54.3618838015
	59.9575352117	54.3508681918
	59.9576338188	54.3505768866
	59.9615047405	54.3403267288
	59.9646373212	54.3342669583
	59.9667505701	54.3298299054
	59.9699168622	54.3237078763
	59.9747744226	54.312987012
	59.9789204045	54.3019714022
	59.9823370542	54.2907082176
	59.9850097411	54.2792456886
	59.9869270203	54.2676328998
	59.9880806818	54.2559195788
	59.9884657853	54.2441558838
	59.9880806818	54.2323921888
	59.9869270203	54.2206788678
	59.9850097411	54.2090660789
	59.9823370542	54.19760355
	59.9789204045	54.1863403653
	59.9747744226	54.1753247556
	59.9710893504	54.1670270061
	59.968586909	54.1617550945
	59.9674144208	54.1593319797
	59.9618660827	54.1489517692
	59.9556507258	54.1389566623
	59.9487949652	54.1293894594
	59.9413281583	54.1202911289
	59.9332822791	54.1117006311
	59.9246917813	54.1036547519
	59.9155934507	54.096187945
	59.9106408637	54.0925618333
	59.9103918638	54.0914939309
	59.9069752141	54.0802307462
	59.9028292322	54.0692151365
	59.8979716718	54.0584942722
	59.8924233337	54.0481140617
	59.8862079768	54.0381189548
	59.8793522162	54.0285517519
	59.8718854092	54.0194534214
	59.86383953	54.0108629236
	59.8552490323	54.0028170444
	59.8461507017	53.9953502375
	59.8365834988	53.9884944768
	59.8265883919	53.9822791199
	59.8162081814	53.9767307819
	59.8054873172	53.9718732214
	59.7944717074	53.9677272395
	59.786842699	53.9653253374
	59.7715610218	53.9608850298
	59.7679268455	53.9598702822
	59.7564643166	53.9571975953
	59.7540428996	53.9567331753
	59.7359917521	53.9533991299
	59.7269439583	53.9519652319
	59.7080535775	53.9494627905
	59.7079099994	53.9494438293
	59.6961966784	53.9482901679
	59.6844329834	53.9479050644
	59.6726692884	53.9482901679
	59.6665682611	53.9487944547
	59.6582369623	53.9496260587
	59.6526246686	53.9502754333
	59.6410118797	53.9521927125
	59.6295493508	53.9548653994
	59.6182861661	53.9582820491
	59.6072705564	53.962428031
	59.5965496921	53.9672855914
	59.5861694816	53.9728339295
	59.5761743747	53.9790492864
	59.5666071718	53.985905047
	59.5575088413	53.9933718539
	59.5489183435	54.0014177331
	59.5462917972	54.0040996781
	59.5340200879	54.0078987329
	59.5293960904	54.0093989924
	59.5194763114	54.0130952881
	59.5096729619	54.0170805355
	59.5066644265	54.0168781552
	59.4968016884	54.0148913259
	59.4865395164	54.0118112001
	59.4864032301	54.0117747396
	59.454184297	54.0031687826
	59.4428580544	54.0005325562
	59.4312452655	53.998615277
	59.419765375	53.9974770679
	59.4114340762	53.9969201221
	59.4112006457	53.9969046698
	59.3994369507	53.9965195663
	59.3876732557	53.9969046698
	59.3831360985	53.9972597507
	59.3785935021	53.9908512927
	59.3737110285	53.983126279
	59.3668552679	53.9735590761
	59.3668084496	53.9734980883
	59.3621391125	53.9674182727
	59.3564914851	53.9583994113
	59.3527285904	53.9529853564
	59.3491122574	53.9479804735
	59.3460193914	53.9438273256
	59.34483867	53.9423055209
	59.3441925814	53.9414819355
	59.3392643122	53.933680173
	59.3379474399	53.9317369065
	59.3357598205	53.9278366569
	59.3295444636	53.91784155
	59.322688703	53.9082743471
	59.3225631181	53.9081108757
	59.3215086151	53.906739877
	59.3159336237	53.8978449069
	59.3090778631	53.8882777041
	59.3016110562	53.8791793735
	59.3002081933	53.8775985484
	59.2879859032	53.8639877085
	59.281342887	53.8569780359
	59.2732013474	53.8493272047
	59.2637561569	53.8409882765
	59.2633071988	53.8405932285
	59.2542088682	53.8331264215
	59.2446416653	53.8262706609
	59.2346465584	53.820055304
	59.224266348	53.8145069659
	59.2135454837	53.8096494055
	59.2036362742	53.8058830125
	59.1964188669	53.8033805711
	59.1953124667	53.8030009822
	59.184049282	53.7995843325
	59.1725867531	53.7969116456
	59.1609739643	53.7949943664
	59.1609477392	53.7949909158
	59.1503886572	53.793602366
	59.1387015612	53.7924521552
	59.1269378662	53.7920670517
	59.1151741712	53.7924521552
	59.1139387666	53.7925373999
	59.1052577039	53.7931664397
	59.1036685814	53.7925739436
	59.098648038	53.7907863215
	59.0941110246	53.7894100336
	59.0923338321	53.7871769905
	59.0922448053	53.785729286
	59.0910911439	53.7740159649
	59.0891738647	53.7624031761
	59.0865011778	53.7509406472
	59.0830845281	53.7396774625
	59.0789385461	53.7286618528
	59.0775682368	53.7254425584
	59.0800327702	53.7186355258
	59.08344942	53.7073723411
	59.0861221069	53.6959098122
	59.0869384365	53.6915220148
	59.0880446987	53.6851362116
	59.0891456483	53.6779112201
	59.0902993097	53.6661978991
	59.0906844132	53.6544342041
	59.0902993097	53.6426705091
	59.0891456483	53.6309571881
	59.0872283691	53.6193443992
	59.0845556822	53.6078818703
	59.0811390325	53.5966186857
	59.0779337984	53.5881025831
	59.0788970702	53.5839713356
	59.0796776756	53.5797890447
	59.0807915672	53.5734032415
	59.081928241	53.5659727436
	59.0830819025	53.5542594225
	59.083467006	53.5424957275
	59.0830819025	53.5307320326
	59.081928241	53.5190187115
	59.0800109618	53.5074059227
	59.0773382749	53.4959433938
	59.0739216252	53.4846802091
	59.0697756433	53.4736645993
	59.0649180829	53.4629437351
	59.0625864493	53.4583806862
	59.0575891959	53.4489354957
	59.0543724914	53.4431183342
	59.0481571345	53.4331232272
	59.0462975734	53.4303947498
	59.0460766147	53.4193974914
	59.0464787822	53.4126787109
	59.0468001358	53.4019317627
	59.0467657061	53.3984126483
	59.0451024981	53.3134211932
	59.0447518243	53.3051766126
	59.0436077202	53.2935360013
	59.0445484309	53.2921422757
	59.0507637878	53.2821471688
	59.0563121259	53.2717669583
	59.0611696863	53.261046094
	59.0653156682	53.2500304843
	59.0687323179	53.2387672996
	59.0714050048	53.2273047707
	59.0730276189	53.2174767422
	59.0757738772	53.2164431238
	59.0864947415	53.2115855634
	59.096874952	53.2060372253
	59.0993575095	53.2045772954
	59.1049117087	53.2012508793
	59.1124242581	53.1964954524
	59.121991461	53.1896396917
	59.1310897915	53.1821728848
	59.1356783153	53.1780068375
	59.1401186229	53.1738335587
	59.1441205969	53.1699537268
	59.1521664761	53.161363229
	59.159633283	53.1522648985
	59.1664890437	53.1426976956
	59.1727044006	53.1327025887
	59.1782527386	53.1223223782
	59.1788120263	53.1211780588
	59.1838069379	53.1117632962
	59.1886644983	53.1010424319
	59.1894676257	53.0990705808
	59.1939155627	53.0879621824
	59.1972584172	53.0789184237
	59.2006750669	53.067655239
	59.2033477538	53.0561927101
	59.2051571817	53.0453850791
	59.2059887857	53.0392815635
	59.206096637	53.0384764057
	59.2072502985	53.0267630846
	59.207635402	53.0149993896
	59.2072502985	53.0032356947
	59.206096637	52.9915223736
	59.2041793578	52.9799095848
	59.2015066709	52.9684470559
	59.1980900212	52.9571838712
	59.1939440393	52.9461682615
	59.1890864789	52.9354473972
	59.1835381408	52.9250671867
	59.1773227839	52.9150720798
	59.1704670233	52.9055048769
	59.1630002164	52.8964065464
	59.1549543372	52.8878160486
	59.1463638394	52.8797701694
	59.1372655088	52.8723033625
	59.127698306	52.8654476018
	59.117703199	52.8592322449
	59.1073229886	52.8536839069
	59.0966021243	52.8488263464
	59.0855865145	52.8446803645
	59.0743233299	52.8412637148
	59.062860801	52.8385910279
	59.0512480121	52.8366737487
	59.0395346911	52.8355200873
	59.0316215648	52.8351762053
	58.9547989007	52.8335311953
	58.9540217069	52.8328677218
	58.953040618	52.8308425376
	58.9536486008	52.8293232764
	58.9569782659	52.8203124667
	58.9603949156	52.809049282
	58.9630676025	52.7975867531
	58.9643372839	52.790456159
	58.9682282751	52.7657292913
	58.9688758729	52.7612470966
	58.9700295343	52.7495337755
	58.9704146378	52.7377700806
	58.9703795001	52.7342149715
	58.9701048419	52.720321844
	58.9697548761	52.7121132581
	58.9686012147	52.7003999371
	58.9666839355	52.6887871483
	58.9662589441	52.6867143662
	58.9688164611	52.6824233528
	58.9743647992	52.6720431424
	58.9792223596	52.6613222781
	58.9829913393	52.6514056078
	58.9874073309	52.6458790953
	58.9942630915	52.6363118924
	59.0004784484	52.6263167854
	59.0060267865	52.615936575
	59.0108843469	52.6052157107
	59.0150303288	52.594200101
	59.0184469786	52.5829369163
	59.0211196654	52.5714743874
	59.0230369446	52.5598615985
	59.0241906061	52.5481482775
	59.0245757096	52.5363845825
	59.0241906061	52.5246208875
	59.0230369446	52.5129075665
	59.0211196654	52.5012947777
	59.0184469786	52.4898322487
	59.0154993108	52.4801150905
	59.01562055	52.4800423136
	59.0210448022	52.4766536459
	59.0265990014	52.4730449423
	59.0285314359	52.4717716364
	59.0380986387	52.4649158758
	59.0471969693	52.4574490689
	59.0515533605	52.4535008078
	59.0560012975	52.4493351584
	59.0602354041	52.4452375403
	59.0682812833	52.4366470425
	59.0757480902	52.427548712
	59.0826038508	52.4179815091
	59.0888192077	52.4079864021
	59.0943675458	52.3976061917
	59.0963483595	52.3934566133
	59.1011271893	52.384422598
	59.1059847497	52.3737017337
	59.1084920439	52.3673057581
	59.1125585112	52.35631943
	59.114197199	52.3516997958
	59.1176138487	52.3404366111
	59.1202865356	52.3289740822
	59.1222038148	52.3173612934
	59.1233574762	52.3056479723
	59.1237425797	52.2938842773
	59.1233574762	52.2821205824
	59.1222038148	52.2704072613
	59.121067141	52.2629767634
	59.1199532494	52.2565909601
	59.119172644	52.2524086693
	59.1164999571	52.2409461403
	59.1130833074	52.2296829557
	59.1089373254	52.2186673459
	59.104079765	52.2079464816
	59.0985314269	52.1975662712
	59.09231607	52.1875711642
	59.0854603094	52.1780039614
	59.0779935025	52.1689056308
	59.0699476233	52.160315133
	59.0613571255	52.1522692538
	59.052258795	52.1448024469
	59.0426915921	52.1379466863
	59.0326964852	52.1317313294
	59.0320680325	52.1313701785
	59.026239175	52.1280361331
	59.0164874173	52.1228489459
	59.005766553	52.1179913855
	58.9947509433	52.1138454036
	58.9915286316	52.1127853569
	58.9825103279	52.1072180848
	58.9819827722	52.1069146892
	58.9796786951	52.105594804
	58.9698260403	52.1003498615
	58.959105176	52.095492301
	58.9480895663	52.0913463191
	58.9368263816	52.0879296694
	58.9253638527	52.0852569825
	58.9137510639	52.0833397033
	58.9020377428	52.0821860419
	58.8902740479	52.0818009384
	58.887024803	52.0818302895
	58.874754561	52.0820519872
	58.8751311295	52.0705490112
	58.875115493	52.0681773791
	58.8748408348	52.047349132
	58.8744713678	52.0379570692
	58.8733177064	52.0262437481
	58.8714004272	52.0146309593
	58.8687277403	52.0031684304
	58.8668003953	51.9964938698
	58.8631840623	51.9848208962
	58.8616947576	51.9802322721
	58.8575487756	51.9692166623
	58.8526912152	51.958495798
	58.8471428771	51.9481155876
	58.8409275202	51.9381204807
	58.8340717596	51.9285532778
	58.8266049527	51.9194549472
	58.8185590735	51.9108644494
	58.8128304348	51.9053829505
	58.8099816566	51.8911303612
	58.8073416319	51.8798316384
	58.8039249822	51.8685684537
	58.8035069564	51.8673513124
	58.8003086492	51.8568954801
	58.7961626672	51.8458798703
	58.7951011513	51.8433710513
	58.7906608437	51.8330942569
	58.7868647992	51.8248822116
	58.7813164611	51.8145020012
	58.7751011042	51.8045068942
	58.7682453436	51.7949396914
	58.7612153116	51.7863412651
	58.7602859252	51.781293557
	58.7597742599	51.7788126728
	58.7580734008	51.7687889793
	58.7554007139	51.7573264504
	58.7519840642	51.7460632657
	58.7478380823	51.735047656
	58.7471916269	51.7335072472
	58.7424690317	51.7223988487
	58.7382579266	51.7132183933
	58.7327095886	51.7028381828
	58.7264942317	51.6928430759
	58.7238793043	51.6890362856
	58.7205452589	51.6843136903
	58.7163044256	51.6785532778
	58.7088376187	51.6694549472
	58.7007917395	51.6608644494
	58.6965576329	51.6567668314
	58.6921096959	51.652601182
	58.6877533047	51.6486529208
	58.6786549742	51.6411861139
	58.6690877713	51.6343303533
	58.6600279956	51.6286587675
	58.6486373096	51.6219906767
	58.6477019783	51.6214469056
	58.6373217679	51.6158985675
	58.6348883777	51.6147212022
	58.6250994778	51.6095127643
	58.6143786135	51.6046552039
	58.6033630038	51.6005092219
	58.5966568101	51.5983781342
	58.5741577256	51.5917100434
	58.5696007347	51.5904244814
	58.5581382057	51.5877517945
	58.5505266486	51.5864070961
	58.5235796271	51.5822414467
	58.5195783954	51.5816688659
	58.5078650744	51.5805152045
	58.4961013794	51.580130101
	58.4843376844	51.5805152045
	58.4726243634	51.5816688659
	58.4628719843	51.5832262637
	58.4539837397	51.5848971011
	58.4521233299	51.5852569825
	58.4468339756	51.586490287
	58.4427554585	51.5847916826
	58.442434949	51.5846585608
	58.4314193392	51.5805125789
	58.4201561546	51.5770959292
	58.4086936257	51.5744232423
	58.4006975835	51.5730195332
	58.3915346806	51.571623354
	58.387917934	51.5711097839
	58.3762046129	51.5699561224
	58.364440918	51.5695710189
	58.352677223	51.5699561224
	58.3411873782	51.5710877734
	58.3312467914	51.5694465759
	58.3195334704	51.5682929144
	58.3140297832	51.5680167807
	58.31071249	51.5670937929
	58.2994344684	51.5644579071
	58.2827642413	51.5611238617
	58.2825797341	51.5610870606
	58.2709669452	51.5591697814
	58.2592536242	51.55801612
	58.2474899292	51.5576310165
	58.2249908447	51.5576310165
	58.2132271497	51.55801612
	58.2015138287	51.5591697814
	58.1972285922	51.5597864979
	58.1932495526	51.5604081161
	58.1912272348	51.5604081161
	58.177452914	51.559451639
	58.1767569811	51.5594046698
	58.1649932861	51.5590195663
	58.1532295912	51.5594046698
	58.1500903059	51.5596380359
	58.1400881697	51.5604696399
	58.1315141339	51.5613899352
	58.1202671173	51.5632348519
	58.103322232	51.5665688973
	58.1029564598	51.5666412598
	58.0914939309	51.5693139467
	58.0802307462	51.5727305964
	58.0692151365	51.5768765784
	58.0584942722	51.5817341388
	58.0481140617	51.5872824769
	58.0381189548	51.5934978338
	58.0303829781	51.5990413562
	58.0284262926	51.5988486395
	58.0166625977	51.598463536
	58.0132426568	51.5984960523
	57.998800213	51.5987707105
	57.9904564588	51.5991232977
	57.9787431378	51.6002769592
	57.967130349	51.6021942384
	57.95566782	51.6048669252
	57.9444046354	51.608283575
	57.933550463	51.6123627792
	57.9232864713	51.6155086116
	57.92248772	51.6157818432
	57.9144310794	51.6185589428
	57.9042142209	51.6224316931
	57.8934933566	51.6272892535
	57.8831131462	51.6328375916
	57.8731180392	51.6390529485
	57.8714019519	51.6402139539
	57.8661224109	51.6438302869
	57.858897667	51.6490707076
	57.8578669598	51.6488226472
	57.8500849774	51.6471594391
	57.8475821755	51.6466430909
	57.8359693866	51.6447258117
	57.8242560656	51.6435721503
	57.8124923706	51.6431870468
	57.8020560803	51.643490075
	57.7828910413	51.6446039666
	57.7815636366	51.6446860419
	57.7739885159	51.6454321261
	57.7702237271	51.6408447177
	57.7621778479	51.63225422
	57.7535873501	51.6242083408
	57.7444890196	51.6167415338
	57.7349218167	51.6098857732
	57.7249267098	51.6036704163
	57.7242102554	51.6032589623
	57.7183737686	51.5999249169
	57.7087100125	51.5947880328
	57.6979891482	51.5899304724
	57.6869735385	51.5857844905
	57.6757103538	51.5823678408
	57.6643984465	51.5797251812
	57.6491243986	51.5766734234
	57.648973777	51.5766433961
	57.6389249321	51.5749389991
	57.638371771	51.5745128351
	57.6288045682	51.5676570745
	57.6188094612	51.5614417176
	57.6084292508	51.5558933795
	57.5977083865	51.5510358191
	57.5897020233	51.5479411676
	57.5827592743	51.5454463556
	57.5797500277	51.5443950252
	57.5684868431	51.5409783754
	57.5570243141	51.5383056886
	57.5454115253	51.5363884094
	57.5398154444	51.5357406538
	57.5343428908	51.5351939
	57.5332776212	51.5338958652
	57.5325033825	51.5330187859
	57.5280630749	51.5280215325
	57.5207914343	51.520308114
	57.5122009366	51.5122622348
	57.503102606	51.5047954279
	57.4935354031	51.4979396673
	57.4835402962	51.4917243104
	57.481187857	51.4903896108
	57.4692402252	51.4837291494
	57.4612124539	51.4795155109
	57.4504915896	51.4746579505
	57.4406203088	51.4709047129
	57.427009469	51.4661821177
	57.42586514	51.4657893733
	57.4146019554	51.4623727236
	57.4031394264	51.4597000367
	57.3956522182	51.4583746055
	57.3803599992	51.4559996775
	57.3746535774	51.4525626282
	57.3695420142	51.4497212499
	57.3575867529	51.4433278173
	57.3523181058	51.4406208575
	57.3415972415	51.4357632971
	57.3360263904	51.4335637124
	57.329365929	51.431061271
	57.3239211703	51.4291148738
	57.3126579856	51.4256982241
	57.3093845378	51.4248539959
	57.3027013577	51.4201656194
	57.2927062508	51.4139502625
	57.2823260403	51.4084019244
	57.271605176	51.403544364
	57.2605895663	51.3993983821
	57.2493263816	51.3959817324
	57.2378638527	51.3933090455
	57.2354868057	51.3928528263
	57.2279794815	51.3914642765
	57.2187437396	51.3900032165
	57.2070304186	51.3888495551
	57.1952667236	51.3884644516
	57.176940918	51.3884644516
	57.165177223	51.3888495551
	57.1595305272	51.3893090742
	57.1395262547	51.3912545698
	57.1334596295	51.3919487121
	57.1218468406	51.3938659913
	57.1103843117	51.3965386782
	57.0991211271	51.3999553279
	57.0881055173	51.4041013098
	57.077384653	51.4089588702
	57.0764988379	51.4093987377
	57.069830747	51.4127327831
	57.0603363518	51.4178412537
	57.0503412448	51.4240566106
	57.0407740419	51.4309123712
	57.0316757114	51.4383791782
	57.0230852136	51.4464250574
	57.0150393344	51.4550155551
	57.0075725275	51.4641138857
	57.0011810205	51.4730332234
	56.9955307095	51.4678210117
	56.986432379	51.4603542047
	56.9768651761	51.4534984441
	56.9668700691	51.4472830872
	56.9630801309	51.4451556002
	56.9569689859	51.4418215548
	56.9503787137	51.4384007037
	56.9396578494	51.4335431433
	56.9286422396	51.4293971614
	56.917379055	51.4259805117
	56.9059165261	51.4233078248
	56.8943037372	51.4213905456
	56.8839089639	51.4203281729
	56.8686349161	51.4192142813
	56.8673163683	51.4191229926
	56.8555526733	51.4187378891
	56.8542054122	51.4187429349
	56.8435004908	51.4188231216
	56.8411483432	51.4180064754
	56.8298851585	51.4145898256
	56.8184226296	51.4119171388
	56.8068098407	51.4099998596
	56.7950965197	51.4088461981
	56.7833328247	51.4084610946
	56.7715691297	51.4088461981
	56.7598558087	51.4099998596
	56.7547321032	51.4107495921
	56.7461108874	51.412138142
	56.739621804	51.4133056886
	56.7281592751	51.4159783754
	56.7213128962	51.4179590446
	56.713263885	51.420461486
	56.7088470792	51.4218974666
	56.6978314695	51.4260434485
	56.6871106052	51.4309010089
	56.6767303947	51.436449347
	56.6667352878	51.4426647039
	56.6600886599	51.4473261874
	56.6552282434	51.4509012625
	56.6486694816	51.4545081238
	56.6386743747	51.4607234807
	56.6291071718	51.4675792414
	56.6200088413	51.4750460483
	56.6114183435	51.4830919275
	56.6033724643	51.4916824253
	56.6032111071	51.4918666708
	56.5993277453	51.4963069784
	56.5920222956	51.5052210634
	56.5851665349	51.5147882663
	56.578951178	51.5247833732
	56.57340284	51.5351635837
	56.5685452796	51.545884448
	56.5643992976	51.5569000577
	56.5614195375	51.5665623259
	56.5600309877	51.5715595793
	56.5595940981	51.5731604958
	56.5569214112	51.5846230247
	56.555004132	51.5962358136
	56.5538504706	51.6079491346
	56.5534653671	51.6197128296
	56.5536641947	51.6281676803
	56.5538777755	51.6327062712
	56.5532808582	51.6338327706
	56.5508961261	51.6384961032
	56.5507245512	51.638874777
	56.5486615476	51.6396512366
	56.5449634249	51.6412317154
	56.5380206758	51.6442911026
	56.5309979343	51.6475681842
	56.5206177238	51.6531165223
	56.5106226169	51.6593318792
	56.503975989	51.6639933627
	56.498696448	51.6678767245
	56.495775873	51.6700710016
	56.4866775425	51.6775378085
	56.4780870447	51.6855836877
	56.4700411655	51.6941741855
	56.4625743586	51.7032725161
	56.4557185979	51.7128397189
	56.449503241	51.7228348259
	56.443954903	51.7332150363
	56.4390973425	51.7439359006
	56.4349513606	51.7549515104
	56.4319526773	51.7646819329
	56.4305641275	51.7696868157
	56.4301461611	51.7712195778
	56.4274734742	51.7826821068
	56.425556195	51.7942948956
	56.4244025336	51.8060082166
	56.4240174301	51.8177719116
	56.4244025336	51.8295356066
	56.425556195	51.8412489276
	56.4274734742	51.8528617165
	56.4282954904	51.8567672928
	56.43107259	51.8692718705
	56.4329232607	51.876828823
	56.4356858372	51.8860841296
	56.4357063975	51.887352585
	56.4360678778	51.896201256
	56.4372215392	51.907914577
	56.4391388184	51.9195273659
	56.4418115053	51.9309898948
	56.445228155	51.9422530795
	56.4454722644	51.9429016626
	56.4453219272	51.9430679233
	56.4378551203	51.9521662539
	56.4309993597	51.9617334567
	56.4268001078	51.968486403
	56.425755262	51.9678366761
	56.4153750516	51.962288338
	56.4046541873	51.9574307776
	56.3936385775	51.9532847957
	56.3823753929	51.949868146
	56.3736159449	51.9477547313
	56.3658415918	51.9460838939
	56.3631385109	51.9455246217
	56.3515257221	51.9436073425
	56.339812401	51.942453681
	56.3280487061	51.9420685775
	56.3090447318	51.9420685775
	56.3071037864	51.9415368471
	56.2956412575	51.9388641602
	56.2840284686	51.936946881
	56.2723151476	51.9357932196
	56.2605514526	51.9354081161
	56.2487877577	51.9357932196
	56.2370744366	51.936946881
	56.2339359586	51.9373882338
	56.2228199308	51.9390514418
	56.2143456199	51.9405273682
	56.202883091	51.9432000551
	56.1960828279	51.9451663937
	56.1880261873	51.9476688351
	56.1835632657	51.9491191463
	56.172547656	51.9532651282
	56.163661785	51.957230673
	56.1567190359	51.960557089
	56.1548840427	51.9614491046
	56.1445038322	51.9669974427
	56.141063957	51.969034761
	56.139148988	51.9699332078
	56.1359936618	51.9714512408
	56.1256134514	51.9769995789
	56.1174052363	51.9820362926
	56.1118510371	51.9856526256
	56.1100641452	51.9868312688
	56.1004969423	51.9936870295
	56.0913986118	52.0011538364
	56.082808114	52.0091997156
	56.0786424646	52.013365365
	56.0743830274	52.0177724846
	56.0704920362	52.021938134
	56.0667055942	52.0261215122
	56.0592387873	52.0352198427
	56.0523830266	52.0447870456
	56.0461676697	52.0547821525
	56.0406193317	52.065162363
	56.0357617713	52.0758832273
	56.0316157893	52.086898837
	56.0305589929	52.0901109463
	56.028114754	52.0948864841
	56.0232571936	52.1056073484
	56.0191112117	52.1166229581
	56.015694562	52.1278861428
	56.0133889511	52.1375512129
	56.0122826889	52.142830754
	56.0119156129	52.1446282127
	56.0099983337	52.1562410016
	56.0088446722	52.1679543226
	56.0084595687	52.1797180176
	56.0088446722	52.1914817126
	56.0097014155	52.2008174461
	56.0102583613	52.2055324119
	56.0105552795	52.2079099994
	56.0124725587	52.2195227883
	56.0151452456	52.2309853172
	56.0185618953	52.2422485018
	56.0227078772	52.2532641116
	56.0275654376	52.2639849759
	56.0331137757	52.2743651863
	56.0393291326	52.2843602933
	56.0461848932	52.2939274961
	56.0536517001	52.3030258267
	56.0544259388	52.303902906
	56.0588662464	52.3089001594
	56.0661378869	52.3166135779
	56.0747283847	52.3246594571
	56.0838267153	52.332126264
	56.0922851732	52.3382352102
	56.1147918871	52.3535168875
	56.115900632	52.3542637019
	56.125895739	52.3604790588
	56.1362759494	52.3660273969
	56.1467580523	52.370785858
	56.148617479	52.3717996689
	56.1551663303	52.3751979291
	56.1658871946	52.3800554895
	56.1714580456	52.3822550742
	56.178118507	52.3847575156
	56.1835632657	52.3867039128
	56.1855834377	52.3873167253
	56.1784970187	52.3906178058
	56.1681168083	52.3961661439
	56.1581217014	52.4023815008
	56.1485544985	52.4092372614
	56.1481920893	52.4095160804
	56.1451473257	52.4100235916
	56.1360372342	52.4034953924
	56.1274820231	52.3981202811
	56.1213632487	52.3945115775
	56.1199233528	52.3936713319
	56.1095431424	52.3881229938
	56.0988222781	52.3832654334
	56.0972184276	52.3826455067
	56.0896926968	52.3755968906
	56.0826113926	52.3697007015
	56.0773394809	52.3655350521
	56.0753224546	52.3639644342
	56.0703466302	52.3603988089
	56.0672611638	52.3502273893
	56.0631151819	52.3392117795
	56.0628863403	52.3386618841
	56.0601016113	52.3320014227
	56.0554728925	52.3218304538
	56.0499245544	52.3114502434
	56.0471409648	52.3067926141
	56.0435322612	52.3009561273
	56.0401004939	52.2956186496
	56.0332447332	52.2860514467
	56.0257779263	52.2769531162
	56.0177320471	52.2683626184
	56.0091415493	52.2603167392
	56.0057158385	52.2573875863
	56.0007185851	52.2532219368
	55.9950459654	52.2486842829
	55.9854787625	52.2418285223
	55.9850715884	52.2415572575
	55.9780288784	52.2350405551
	55.9689305479	52.2275737482
	55.959363345	52.2207179876
	55.9493682381	52.2145026307
	55.948981833	52.2142801777
	55.943160605	52.2109385029
	55.9331667996	52.2056126178
	55.9224459353	52.2007550574
	55.9114303256	52.1966090755
	55.9001671409	52.1931924257
	55.888704612	52.1905197388
	55.8770918231	52.1886024597
	55.8733315368	52.1881476345
	55.8686499527	52.1854733178
	55.8589861966	52.1803364337
	55.8482653323	52.1754788733
	55.8372497225	52.1713328914
	55.8259865379	52.1679162417
	55.814524009	52.1652435548
	55.8029112201	52.1633262756
	55.7911978991	52.1621726141
	55.7794342041	52.1617875106
	55.7676705091	52.1621726141
	55.7559571881	52.1633262756
	55.7528008309	52.1637703044
	55.7416924324	52.1654335124
	55.7332360008	52.1669067628
	55.7217734719	52.1695794497
	55.7120412558	52.1724840561
	55.7030908162	52.1744047663
	55.694277134	52.1765298281
	55.6830139493	52.1799464778
	55.6822647699	52.1802026303
	55.6742004999	52.1829797299
	55.6670663523	52.1856827743
	55.6619262695	52.1856827743
	55.6501625746	52.1860678778
	55.6384492535	52.1872215392
	55.6355859243	52.1876219411
	55.5586434804	52.1990126271
	55.5498940208	52.2005295045
	55.5461228975	52.2013217145
	55.5251648453	52.2059593822
	55.522391573	52.2063148298
	55.5217805523	52.2063942077
	55.5101677635	52.2083114869
	55.5052054787	52.209371525
	55.4954856301	52.2115916788
	55.488985386	52.2132043276
	55.4787064416	52.2162900381
	55.4703675134	52.2190671377
	55.4693832731	52.2193980769
	55.4583676633	52.2235440588
	55.447646799	52.2284016193
	55.4372665886	52.2339499573
	55.4290583735	52.238986671
	55.4235041743	52.242603004
	55.4217172824	52.2437816473
	55.4121500795	52.2506374079
	55.403051749	52.2581042148
	55.3944612512	52.266150094
	55.3902956018	52.2703157434
	55.3822497226	52.2789062412
	55.3747829157	52.2880045717
	55.3679271551	52.2975717746
	55.3617117982	52.3075668815
	55.3561634601	52.317947092
	55.3513058997	52.3286679563
	55.3471599177	52.339683566
	55.3441801576	52.3493458342
	55.3427916078	52.3543430876
	55.3423547182	52.3559440041
	55.3396820313	52.367406533
	55.3377647521	52.3790193219
	55.3366110907	52.3907326429
	55.3362259872	52.4024963379
	55.3362259872	52.4083328247
	55.3366110907	52.4200965197
	55.3377393213	52.4316158592
	55.3373461241	52.4322823032
	55.3345690245	52.4370125278
	55.3339102845	52.4381439689
	55.3303835918	52.4447419468
	55.3193359375	52.4443802841
	55.3117584464	52.4445399707
	55.2920364616	52.4453715747
	55.2878502577	52.4455969916
	55.2761369366	52.446750653
	55.2645241478	52.4486679322
	55.2581124751	52.4500653461
	55.2205987422	52.4589612202
	55.215547886	52.4602364931
	55.2042847013	52.4636531428
	55.1932690915	52.4677991248
	55.1825482272	52.4726566852
	55.1721680168	52.4782050233
	55.1639091558	52.4832747245
	55.1583473272	52.4868986869
	55.1566110812	52.4880443426
	55.1470438784	52.4949001032
	55.1379455478	52.5023669101
	55.12935505	52.5104127893
	55.1251894006	52.5145784387
	55.1171435214	52.5231689365
	55.1096767145	52.532267267
	55.1028209539	52.5418344699
	55.0974380591	52.5504028797
	55.0946533301	52.5551254749
	55.093820868	52.5565521721
	55.0882725299	52.5669323825
	55.0834149695	52.5776532468
	55.0792689876	52.5886688566
	55.0772003484	52.5951648105
	55.0741409612	52.6054416049
	55.0727929506	52.6102088357
	55.0701202638	52.6216713646
	55.0682029846	52.6332841534
	55.0670493231	52.6449974745
	55.0666642196	52.6567611694
	55.0669627376	52.6658799498
	55.0640213493	52.6674521546
	55.0540262424	52.6736675115
	55.0444590395	52.6805232721
	55.035360709	52.687990079
	55.0267702112	52.6960359582
	55.0226045618	52.7002016077
	55.0145586826	52.7087921054
	55.0070918756	52.717890436
	55.000236115	52.7274576389
	54.9940207581	52.7374527458
	54.98847242	52.7478329562
	54.9836148596	52.7585538205
	54.9794688777	52.7695694303
	54.978234897	52.7733407937
	54.976571689	52.7786203347
	54.97438902	52.786112156
	54.9731153265	52.791156352
	54.9710515452	52.7957104284
	54.9705607241	52.7960857111
	54.9614623935	52.803552518
	54.9549784427	52.8095261772
	54.9377512699	52.8261964042
	54.9356447229	52.8282686243
	54.9275988437	52.836859122
	54.9201320368	52.8459574526
	54.9132762762	52.8555246555
	54.9099833919	52.8606378803
	54.9013698055	52.8745233784
	54.8984473328	52.8794052604
	54.8928989948	52.8897854709
	54.8897092281	52.8966103885
	54.8868889477	52.899282264
	54.8782829907	52.9076135628
	54.8762041101	52.9096590051
	54.8681582309	52.9182495029
	54.860691424	52.9273478335
	54.8538356634	52.9369150363
	54.8508186503	52.9415849817
	54.8480415507	52.9460329187
	54.8448432069	52.9513580803
	54.8392948688	52.9617382907
	54.8387241964	52.9629061186
	54.8375743586	52.9643885439
	54.8343075808	52.9687827994
	54.825865365	52.9766984949
	54.8178194858	52.9852889926
	54.8103526789	52.9943873232
	54.8034969182	53.0039545261
	54.8000399356	53.0093327976
	54.7942034487	53.0187779881
	54.7914450745	53.0233948234
	54.7858967365	53.0337750339
	54.781039176	53.0444958982
	54.7768931941	53.0555115079
	54.7734765444	53.0667746926
	54.7728563337	53.0694346311
	54.7565188898	53.0676193596
	54.7484198839	53.0669043646
	54.736656189	53.0665192611
	54.7273112478	53.0667621856
	54.7261012022	53.066302355
	54.7200240756	53.06411701
	54.7087608909	53.0607003603
	54.7000014429	53.0585869456
	54.6922270899	53.0569161082
	54.689524009	53.056356836
	54.6779112201	53.0544395568
	54.6661978991	53.0532858954
	54.6544342041	53.0529007919
	54.6426705091	53.0532858954
	54.6320682083	53.0542968064
	54.6231799636	53.055410698
	54.6220689435	53.0555534484
	54.6104561546	53.0574707276
	54.5989936257	53.0601434145
	54.587730441	53.0635600642
	54.5767148313	53.0677060462
	54.565993967	53.0725636066
	54.5556137565	53.0781119446
	54.5507739785	53.0810083069
	54.547628941	53.0813942077
	54.5360161522	53.0833114869
	54.5358316449	53.083348288
	54.5261041669	53.0852937836
	54.5148261452	53.0879296694
	54.5035629606	53.0913463191
	54.4925473508	53.095492301
	54.4818264865	53.1003498615
	54.4714462761	53.1058981995
	54.4614511691	53.1121135564
	54.4518839663	53.118969317
	54.4427856357	53.126436124
	54.4383168376	53.1304897485
	54.43387653	53.1346553979
	54.4297548303	53.1386476526
	54.4217089511	53.1472381504
	54.4142421442	53.1563364809
	54.4073863836	53.1659036838
	54.4011710267	53.1758987907
	54.3956226886	53.1862790012
	54.3907651282	53.1969998655
	54.3883754898	53.2033489823
	54.3844625019	53.2042337594
	54.3329651931	53.2169215022
	54.3321502205	53.2164481263
	54.3217700101	53.2108997882
	54.3110491458	53.2060422278
	54.3090969519	53.2052469727
	54.3035351233	53.2030191895
	54.2944717074	53.1996684627
	54.2832085227	53.1962518129
	54.2717459938	53.1935791261
	54.260133205	53.1916618469
	54.2484198839	53.1905081854
	54.236656189	53.1901230819
	54.224892494	53.1905081854
	54.213179173	53.1916618469
	54.2015663841	53.1935791261
	54.1901038552	53.1962518129
	54.1849146458	53.1977260086
	54.1765833469	53.20022845
	54.1705093717	53.2021709041
	54.1594937619	53.206316886
	54.1571402132	53.2073114007
	54.1125799818	53.2265148995
	54.1071643064	53.2284166468
	54.0690217385	53.2395546032
	54.0616226529	53.241889532
	54.0531497765	53.2450049292
	54.0398135949	53.2502920996
	54.0372708616	53.2513226843
	54.0361166674	53.2518054769
	54.0288916308	53.2548572347
	54.0193249606	53.2592320026
	54.0089447502	53.2647803406
	54.0040530259	53.2677089191
	53.9982241685	53.2713252521
	53.9931207858	53.2746120306
	53.983553583	53.2814677912
	53.9744552524	53.2889345981
	53.9700426722	53.2929355048
	53.9611544275	53.3012668036
	53.95697651	53.3053117761
	53.9489306308	53.3139022739
	53.9414638239	53.3230006044
	53.9346080633	53.3325678073
	53.9283927064	53.3425629143
	53.9231361106	53.3523542443
	53.9161713127	53.3561728577
	53.9061762057	53.3623882146
	53.9000752071	53.3666499398
	53.8897984127	53.3741496347
	53.8863322085	53.3767436701
	53.8772338779	53.384210477
	53.8733640751	53.3877047178
	53.8378110966	53.420755255
	53.8330904016	53.4253068933
	53.8250445224	53.4338973911
	53.8209406482	53.4387471322
	53.8175448276	53.4425109775
	53.8116834053	53.4495482961
	53.8100375034	53.4513992221
	53.8025706964	53.4604975527
	53.7957149358	53.4700647556
	53.7950108934	53.4711265508
	53.7833088347	53.4889113421
	53.7789930686	53.4932982147
	53.7719820834	53.5008453281
	53.7700075924	53.5031353507
	53.7680879602	53.5050264368
	53.760042081	53.5136169345
	53.7525752741	53.5227152651
	53.7512210841	53.524503049
	53.7383207616	53.5273172936
	53.7301047707	53.5293130312
	53.7269344246	53.5301936812
	53.6477641976	53.5529674239
	53.639671359	53.5555034236
	53.6286557492	53.5596494055
	53.6273645318	53.5601901417
	53.6129297174	53.5663012867
	53.6035000705	53.570618111
	53.5931198601	53.576166449
	53.5910100799	53.5774037331
	53.5859309689	53.580428983
	53.5796048068	53.5833973468
	53.5692245964	53.5889456849
	53.5592294894	53.5951610418
	53.5496622866	53.6020168024
	53.540563956	53.6094836093
	53.5401762399	53.609824613
	53.5354536447	53.6139902624
	53.527250863	53.6216951379
	53.5192049838	53.6302856357
	53.5117381769	53.6393839663
	53.5048824163	53.6489511691
	53.4986670594	53.6589462761
	53.4931187213	53.6693264865
	53.4882611609	53.6800473508
	53.484115179	53.6910629606
	53.4833360314	53.6934111931
	53.480001986	53.7036956169
	53.4784479277	53.7087405701
	53.476976439	53.7109809015
	53.4739246811	53.7157034968
	53.4692252259	53.7233917717
	53.4636768878	53.7337719821
	53.4588193274	53.7444928464
	53.457726204	53.7471935428
	53.4576640935	53.7472864352
	53.4514487366	53.7572815422
	53.4459003986	53.7676617526
	53.4410428381	53.7783826169
	53.4368968562	53.7893982267
	53.4356628755	53.7931695901
	53.4339996675	53.7984491311
	53.4328058701	53.8023959164
	53.4265514226	53.811174985
	53.4203360657	53.821170092
	53.4147877277	53.8315503024
	53.412567937	53.8362195944
	53.4053102502	53.8430849084
	53.397264371	53.8516754062
	53.3932122506	53.8564617795
	53.3897646762	53.8602813633
	53.3857998525	53.8649609825
	53.3819826938	53.8691772373
	53.3745158869	53.8782755678
	53.3696078587	53.8849875561
	53.3632220554	53.8941580884
	53.361274323	53.8970133029
	53.3597584214	53.8993201349
	53.3567066636	53.9040427302
	53.3545781957	53.9074180921
	53.3516067417	53.9099673129
	53.3430162439	53.9180131921
	53.3364962017	53.9248860606
	53.3242967999	53.9384434947
	53.3227709628	53.940161124
	53.3153041559	53.9492594545
	53.3084483953	53.9588266574
	53.3022330384	53.9688217644
	53.2966847003	53.9792019748
	53.2918271399	53.9899228391
	53.287681158	54.0009384488
	53.2842645083	54.0122016335
	53.2834964445	54.015168996
	53.2794376067	54.0314196063
	53.2775329835	54.0399147728
	53.2756157043	54.0515275616
	53.2753154113	54.0539337389
	53.2736685853	54.0567276481
	53.2681202472	54.0671078586
	53.2632626868	54.0778287229
	53.2591167048	54.0888443326
	53.2579051504	54.0925445597
	53.2562419424	54.0978164713
	53.2540368471	54.1053794289
	53.2513641602	54.1168419578
	53.249446881	54.1284547467
	53.2482932196	54.1401680677
	53.2479197086	54.1498896963
	53.2443919734	54.1593933439
	53.2440246737	54.1604868824
	53.2423614657	54.1654917652
	53.2393121157	54.1756614113
	53.2366394288	54.1871239403
	53.2347221496	54.1987367291
	53.2344639122	54.2007893923
	53.2339266635	54.2013992221
	53.2299583146	54.206083149
	53.2261523105	54.2102874668
	53.2186855036	54.2193857973
	53.2138176089	54.2260401747
	53.2074318056	54.2352030775
	53.2054439397	54.238115903
	53.1992285828	54.24811101
	53.1936802448	54.2584912204
	53.1888226843	54.2692120847
	53.1846767024	54.2802276944
	53.184387395	54.2810870775
	53.1827165576	54.2860919603
	53.1795892153	54.2964957619
	53.1769165284	54.3079582908
	53.1751138031	54.3187167798
	53.1732860164	54.323844943
	53.1698693667	54.3351081277
	53.1671966798	54.3465706566
	53.1652794006	54.3581834454
	53.1641257391	54.3698967664
	53.1637406356	54.3816604614
	53.1641257391	54.3934241564
	53.1652794006	54.4051374774
	53.1659312459	54.4096466518
	53.1667628499	54.4149261928
	53.1680282838	54.4220298073
	53.1707009707	54.4334923362
	53.1741176204	54.4447555209
	53.1782636023	54.4557711306
	53.1831211627	54.4664919949
	53.186251747	54.4725480768
	53.1898604507	54.4792161676
	53.1922782044	54.4835402962
	53.1984935613	54.4935354031
	53.2053493219	54.503102606
	53.2072953573	54.5055931114
	53.2159089437	54.5164192223
	53.218272475	54.5193271631
	53.2204846716	54.5249315921
	53.2253422321	54.5356524564
	53.228673671	54.5420786377
	53.228845893	54.5625907213
	53.2299995544	54.5743040424
	53.2319168336	54.5859168312
	53.2345895205	54.5973793601
	53.237671322	54.6076465654
	53.2398914758	54.6143146562
	53.240226324	54.6153106356
	53.2443723059	54.6263262454
	53.2492298663	54.6370471097
	53.2547782044	54.6474273201
	53.2609935613	54.6574224271
	53.2678493219	54.6669896299
	53.2753161288	54.6760879605
	53.2761922641	54.6770796188
	53.2806402011	54.6820768723
	53.2878099451	54.6896757117
	53.2964004428	54.6977215909
	53.3054987734	54.7051883978
	53.3150659763	54.7120441584
	53.3250610832	54.7182595153
	53.3354412936	54.7238078534
	53.3461621579	54.7286654138
	53.3481933228	54.729492279
	53.3551360718	54.7322693786
	53.3641205167	54.7355884953
	53.3673306477	54.7366446614
	53.371447802	54.7390953918
	53.3765450482	54.7419291128
	53.3884901596	54.7483185042
	53.382166559	54.7528499323
	53.3730682285	54.7603167392
	53.3644777307	54.7683626184
	53.3564318515	54.7769531162
	53.3489650446	54.7860514467
	53.3447242113	54.7918118593
	53.3413901659	54.7965344545
	53.3387752386	54.8003412448
	53.3360022002	54.8046215378
	53.3283785678	54.8127883823
	53.3226913875	54.8196056802
	53.3073967664	54.8199561224
	53.2956834454	54.8211097839
	53.2936585846	54.821388075
	53.2819932404	54.8230589124
	53.2724053123	54.8246979005
	53.2609427834	54.8273705874
	53.2496795987	54.8307872371
	53.2478143525	54.8314318363
	53.2434602398	54.8319511535
	53.231847451	54.8338684327
	53.2203849221	54.8365411196
	53.2091217374	54.8399577693
	53.1981061277	54.8441037512
	53.1873852634	54.8489613116
	53.1865977379	54.8493520718
	53.1816004844	54.8518468838
	53.1720077995	54.8570044617
	53.1620126926	54.8632198186
	53.1524454897	54.8700755793
	53.1433471592	54.8775423862
	53.1347566614	54.8855882654
	53.1267107822	54.8941787632
	53.1192439753	54.9032770937
	53.1123882146	54.9128442966
	53.1098793928	54.9168788102
	53.1062905052	54.917471338
	53.0948279763	54.9201440249
	53.0835647916	54.9235606746
	53.0725491819	54.9277066565
	53.0618283176	54.9325642169
	53.0514481071	54.938112555
	53.0414530002	54.9443279119
	53.0318857973	54.9511836725
	53.0227874668	54.9586504794
	53.0223997507	54.9589914831
	53.0176771554	54.9631571325
	53.0094743738	54.970862008
	53.0014284946	54.9794525058
	52.9939616877	54.9885508364
	52.987105927	54.9981180392
	52.9808905701	55.0081131462
	52.9753422321	55.0184933566
	52.9704846716	55.0292142209
	52.9663386897	55.0402298307
	52.96292204	55.0514930153
	52.9602493531	55.0629555443
	52.9583320739	55.0745683331
	52.9571784125	55.0862816541
	52.956793309	55.0980453491
	52.9571784125	55.1098090441
	52.9583320739	55.1215223651
	52.9595871526	55.1296241469
	52.9594061957	55.1321190565
	52.9590210922	55.1438827515
	52.9594061957	55.1556464464
	52.9605598571	55.1673597675
	52.9624771363	55.1789725563
	52.9651498232	55.1904350852
	52.9685664729	55.2016982699
	52.9727124548	55.2127138797
	52.9775700153	55.2234347439
	52.9831183533	55.2338149544
	52.9893337102	55.2438100613
	52.9961894709	55.2533772642
	53.0012330094	55.2596540642
	53.005673317	55.2649336052
	53.0080965854	55.2677551358
	53.0161424646	55.2763456336
	53.0247329624	55.2843915128
	53.0338312929	55.2918583197
	53.0433984958	55.2987140803
	53.0533936027	55.3049294372
	53.0637738132	55.3104777753
	53.0744946775	55.3153353357
	53.0855102872	55.3194813176
	53.0967734719	55.3228979673
	53.1082360008	55.3255706542
	53.1198487897	55.3274879334
	53.1228192348	55.3278538845
	53.1251808861	55.3283401244
	53.1367936749	55.3302574036
	53.1485069959	55.3314110651
	53.1568688373	55.3317639953
	53.1768773718	55.3321424931
	53.2081147712	55.3392550815
	53.2129570701	55.3402877563
	53.224569859	55.3422050355
	53.2313057826	55.3429630072
	53.2359868876	55.3434006062
	53.243395444	55.3487095027
	53.253390551	55.3549248596
	53.2560136106	55.356410117
	53.2685181882	55.363352866
	53.2762753391	55.3674159467
	53.2869962033	55.3722735071
	53.2938336565	55.374943553
	53.3293866351	55.3879974471
	53.3335647916	55.389473383
	53.3448279763	55.3928900328
	53.3491606455	55.3939934394
	53.3572172861	55.395938935
	53.3643471458	55.3975082153
	53.3759599347	55.3994254944
	53.3876732557	55.4005791559
	53.3907177944	55.400752799
	53.4193280239	55.4021413488
	53.4280471802	55.4023528092
	53.4398108752	55.4019677057
	53.441813177	55.4018252423
	53.4432730225	55.4017131838
	53.453879466	55.4020084814
	53.4706488879	55.4016930475
	53.4823622089	55.4005393861
	53.4866718219	55.3998278661
	53.4905039614	55.4029728216
	53.5000711642	55.4098285822
	53.5100662712	55.4160439391
	53.5137732656	55.4181261464
	53.5198767812	55.4214601918
	53.5265499973	55.4249263226
	53.5372708616	55.429783883
	53.5482864713	55.433929865
	53.559549656	55.4373465147
	53.560089699	55.4374903199
	53.5611842829	55.4389317686
	53.5686510898	55.4480300991
	53.576696969	55.4566205969
	53.5852874668	55.4646664761
	53.5924680587	55.4706410616
	53.5977475997	55.474806711
	53.5996653383	55.4762989325
	53.6092325412	55.4831546931
	53.6192276481	55.48937005
	53.6259151238	55.4930441793
	53.632300927	55.4963782247
	53.6359936618	55.4982524335
	53.6467145261	55.5031099939
	53.6577301359	55.5072559758
	53.6689933205	55.5106726255
	53.6752630974	55.5122324729
	53.6994330193	55.5177866721
	53.7046257713	55.5188995116
	53.7158505915	55.5207652843
	53.7433067601	55.5244407533
	53.7448246914	55.5247814253
	53.7605714611	55.5296405506
	53.7670539284	55.531508502
	53.7691439547	55.5320550916
	53.7720112384	55.5381548978
	53.7775595765	55.5485351082
	53.7837749334	55.5585302151
	53.790630694	55.568097418
	53.7980975009	55.5771957486
	53.7987812899	55.5779709555
	53.8032215976	55.5829758384
	53.8105836877	55.5907911292
	53.8191741855	55.5988370084
	53.821004336	55.6004203535
	53.8216167048	55.6022567416
	53.8257626868	55.6132723513
	53.8306202472	55.6239932156
	53.8361685853	55.6343734261
	53.8423839422	55.644368533
	53.847253417	55.6511638773
	53.8465650949	55.6517710241
	53.8383623132	55.6594758996
	53.830316434	55.6680663974
	53.8228496271	55.677164728
	53.8159938665	55.6867319308
	53.8144779648	55.6890387629
	53.811426207	55.6937613581
	53.8097600417	55.6964871925
	53.800397734	55.6979891009
	53.790128569	55.6999345965
	53.7885185936	55.7002472169
	53.7770560647	55.7029199038
	53.7753598207	55.7033833095
	53.7739783556	55.7032874213
	53.764650524	55.7029188127
	53.7443715933	55.7026441545
	53.730172035	55.7030127631
	53.718458714	55.7041664245
	53.7068459251	55.7060837037
	53.7054114743	55.7063751064
	53.6973548337	55.7080459439
	53.6873267556	55.710427228
	53.6760635709	55.7138438777
	53.6650479612	55.7179898596
	53.65945507	55.7204183767
	53.6380698771	55.7301382253
	53.632941904	55.7325672687
	53.6271841288	55.7355367757
	53.6258054102	55.7360982163
	53.614943089	55.7371940734
	53.6033303001	55.7391113526
	53.5918677712	55.7417840395
	53.5806045865	55.7452006892
	53.5695889768	55.7493466712
	53.5588681125	55.7542042316
	53.5484879021	55.7597525696
	53.5384927951	55.7659679265
	53.5289255922	55.7728236872
	53.5198272617	55.7802904941
	53.5112367639	55.7883363733
	53.5031908847	55.7969268711
	53.4957240778	55.8060252016
	53.4888683172	55.8155924045
	53.4826529603	55.8255875114
	53.4771046222	55.8359677219
	53.4722470618	55.8466885862
	53.4686817104	55.8560211269
	53.4669193203	55.8610488979
	53.4663386897	55.8627319669
	53.46292204	55.8739951516
	53.4602493531	55.8854576805
	53.4583320739	55.8970704693
	53.4571784125	55.9087837904
	53.456793309	55.9205474854
	53.4571784125	55.9323111803
	53.4583320739	55.9440245014
	53.4594625076	55.951419204
	53.4605763992	55.9578126367
	53.4613632447	55.9620307228
	53.4640359316	55.9734932517
	53.4674525813	55.9847564364
	53.4715985632	55.9957720462
	53.4764561237	56.0064929105
	53.4820044617	56.0168731209
	53.4848882347	56.0216925888
	53.4921132713	56.0333503037
	53.4954448553	56.0385259427
	53.5023006159	56.0480931456
	53.5097674228	56.0571914761
	53.5104964077	56.0580176061
	53.5193770229	56.0680197423
	53.5266939172	56.0757841101
	53.535284415	56.0838299893
	53.5379895619	56.0861552903
	53.5432691029	56.0906032273
	53.5496622866	56.0957447332
	53.5592294894	56.1026004939
	53.5692245964	56.1088158508
	53.5732929031	56.1110948886
	53.586072139	56.1180376376
	53.5923840427	56.1213069379
	53.603104907	56.1261644983
	53.6130696683	56.1299501423
	53.6202947049	56.1324525837
	53.6213455533	56.1328129216
	53.632608738	56.1362295713
	53.6440712669	56.1389022582
	53.6556840558	56.1408195374
	53.6609827864	56.1414373357
	53.6669393318	56.1427267847
	53.6699043968	56.1433425658
	53.6815171856	56.145259845
	53.6895057433	56.1461304991
	53.6974108045	56.1560267596
	53.7027148105	56.1623626797
	53.7107606897	56.1709531775
	53.7193511875	56.1789990567
	53.728449518	56.1864658636
	53.7380167209	56.1933216242
	53.7480118278	56.1995369811
	53.7583920383	56.2050853192
	53.7691129026	56.2099428796
	53.7801285123	56.2140888616
	53.791391697	56.2175055113
	53.8028542259	56.2201781982
	53.8144670147	56.2220954774
	53.8261803358	56.2232491388
	53.8379440308	56.2236342423
	53.8497077257	56.2232491388
	53.8614210468	56.2220954774
	53.8687451804	56.2209773241
	53.888848635	56.2174830614
	53.8931372902	56.2166839355
	53.9045998191	56.2140112486
	53.9069358577	56.2133684146
	53.9248435116	56.2083105736
	53.9342919676	56.2235688567
	53.9376598211	56.2288030423
	53.9445155817	56.2383702452
	53.9495746733	56.2446655354
	53.9540226103	56.2499527058
	53.9564303256	56.2527557461
	53.9644762048	56.2613462439
	53.9730667026	56.2693921231
	53.9746329275	56.2707497803
	53.990189263	56.2840783325
	53.9977213686	56.2901874823
	54.0072885715	56.2970432429
	54.0151204314	56.301989457
	54.0192285739	56.3048175959
	54.0292236809	56.3110329528
	54.0359892455	56.3147478283
	54.0423826782	56.3180818738
	54.0459973239	56.3199153363
	54.0567181882	56.3247728967
	54.0601030275	56.326134888
	54.0706036863	56.3308840417
	54.0812334096	56.334898545
	54.0816065615	56.3351856512
	54.0911737643	56.3420414118
	54.1011688713	56.3482567687
	54.1062913943	56.3511040076
	54.1274108436	56.3623963866
	54.1289468967	56.3634342341
	54.1375099986	56.3688139989
	54.1388611085	56.3764670632
	54.1415337954	56.3879295921
	54.1449504451	56.3991927767
	54.149096427	56.4102083865
	54.1495542135	56.4113033493
	54.1517819967	56.4165828903
	54.1561817706	56.4262087918
	54.1617301087	56.4365890022
	54.1679454656	56.4465841092
	54.1748012262	56.4561513121
	54.1822680331	56.4652496426
	54.1903139123	56.4738401404
	54.1989044101	56.4818860196
	54.2080027407	56.4893528265
	54.2175699435	56.4962085871
	54.2275650505	56.502423944
	54.2379452609	56.5079722821
	54.2486661252	56.5128298425
	54.2550389404	56.5153285623
	54.2625386352	56.5181056619
	54.2671814298	56.5197529241
	54.2784446145	56.5231695738
	54.2820372094	56.5240926099
	54.2835782346	56.5247393274
	54.2945938443	56.5288853093
	54.305857029	56.532301959
	54.3173195579	56.5349746459
	54.3289323468	56.5368919251
	54.3350376317	56.537589823
	54.3374138214	56.5381055345
	54.3378452838	56.5389865018
	54.3433936219	56.5493667122
	54.3471070677	56.5555119631
	54.360077692	56.5760394785
	54.364692862	56.5856844926
	54.3656239093	56.5876010037
	54.3711722474	56.5979812142
	54.3759719374	56.6058244279
	54.3948623182	56.6349916032
	54.3962779851	56.6371434964
	54.4031337458	56.6467106993
	54.4106005527	56.6558090298
	54.4186464319	56.6643995276
	54.4272369297	56.6724454068
	54.4363352602	56.6799122137
	54.4459024631	56.6867679743
	54.45589757	56.6929833312
	54.4662777805	56.6985316693
	54.4769986448	56.7033892297
	54.4880142545	56.7075352117
	54.4992774392	56.7109518614
	54.5049288309	56.7123684558
	54.5132601298	56.7143139514
	54.5190712669	56.7155700439
	54.5306840558	56.7174873231
	54.5423973768	56.7186409845
	54.5541610718	56.719026088
	54.5659247668	56.7186409845
	54.5776380878	56.7174873231
	54.5844428725	56.7164586563
	54.6072242445	56.7125676651
	54.6120322487	56.7116790527
	54.6234947776	56.7090063658
	54.6249308821	56.7086151869
	54.6429820295	56.7036179335
	54.6528091098	56.7005924626
	54.6638247195	56.6964464807
	54.6745455838	56.6915889203
	54.6849257942	56.6860405822
	54.6949209012	56.6798252253
	54.701187856	56.6754422449
	54.7034889793	56.6748419371
	54.714752164	56.6714252873
	54.7248742613	56.6676466022
	54.7323739561	56.664587215
	54.7332674685	56.6642199182
	54.7439883328	56.6593623578
	54.7543685433	56.6538140197
	54.7558930321	56.652923852
	54.7620041772	56.6493151484
	54.7704747952	56.6439899592
	54.7800419981	56.6371341986
	54.7891403286	56.6296673917
	54.7977308264	56.6216215125
	54.8057767056	56.6130310147
	54.8104647259	56.6074619313
	54.8223071638	56.6053186814
	54.8253653786	56.6047378295
	54.8321768114	56.6032451354
	54.8518911669	56.5985225402
	54.856542263	56.5973425474
	54.8678054476	56.5939258977
	54.8771558323	56.5904599395
	54.8953908282	56.5831195293
	54.902312401	56.5827996149
	54.9140257221	56.5816459534
	54.9167096198	56.5812720225
	54.9261548102	56.5798834727
	54.9350837013	56.5783401244
	54.9465462303	56.5756674375
	54.9578094149	56.5722507878
	54.9688250247	56.5681048059
	54.979545889	56.5632472455
	54.9810015352	56.5625211987
	54.9815966311	56.5622759485
	54.9923174954	56.5574183881
	55.0026977059	56.55187005
	55.0041798821	56.5510048606
	55.0056204757	56.5501547037
	55.0120471097	56.5471415936
	55.0224273201	56.5415932556
	55.0241798169	56.54056822
	55.0302833325	56.536951887
	55.0385259427	56.5317615656
	55.0480931456	56.524905805
END
END
