Брянская область
1
	33.6023573261	54.2127647278
	33.613336338	54.210972332
	33.6195178476	54.2117588248
	33.6304558485	54.2128121271
	33.6422195435	54.2131972306
	33.6539832384	54.2128121271
	33.6631870541	54.2119709169
	33.684572247	54.2094608461
	33.6870817523	54.2091483948
	33.6986945412	54.2072311156
	33.7061181799	54.2055906331
	33.7369485632	54.1980909383
	33.7409874534	54.1970587339
	33.7522506381	54.1936420842
	33.7632662478	54.1894961023
	33.7739871121	54.1846385419
	33.7778597177	54.1826702929
	33.7953615487	54.1735073901
	33.8018691536	54.169927301
	33.8118642606	54.1637119441
	33.8160429354	54.1608337682
	33.8232361465	54.158629875
	33.8283614779	54.1569752141
	33.8393770877	54.1528292322
	33.850097952	54.1479716718
	33.8572398322	54.1442486282
	33.8739100593	54.135078096
	33.8771483895	54.1332528014
	33.8871434964	54.1270374445
	33.8967106993	54.1201816839
	33.9058090298	54.112714877
	33.9122920244	54.1067421431
	33.9182907985	54.1009373923
	33.9269195645	54.0938321255
	33.929147116	54.0918456787
	33.9397031847	54.0822737646
	33.9437008847	54.0824830159
	33.9503689755	54.0827576741
	33.9695349962	54.0825249567
	33.9749847543	54.0820844812
	33.9894271981	54.0806959314
	33.9956907611	54.0799827454
	34.00730355	54.0780654662
	34.0187660789	54.0753927793
	34.0300292636	54.0719761296
	34.0326929029	54.0710485918
	34.0482492384	54.0654943926
	34.0566012088	54.0622759485
	34.0673220731	54.0574183881
	34.0730242002	54.0544788491
	34.0750516233	54.0553331995
	34.086067233	54.0594791814
	34.0973304177	54.0628958311
	34.100218937	54.0636441836
	34.115767643	54.0675351748
	34.1243416527	54.0694595092
	34.1359544415	54.0713767884
	34.1456422811	54.0723862057
	34.1637010579	54.0737747555
	34.1657265394	54.0739189996
	34.1774902344	54.0743041031
	34.1892539294	54.0739189996
	34.1953691622	54.0734132943
	34.2175935885	54.0711931405
	34.2231916767	54.0705451844
	34.2348044655	54.0686279052
	34.2462669944	54.0659552183
	34.2515285373	54.0644592795
	34.2570827365	54.0627884421
	34.2630843783	54.0608677312
	34.2740999881	54.0567217493
	34.2848208523	54.0518641888
	34.285651417	54.0514519347
	34.2945396617	54.0470116271
	34.3040893074	54.0418755431
	34.3140844144	54.0356601862
	34.3236516172	54.0288044256
	34.3327499478	54.0213376187
	34.3413404456	54.0132917395
	34.3455705539	54.0089160114
	34.3536271946	54.0002947956
	34.3574429654	53.9960800259
	34.3649097723	53.9869816954
	34.3717641392	53.9774164375
	34.3728345049	53.9768462139
	34.3767178667	53.9746184307
	34.3771483895	53.9743706603
	34.3845092112	53.9698823041
	34.3884002025	53.9673798627
	34.3910344876	53.965652862
	34.4006016905	53.9587971014
	34.409700021	53.9513302945
	34.4182905188	53.9432844153
	34.426336398	53.9346939175
	34.4279129582	53.9328717167
	34.4313100613	53.9306568293
	34.4408772642	53.9238010687
	34.4499755948	53.9163342618
	34.4521789323	53.9143697675
	34.4610671769	53.9063131269
	34.4674543372	53.900231742
	34.4755002164	53.8916412442
	34.4829670233	53.8825429136
	34.4892381925	53.8738451215
	34.4956239957	53.8644075605
	34.4962085871	53.8635381497
	34.4984089007	53.8601639559
	34.5014245926	53.8583448648
	34.5084459249	53.8562041555
	34.5245515768	53.8509322439
	34.5264129306	53.8503117009
	34.5374285403	53.846165719
	34.5394025169	53.8453342665
	34.5491299949	53.8411686171
	34.5578768826	53.8371425092
	34.5682570931	53.8315941711
	34.5716391113	53.8295919789
	34.5794210937	53.8248693837
	34.5860341824	53.820656219
	34.5956013853	53.8138004583
	34.6046997158	53.8063336514
	34.6132902136	53.7982877722
	34.6213360928	53.7896972744
	34.6288028997	53.7805989439
	34.6356586604	53.771031741
	34.6357822589	53.7708465147
	34.6418934039	53.7616759825
	34.6479851623	53.7518661019
	34.6535335004	53.7414858914
	34.6583910608	53.7307650271
	34.6607255622	53.7248339142
	34.6641064786	53.7210861294
	34.6654152955	53.719576884
	34.6704201783	53.7137403972
	34.6765781683	53.7061513121
	34.6834339289	53.6965841092
	34.6896492858	53.6865890022
	34.6951976239	53.6762087918
	34.7000551843	53.6654879275
	34.7042011662	53.6544723178
	34.707617816	53.6432091331
	34.7102905028	53.6317466042
	34.712207782	53.6201338153
	34.7133614435	53.6084204943
	34.713746547	53.5966567993
	34.713746547	53.5927658081
	34.7133614435	53.5810021131
	34.7128543614	53.5758536221
	34.7167666531	53.5740809857
	34.7199346781	53.5724796326
	34.8011178109	53.5737259652
	34.8038787842	53.5737471573
	34.8061837618	53.5737323875
	34.8141294441	53.5740076928
	34.8585706672	53.5745646386
	34.8725882799	53.5741936578
	34.8839600979	53.5730846236
	34.8989594875	53.571139128
	34.8993009906	53.5710945008
	34.9109137795	53.5691772216
	34.9219872614	53.566608313
	34.9347219316	53.5632266051
	34.9458607807	53.560951436
	34.9561462735	53.5647968694
	34.9674094582	53.5682135191
	34.9681503372	53.5684103458
	34.9734222488	53.5697988956
	34.9841438987	53.5722747558
	34.9957566876	53.574192035
	35.0074700086	53.5753456964
	35.0192337036	53.5757307999
	35.0309973986	53.5753456964
	35.0427107196	53.574192035
	35.0543235085	53.5722747558
	35.0657860374	53.5696020689
	35.0770492221	53.5661854192
	35.0880648318	53.5620394372
	35.0987856961	53.5571818768
	35.1091659065	53.5516335388
	35.1191610135	53.5454181819
	35.1287282164	53.5385624212
	35.1378265469	53.5310956143
	35.1464170447	53.5230497351
	35.1544629239	53.5144592373
	35.1619297308	53.5053609068
	35.1687854914	53.4957937039
	35.171009538	53.4923821989
	35.1729550336	53.4893228117
	35.1769463439	53.4827392098
	35.1824612585	53.4724215302
	35.1830218411	53.4721675336
	35.1934020516	53.4666191955
	35.2033971585	53.4604038386
	35.2129643614	53.453548078
	35.2220626919	53.4460812711
	35.2306531897	53.4380353919
	35.2386990689	53.4294448941
	35.2395294547	53.4284912794
	35.2416733145	53.4260117261
	35.2483097357	53.4178670103
	35.2551654963	53.4082998074
	35.2613808532	53.3983047005
	35.2669291913	53.38792449
	35.2691634332	53.3832236301
	35.272215191	53.3765555393
	35.2748385095	53.3705355349
	35.2789844914	53.3595199252
	35.2806820672	53.3542543212
	35.2848400872	53.3406434814
	35.2865591612	53.3346459007
	35.2892318481	53.3231833718
	35.2911491273	53.3115705829
	35.2923027887	53.2998572619
	35.2926878922	53.2880935669
	35.2925101196	53.2812858572
	35.3200964417	53.2724493806
	35.3230437899	53.2714771672
	35.3340593997	53.2673311853
	35.3364665531	53.266313559
	35.3506343387	53.260202414
	35.3589480496	53.2563624799
	35.3638888629	53.2538304038
	35.3769503864	53.2468800254
	35.3823897835	53.2438637634
	35.3923848904	53.2376484065
	35.3984154717	53.2334380436
	35.4086922661	53.2259459782
	35.4122288877	53.2233005804
	35.4213272183	53.2158337735
	35.423480886	53.213914285
	35.4293097434	53.208634744
	35.4357465735	53.2025083533
	35.4437924527	53.1939178555
	35.4512592596	53.1848195249
	35.4581150202	53.1752523221
	35.4615720029	53.1698740505
	35.4674084897	53.1604288601
	35.4701668639	53.1558120247
	35.475715202	53.1454318143
	35.4805727624	53.13471095
	35.4847187444	53.1236953402
	35.4851120452	53.1225234997
	35.4862183074	53.1191894543
	35.4892416563	53.1090981101
	35.4919143432	53.0976355812
	35.4938316224	53.0860227924
	35.4949852838	53.0743094713
	35.4953703873	53.0625457764
	35.4953703873	53.0586547852
	35.4949852838	53.0468910902
	35.4938316224	53.0351777691
	35.4919143432	53.0235649803
	35.4892416563	53.0121024514
	35.4858250066	53.0008392667
	35.4816790246	52.989823657
	35.4768214642	52.9791027927
	35.4712731262	52.9687225822
	35.4650577693	52.9587274753
	35.4582020086	52.9491602724
	35.4507352017	52.9400619419
	35.4426893225	52.9314714441
	35.4340988247	52.9234255649
	35.4306212586	52.9204532024
	35.4272872132	52.9176761028
	35.4216664488	52.9131816584
	35.417569824	52.9101296505
	35.4164837482	52.9088257629
	35.4135113858	52.9053481967
	35.4054655066	52.896757699
	35.3968750088	52.8887118198
	35.3877766783	52.8812450129
	35.3782094754	52.8743892522
	35.3682143685	52.8681738953
	35.3628789691	52.8652130169
	35.3587133197	52.8629928631
	35.3536685086	52.8604054034
	35.3429476443	52.855547843
	35.3319320346	52.8514018611
	35.3206688499	52.8479852114
	35.309206321	52.8453125245
	35.2975935321	52.8433952453
	35.2972334582	52.8433482104
	35.2921899413	52.842694575
	35.2914268373	52.8422583014
	35.2883951456	52.8406460847
	35.2832120886	52.8351121911
	35.2746215908	52.827066312
	35.2655232603	52.819599505
	35.2559560574	52.8127437444
	35.2558347296	52.8126627469
	35.2483426642	52.8076654935
	35.238546237	52.8015791912
	35.2411426692	52.7979558743
	35.2473580261	52.7879607674
	35.2529063641	52.7775805569
	35.2577639245	52.7668596926
	35.2619099065	52.7558440829
	35.2653265562	52.7445808982
	35.2661549318	52.7413713469
	35.2669865358	52.7380220427
	35.2688308471	52.7297690651
	35.2707481263	52.7181562763
	35.2719017877	52.7064429552
	35.2722868912	52.6946792603
	35.2719017877	52.6829155653
	35.2707481263	52.6712022442
	35.2688308471	52.6595894554
	35.2661581602	52.6481269265
	35.2627415105	52.6368637418
	35.2585955286	52.6258481321
	35.2537379681	52.6151272678
	35.248645042	52.6055405073
	35.2464248882	52.6016495161
	35.2459694763	52.6008560661
	35.2397541194	52.5908609592
	35.2328983587	52.5812937563
	35.2254315518	52.5721954258
	35.2173856726	52.563604928
	35.2087951748	52.5555590488
	35.1996968443	52.5480922419
	35.1901296414	52.5412364812
	35.1899963011	52.541147472
	35.1845945349	52.5355058679
	35.1771236844	52.5285086528
	35.1771027668	52.5282710764
	35.1770506331	52.5253704119
	35.1766945734	52.5168389051
	35.1755409119	52.5051255841
	35.1736236327	52.4935127952
	35.1709509458	52.4820502663
	35.1706743716	52.4810300776
	35.1659517764	52.4638105341
	35.1628117009	52.4535675382
	35.158665719	52.4425519284
	35.1538081586	52.4318310642
	35.1482598205	52.4214508537
	35.1420444636	52.4114557468
	35.135188703	52.4018885439
	35.1277218961	52.3927902134
	35.1196760169	52.3841997156
	35.1110855191	52.3761538364
	35.1076079529	52.3731814739
	35.1009398621	52.3676272747
	35.0953190977	52.3631328302
	35.0938219698	52.3620600036
	35.0947356933	52.3581412575
	35.0966529725	52.3465284686
	35.0978066339	52.3348151476
	35.0981917374	52.3230514526
	35.0978066339	52.3112877577
	35.0966529725	52.2995744366
	35.0947356933	52.2879616478
	35.0944773853	52.2866871423
	35.0928141773	52.2786305017
	35.0903997984	52.2684424782
	35.0869831487	52.2571792936
	35.0828371667	52.2461636838
	35.0779796063	52.2354428195
	35.0724312682	52.2250626091
	35.0663204576	52.2152241442
	35.0660972474	52.2134614605
	35.0641799682	52.2018486717
	35.0615072813	52.1903861428
	35.0580906316	52.1791229581
	35.0556381108	52.1723471366
	35.054249561	52.168738433
	35.0525560998	52.1644986448
	35.0476985394	52.1537777805
	35.0421502014	52.14339757
	35.0359348444	52.1334024631
	35.0290790838	52.1238352602
	35.0216122769	52.1147369297
	35.0135663977	52.1061464319
	35.0049758999	52.0981005527
	34.9958775694	52.0906337458
	34.9863103665	52.0837779851
	34.9842154923	52.0823992624
	34.9775765944	52.0780959605
	34.9547457028	52.059410438
	34.9503224546	52.0559047419
	34.9407552518	52.0490489812
	34.9307601448	52.0428336243
	34.9256220065	52.039978037
	34.9095087252	52.0313644506
	34.9042666531	52.0286716998
	34.8935457888	52.0238141394
	34.8825301791	52.0196681575
	34.871774977	52.0163884179
	34.8672437677	52.0151600673
	34.8668666302	52.0143277072
	34.8613182922	52.0039474968
	34.8574088724	51.9974927925
	34.8501838358	51.9861097359
	34.8478778986	51.9825693332
	34.841022138	51.9730021303
	34.8335553311	51.9639037998
	34.8255094519	51.955313302
	34.8169189541	51.9472674228
	34.815327364	51.945888037
	34.805599886	51.9375567382
	34.7980931456	51.931469317
	34.7885259427	51.9246135564
	34.7807065555	51.919674778
	34.7690488407	51.9127243995
	34.7668731209	51.9114478211
	34.7564929105	51.905899483
	34.7457720462	51.9010419226
	34.7347564364	51.8968959407
	34.7238626712	51.8935786978
	34.7135858767	51.8908015982
	34.7132164573	51.8907021914
	34.7129440335	51.8906294245
	34.7052047249	51.8858969788
	34.7045927415	51.8855452493
	34.6968183884	51.8810973123
	34.6870501614	51.8759007037
	34.6763292971	51.8710431433
	34.6653136874	51.8668971614
	34.6582347542	51.8646560422
	34.653512159	51.8632674924
	34.6493279075	51.8620919619
	34.6388602987	51.8596200968
	34.628018929	51.857399943
	34.627024009	51.8571991212
	34.6183614438	51.8557689259
	34.6155857488	51.8466186857
	34.6114397668	51.8356030759
	34.6065822064	51.8248822116
	34.6010338683	51.8145020012
	34.5948185114	51.8045068942
	34.5879627508	51.7949396914
	34.5804959439	51.7858413608
	34.578032148	51.7830894614
	34.5721956612	51.7767036582
	34.5666135779	51.7708650598
	34.5580230801	51.7628191806
	34.5489247496	51.7553523737
	34.5441148458	51.751787206
	34.5437091975	51.7511774265
	34.5368534369	51.7416102236
	34.5293866299	51.732511893
	34.5213407507	51.7239213953
	34.512750253	51.7158755161
	34.5094283443	51.7130329575
	34.5061019283	51.7102558579
	34.5003255064	51.7056316095
	34.4907583035	51.6987758489
	34.4807631966	51.692560492
	34.4703829861	51.6870121539
	34.4596621218	51.6821545935
	34.4556631863	51.6805540056
	34.447400552	51.677361104
	34.4403838778	51.67481571
	34.4291206931	51.6713990603
	34.4176581642	51.6687263734
	34.4060453754	51.6668090942
	34.3943320544	51.6656554327
	34.3825683594	51.6652703292
	34.3708046644	51.6656554327
	34.3590913434	51.6668090942
	34.3474785545	51.6687263734
	34.3422267719	51.6698527885
	34.3041802575	51.6786092909
	34.3017823066	51.6785819422
	34.2954955671	51.677722791
	34.2895832259	51.6769070376
	34.2884764057	51.6767578246
	34.2767630846	51.6756041632
	34.2649993896	51.6752190597
	34.2532356947	51.6756041632
	34.2415223736	51.6767578246
	34.2299095848	51.6786751038
	34.2184470559	51.6813477907
	34.2071838712	51.6847644404
	34.1961682615	51.6889104224
	34.1854473972	51.6937679828
	34.1750671867	51.6993163209
	34.1650720798	51.7055316778
	34.1555048769	51.7123874384
	34.1545070461	51.7131586738
	34.1483865893	51.7178574101
	34.1393226535	51.7252978183
	34.1307321557	51.7333436975
	34.1226862766	51.7419341953
	34.1152194696	51.7510325258
	34.108363709	51.7605997287
	34.1021483521	51.7705948356
	34.096600014	51.7809750461
	34.0963912538	51.7813997778
	34.090390735	51.7936487707
	34.0890506754	51.7964450194
	34.083314622	51.7984856331
	34.0785272565	51.8001841332
	34.0698369321	51.8035230017
	34.0591160678	51.8083805621
	34.0487358574	51.8139289002
	34.0387407504	51.8201442571
	34.0291735476	51.8270000177
	34.020075217	51.8344668246
	34.0114847192	51.8425127038
	34.00343884	51.8511032016
	33.9982352191	51.8573135658
	33.9914611728	51.8629664279
	33.982870675	51.8710123071
	33.9748247958	51.8796028049
	33.9673579889	51.8887011355
	33.9605022283	51.8982683383
	33.9548213872	51.9073439261
	33.9401576926	51.9323988596
	33.9396231769	51.9333183787
	33.9340748388	51.9436985892
	33.9292172784	51.9544194535
	33.9250712965	51.9654350632
	33.9216546467	51.9766982479
	33.9208969659	51.9796240607
	33.9157948077	51.9892269992
	33.9151741153	51.9904982172
	33.9143959246	51.992108028
	33.9101590566	52.0015576743
	33.9060130746	52.012573284
	33.9025964249	52.0238364687
	33.899923738	52.0352989976
	33.8980064588	52.0469117865
	33.8969277438	52.0578641643
	33.8938239932	52.0604113466
	33.8903661386	52.063523832
	33.8779493021	52.0749946238
	33.8728166589	52.0799280176
	33.8674950519	52.085482237
	33.8642679416	52.0875888677
	33.8574321422	52.0923896866
	33.834349409	52.1094146805
	33.8316180056	52.1114696222
	33.822519675	52.1189364291
	33.8139291772	52.1269823083
	33.805883298	52.1355728061
	33.8054480984	52.1361030985
	33.8048903011	52.1363086487
	33.7935835384	52.1408099914
	33.7912801084	52.1417455054
	33.7805592441	52.1466030658
	33.7701790336	52.1521514039
	33.7601839267	52.1583667608
	33.7506167238	52.1652225214
	33.7415183933	52.1726893283
	33.7401867001	52.1739365951
	33.7396074954	52.1736897803
	33.7285918856	52.1695437984
	33.717328701	52.1661271486
	33.7106348307	52.1644703853
	33.6930261881	52.1604687678
	33.6882575295	52.1594528443
	33.6766447406	52.1575355651
	33.6649314196	52.1563819037
	33.663673922	52.1563039051
	33.6617495126	52.1554936703
	33.6518111756	52.1517171809
	33.6447540664	52.1492716734
	33.6374705411	52.145378548
	33.6267496768	52.1405209876
	33.6195322001	52.1377118943
	33.6075006449	52.1333249925
	33.6037025119	52.1319881038
	33.5924393272	52.1285714541
	33.5809767983	52.1258987672
	33.5693640094	52.123981488
	33.5576506884	52.1228278265
	33.5458869934	52.122442723
	33.5341232984	52.1228278265
	33.5224099774	52.123981488
	33.5183212367	52.1245676185
	33.5120688384	52.1255373078
	33.5096504159	52.1255588102
	33.4994858473	52.1259368048
	33.4877725262	52.1270904662
	33.4761597374	52.1290077454
	33.4646972085	52.1316804323
	33.4534340238	52.135097082
	33.4457579471	52.1378987783
	33.427287183	52.1451200003
	33.4239476499	52.1464642859
	33.4132267856	52.1513218463
	33.4028465751	52.1568701844
	33.3928514682	52.1630855413
	33.3846960589	52.1689296249
	33.3756431008	52.1710404787
	33.3713274482	52.1722546985
	33.3662275653	52.1715088012
	33.3545142443	52.1703551398
	33.3427505493	52.1699700363
	33.3309868543	52.1703551398
	33.3204332527	52.1713599544
	33.2884622749	52.1753577572
	33.2881588518	52.1753959606
	33.2787403643	52.1765899609
	33.277884068	52.1767006042
	33.2662712791	52.1786178834
	33.2619144556	52.1795407243
	33.2481712791	52.1826299933
	33.2446368314	52.1807407916
	33.2339159671	52.1758832312
	33.2229003573	52.1717372493
	33.221498167	52.171267689
	33.2185532207	52.1702949412
	33.2086922264	52.1673478518
	33.1972296974	52.1646751649
	33.1856169086	52.1627578857
	33.184865968	52.1626606301
	33.1675247964	52.1529850827
	33.1594393826	52.1487392963
	33.1487185183	52.1438817359
	33.1377029086	52.1397357539
	33.1264397239	52.1363191042
	33.1150231143	52.1336571242
	33.1102346219	52.130225739
	33.1002395149	52.1240103821
	33.0898593045	52.1184620441
	33.0791384402	52.1136044837
	33.0681228305	52.1094585017
	33.0568596458	52.106041852
	33.0453971169	52.1033691651
	33.040947858	52.102542199
	33.0283651856	52.1003668993
	32.9989101376	52.0877956643
	32.9987363694	52.0877216089
	32.9871816514	52.0828044642
	32.9855829898	52.0821332312
	32.9835518249	52.0813063661
	32.972298468	52.0768050233
	32.9633140231	52.0734859065
	32.9520508384	52.0700692568
	32.9405883095	52.0673965699
	32.9289755207	52.0654792907
	32.9172621996	52.0643256293
	32.9054985046	52.0639405258
	32.8937348097	52.0643256293
	32.8861683719	52.0649822528
	32.8771695011	52.0659550006
	32.8730226178	52.0664520385
	32.8614098289	52.0683693177
	32.8499473	52.0710420046
	32.8386841153	52.0744586543
	32.828839711	52.0781243286
	32.8231231005	52.0776579962
	32.8173257161	52.0773718747
	32.8031884481	52.0769026669
	32.7972221375	52.076803685
	32.7866798753	52.0771129037
	32.7602363939	52.0786654855
	32.7598398042	52.0786892101
	32.7536316087	52.077357808
	32.7510054848	52.0768150575
	32.7393926959	52.0748977783
	32.7276793749	52.0737441168
	32.7159156799	52.0733590133
	32.704151985	52.0737441168
	32.6924386639	52.0748977783
	32.6897078502	52.0752786127
	32.6800986277	52.0766938654
	32.6712166527	52.0782303101
	32.6597541237	52.080902997
	32.6484909391	52.0843196467
	32.6374753293	52.0884656287
	32.626754465	52.0933231891
	32.6163742546	52.0988715272
	32.6108092742	52.1022198657
	32.6024741606	52.1074421863
	32.5980440341	52.1103092046
	32.5884768313	52.1171649652
	32.5851646941	52.1197686506
	32.5772522657	52.1236200793
	32.5632893169	52.1281011833
	32.5604362821	52.1290431575
	32.5502836399	52.1328343062
	32.5473690959	52.1340238739
	32.5473114842	52.1322640175
	32.5461578228	52.1205506965
	32.5442405436	52.1089379076
	32.5415678567	52.0974753787
	32.538151207	52.086212194
	32.534005225	52.0751965843
	32.5291476646	52.06447572
	32.5235993266	52.0540955095
	32.5173839696	52.0441004026
	32.5144910245	52.0399009226
	32.510073607	52.0336791488
	32.5061107916	52.028311426
	32.4986439847	52.0192130954
	32.4956722004	52.0159077225
	32.4891185505	52.0087971268
	32.4887499559	52.0083984174
	32.4869990098	52.0065101422
	32.4822935095	52.0016237268
	32.4737030117	51.9935778476
	32.4646046812	51.9861110407
	32.4550374783	51.9792552801
	32.4450423714	51.9730399232
	32.4346621609	51.9674915851
	32.4270169248	51.9639415988
	32.4068219175	51.9551334628
	32.4037462893	51.9538258887
	32.3927306796	51.9496799068
	32.382318475	51.9464935132
	32.375828085	51.9431271136
	32.3651072207	51.9382695532
	32.3591827207	51.9359375205
	32.3370193296	51.9276634421
	32.3319282199	51.9258494929
	32.3206650352	51.9224328432
	32.3175017583	51.9216159637
	32.3045803355	51.9184040465
	32.2996528145	51.9154532532
	32.2892726041	51.9099049152
	32.2785517398	51.9050473547
	32.26753613	51.9009013728
	32.2562729453	51.8974847231
	32.2448104164	51.8948120362
	32.2412839663	51.8941470822
	32.2319532168	51.8924838742
	32.2238668781	51.891231549
	32.2135872356	51.8901776096
	32.2104136172	51.888827262
	32.1993980075	51.88468128
	32.1881348228	51.8812646303
	32.1766722939	51.8785919434
	32.165059505	51.8766746642
	32.1592284644	51.87600359
	32.1533592179	51.875424984
	32.1392535987	51.8730044443
	32.132310329	51.871952069
	32.1249339151	51.871135378
	32.1212412882	51.8708034993
	32.120947478	51.8707773357
	32.1117807605	51.8699686199
	32.1077376635	51.8696578131
	32.0959739685	51.8692727096
	32.0918654962	51.8693196387
	32.0818137789	51.8655696467
	32.0797575891	51.8648854504
	32.0578688562	51.8577481518
	32.0486618614	51.8550156984
	32.0371993324	51.8523430116
	32.0255865436	51.8504257324
	32.0234248923	51.8501544536
	32.0213153647	51.8499026836
	32.0199175683	51.8497414008
	31.9940005151	51.8468536749
	31.9858466418	51.8461325751
	31.9740829468	51.8457474716
	31.9623192518	51.8461325751
	31.9506059308	51.8472862365
	31.9389931419	51.8492035157
	31.927530613	51.8518762026
	31.9162674283	51.8552928523
	31.9054924081	51.8593393827
	31.8960230818	51.8631791286
	31.8958887483	51.863233663
	31.8752493288	51.8716221823
	31.874141055	51.8720769263
	31.8634201907	51.8769344867
	31.8530399803	51.8824828248
	31.8430448734	51.8886981817
	31.8338376168	51.8952784657
	31.8233929757	51.903251183
	31.8230468465	51.9035160584
	31.8186313358	51.9069035197
	31.8186175187	51.9069141209
	31.8095191881	51.9143809278
	31.8012965225	51.9220822946
	31.7913556714	51.923061383
	31.7797428825	51.9249786622
	31.7682803536	51.9276513491
	31.7582527294	51.9306535684
	31.7402263775	51.9366273843
	31.738990817	51.9370418147
	31.7279752073	51.9411877966
	31.717254343	51.9460453571
	31.7068741325	51.9515936951
	31.6968790256	51.957809052
	31.6873118227	51.9646648127
	31.6782134922	51.9721316196
	31.6696229944	51.9801774988
	31.6615771152	51.9887679966
	31.6541103083	51.9978663271
	31.6472545476	52.00743353
	31.6410391907	52.0174286369
	31.6354908527	52.0278088474
	31.6352831904	52.0282671677
	31.6305596256	52.0304073871
	31.6201794151	52.0359557252
	31.6110915399	52.0415688536
	31.6035079217	52.0465699217
	31.60260069	52.0471721502
	31.5930334871	52.0540279108
	31.5839351566	52.0614947177
	31.5753446588	52.0695405969
	31.5672987796	52.0781310947
	31.5598319727	52.0872294252
	31.5529762121	52.0967966281
	31.5467608552	52.1067917351
	31.5412125171	52.1171719455
	31.5363549567	52.1278928098
	31.5322089747	52.1389084195
	31.5310157515	52.1428419493
	31.5207064222	52.1494723193
	31.5205444466	52.1495766154
	31.5183490872	52.1509918711
	31.5158773612	52.1526142003
	31.5063101584	52.159469961
	31.4972118278	52.1669367679
	31.48862133	52.1749826471
	31.4805754508	52.1835731449
	31.4731086439	52.1926714754
	31.4662528833	52.2022386783
	31.4600375264	52.2122337852
	31.4544891883	52.2226139957
	31.4496316279	52.2333348599
	31.4474398591	52.2388849122
	31.4407469739	52.256691916
	31.4387927608	52.2621574735
	31.435376111	52.2734206582
	31.4327034242	52.2848831871
	31.430786145	52.2964959759
	31.4296324835	52.308209297
	31.42924738	52.3199729919
	31.4296324835	52.3317366869
	31.430786145	52.343450008
	31.4327034242	52.3550627968
	31.435376111	52.3665253257
	31.4354620823	52.3668266909
	31.4329150873	52.3700625246
	31.4260593267	52.3796297275
	31.4198439698	52.3896248344
	31.4142956317	52.4000050449
	31.4097228743	52.4100423176
	31.4061389662	52.4185948689
	31.4058541632	52.4192784604
	31.4017081813	52.4302940702
	31.3982915316	52.4415572549
	31.3956188447	52.4530197838
	31.3937015655	52.4646325726
	31.3925479041	52.4763458936
	31.3921628006	52.4881095886
	31.3925479041	52.4998732836
	31.3937015655	52.5115866046
	31.3956188447	52.5231993935
	31.3982915316	52.5346619224
	31.4017081813	52.5459251071
	31.4027817938	52.5489963261
	31.4021539126	52.5512793923
	31.4006927486	52.5571221184
	31.3990386109	52.5599281792
	31.3934902728	52.5703083896
	31.3886327124	52.5810292539
	31.3844867305	52.5920448636
	31.3810700808	52.6033080483
	31.3783973939	52.6147705772
	31.3764801147	52.6263833661
	31.3762714591	52.6280267048
	31.3748275962	52.6398331928
	31.3747312179	52.6406362613
	31.3747146638	52.6407202868
	31.374157718	52.6435507922
	31.3724667971	52.6536558245
	31.3706624453	52.6667135332
	31.3705082061	52.6678567547
	31.3693545447	52.6795700758
	31.3689694412	52.6913337708
	31.3692903356	52.7020730443
	31.3633933874	52.7103792392
	31.3571780305	52.7203743461
	31.3516296924	52.7307545566
	31.3507502949	52.7326954282
	31.2981155903	52.7711421225
	31.2962112345	52.772523714
	31.2923380678	52.7754138666
	31.2832892239	52.7828372909
	31.2707350552	52.7938388778
	31.2706855686	52.7938822604
	31.2620950708	52.8019281396
	31.2540491916	52.8105186374
	31.2465823847	52.819616968
	31.2397266241	52.8291841708
	31.2335112672	52.8391792778
	31.2319618691	52.8419179611
	31.2278034694	52.8444634436
	31.2206939332	52.8474953496
	31.2138856212	52.8505674014
	31.1973384357	52.8584513718
	31.1967392301	52.8586536006
	31.1857236203	52.8627995825
	31.1750027561	52.8676571429
	31.1646225456	52.873205481
	31.1546274387	52.8794208379
	31.1450602358	52.8862765985
	31.1359619052	52.8937434055
	31.1273714075	52.9017892847
	31.1193255283	52.9103797824
	31.1118587213	52.919478113
	31.1050029607	52.9290453159
	31.0987876038	52.9390404228
	31.0932392657	52.9494206332
	31.0883817053	52.9601414975
	31.0842357234	52.9711571073
	31.0808190737	52.982420292
	31.0781463868	52.9938828209
	31.0762291076	53.0054956097
	31.0750754462	53.0172089308
	31.0746903427	53.0289726257
	31.0750754462	53.0407363207
	31.0762291076	53.0524496417
	31.0781463868	53.0640624306
	31.0808190737	53.0755249595
	31.0842357234	53.0867881442
	31.0883817053	53.0978037539
	31.0913427984	53.1045574378
	31.0935934698	53.1094173621
	31.0954899371	53.1133845425
	31.1010382752	53.123764753
	31.1072536321	53.1337598599
	31.1141093927	53.1433270628
	31.1215761996	53.1524253933
	31.1296220788	53.1610158911
	31.1382125766	53.1690617703
	31.1473109072	53.1765285772
	31.15687811	53.1833843379
	31.166873217	53.1895996948
	31.1772534274	53.1951480328
	31.1879742917	53.2000055933
	31.1989899015	53.2041515752
	31.2102530861	53.2075682249
	31.2124960789	53.2081080535
	31.2125768042	53.2083040896
	31.2174343646	53.2190249539
	31.2229827027	53.2294051644
	31.2291980596	53.2394002713
	31.2360538202	53.2489674742
	31.2435206271	53.2580658047
	31.2494791523	53.264534114
	31.2518262244	53.2704989138
	31.2566837848	53.2812197781
	31.2622321229	53.2915999886
	31.2684474798	53.3015950955
	31.2753032404	53.3111622984
	31.2827700473	53.3202606289
	31.2908159265	53.3288511267
	31.2994064243	53.3368970059
	31.3085047548	53.3443638128
	31.3180719577	53.3512195735
	31.3280670646	53.3574349304
	31.335775985	53.3616382089
	31.3446375268	53.3661929574
	31.3473088168	53.367538017
	31.3580296811	53.3723955774
	31.3690452909	53.3765415593
	31.3803084756	53.379958209
	31.3917710045	53.3826308959
	31.4002859696	53.3841129004
	31.412925969	53.3860011755
	31.4160237927	53.3864364503
	31.4277371137	53.3875901117
	31.4395008087	53.3879752152
	31.4512645037	53.3875901117
	31.4629778247	53.3864364503
	31.466915205	53.3858737283
	31.4941722707	53.3816701745
	31.5222340847	53.3774389157
	31.5229131003	53.3773352049
	31.5366515856	53.3752099775
	31.5377119401	53.3756869821
	31.5518511155	53.3819926767
	31.556279498	53.3838968896
	31.5672951078	53.3880428716
	31.5785582924	53.3914595213
	31.5900208214	53.3941322082
	31.598703404	53.3956391721
	31.6114254194	53.3975274473
	31.6143556256	53.3979377625
	31.6260689466	53.3990914239
	31.6378326416	53.3994765274
	31.6495963366	53.3990914239
	31.6613096576	53.3979377625
	31.6729224465	53.3960204833
	31.6803873118	53.394369967
	31.7208269886	53.3845226431
	31.758399047	53.3766906803
	31.7682472801	53.3743467894
	31.7688906009	53.3741731342
	31.7743716138	53.372682716
	31.8022963449	53.3651343626
	31.8131770755	53.3618206426
	31.8241926852	53.3576746606
	31.8288887895	53.3556507891
	31.8539437212	53.3444279498
	31.8599684811	53.3415942609
	31.8703486916	53.3360459228
	31.8803437985	53.3298305659
	31.8899110014	53.3229748053
	31.8959305062	53.3181472525
	31.9041530862	53.3112579093
	31.9072319119	53.3086186551
	31.9158224097	53.3005727759
	31.9238682889	53.2919822781
	31.9276637859	53.2875092511
	31.9388189518	53.2859586193
	31.9491446843	53.284215514
	31.9606072132	53.2815428271
	31.9718703979	53.2781261773
	31.9828860076	53.2739801954
	31.9848218995	53.273165047
	31.9949578016	53.2741181268
	32.0067214966	53.2745032303
	32.0184851916	53.2741181268
	32.0282760362	53.2732070364
	32.0319419603	53.2727645315
	32.0322940123	53.272721684
	32.0424906981	53.2714704633
	32.0440611225	53.2712707398
	32.0556739113	53.2693534606
	32.0671364402	53.2666807737
	32.0783996249	53.263264124
	32.0804875814	53.2625410251
	32.0903044215	53.2590735902
	32.0939100081	53.2581868122
	32.0940855663	53.2581713904
	32.1013371372	53.261954826
	32.1120580014	53.2668123865
	32.1230736112	53.2709583684
	32.1343367959	53.2743750181
	32.1457993248	53.277047705
	32.1523675385	53.2782279784
	32.1617021027	53.2797271544
	32.1667466778	53.2804641602
	32.1723648282	53.2810174997
	32.1760459164	53.2830335194
	32.18289155	53.2865939557
	32.1936124143	53.2914515161
	32.204628024	53.295597498
	32.2158912087	53.2990141478
	32.2273537376	53.3016868346
	32.2336572388	53.3028243915
	32.2349199861	53.3041520548
	32.2380662927	53.3073781958
	32.2466567905	53.315424075
	32.2557551211	53.3228908819
	32.2653223239	53.3297466425
	32.2753174309	53.3359619994
	32.2856976413	53.3415103375
	32.2964185056	53.3463678979
	32.3074341153	53.3505138799
	32.3186973	53.3539305296
	32.3219659337	53.3547735642
	32.3401180855	53.3592740689
	32.3409108496	53.3612200442
	32.34576841	53.3719409085
	32.3513167481	53.3823211189
	32.357532105	53.3923162259
	32.3643878656	53.4018834288
	32.3718546725	53.4109817593
	32.3799005517	53.4195722571
	32.3884910495	53.4276181363
	32.3975893801	53.4350849432
	32.4071565829	53.4419407038
	32.4171516899	53.4481560607
	32.4275319003	53.4537043988
	32.4382527646	53.4585619592
	32.4447957971	53.461123612
	32.4497663476	53.4629584814
	32.4542389249	53.4645428105
	32.4655021096	53.4679594603
	32.4769646385	53.4706321471
	32.4885774273	53.4725494263
	32.5002907484	53.4737030878
	32.511732674	53.4740879034
	32.5127732017	53.4742980712
	32.5192776864	53.475371966
	32.5277306961	53.480636915
	32.5340036867	53.4842708055
	32.5340283545	53.4842854048
	32.5357048515	53.4852654357
	32.546085062	53.4908137738
	32.5568059262	53.4956713342
	32.567821536	53.4998173161
	32.5790847207	53.5032339659
	32.5905472496	53.5059066528
	32.590996254	53.5059807837
	32.5916828693	53.5074961758
	32.5935403279	53.5111568208
	32.5959550313	53.5157840486
	32.5996459107	53.5225036141
	32.6058612676	53.532498721
	32.6127170282	53.5420659239
	32.6201838351	53.5511642544
	32.6282297143	53.5597547522
	32.6368202121	53.5678006314
	32.6459185427	53.5752674383
	32.6554857455	53.5821231989
	32.6654808525	53.5883385558
	32.6758610629	53.5938868939
	32.6865819272	53.5987444543
	32.697597537	53.6028904363
	32.7088607216	53.606307086
	32.7185444867	53.6085650233
	32.7200423219	53.613768074
	32.7211562135	53.617384407
	32.7227321223	53.6222533847
	32.7268781043	53.6332689944
	32.7317356647	53.6439898587
	32.7372840027	53.6543700691
	32.7434993597	53.6643651761
	32.7503551203	53.673932379
	32.7578219272	53.6830307095
	32.7601346485	53.6856171087
	32.7659635059	53.6920105413
	32.7716966638	53.6980146399
	32.7802871616	53.7060605191
	32.7893854921	53.713527326
	32.7927878197	53.7160747246
	32.7939705896	53.7169386718
	32.8049926351	53.7264877483
	32.8132731264	53.7332416815
	32.8228403293	53.7400974421
	32.8249001715	53.7414534515
	32.829906539	53.7447002057
	32.8316065615	53.7460209173
	32.8411737643	53.7528766779
	32.849082025	53.7578684085
	32.8607549987	53.764818787
	32.8628418449	53.7660424133
	32.8732220554	53.7715907513
	32.8751396967	53.7725223395
	32.8879113032	53.7786334845
	32.8967145261	53.7825594568
	32.9077301359	53.7867054387
	32.9121344895	53.7881375474
	32.9354489903	53.8092241576
	32.9375060947	53.8110562466
	32.9466044252	53.8185230536
	32.9561716281	53.8253788142
	32.9584632403	53.8268848796
	32.9773612506	53.8390995403
	32.9850647453	53.8438088317
	32.9930459742	53.8481517815
	33.0020090305	53.8545459895
	33.0107633599	53.8600383635
	33.0228289825	53.8671334954
	33.0286737643	53.8712085871
	33.037643908	53.8768276677
	33.0437514879	53.8804077738
	33.0483954529	53.8890960213
	33.0546108098	53.8990911282
	33.0614665705	53.9086583311
	33.0675454792	53.9160655029
	33.067956452	53.9187891315
	33.0666694763	53.9270692486
	33.0655158148	53.9387825697
	33.0651307113	53.9505462646
	33.0655158148	53.9623099596
	33.0666694763	53.9740232807
	33.0685867555	53.9856360695
	33.0712594423	53.9970985984
	33.0746760921	54.0083617831
	33.0749493237	54.0091605344
	33.0777264233	54.017217175
	33.0815991736	54.0274340335
	33.086456734	54.0381548978
	33.0920050721	54.0485351082
	33.098220429	54.0585302151
	33.1050761896	54.068097418
	33.1125429965	54.0771957486
	33.1205888757	54.0857862464
	33.1291793735	54.0938321255
	33.1382777041	54.1012989325
	33.1478449069	54.1081546931
	33.1578400139	54.11437005
	33.1682202243	54.1199183881
	33.1789410886	54.1247759485
	33.1899566984	54.1289219304
	33.201219883	54.1323385801
	33.2126824119	54.135011267
	33.2242952008	54.1369285462
	33.2360085218	54.1380822076
	33.2398384392	54.1382922474
	33.2462318718	54.138574535
	33.2522516938	54.1387394151
	33.255334216	54.1400499963
	33.2561755203	54.1403959861
	33.2580979606	54.1411809196
	33.2662732028	54.1454768597
	33.2769940671	54.1503344202
	33.2880096769	54.1544804021
	33.2992728615	54.1578970518
	33.3089379317	54.1602026627
	33.3142174727	54.1613089249
	33.3160149315	54.1616760009
	33.3276277203	54.1635932801
	33.3393410413	54.1647469415
	33.3511047363	54.165132045
	33.3628684313	54.1647469415
	33.365468348	54.1645576031
	33.3663267018	54.1647352075
	33.3676811912	54.1650100463
	33.3748831078	54.1661990875
	33.3772671994	54.1672793054
	33.3882828092	54.1714252873
	33.3921352035	54.1726847741
	33.4018626815	54.1757441613
	33.4092734719	54.1779013243
	33.4207360008	54.1805740112
	33.4295537491	54.1820298273
	33.4356091794	54.1847735071
	33.4466247892	54.188919489
	33.4578879738	54.1923361387
	33.4693505028	54.1950088256
	33.4809632916	54.1969261048
	33.4926766126	54.1980797662
	33.4991301648	54.1983864669
	33.5036633786	54.2003374719
	33.5146789884	54.2044834538
	33.5259421731	54.2079001036
	33.537404702	54.2105727904
	33.5490174908	54.2124900696
	33.5607308119	54.2136437311
	33.564765549	54.2138626972
	33.5711513523	54.2141373554
	33.5788803101	54.2143034928
	33.590644005	54.2139183893
	33.6023573261	54.2127647278
END
END
