Карачаево-Черкессия
1
	42.0230878629	44.6408313899
	42.0326550657	44.6339756292
	42.0417533963	44.6265088223
	42.0503438941	44.6184629431
	42.0583897733	44.6098724453
	42.0658565802	44.6007741148
	42.0727123408	44.5912069119
	42.0789276977	44.581211805
	42.0844760358	44.5708315945
	42.0893335962	44.5601107302
	42.0934795781	44.5490951205
	42.0957882899	44.5414843177
	42.1131999741	44.5415239437
	42.1253730089	44.541139306
	42.13708633	44.5399856446
	42.1486991188	44.5380683654
	42.1601616477	44.5353956785
	42.1659684744	44.533734763
	42.1886474492	44.5268339713
	42.2238266238	44.526517754
	42.2339736254	44.5261399164
	42.2456869464	44.5249862549
	42.2572997353	44.5230689757
	42.2625546944	44.5219418295
	42.3047833931	44.5122219809
	42.3109909629	44.5106764402
	42.3222541476	44.5072597905
	42.325187945	44.506235553
	42.4087984797	44.476232959
	42.416880292	44.4731112146
	42.4251005711	44.469462893
	42.4327354764	44.472248499
	42.4439986611	44.4756651487
	42.45546119	44.4783378356
	42.4670739789	44.4802551148
	42.4787872999	44.4814087762
	42.4905509949	44.4817938797
	42.5023146899	44.4814087762
	42.5092441129	44.4808198644
	42.5489627408	44.4766694738
	42.5537466388	44.4761047242
	42.5653594277	44.474187445
	42.5768219566	44.4715147581
	42.5850694433	44.4690922006
	42.6120088354	44.4604747995
	42.6150245333	44.4594807073
	42.6260401431	44.4553347253
	42.6367610074	44.4504771649
	42.6471412178	44.4449288268
	42.6571363248	44.4387134699
	42.6667035276	44.4318577093
	42.6758018582	44.4243909024
	42.684392356	44.4163450232
	42.6924382352	44.4077545254
	42.6999050421	44.3986561949
	42.7067608027	44.389088992
	42.7129761596	44.3790938851
	42.7185244977	44.3687136746
	42.7233820581	44.3579928103
	42.72752804	44.3469772006
	42.7309446897	44.3357140159
	42.7336173766	44.324251487
	42.7338083305	44.323277459
	42.7415903129	44.2829942559
	42.7433166382	44.272355495
	42.7444702997	44.260642174
	42.7448554032	44.248878479
	42.7444702997	44.237114784
	42.7433166382	44.225401463
	42.7413993591	44.2137886741
	42.7387266722	44.2023261452
	42.7353100224	44.1910629606
	42.7311640405	44.1800473508
	42.7265976765	44.1699691706
	42.7269033423	44.1696828833
	42.7349492215	44.1610923855
	42.7424160284	44.151994055
	42.749271789	44.1424268521
	42.7554871459	44.1324317452
	42.761035484	44.1220515347
	42.7658930444	44.1113306704
	42.7675763213	44.1068583112
	42.7733017056	44.1021596097
	42.7818922034	44.0941137305
	42.7899380826	44.0855232327
	42.7974048895	44.0764249021
	42.8042606501	44.0668576993
	42.810476007	44.0568625923
	42.8160243451	44.0464823819
	42.8208819055	44.0357615176
	42.8250278874	44.0247459079
	42.8284445372	44.0134827232
	42.831117224	44.0020201943
	42.8330345032	43.9904074054
	42.8341325559	43.9795138175
	42.8347712183	43.9779917422
	42.8389172002	43.9669761325
	42.8423338499	43.9557129478
	42.8450065368	43.9442504189
	42.846923816	43.93263763
	42.8479458795	43.922784321
	42.849338244	43.9044547007
	42.8494698419	43.9025946886
	42.8498549454	43.8908309937
	42.8494698419	43.8790672987
	42.849308356	43.876819384
	42.8495836877	43.8761583987
	42.8537296697	43.865142789
	42.8571463194	43.8538796043
	42.8598190063	43.8424170754
	42.8617362855	43.8308042865
	42.8628899469	43.8190909655
	42.8632750504	43.8073272705
	42.8632750504	43.8073196411
	42.8628899469	43.7955559461
	42.8617362855	43.7838426251
	42.8598190063	43.7722298363
	42.8580599555	43.7643217031
	42.8569333878	43.7597458029
	42.8552396566	43.7356892364
	42.8541450379	43.7248445172
	42.8537452544	43.7219853647
	42.8533608331	43.7107170789
	42.8532844967	43.7096052036
	42.8513313717	43.6823911533
	42.8502540467	43.6717897076
	42.8483367675	43.6601769188
	42.8456640806	43.6487143899
	42.8434040417	43.6409775832
	42.8397953381	43.6295792678
	42.8386387273	43.6260528898
	42.8344927453	43.61503728
	42.8296351849	43.6043164157
	42.8240868469	43.5939362053
	42.81787149	43.5839410983
	42.8120626471	43.5757519419
	42.8087286016	43.5713192637
	42.8076816839	43.5699412172
	42.800214877	43.5608428867
	42.7921689978	43.5522523889
	42.7835785	43.5442065097
	42.7744801695	43.5367397028
	42.7667357503	43.5311180879
	42.7570159017	43.5244499971
	42.755193118	43.5232158514
	42.745198011	43.5170004944
	42.737457646	43.5127810576
	42.7266315352	43.507219229
	42.7239916898	43.5058903278
	42.7132708255	43.5010327673
	42.7022552157	43.4968867854
	42.698906799	43.4957866187
	42.6968854723	43.4949212795
	42.694929761	43.4940976477
	42.6839141513	43.4899516658
	42.6726509666	43.4865350161
	42.6710666536	43.4861182244
	42.65851103	43.4828762287
	42.6577778427	43.4780818712
	42.6563888305	43.4701821068
	42.6552636765	43.464935804
	42.6527688645	43.4540944344
	42.6512213316	43.4478782082
	42.6478046819	43.4366150235
	42.6436699653	43.425626617
	42.6370018744	43.4095209651
	42.6369906091	43.4094937619
	42.6321330487	43.3987728977
	42.6265847106	43.3883926872
	42.6203693537	43.3783975803
	42.6201528885	43.3780743744
	42.5951589921	43.3408429291
	42.5938083901	43.338859757
	42.594287169	43.3328222431
	42.5944649591	43.3303672106
	42.5948500626	43.3186035156
	42.5944649591	43.3068398206
	42.5933112977	43.2951264996
	42.5913940185	43.2835137108
	42.5912206081	43.2826529048
	42.5887257961	43.2704229854
	42.5862265196	43.2598212624
	42.5828098699	43.2485580777
	42.5796658504	43.240013051
	42.5769657536	43.2313461637
	42.5729095777	43.2205477661
	42.5662567457	43.2044268555
	42.5661669397	43.2042096433
	42.5613093793	43.193488779
	42.5557610412	43.1831085686
	42.5495456843	43.1731134616
	42.5493101978	43.172761927
	42.5368132496	43.1541538338
	42.5301929754	43.1449381655
	42.5227261685	43.1358398349
	42.5146802893	43.1272493371
	42.5123948093	43.1250042084
	42.5043305393	43.117222226
	42.4980255215	43.1114214755
	42.488927191	43.1039546686
	42.4810997753	43.0982761499
	42.4776708576	43.0959266357
	42.4759310704	43.0947493938
	42.469408698	43.090591318
	42.4684956724	43.0898860651
	42.465579494	43.0876950219
	42.4559130511	43.0805844262
	42.4492620267	43.0759197088
	42.4392669197	43.0697043519
	42.4288867093	43.0641560138
	42.418165845	43.0592984534
	42.4173387402	43.058958262
	42.4057072916	43.0542079771
	42.3962186714	43.0500405726
	42.3927218142	43.0485486365
	42.3817062045	43.0444026546
	42.3704430198	43.0409860048
	42.3589804909	43.038313318
	42.347367702	43.0363960388
	42.3431946356	43.0358961725
	42.3184119357	43.0332209166
	42.2998240934	43.0311274054
	42.2914572985	43.030382453
	42.289407481	43.0302598481
	42.279603709	43.0297296052
	42.2581261366	43.0298522101
	42.2519117466	43.0303678487
	42.2510763279	43.030451772
	42.2455773968	43.0310897949
	42.2452382929	43.0311347668
	42.2402410395	43.0318023388
	42.2289673546	43.0336746461
	42.2175048257	43.036347333
	42.2078825801	43.0392157461
	42.2048086505	43.0387840392
	42.1930953295	43.0376303778
	42.1813316345	43.0372452743
	42.1716743306	43.0375047221
	42.1707305575	43.0371814326
	42.1594673728	43.0337647829
	42.1542960517	43.0324609871
	42.1452437751	43.0303209419
	42.1389525673	43.0289520509
	42.1273397785	43.0270347717
	42.1233236961	43.0265519213
	42.1155395175	43.0237079219
	42.1042763328	43.0202912722
	42.0928138039	43.0176185853
	42.081201015	43.0157013061
	42.069487694	43.0145476447
	42.057723999	43.0141625412
	42.0461524317	43.0145351552
	42.0384009669	43.0150348806
	42.0382088392	43.01504737
	42.0378696372	43.0150699244
	42.0362293174	43.0151805506
	42.0248551983	43.0163116577
	42.0132424095	43.0182289368
	42.0088919645	43.0191503441
	42.0013388639	43.0208478844
	42.0008910448	43.0209491312
	41.9986937792	43.0214488565
	41.9920295144	43.0230988894
	41.9807663297	43.0265155391
	41.9708597532	43.0302064683
	41.9474571913	43.0302146063
	41.9357438702	43.0313682678
	41.9241310814	43.033285547
	41.9126685525	43.0359582338
	41.9038633376	43.0386292666
	41.8987175559	43.0370683107
	41.8950478035	43.0361263147
	41.8882729012	43.0344631067
	41.8879477653	43.034383608
	41.8732230338	43.0307977925
	41.8657553932	43.0291466004
	41.8591556435	43.027961265
	41.8554264601	43.0273630195
	41.8490306966	43.0263191133
	41.8435339313	43.0255088928
	41.8318206103	43.0243552313
	41.8210913448	43.0239731024
	41.8157851009	43.0239425849
	41.8147506714	43.0239396103
	41.8029869764	43.0243247138
	41.7912736554	43.0254783752
	41.7796608665	43.0273956544
	41.7681983376	43.0300683413
	41.7652003582	43.0308995021
	41.7626712139	43.0316242946
	41.7616684178	43.0319148241
	41.7566406468	43.0333872973
	41.7553117719	43.0337820487
	41.7466599246	43.0352844481
	41.7409955386	43.0365063365
	41.7366408244	43.0375193876
	41.7312826496	43.0367317321
	41.7195693285	43.0355780707
	41.7078056335	43.0351929672
	41.7050836732	43.0352135646
	41.7015550782	43.0352669704
	41.7010046135	43.0352761444
	41.6963926445	43.0353600678
	41.6879013746	43.0357153998
	41.6761880536	43.0368690612
	41.6693835698	43.0378976766
	41.6606059514	43.0393968526
	41.6557976463	43.0402855164
	41.6443351174	43.0429582033
	41.6426332352	43.0434231792
	41.6424285204	43.0434096442
	41.6306648254	43.0430245407
	41.6189011305	43.0434096442
	41.6071878094	43.0445633056
	41.5963800517	43.046322362
	41.5885217754	43.0478482409
	41.5877167442	43.0480064637
	41.5762542153	43.0506791506
	41.5649910306	43.0540958003
	41.5597050011	43.0559826458
	41.5555407807	43.0575427322
	41.553297834	43.0579117918
	41.5474106529	43.0589813477
	41.535948124	43.0616540346
	41.5246849393	43.0650706843
	41.5136693296	43.0692166663
	41.5029484653	43.0740742267
	41.4925682548	43.0796225648
	41.4914886441	43.0802508869
	41.485501605	43.0826062537
	41.4747807407	43.0874638141
	41.4644005302	43.0930121522
	41.4544054233	43.0992275091
	41.4448382204	43.1060832697
	41.4397924408	43.1101007985
	41.4350293454	43.1119946814
	41.4243084811	43.1168522418
	41.4182086877	43.1200064902
	41.4170267804	43.1206465489
	41.4089823854	43.1249833317
	41.4088662808	43.1250459794
	41.406965704	43.1253555627
	41.400690527	43.1264122339
	41.3954674461	43.1273712403
	41.3840049172	43.1300439272
	41.3727417325	43.1334605769
	41.3647544381	43.1363842786
	41.3596694467	43.13838318
	41.3566411313	43.1396054602
	41.345920267	43.1444630206
	41.3355400566	43.1500113587
	41.3280985884	43.1545516121
	41.3179291162	43.1542099499
	41.3001259535	43.1544936285
	41.2884126324	43.15564729
	41.2767998436	43.1575645692
	41.2653373147	43.1602372561
	41.25407413	43.1636539058
	41.2430585202	43.1677998877
	41.232337656	43.1726574481
	41.2219574455	43.1782057862
	41.216003938	43.181798245
	41.2063659096	43.1840981875
	41.195102725	43.1875148372
	41.1840871152	43.1916608191
	41.1733662509	43.1965183795
	41.1685030074	43.1990092029
	41.163974743	43.2014159735
	41.1593707671	43.2025174544
	41.1546691323	43.2037095461
	41.1520094819	43.2044441079
	41.1508145144	43.204784029
	41.1479393577	43.203988019
	41.1364768288	43.2013153321
	41.1248640399	43.1993980529
	41.1131507189	43.1982443915
	41.1080755896	43.1979836939
	41.0967993444	43.1975640772
	41.0783470838	43.1978247748
	41.0666337628	43.1989784362
	41.0590806031	43.20013655
	41.0318106236	43.2049127766
	41.0307057116	43.2051040748
	41.0263001182	43.2059234864
	41.0148375893	43.2085961733
	41.0035744046	43.212012823
	40.9936524274	43.2157100123
	40.9844284894	43.2194598597
	40.9833348569	43.2199086524
	40.9768690727	43.2227367248
	40.970174279	43.2258228149
	40.9659191989	43.2278523029
	40.9555389885	43.2334006409
	40.9455438815	43.2396159978
	40.9433386493	43.2411132405
	40.941468021	43.242403657
	40.9372070997	43.2426322089
	40.9254937787	43.2437858703
	40.9138809898	43.2457031495
	40.9042200093	43.2479030967
	40.8909143452	43.2513210654
	40.8891127968	43.2517938051
	40.8778496122	43.2552104548
	40.8668340024	43.2593564368
	40.8561131381	43.2642139972
	40.8457329277	43.2697623353
	40.8357378207	43.2759776922
	40.8261706179	43.2828334528
	40.8170722873	43.2903002597
	40.8084817895	43.2983461389
	40.8062007833	43.3006688086
	40.7999330722	43.304671845
	40.7921795376	43.310156043
	40.785280552	43.3117646608
	40.7740173673	43.3151813106
	40.7630017575	43.3193272925
	40.7522808933	43.3241848529
	40.7484230567	43.3261453705
	40.7442417889	43.3283339364
	40.7298418279	43.3330871644
	40.7284050321	43.3335681514
	40.7198567021	43.3367134821
	40.707748853	43.3415200006
	40.7052815732	43.3425206519
	40.6945607089	43.3473782123
	40.6841804985	43.3529265504
	40.6834747807	43.3533361339
	40.6804025241	43.353839132
	40.6721818514	43.3552581994
	40.6676880577	43.356092859
	40.6562255288	43.3587655459
	40.6554390102	43.3589782033
	40.651258102	43.3601187978
	40.6407814359	43.3633227901
	40.6297658262	43.367468772
	40.6190449619	43.3723263324
	40.6086647514	43.3778746705
	40.5986696445	43.3840900274
	40.5891024416	43.390945788
	40.5800041111	43.3984125949
	40.5714136133	43.4064584741
	40.5633677341	43.4150489719
	40.5559009272	43.4241473024
	40.5490451665	43.4337145053
	40.5428298096	43.4437096123
	40.5372814716	43.4540898227
	40.5324239111	43.464810687
	40.5282779292	43.4758262967
	40.5254129532	43.4850773605
	40.5201295975	43.5039181503
	40.5195779238	43.5059302712
	40.5169052369	43.5173928001
	40.5150621581	43.5284487029
	40.5142381835	43.5345598479
	40.5141639831	43.535116734
	40.5130103217	43.546830055
	40.5126252182	43.55859375
	40.5127692659	43.5657907895
	40.5130362947	43.5724588803
	40.5132773505	43.5770255358
	40.5144310119	43.5887388568
	40.5158005409	43.5974757964
	40.5169144325	43.6035945708
	40.5174621827	43.6064704201
	40.5201348696	43.617932949
	40.5201663025	43.6180501004
	40.5184001842	43.628707589
	40.5175762096	43.6348111046
	40.5174980285	43.6353974957
	40.5163443671	43.6471108167
	40.5159592636	43.6588745117
	40.5163443671	43.6706382067
	40.5174980285	43.6823515277
	40.5194153077	43.6939643166
	40.5220879946	43.7054268455
	40.5221512028	43.7056621043
	40.5222899224	43.7091551451
	40.5225645806	43.7147093443
	40.5227301703	43.7175895006
	40.5238838317	43.7293028217
	40.5258011109	43.7409156105
	40.5284737978	43.7523781394
	40.5318904475	43.7636413241
	40.5359996138	43.7745679856
	40.5357916937	43.7773979871
	40.5354065902	43.7891616821
	40.5357916937	43.8009253771
	40.5369453552	43.8126386981
	40.5383219746	43.8214145624
	40.5394358662	43.8275257075
	40.539976526	43.830362632
	40.5426492128	43.8418251609
	40.5460658626	43.8530883456
	40.5484787568	43.8597610874
	40.5526367768	43.8705871983
	40.5543698645	43.8749300662
	40.5592274249	43.8856509305
	40.564775763	43.8960311409
	40.5694752182	43.9037194158
	40.5725269761	43.908442011
	40.5740428777	43.9107488431
	40.5808986383	43.9203160459
	40.5870454455	43.9278920889
	40.5878413874	43.9289372618
	40.5923185297	43.9345372509
	40.5933342101	43.944306789
	40.5952514893	43.9559195778
	40.5979241762	43.9673821067
	40.6013408259	43.9786452914
	40.6054868079	43.9896609011
	40.6103443683	44.0003817654
	40.6158927064	44.0107619759
	40.6221080633	44.0207570828
	40.6289638239	44.0303242857
	40.6364306308	44.0394226162
	40.64447651	44.048013114
	40.644726624	44.0482627371
	40.6486176152	44.0521384696
	40.656957999	44.0599347256
	40.6660563295	44.0674015326
	40.6675341207	44.0684605159
	40.6663574464	44.0735069969
	40.6644401672	44.0851197857
	40.6632865057	44.0968331068
	40.6629014022	44.1085968018
	40.6632865057	44.1203604967
	40.6644401672	44.1320738178
	40.6663574464	44.1436866066
	40.6690301333	44.1551491355
	40.672446783	44.1664123202
	40.6765927649	44.17742793
	40.6814503253	44.1881487942
	40.6869986634	44.1985290047
	40.6932140203	44.2085241116
	40.7000697809	44.2180913145
	40.7075365878	44.227189645
	40.715582467	44.2357801428
	40.7179169532	44.2380725444
	40.7307267067	44.2504245341
	40.7369827182	44.2561780118
	40.7460810488	44.2636448187
	40.7556482516	44.2705005793
	40.7620685219	44.2745965642
	40.7764728188	44.2833627385
	40.7800476555	44.2854821105
	40.7904278659	44.2910304486
	40.7965199255	44.2938942664
	40.8256947302	44.3069481605
	40.8303235349	44.3089419031
	40.8413391446	44.313087885
	40.8526023293	44.3165045347
	40.8640648582	44.3191772216
	40.8756776471	44.3210945008
	40.8873909681	44.3222481622
	40.8991546631	44.3226332657
	40.9109183581	44.3222481622
	40.9171653152	44.3217292491
	40.9255042435	44.3208900157
	40.9309706073	44.3202552674
	40.9425833962	44.3183379882
	40.9540459251	44.3156653013
	40.9653091098	44.3122486516
	40.9763247195	44.3081026697
	40.9813932369	44.3059114757
	40.9903790224	44.3028733416
	40.9905852938	44.3028034612
	41.0016009036	44.2986574792
	41.0049258989	44.297240918
	41.0143090069	44.2931315276
	41.0221144463	44.2933771221
	41.0395346911	44.2930809869
	41.0500530057	44.2920805812
	41.0744975857	44.2890288234
	41.0756925922	44.2888755677
	41.087305381	44.2869582885
	41.0987679099	44.2842856016
	41.1040142476	44.2827942362
	41.1132210462	44.2836357965
	41.1249847412	44.2840209
	41.1315674276	44.2839004029
	41.1390671224	44.2836257447
	41.144248131	44.2833611383
	41.155961452	44.2822074769
	41.1675742409	44.2802901977
	41.1790367698	44.2776175108
	41.1902999545	44.2742008611
	41.1937174581	44.2730022709
	41.202151755	44.2704213413
	41.2037819593	44.2705819025
	41.2155456543	44.270967006
	41.2249908447	44.270967006
	41.2367545397	44.2705819025
	41.2446285203	44.269891767
	41.2699123337	44.2671146674
	41.2737516742	44.2666511414
	41.2853644631	44.2647338622
	41.2863246769	44.2645401442
	41.3013164372	44.2614731276
	41.3118187522	44.2589941587
	41.3230819369	44.255577509
	41.3332475477	44.2517810666
	41.3454698378	44.2467914426
	41.3463198367	44.2464419031
	41.357040701	44.2415843427
	41.3674209114	44.2360360046
	41.3774160184	44.2298206477
	41.3861884892	44.2235712052
	41.395351392	44.2166208268
	41.3961461241	44.2160145086
	41.4046000891	44.2090765189
	41.4111391077	44.216058158
	41.4197296054	44.2241040372
	41.428827936	44.2315708441
	41.4383951389	44.2384266047
	41.4384989193	44.2384958965
	41.4434961727	44.2418299419
	41.4533874992	44.247976007
	41.4584998571	44.2508178103
	41.4517406183	44.2591044252
	41.4448848577	44.2686716281
	41.4386695008	44.2786667351
	41.4331211627	44.2890469455
	41.4282636023	44.2997678098
	41.4241176204	44.3107834195
	41.4207009707	44.3220466042
	41.4180282838	44.3335091331
	41.4161110046	44.345121922
	41.4149573431	44.356835243
	41.4145722396	44.368598938
	41.4149573431	44.380362633
	41.4151977899	44.3835868377
	41.4157547357	44.3902472991
	41.4166679504	44.3987364154
	41.4185852296	44.4103492043
	41.4212579165	44.4218117332
	41.4246745662	44.4330749179
	41.4288205481	44.4440905276
	41.4336781085	44.4548113919
	41.4392264466	44.4651916023
	41.4454418035	44.4751867093
	41.4522975641	44.4847539122
	41.459764371	44.4938522427
	41.4678102502	44.5024427405
	41.476400748	44.5104886197
	41.477998238	44.5118730583
	41.4825633722	44.5180943663
	41.4900301791	44.5271926968
	41.4980760583	44.5357831946
	41.5066665561	44.5438290738
	41.5157648867	44.5512958807
	41.5253320895	44.5581516413
	41.5353271965	44.5643669982
	41.5457074069	44.5699153363
	41.5546419824	44.5740216928
	41.5604860986	44.5765165048
	41.5622723874	44.5772677087
	41.5732879972	44.5814136907
	41.5845511819	44.5848303404
	41.5923251787	44.586729073
	41.5956064426	44.5889743952
	41.598632902	44.5909529004
	41.6086426676	44.5973539624
	41.6156113151	44.6015908141
	41.6259915256	44.6071391522
	41.6323235349	44.6101101222
	41.6393997673	44.6144158264
	41.6497799777	44.6199641644
	41.660500842	44.6248217248
	41.6715164518	44.6289677068
	41.6827796364	44.6323843565
	41.6942421654	44.6350570434
	41.7058549542	44.6369743226
	41.7175682752	44.638127984
	41.7293319702	44.6385130875
	41.7314696579	44.6385003838
	41.7396717327	44.6384028953
	41.7702736668	44.6531440917
	41.7795003232	44.6572733545
	41.790515933	44.6614193364
	41.8017791176	44.6648359861
	41.8132416466	44.667508673
	41.8248544354	44.6694259522
	41.8343492166	44.6704204206
	41.8843484537	44.6743190412
	41.8865669935	44.6744782342
	41.8983306885	44.6748633377
	41.9100943835	44.6744782342
	41.9218077045	44.6733245728
	41.924975774	44.67287879
	41.9498056385	44.6691594601
	41.9582503578	44.6676879638
	41.9697128868	44.6650152769
	41.9809760714	44.6615986272
	41.9919916812	44.6574526453
	42.0027125455	44.6525950848
	42.0130927559	44.6470467468
	42.0230878629	44.6408313899
END
END
