none
1
   -7.469571E+00   3.842990E+00
   -7.245720E+00   -6.810030E-01
   -1.495454E+01   3.374408E+00
   -1.167419E+01   6.874457E+00
   -1.125656E+01   7.404702E+00
   -1.068072E+01   7.823649E+00
   -1.065672E+01   8.086771E+00
   -1.039279E+01   8.289974E+00
   -1.032081E+01   8.600548E+00
   -9.754739E+00   8.604460E+00
   -9.455976E+00   8.361805E+00
   -9.334113E+00   7.758426E+00
   -9.365561E+00   7.460327E+00
   -9.153283E+00   7.381845E+00
   -9.070730E+00   7.256245E+00
   -8.878107E+00   7.326900E+00
   -8.701209E+00   7.723136E+00
   -8.508586E+00   7.723136E+00
   -8.339549E+00   7.409316E+00
   -8.264859E+00   7.162022E+00
   -8.272721E+00   6.883164E+00
   -8.343480E+00   6.710266E+00
   -8.508586E+00   6.545169E+00
   -8.268790E+00   6.380018E+00
   -8.099753E+00   6.324955E+00
   -7.981821E+00   6.332821E+00
   -7.808853E+00   6.246284E+00
   -7.785267E+00   6.120385E+00
   -7.624092E+00   5.951161E+00
   -7.403952E+00   5.884244E+00
   -7.317468E+00   5.321038E+00
   -7.455056E+00   5.108220E+00
   -7.502229E+00   4.891388E+00
   -7.482573E+00   4.410164E+00
   -7.469571E+00   3.842990E+00
END
END
