Чечня
1
	45.7361373568	44.1500248357
	45.7420472286	44.1479029542
	45.7449570035	44.1489185735
	45.7562201882	44.1523352232
	45.763306485	44.1540807052
	45.7769096955	44.1571400924
	45.7812859276	44.1580672973
	45.7928987164	44.1599845765
	45.8046120374	44.1611382379
	45.8163757324	44.1615233414
	45.8201708115	44.1614832995
	45.8465608872	44.1609263537
	45.8545295031	44.1605812921
	45.85923558	44.1602107587
	45.8864496303	44.1577083173
	45.8934568744	44.1569251893
	45.9050696633	44.1550079101
	45.9165321922	44.1523352232
	45.9277953768	44.1489185735
	45.9388109866	44.1447725915
	45.9467055695	44.1412782801
	45.9599470726	44.1350330645
	45.9606987571	44.1348333921
	45.9692425909	44.1323157561
	45.9709930922	44.1320543436
	45.9795172951	44.1305709594
	45.990979824	44.1278982725
	45.9912844055	44.1278163738
	46.0143290967	44.1236716842
	46.0175803444	44.1230560058
	46.022644351	44.1219727019
	46.0469600481	44.1164038008
	46.074240807	44.112081849
	46.0811866066	44.1108413451
	46.0926491355	44.1081686582
	46.1039123202	44.1047520085
	46.111722249	44.1018979205
	46.1181080523	44.0993954791
	46.1213137332	44.0981035852
	46.1320345975	44.0932460248
	46.133166907	44.0926407927
	46.1420084201	44.0989765315
	46.1514891878	44.1048938
	46.1567610994	44.1079608166
	46.1572754387	44.108258905
	46.1676556491	44.113807243
	46.1783765134	44.1186648035
	46.1893921232	44.1228107854
	46.1948462016	44.124565826
	46.2076330668	44.1284568172
	46.2134421731	44.1301184263
	46.2242229207	44.1326541278
	46.2255538852	44.1338330411
	46.2346522158	44.141299848
	46.2442194186	44.1481556086
	46.2542145256	44.1543709655
	46.264594736	44.1599193036
	46.2753156003	44.164776864
	46.2863312101	44.1689228459
	46.2975943947	44.1723394957
	46.3090569237	44.1750121825
	46.3206697125	44.1769294617
	46.3323830335	44.1780831232
	46.3402508874	44.17842603
	46.4296979089	44.1803638962
	46.4312599321	44.1803296916
	46.43359375	44.1804060929
	46.445357445	44.1800209894
	46.457070766	44.1788673279
	46.4686835549	44.1769500487
	46.4801460838	44.1742773619
	46.4914092684	44.1708607121
	46.5024248782	44.1667147302
	46.5131457425	44.1618571698
	46.5235259529	44.1563088317
	46.5335210599	44.1500934748
	46.5430882627	44.1432377142
	46.5521865933	44.1357709073
	46.5607770911	44.1277250281
	46.5688229703	44.1191345303
	46.5748424427	44.1118970251
	46.5793820523	44.1069122403
	46.5868488592	44.0978139097
	46.5891249715	44.094781988
	46.6082976399	44.0686741999
	46.6128772883	44.0621389188
	46.6190926452	44.0521438118
	46.6200724558	44.050310715
	46.6257149314	44.0489950743
	46.6369781161	44.0455784245
	46.644682405	44.0427656958
	46.6510605788	44.0402708838
	46.6543718997	44.0389376306
	46.665092764	44.0340800702
	46.6754729744	44.0285317321
	46.6854680814	44.0223163752
	46.6950352842	44.0154606146
	46.7027298952	44.0092120636
	46.7205140139	43.9939380158
	46.7219177334	43.9927197598
	46.7237706363	43.9910684883
	46.7344741488	43.9878086492
	46.7454897586	43.9836626672
	46.7562106229	43.9788051068
	46.7665908333	43.9732567687
	46.7765859402	43.9670414118
	46.7861531431	43.9601856512
	46.7952514737	43.9527188443
	46.8038419714	43.9446729651
	46.8118878506	43.9360824673
	46.8193546576	43.9269841368
	46.8262104182	43.9174169339
	46.8324257751	43.907421827
	46.8379741132	43.8970416165
	46.8428316736	43.8863207522
	46.8469776555	43.8753051425
	46.8503943052	43.8640419578
	46.8530208801	43.8528104587
	46.8541347717	43.8472486301
	46.8541808837	43.8470176003
	46.8560981629	43.8354048114
	46.8572518243	43.8236914904
	46.8576369278	43.8119277954
	46.8572518243	43.8001641004
	46.8560981629	43.7884507794
	46.8551786948	43.7822924393
	46.8540648032	43.7756243485
	46.8530669921	43.7701698997
	46.8503943052	43.7587073708
	46.8469776555	43.7474441861
	46.8428316736	43.7364285764
	46.8379741132	43.7257077121
	46.8374410657	43.7246358061
	46.8321538952	43.7140919829
	46.8271386047	43.7047836784
	46.8209232478	43.6947885715
	46.8140674871	43.6852213686
	46.8066006802	43.6761230381
	46.798554801	43.6675325403
	46.7969762294	43.6659733228
	46.7907880774	43.6594682703
	46.7821975796	43.6514223911
	46.7730992491	43.6439555841
	46.7635320462	43.6370998235
	46.7537011572	43.6309793934
	46.7431420752	43.6248682484
	46.7429778572	43.6247733216
	46.7325976468	43.6192249835
	46.7218767825	43.6143674231
	46.7108611727	43.6102214412
	46.7054357034	43.6084751088
	46.6926564676	43.6045841176
	46.6868187522	43.6029138002
	46.681949147	43.6016816077
	46.6805096768	43.6000198276
	46.6767192795	43.5958322151
	46.6689296676	43.5874932869
	46.6646741858	43.5830904016
	46.656083688	43.5750445224
	46.6558370816	43.5748286515
	46.6427831875	43.5634227067
	46.6339314634	43.5561717707
	46.6293904369	43.5527994227
	46.6289415979	43.551705676
	46.6250890481	43.5430560846
	46.6250130548	43.5418328016
	46.6238593934	43.5301194806
	46.6231574089	43.525293826
	46.6220511467	43.518351077
	46.620835852	43.5115639427
	46.6181631651	43.5001014138
	46.6147465154	43.4888382291
	46.6106005334	43.4778226194
	46.605742973	43.4671017551
	46.6053031055	43.4662159399
	46.6000311939	43.4556721167
	46.5949227233	43.4461777214
	46.5887073664	43.4361826144
	46.5818516058	43.4266154116
	46.580994401	43.4255072436
	46.5740516519	43.4166037402
	46.5729603435	43.4152182884
	46.5731586604	43.4149221219
	46.5793740173	43.4049270149
	46.5806628029	43.4026568862
	46.5859347145	43.3932116958
	46.590194267	43.3851016141
	46.5950518274	43.3743807498
	46.5991978093	43.36336514
	46.602614459	43.3521019554
	46.6052363647	43.3408937626
	46.6074641479	43.3297777348
	46.6075149291	43.3295233986
	46.6094322083	43.3179106098
	46.6105858697	43.3061972887
	46.6109709732	43.2944335938
	46.6109709732	43.2883224487
	46.6107966115	43.2804045869
	46.6125204336	43.2767686755
	46.6161699914	43.2685457888
	46.6203159734	43.2575301791
	46.6237326231	43.2462669944
	46.6259074556	43.2369396466
	46.631024722	43.2337116389
	46.6405919248	43.2268558783
	46.6496902554	43.2193890713
	46.6537536104	43.2157146363
	46.6579268892	43.2118236451
	46.662454032	43.2074522009
	46.6704999112	43.1988617032
	46.6779667181	43.1897633726
	46.6804575661	43.1864384213
	46.6835093239	43.1822651424
	46.6878742365	43.1760228909
	46.6940895934	43.166027784
	46.6996379315	43.1556475735
	46.7044954919	43.1449267092
	46.7058123198	43.1416573655
	46.7077654448	43.1366677414
	46.7105945989	43.1289214755
	46.7140112486	43.1176582908
	46.7166564403	43.1063337073
	46.7188765941	43.0952176795
	46.7189040893	43.0950797341
	46.7208213685	43.0834669452
	46.7219750299	43.0717536242
	46.7223601334	43.0599899292
	46.7223601334	43.0538787842
	46.7219750299	43.0421150892
	46.7208213685	43.0304017682
	46.7189040893	43.0187889793
	46.7162314024	43.0073264504
	46.7160473751	43.0066450025
	46.7143841671	43.0005338574
	46.7130326455	42.9958222727
	46.7149623168	42.9872789555
	46.7171901	42.9761629277
	46.7172408813	42.9759085915
	46.7191581605	42.9642958026
	46.7203118219	42.9525824816
	46.7206969254	42.9408187866
	46.7203118219	42.9290550916
	46.7191581605	42.9173417706
	46.7184202666	42.9122916666
	46.7175734038	42.907019755
	46.7163940185	42.9004570701
	46.7137213316	42.8889945412
	46.7103046819	42.8777313566
	46.7061586999	42.8667157468
	46.7013011395	42.8559948825
	46.6957528014	42.8456146721
	46.6895374445	42.8356195651
	46.6826816839	42.8260523623
	46.675214877	42.8169540317
	46.6671689978	42.8083635339
	46.6585785	42.8003176547
	46.6494801695	42.7928508478
	46.6399129666	42.7859950872
	46.633899074	42.7821471535
	46.6289018206	42.7790877663
	46.6249206063	42.7767203431
	46.6145403958	42.771172005
	46.6038195315	42.7663144446
	46.5928039218	42.7621684627
	46.5815407371	42.7587518129
	46.5757213934	42.7572960839
	46.56741222	42.7553641541
	46.5655918935	42.7537793329
	46.5569813902	42.7467387873
	46.5507620449	42.7421750294
	46.5433629209	42.7361797052
	46.5337957181	42.7293239446
	46.5238006111	42.7231085877
	46.5213406803	42.7217140128
	46.5163510563	42.7189369132
	46.5084307767	42.71478315
	46.4977099124	42.7099255896
	46.4866943026	42.7057796077
	46.475431118	42.702362958
	46.463968589	42.6996902711
	46.4614699629	42.6992116079
	46.4403517988	42.6953206167
	46.4312376361	42.6938820007
	46.4195243151	42.6927283392
	46.4077606201	42.6923432357
	46.3911056519	42.6923432357
	46.3793419569	42.6927283392
	46.3676286358	42.6938820007
	46.356015847	42.6957992799
	46.3558821443	42.6958259277
	46.3519512105	42.6966109369
	46.3482285321	42.69574293
	46.3467856016	42.6895545388
	46.3459255642	42.6864559062
	46.3442470974	42.68061179
	46.3416904851	42.6724472379
	46.3375445032	42.6614316282
	46.3326869427	42.6507107639
	46.3271386047	42.6403305534
	46.3209232478	42.6303354465
	46.3168604832	42.6245076212
	46.3102000218	42.6153447184
	46.3074070257	42.6116053408
	46.2999402188	42.6025070102
	46.2918943396	42.5939165124
	46.2833038418	42.5858706332
	46.2742055113	42.5784038263
	46.2646383084	42.5715480657
	46.2546432015	42.5653327088
	46.244262991	42.5597843707
	46.2418284086	42.5586064396
	46.2307200101	42.553334528
	46.2224337283	42.5496548987
	46.2114181185	42.5455089168
	46.2001549339	42.542092267
	46.1904636527	42.539781166
	46.1884116073	42.5393515043
	46.188087885	42.5382843351
	46.1839419031	42.5272687253
	46.1802568309	42.5189709758
	46.1777543895	42.5136990642
	46.1765819012	42.5112759494
	46.1710335632	42.500895739
	46.1648182063	42.490900632
	46.1579624456	42.4813334292
	46.1504956387	42.4722350986
	46.1424497595	42.4636446008
	46.1338592617	42.4555987216
	46.1247609312	42.4481319147
	46.1151937283	42.4412761541
	46.1092842205	42.437492175
	46.1042945964	42.4344327878
	46.1002089974	42.43200141
	46.0898287869	42.4264530719
	46.0791079226	42.4215955115
	46.0680923129	42.4174495296
	46.0568291282	42.4140328798
	46.0453665993	42.411360193
	46.0337538104	42.4094429138
	46.0300796734	42.4089976105
	46.0265912857	42.4086111936
	46.0257537361	42.4081137757
	46.0153735257	42.4025654376
	46.0115672752	42.4007435946
	46.0099227425	42.3997824769
	45.999542532	42.3942341388
	45.9923641738	42.3908885711
	45.9856151039	42.3879221457
	45.9843992224	42.3866945276
	45.9776418138	42.3802784701
	45.9606969285	42.3650044222
	45.9588638394	42.3633746005
	45.9497655088	42.3559077936
	45.9414099331	42.3498687546
	45.9405949766	42.3492397028
	45.9310277737	42.3423839422
	45.9247392089	42.3383681881
	45.9197343261	42.3353164303
	45.916027784	42.3331168275
	45.9056475735	42.3275684894
	45.9022066402	42.3259167633
	45.8855440425	42.3181347808
	45.8782641116	42.3149289465
	45.8737650705	42.3131359603
	45.8679285837	42.3109005477
	45.861412015	42.308547552
	45.8501488304	42.3051309023
	45.8401515571	42.3027560095
	45.833498725	42.3013750891
	45.8320334694	42.301077295
	45.8204206806	42.2991600158
	45.8095558765	42.2980639841
	45.7937096241	42.2969500925
	45.7928611071	42.2968924628
	45.7810974121	42.2965073593
	45.7693337171	42.2968924628
	45.76783766	42.2969967851
	45.7511178908	42.2982327434
	45.7409006269	42.2992820825
	45.7292878381	42.3011993617
	45.7179221645	42.3038461252
	45.700207588	42.3041327582
	45.6908370397	42.3049936173
	45.6904396503	42.3050406367
	45.6895813976	42.3050694196
	45.6838463514	42.3053534613
	45.6721330304	42.3065071227
	45.6605202415	42.3084244019
	45.6490577126	42.3110970888
	45.6377945279	42.3145137385
	45.6267789182	42.3186597205
	45.6256537298	42.3191302644
	45.6200017354	42.3215164246
	45.6187374614	42.3220429644
	45.6132926205	42.3244168542
	45.6131353764	42.324429108
	45.6036325116	42.3254242065
	45.5920197227	42.3273414857
	45.5900350424	42.3277478956
	45.5801473471	42.3298307203
	45.5706694985	42.3320969973
	45.5608854647	42.335018685
	45.5558379555	42.3362931643
	45.5489448833	42.3382883574
	45.5461182927	42.3391679885
	45.5433581472	42.3397400501
	45.5333083535	42.3421258364
	45.5288410949	42.3433848296
	45.5202008056	42.3459406768
	45.5196407524	42.3461073336
	45.5150020805	42.3474958834
	45.512373169	42.3483047804
	45.5027906494	42.35133365
	45.4991836881	42.3525157527
	45.4881680783	42.3566617346
	45.4774472141	42.361519295
	45.4766595418	42.3619101285
	45.475112238	42.3624754301
	45.471581796	42.363807403
	45.4710820707	42.3640019526
	45.4685870516	42.3649948067
	45.4661166563	42.3659992876
	45.4610116746	42.3680371356
	45.458863574	42.3689107276
	45.4558582543	42.3701876542
	45.4555147593	42.3700598817
	45.4506225253	42.3683200435
	45.4393593406	42.3649033938
	45.4300332893	42.362669161
	45.416970966	42.3599058377
	45.4130749142	42.3587252958
	45.4074684715	42.357125226
	45.3960059426	42.3544525391
	45.3907268424	42.3534841088
	45.3798091789	42.3516492394
	45.3734754901	42.3507003906
	45.3617621691	42.3495467291
	45.3499984741	42.3491616256
	45.3382347791	42.3495467291
	45.3338517829	42.3498878478
	45.3239907905	42.3507766723
	45.3166604657	42.351589215
	45.3050476768	42.3535064942
	45.2935851479	42.3561791811
	45.2855577649	42.3585314874
	45.2770052136	42.3612551813
	45.273769412	42.3623195247
	45.2627538022	42.3664655066
	45.2520329379	42.371323067
	45.2416527275	42.3768714051
	45.2358307502	42.3803810657
	45.2267746589	42.3860764087
	45.2226015292	42.388782105
	45.2130343264	42.3956378656
	45.2044070457	42.4026930199
	45.1936267112	42.4120809899
	45.1931556613	42.4124926425
	45.1845651636	42.4205385217
	45.1765192844	42.4291290195
	45.1690524775	42.4382273501
	45.1621967168	42.4477945529
	45.1587994642	42.4530762315
	45.149740639	42.4677154557
	45.1409395231	42.4763140756
	45.1341450072	42.4827661801
	45.1308160791	42.4860101709
	45.1246143953	42.4925301802
	45.1198383943	42.4978097212
	45.119390759	42.4983064039
	45.1155834885	42.5025466581
	45.1113979149	42.5071951919
	45.1033780627	42.5147354174
	45.1011036119	42.516784737
	45.0997447268	42.516791812
	45.0912094116	42.5165123947
	45.0794457166	42.5168974982
	45.0677323956	42.5180511596
	45.0561196068	42.5199684388
	45.0446570778	42.5226411257
	45.0333938932	42.5260577754
	45.0223782834	42.5302037573
	45.0116574191	42.5350613177
	45.0012772087	42.5406096558
	44.9912821017	42.5468250127
	44.9817148989	42.5536807733
	44.9726165683	42.5611475803
	44.9640260705	42.5691934595
	44.9559801913	42.5777839572
	44.9485133844	42.5868822878
	44.9416576238	42.5964494907
	44.9354422669	42.6064445976
	44.9298939288	42.6168248081
	44.9250363684	42.6275456723
	44.9208903865	42.6385612821
	44.9174737368	42.6498244668
	44.9148010499	42.6612869957
	44.9128837707	42.6728997845
	44.9117301093	42.6846131056
	44.9113450058	42.6963768005
	44.9117301093	42.7081404955
	44.9128837707	42.7198538165
	44.9148010499	42.7314666054
	44.9170095759	42.7411609688
	44.9237921076	42.7675434151
	44.9242562685	42.7693115806
	44.9276729182	42.7805747653
	44.9318189002	42.791590375
	44.9366764606	42.8023112393
	44.9415437137	42.8115013222
	44.9514085209	42.8288925271
	44.9520896058	42.8300826546
	44.9544076908	42.8339832316
	44.9553527953	42.8428587299
	44.9572700745	42.8544715187
	44.9599427614	42.8659340476
	44.9633594111	42.8771972323
	44.967021592	42.8870330313
	44.9740177468	42.9042678336
	44.9745015479	42.9054476443
	44.9793591083	42.9161685086
	44.9849074464	42.926548719
	44.985811864	42.9280973352
	44.9866061763	42.9304923678
	44.9906476696	42.9412551761
	44.9882503108	42.947887454
	44.9848336611	42.9591506386
	44.9821609742	42.9706131676
	44.980243695	42.9822259564
	44.9790900336	42.9939392774
	44.9787049301	43.0057029724
	44.9790900336	43.0174666674
	44.9794732389	43.021357416
	44.977627698	43.0274413491
	44.9749550111	43.038903878
	44.9730377319	43.0505166668
	44.9718840704	43.0622299879
	44.9714989669	43.0739936829
	44.9718840704	43.0857573778
	44.9730377319	43.0974706989
	44.9749550111	43.1090834877
	44.977627698	43.1205460166
	44.9810443477	43.1318092013
	44.9851903296	43.1428248111
	44.99004789	43.1535456753
	44.9955962281	43.1639258858
	45.001811585	43.1739209927
	45.0040148544	43.1771422098
	45.0045013549	43.1811918598
	45.0064186341	43.1928046486
	45.009091321	43.2042671775
	45.0125079707	43.2155303622
	45.0166539526	43.2265459719
	45.0215115131	43.2372668362
	45.0270598511	43.2476470467
	45.033275208	43.2576421536
	45.0373466454	43.2633317947
	45.0284745371	43.2697615314
	45.0245272463	43.2727054316
	45.0154289157	43.2801722385
	45.006838418	43.2882181177
	44.9987925388	43.2968086155
	44.9913257318	43.305906946
	44.9844699712	43.3154741489
	44.9782546143	43.3254692558
	44.9780510627	43.3258227426
	44.974901289	43.3253252138
	44.9703153949	43.324661267
	44.9586020739	43.3235076056
	44.9468383789	43.3231225021
	44.9350746839	43.3235076056
	44.9233613629	43.324661267
	44.911748574	43.3265785462
	44.9002860451	43.3292512331
	44.8890228605	43.3326678828
	44.8854177262	43.3339345258
	44.8665921952	43.340774278
	44.8622078503	43.3424321955
	44.8556324992	43.3450170538
	44.8488397257	43.3466146456
	44.8434661294	43.3479661379
	44.8322029447	43.3513827876
	44.8211873349	43.3555287695
	44.8104664706	43.36038633
	44.8000862602	43.365934668
	44.7900911533	43.3721500249
	44.7805239504	43.3790057856
	44.7714256198	43.3864725925
	44.7628351221	43.3945184717
	44.7547892429	43.4031089695
	44.7473224359	43.4122073
	44.7404666753	43.4217745029
	44.7354363241	43.4297476568
	44.7309043336	43.4373662879
	44.7270495241	43.4402431208
	44.7179511936	43.4477099277
	44.7093606958	43.4557558069
	44.7013148166	43.4643463047
	44.6938480097	43.4734446352
	44.6869922491	43.4830118381
	44.6807768922	43.493006945
	44.6752285541	43.5033871555
	44.6703709937	43.5141080198
	44.6662250117	43.5251236295
	44.662808362	43.5363868142
	44.6601356751	43.5478493431
	44.6582183959	43.5594621319
	44.6570647345	43.571175453
	44.656679631	43.5829391479
	44.6570647345	43.5947028429
	44.6576736018	43.6018222611
	44.6574897888	43.6031785626
	44.6563361273	43.6148918836
	44.6559510238	43.6266555786
	44.6563361273	43.6384192736
	44.6563604426	43.6387845561
	44.6563885593	43.6408036281
	44.6562333114	43.6455459595
	44.6566184149	43.6573096545
	44.6577720764	43.6690229755
	44.6589684553	43.6767938244
	44.661707408	43.6923196422
	44.6624283082	43.6961615822
	44.6651009951	43.7076241111
	44.6685176448	43.7188872958
	44.6726636267	43.7299029055
	44.6775211871	43.7406237698
	44.6830695252	43.7510039803
	44.6892848821	43.7609990872
	44.6961406427	43.7705662901
	44.7036074496	43.7796646206
	44.7116533288	43.7882551184
	44.7202438266	43.7963009976
	44.7293421572	43.8037678045
	44.73890936	43.8106235652
	44.748904467	43.8168389221
	44.7592846774	43.8223872601
	44.7700055417	43.8272448205
	44.7810211515	43.8313908025
	44.7922843361	43.8348074522
	44.8037468651	43.8374801391
	44.8153596539	43.8393974183
	44.8270729749	43.8405510797
	44.8377522448	43.8409006828
	44.83978315	43.8453829861
	44.8453314881	43.8557631966
	44.851546845	43.8657583035
	44.8584026056	43.8753255064
	44.8658694125	43.8844238369
	44.8714506782	43.8903828937
	44.8714288628	43.8908551694
	44.8712372787	43.8991546631
	44.8716223822	43.9109183581
	44.8725773839	43.921069922
	44.8742482213	43.9346807618
	44.874446881	43.9362425189
	44.8763641602	43.9478553078
	44.8790368471	43.9593178367
	44.8824534968	43.9705810214
	44.8855020073	43.9788849358
	44.8882747249	43.9878081942
	44.8924207068	43.998823804
	44.895331351	44.0054684571
	44.9003362338	44.016294568
	44.90228315	44.0203707791
	44.9078314881	44.0307509896
	44.914046845	44.0407460965
	44.91967749	44.048697928
	44.9230115354	44.053145865
	44.924236651	44.0547612364
	44.9317034579	44.0638595669
	44.9397493371	44.0724500647
	44.9483398349	44.0804959439
	44.9485075784	44.0806428671
	44.9529555154	44.0845338584
	44.9618861025	44.091853742
	44.9714533054	44.0987095027
	44.9776377217	44.1026617031
	44.9826349751	44.1057134609
	44.9864456657	44.1079766174
	44.9968258762	44.1135249554
	45.0075467405	44.1183825159
	45.0185623502	44.1225284978
	45.0298255349	44.1259451475
	45.0344750833	44.1271247695
	45.0414178323	44.1287879775
	45.0482308128	44.1302810424
	45.0598436017	44.1321983216
	45.0715569227	44.133351983
	45.0824595986	44.1337350256
	45.1430217324	44.1340249426
	45.143435922	44.1340123758
	45.1438827515	44.1340270035
	45.1525651711	44.1338173223
	45.1986619729	44.1315895391
	45.2017432482	44.1314141168
	45.2058983286	44.1310933953
	45.215343519	44.1302541619
	45.2229017597	44.129421222
	45.2345145485	44.1275039428
	45.238461685	44.1266726915
	45.2459766386	44.1250018541
	45.253492031	44.1231604185
	45.2647552157	44.1197437688
	45.2757708255	44.1155977869
	45.2864916898	44.1107402264
	45.2968719002	44.1051918884
	45.3053086859	44.0999455579
	45.3103526789	44.1069844419
	45.3178194858	44.1160827725
	45.325865365	44.1246732703
	45.3344558628	44.1327191495
	45.3435541933	44.1401859564
	45.3531213962	44.147041717
	45.3631165031	44.1532570739
	45.3734967136	44.158805412
	45.3819096909	44.1626881284
	45.3877385484	44.1651981992
	45.3900464353	44.1661730432
	45.401062045	44.1703190251
	45.4123252297	44.1737356749
	45.4202481575	44.1756672237
	45.4341260261	44.1787189815
	45.4349066934	44.1788888343
	45.4405835447	44.1813555383
	45.4515991544	44.1855015202
	45.4628623391	44.18891817
	45.474324868	44.1915908569
	45.4859376568	44.1935081361
	45.4976509779	44.1946617975
	45.5094146729	44.195046901
	45.5211783678	44.1946617975
	45.5328916889	44.1935081361
	45.5445044777	44.1915908569
	45.5559670066	44.18891817
	45.5672301913	44.1855015202
	45.578245801	44.1813555383
	45.5889666653	44.1764979779
	45.5935721049	44.1741439091
	45.5950725556	44.1735482132
	45.6161127542	44.1665905261
	45.6351261826	44.1640091212
	45.6450873644	44.1636330499
	45.6456953996	44.1635921626
	45.6740233415	44.1616390376
	45.6851286273	44.1605262635
	45.6882730625	44.1600840193
	45.7049432895	44.1575892073
	45.7134116432	44.1561141723
	45.7248741722	44.1534414854
	45.7361373568	44.1500248357
END
END
