none
1
   -6.732584E+00   3.598582E+01
   -5.602940E+00   3.598770E+01
   -5.192348E+00   3.605424E+01
   -2.206259E+00   3.582223E+01
   -2.209727E+00   3.505972E+01
   -2.210888E+00   3.505027E+01
   -2.130994E+00   3.499994E+01
   -2.102084E+00   3.497494E+01
   -2.033288E+00   3.493251E+01
   -1.970487E+00   3.493778E+01
   -1.965640E+00   3.488288E+01
   -1.893268E+00   3.484587E+01
   -1.886644E+00   3.482614E+01
   -1.878685E+00   3.480794E+01
   -1.863420E+00   3.480802E+01
   -1.745389E+00   3.475318E+01
   -1.734724E+00   3.474295E+01
   -1.770501E+00   3.469940E+01
   -1.826908E+00   3.462848E+01
   -1.773092E+00   3.454944E+01
   -1.750646E+00   3.453028E+01
   -1.687365E+00   3.449619E+01
   -1.682510E+00   3.448581E+01
   -1.748942E+00   3.440046E+01
   -1.704728E+00   3.435140E+01
   -1.628072E+00   3.410337E+01
   -1.668850E+00   3.400290E+01
   -1.699108E+00   3.387082E+01
   -1.670139E+00   3.377343E+01
   -1.729455E+00   3.373482E+01
   -1.592903E+00   3.366389E+01
   -1.565366E+00   3.350968E+01
   -1.641856E+00   3.328490E+01
   -1.450631E+00   3.307748E+01
   -1.461028E+00   3.304235E+01
   -1.471539E+00   3.300267E+01
   -1.480469E+00   3.298363E+01
   -1.485810E+00   3.297441E+01
   -1.491178E+00   3.296932E+01
   -1.495948E+00   3.296673E+01
   -1.542479E+00   3.295711E+01
   -1.492250E+00   3.289246E+01
   -1.381543E+00   3.274044E+01
   -1.271584E+00   3.269699E+01
   -1.023572E+00   3.253369E+01
   -1.012608E+00   3.253065E+01
   -9.991930E-01   3.251949E+01
   -9.975330E-01   3.251351E+01
   -1.000700E+00   3.250583E+01
   -1.207393E+00   3.230372E+01
   -1.154781E+00   3.212968E+01
   -1.153172E+00   3.211152E+01
   -1.199968E+00   3.208539E+01
   -1.241155E+00   3.207655E+01
   -1.259565E+00   3.207449E+01
   -1.273821E+00   3.208504E+01
   -1.317109E+00   3.208118E+01
   -1.622360E+00   3.208342E+01
   -1.872089E+00   3.214556E+01
   -2.184901E+00   3.214136E+01
   -2.318867E+00   3.213805E+01
   -2.602869E+00   3.211127E+01
   -2.865696E+00   3.208752E+01
   -2.897822E+00   3.203567E+01
   -2.813683E+00   3.188901E+01
   -2.810495E+00   3.178524E+01
   -2.841681E+00   3.179349E+01
   -2.868001E+00   3.178710E+01
   -2.999384E+00   3.176358E+01
   -2.999849E+00   3.175761E+01
   -3.663444E+00   3.163251E+01
   -3.595410E+00   3.119279E+01
   -3.502093E+00   3.099366E+01
   -3.595826E+00   3.068277E+01
   -3.770916E+00   3.058754E+01
   -3.996096E+00   3.059131E+01
   -5.115110E+00   2.999107E+01
   -5.317638E+00   2.978822E+01
   -5.552426E+00   2.947268E+01
   -5.755270E+00   2.949617E+01
   -5.877101E+00   2.959376E+01
   -6.055143E+00   2.955920E+01
   -6.241750E+00   2.956340E+01
   -6.522484E+00   2.951897E+01
   -6.745329E+00   2.944894E+01
   -7.037259E+00   2.949227E+01
   -7.380905E+00   2.936912E+01
   -7.811550E+00   2.919924E+01
   -8.022860E+00   2.905921E+01
   -8.434778E+00   2.877339E+01
   -8.664383E+00   2.871080E+01
   -8.621662E+00   2.597684E+01
   -1.192743E+01   2.587177E+01
   -1.197936E+01   2.343783E+01
   -1.302215E+01   2.280911E+01
   -1.297073E+01   2.132948E+01
   -1.694401E+01   2.132744E+01
   -1.700520E+01   2.060891E+01
   -1.818350E+01   2.040373E+01
   -1.399471E+01   2.764730E+01
   -6.732584E+00   3.598582E+01
END
END
