none
1
   -1.799504E+02   6.012127E+01
   -1.691147E+02   6.564418E+01
   -1.691147E+02   7.119564E+01
   -1.409715E+02   7.298845E+01
   -1.409775E+02   6.031064E+01
   -1.390488E+02   6.036127E+01
   -1.391508E+02   6.010438E+01
   -1.386734E+02   5.991440E+01
   -1.386363E+02   5.981201E+01
   -1.375517E+02   5.923372E+01
   -1.374312E+02   5.893127E+01
   -1.367081E+02   5.921237E+01
   -1.363698E+02   5.961097E+01
   -1.353911E+02   5.982867E+01
   -1.347243E+02   5.939220E+01
   -1.344972E+02   5.915539E+01
   -1.333385E+02   5.842044E+01
   -1.316441E+02   5.665370E+01
   -1.297998E+02   5.604294E+01
   -1.301171E+02   5.574696E+01
   -1.298715E+02   5.526134E+01
   -1.305575E+02   5.464634E+01
   -1.316262E+02   5.447810E+01
   -1.326944E+02   5.445706E+01
   -1.337018E+02   5.451622E+01
   -1.335646E+02   5.342827E+01
   -1.798755E+02   4.980890E+01
   -1.799504E+02   6.012127E+01
END
END
