none
1
   -3.688695E+00   5.131161E+01
   -3.153861E+00   5.135440E+01
   -3.015281E+00   5.132676E+01
   -3.015281E+00   5.132651E+01
   -3.001579E+00   5.132395E+01
   -3.001373E+00   5.132189E+01
   -2.993603E+00   5.132061E+01
   -2.993039E+00   5.132090E+01
   -2.992463E+00   5.131852E+01
   -2.986079E+00   5.131412E+01
   -2.985536E+00   5.131176E+01
   -2.988850E+00   5.130817E+01
   -2.993957E+00   5.130709E+01
   -2.994664E+00   5.130575E+01
   -2.994036E+00   5.130206E+01
   -2.992599E+00   5.130048E+01
   -2.973236E+00   5.129585E+01
   -2.964068E+00   5.129857E+01
   -2.962637E+00   5.130046E+01
   -2.962861E+00   5.130460E+01
   -2.953509E+00   5.130459E+01
   -2.951951E+00   5.130319E+01
   -2.935091E+00   5.130254E+01
   -2.931830E+00   5.129915E+01
   -2.928997E+00   5.129824E+01
   -2.924534E+00   5.129846E+01
   -2.918783E+00   5.129534E+01
   -2.897148E+00   5.129047E+01
   -2.894462E+00   5.129351E+01
   -2.886482E+00   5.129297E+01
   -2.884078E+00   5.129458E+01
   -2.884507E+00   5.130032E+01
   -2.880645E+00   5.130199E+01
   -2.869745E+00   5.129920E+01
   -2.858672E+00   5.130140E+01
   -2.836256E+00   5.130055E+01
   -2.827354E+00   5.129713E+01
   -2.796016E+00   5.129904E+01
   -2.802110E+00   5.131041E+01
   -2.825799E+00   5.132087E+01
   -2.822712E+00   5.132701E+01
   -2.800050E+00   5.132562E+01
   -2.798656E+00   5.132684E+01
   -2.796955E+00   5.132671E+01
   -2.796140E+00   5.132561E+01
   -2.756019E+00   5.132473E+01
   -2.727611E+00   5.131725E+01
   -2.721174E+00   5.132154E+01
   -2.695682E+00   5.131875E+01
   -2.681175E+00   5.131368E+01
   -2.664180E+00   5.131111E+01
   -2.654395E+00   5.130360E+01
   -2.620921E+00   5.129056E+01
   -2.602296E+00   5.129447E+01
   -2.573457E+00   5.128980E+01
   -2.552858E+00   5.129211E+01
   -2.542215E+00   5.128363E+01
   -2.522302E+00   5.128218E+01
   -2.485137E+00   5.127284E+01
   -2.472091E+00   5.127520E+01
   -2.441621E+00   5.127595E+01
   -2.423768E+00   5.128277E+01
   -2.417159E+00   5.129029E+01
   -2.401366E+00   5.129372E+01
   -2.389350E+00   5.128508E+01
   -2.335363E+00   5.129700E+01
   -2.327295E+00   5.130574E+01
   -2.320514E+00   5.130547E+01
   -2.301773E+00   5.132062E+01
   -2.288466E+00   5.132509E+01
   -2.285191E+00   5.132444E+01
   -2.282240E+00   5.132524E+01
   -2.281502E+00   5.132406E+01
   -2.277718E+00   5.132473E+01
   -2.278263E+00   5.132563E+01
   -2.275440E+00   5.132527E+01
   -2.273708E+00   5.132280E+01
   -2.275120E+00   5.132197E+01
   -2.273144E+00   5.131942E+01
   -2.270213E+00   5.130827E+01
   -2.279139E+00   5.129839E+01
   -2.277771E+00   5.129323E+01
   -2.260862E+00   5.129044E+01
   -2.253047E+00   5.129131E+01
   -2.250305E+00   5.128174E+01
   -2.245069E+00   5.127224E+01
   -2.245413E+00   5.125376E+01
   -2.261463E+00   5.123737E+01
   -2.278988E+00   5.121109E+01
   -2.293640E+00   5.120688E+01
   -2.299656E+00   5.119363E+01
   -2.297598E+00   5.118032E+01
   -2.304545E+00   5.116317E+01
   -2.321368E+00   5.115305E+01
   -2.324458E+00   5.114250E+01
   -2.341281E+00   5.113474E+01
   -2.342311E+00   5.112720E+01
   -2.346431E+00   5.112117E+01
   -2.363253E+00   5.111750E+01
   -2.341281E+00   5.108258E+01
   -2.340081E+00   5.107479E+01
   -2.343858E+00   5.107501E+01
   -2.347720E+00   5.107274E+01
   -2.349952E+00   5.106902E+01
   -2.349437E+00   5.106616E+01
   -2.349952E+00   5.106417E+01
   -2.349265E+00   5.106055E+01
   -2.344802E+00   5.105554E+01
   -2.340682E+00   5.105608E+01
   -2.335790E+00   5.105311E+01
   -2.335361E+00   5.105208E+01
   -2.333129E+00   5.105100E+01
   -2.332700E+00   5.104917E+01
   -2.333816E+00   5.104680E+01
   -2.331326E+00   5.104415E+01
   -2.330297E+00   5.104388E+01
   -2.329867E+00   5.104248E+01
   -2.332013E+00   5.103983E+01
   -2.336305E+00   5.103973E+01
   -2.336219E+00   5.103827E+01
   -2.342914E+00   5.103525E+01
   -2.343429E+00   5.103341E+01
   -2.344545E+00   5.103249E+01
   -2.347377E+00   5.103195E+01
   -2.347463E+00   5.103125E+01
   -2.361024E+00   5.102515E+01
   -2.360509E+00   5.102396E+01
   -2.360852E+00   5.102332E+01
   -2.361796E+00   5.102321E+01
   -2.364543E+00   5.101948E+01
   -2.366860E+00   5.101846E+01
   -2.369435E+00   5.101587E+01
   -2.369521E+00   5.101441E+01
   -2.378619E+00   5.101198E+01
   -2.377589E+00   5.101117E+01
   -2.376302E+00   5.101128E+01
   -2.376388E+00   5.100971E+01
   -2.375873E+00   5.100928E+01
   -2.378018E+00   5.100809E+01
   -2.378018E+00   5.100739E+01
   -2.378791E+00   5.100739E+01
   -2.379649E+00   5.100658E+01
   -2.379306E+00   5.100593E+01
   -2.379821E+00   5.100528E+01
   -2.381537E+00   5.100501E+01
   -2.381280E+00   5.099680E+01
   -2.379306E+00   5.099475E+01
   -2.379478E+00   5.099415E+01
   -2.378877E+00   5.099410E+01
   -2.378362E+00   5.099345E+01
   -2.377589E+00   5.099351E+01
   -2.377418E+00   5.099313E+01
   -2.378018E+00   5.099264E+01
   -2.376903E+00   5.099178E+01
   -2.378018E+00   5.099167E+01
   -2.377933E+00   5.099124E+01
   -2.372182E+00   5.099053E+01
   -2.370637E+00   5.099162E+01
   -2.358706E+00   5.099080E+01
   -2.358449E+00   5.099108E+01
   -2.357677E+00   5.099064E+01
   -2.355102E+00   5.099091E+01
   -2.355359E+00   5.099010E+01
   -2.353299E+00   5.099016E+01
   -2.352183E+00   5.098864E+01
   -2.352698E+00   5.098816E+01
   -2.351840E+00   5.098762E+01
   -2.350982E+00   5.098800E+01
   -2.350038E+00   5.098773E+01
   -2.349952E+00   5.098740E+01
   -2.349008E+00   5.098713E+01
   -2.349008E+00   5.098681E+01
   -2.347291E+00   5.098562E+01
   -2.347377E+00   5.098497E+01
   -2.346862E+00   5.098454E+01
   -2.344373E+00   5.098470E+01
   -2.343686E+00   5.098400E+01
   -2.344630E+00   5.098351E+01
   -2.344029E+00   5.098254E+01
   -2.345060E+00   5.098173E+01
   -2.343844E+00   5.097870E+01
   -2.389363E+00   5.097025E+01
   -2.415032E+00   5.096055E+01
   -2.419303E+00   5.096362E+01
   -2.419303E+00   5.096524E+01
   -2.427714E+00   5.097146E+01
   -2.430547E+00   5.097059E+01
   -2.431405E+00   5.097124E+01
   -2.447198E+00   5.096778E+01
   -2.445739E+00   5.096654E+01
   -2.445396E+00   5.096503E+01
   -2.444537E+00   5.096422E+01
   -2.444537E+00   5.096319E+01
   -2.443507E+00   5.096303E+01
   -2.443250E+00   5.096232E+01
   -2.443936E+00   5.096119E+01
   -2.441962E+00   5.096070E+01
   -2.443164E+00   5.095838E+01
   -2.444366E+00   5.095811E+01
   -2.447112E+00   5.095400E+01
   -2.450975E+00   5.095097E+01
   -2.456296E+00   5.094929E+01
   -2.457069E+00   5.094984E+01
   -2.458442E+00   5.094984E+01
   -2.460158E+00   5.095135E+01
   -2.458099E+00   5.095286E+01
   -2.458957E+00   5.095357E+01
   -2.458442E+00   5.095443E+01
   -2.461274E+00   5.095627E+01
   -2.463816E+00   5.095536E+01
   -2.466812E+00   5.095986E+01
   -2.474921E+00   5.095822E+01
   -2.476209E+00   5.096124E+01
   -2.474664E+00   5.096254E+01
   -2.480500E+00   5.096605E+01
   -2.484191E+00   5.097043E+01
   -2.484363E+00   5.097286E+01
   -2.491830E+00   5.097908E+01
   -2.500842E+00   5.099307E+01
   -2.514918E+00   5.099459E+01
   -2.526399E+00   5.099198E+01
   -2.535089E+00   5.099410E+01
   -2.535518E+00   5.099648E+01
   -2.534402E+00   5.099945E+01
   -2.547019E+00   5.099950E+01
   -2.546676E+00   5.099675E+01
   -2.547461E+00   5.099574E+01
   -2.550612E+00   5.099658E+01
   -2.551654E+00   5.099383E+01
   -2.544444E+00   5.099167E+01
   -2.545388E+00   5.098519E+01
   -2.551568E+00   5.098335E+01
   -2.556203E+00   5.097930E+01
   -2.562057E+00   5.097766E+01
   -2.569590E+00   5.098594E+01
   -2.574485E+00   5.098675E+01
   -2.574227E+00   5.098362E+01
   -2.586844E+00   5.097773E+01
   -2.586501E+00   5.097686E+01
   -2.590793E+00   5.097773E+01
   -2.590278E+00   5.097838E+01
   -2.595513E+00   5.098151E+01
   -2.602793E+00   5.097631E+01
   -2.602621E+00   5.097583E+01
   -2.598845E+00   5.097410E+01
   -2.597978E+00   5.097236E+01
   -2.598648E+00   5.096767E+01
   -2.596600E+00   5.096615E+01
   -2.596489E+00   5.096526E+01
   -2.595372E+00   5.096484E+01
   -2.595148E+00   5.096160E+01
   -2.596705E+00   5.096115E+01
   -2.598052E+00   5.095877E+01
   -2.597519E+00   5.095757E+01
   -2.598810E+00   5.095453E+01
   -2.598501E+00   5.095332E+01
   -2.598894E+00   5.095267E+01
   -2.598157E+00   5.094825E+01
   -2.604788E+00   5.094518E+01
   -2.606815E+00   5.094566E+01
   -2.607254E+00   5.094394E+01
   -2.608295E+00   5.094352E+01
   -2.608240E+00   5.094231E+01
   -2.609555E+00   5.094166E+01
   -2.619953E+00   5.094181E+01
   -2.620206E+00   5.094023E+01
   -2.619191E+00   5.093692E+01
   -2.607690E+00   5.093455E+01
   -2.605707E+00   5.093202E+01
   -2.607186E+00   5.093183E+01
   -2.608216E+00   5.093031E+01
   -2.609761E+00   5.093069E+01
   -2.609590E+00   5.093009E+01
   -2.610105E+00   5.092988E+01
   -2.610963E+00   5.093053E+01
   -2.611821E+00   5.093009E+01
   -2.611735E+00   5.092831E+01
   -2.615169E+00   5.092696E+01
   -2.615083E+00   5.092631E+01
   -2.613967E+00   5.092631E+01
   -2.614482E+00   5.092236E+01
   -2.613881E+00   5.092187E+01
   -2.615598E+00   5.091960E+01
   -2.615598E+00   5.091868E+01
   -2.614911E+00   5.091787E+01
   -2.615941E+00   5.091765E+01
   -2.615426E+00   5.091733E+01
   -2.615512E+00   5.091624E+01
   -2.616799E+00   5.091559E+01
   -2.616113E+00   5.091494E+01
   -2.616542E+00   5.091430E+01
   -2.616027E+00   5.091332E+01
   -2.616628E+00   5.091332E+01
   -2.617057E+00   5.091235E+01
   -2.618173E+00   5.091170E+01
   -2.619374E+00   5.091181E+01
   -2.619803E+00   5.091121E+01
   -2.619632E+00   5.091040E+01
   -2.620318E+00   5.090997E+01
   -2.621606E+00   5.091018E+01
   -2.622207E+00   5.090959E+01
   -2.621520E+00   5.090899E+01
   -2.623666E+00   5.090753E+01
   -2.618859E+00   5.090266E+01
   -2.619460E+00   5.090223E+01
   -2.618259E+00   5.090131E+01
   -2.617314E+00   5.090131E+01
   -2.615426E+00   5.089757E+01
   -2.616113E+00   5.089687E+01
   -2.615426E+00   5.089611E+01
   -2.615083E+00   5.089421E+01
   -2.614396E+00   5.089400E+01
   -2.614224E+00   5.089297E+01
   -2.610190E+00   5.089221E+01
   -2.609246E+00   5.089145E+01
   -2.609246E+00   5.089064E+01
   -2.610276E+00   5.089005E+01
   -2.609933E+00   5.088891E+01
   -2.610877E+00   5.088777E+01
   -2.610963E+00   5.088512E+01
   -2.612594E+00   5.088501E+01
   -2.614482E+00   5.088366E+01
   -2.615426E+00   5.088192E+01
   -2.622035E+00   5.088057E+01
   -2.623408E+00   5.087900E+01
   -2.626927E+00   5.087981E+01
   -2.627271E+00   5.088198E+01
   -2.626670E+00   5.088376E+01
   -2.627700E+00   5.088496E+01
   -2.627614E+00   5.088604E+01
   -2.642213E+00   5.088650E+01
   -2.646587E+00   5.088817E+01
   -2.646665E+00   5.088778E+01
   -2.646084E+00   5.088739E+01
   -2.646043E+00   5.088629E+01
   -2.647013E+00   5.088581E+01
   -2.647013E+00   5.088383E+01
   -2.649413E+00   5.088399E+01
   -2.650110E+00   5.088298E+01
   -2.661103E+00   5.088666E+01
   -2.670780E+00   5.088043E+01
   -2.680883E+00   5.087648E+01
   -2.696288E+00   5.087524E+01
   -2.695553E+00   5.087396E+01
   -2.699385E+00   5.087237E+01
   -2.702675E+00   5.087292E+01
   -2.707049E+00   5.086943E+01
   -2.710759E+00   5.086972E+01
   -2.710959E+00   5.087063E+01
   -2.713978E+00   5.087075E+01
   -2.713397E+00   5.086599E+01
   -2.714404E+00   5.086335E+01
   -2.717539E+00   5.086355E+01
   -2.722377E+00   5.086560E+01
   -2.723500E+00   5.086494E+01
   -2.754350E+00   5.086448E+01
   -2.755124E+00   5.086664E+01
   -2.754621E+00   5.086839E+01
   -2.755279E+00   5.086920E+01
   -2.755279E+00   5.087443E+01
   -2.756479E+00   5.087458E+01
   -2.760660E+00   5.087021E+01
   -2.760234E+00   5.086777E+01
   -2.761511E+00   5.086115E+01
   -2.781446E+00   5.086065E+01
   -2.786012E+00   5.085476E+01
   -2.790882E+00   5.085295E+01
   -2.793546E+00   5.085293E+01
   -2.807605E+00   5.085858E+01
   -2.805645E+00   5.086113E+01
   -2.805855E+00   5.086180E+01
   -2.807871E+00   5.086286E+01
   -2.807396E+00   5.086319E+01
   -2.808042E+00   5.086355E+01
   -2.811554E+00   5.086194E+01
   -2.818015E+00   5.085524E+01
   -2.820012E+00   5.085473E+01
   -2.820895E+00   5.085352E+01
   -2.826933E+00   5.085073E+01
   -2.831633E+00   5.085335E+01
   -2.833178E+00   5.085303E+01
   -2.838328E+00   5.085411E+01
   -2.840130E+00   5.085362E+01
   -2.840216E+00   5.085330E+01
   -2.845109E+00   5.085189E+01
   -2.841761E+00   5.084658E+01
   -2.842190E+00   5.084485E+01
   -2.839530E+00   5.084230E+01
   -2.838585E+00   5.083834E+01
   -2.839530E+00   5.083753E+01
   -2.839873E+00   5.083514E+01
   -2.842963E+00   5.083384E+01
   -2.845194E+00   5.083449E+01
   -2.855923E+00   5.083243E+01
   -2.866995E+00   5.083422E+01
   -2.870772E+00   5.083308E+01
   -2.873776E+00   5.083487E+01
   -2.873175E+00   5.083780E+01
   -2.868884E+00   5.083894E+01
   -2.868626E+00   5.084062E+01
   -2.869914E+00   5.084100E+01
   -2.869828E+00   5.084409E+01
   -2.872928E+00   5.084913E+01
   -2.879104E+00   5.084852E+01
   -2.878493E+00   5.084765E+01
   -2.880809E+00   5.084681E+01
   -2.881356E+00   5.084813E+01
   -2.882289E+00   5.084829E+01
   -2.884509E+00   5.085025E+01
   -2.889237E+00   5.085035E+01
   -2.893387E+00   5.084697E+01
   -2.894062E+00   5.084733E+01
   -2.900753E+00   5.084675E+01
   -2.900657E+00   5.084627E+01
   -2.902458E+00   5.084504E+01
   -2.901204E+00   5.084501E+01
   -2.901172E+00   5.084466E+01
   -2.912012E+00   5.084421E+01
   -2.913138E+00   5.084260E+01
   -2.919443E+00   5.084189E+01
   -2.920923E+00   5.084060E+01
   -2.921534E+00   5.084073E+01
   -2.922403E+00   5.084018E+01
   -2.924038E+00   5.084026E+01
   -2.924561E+00   5.083974E+01
   -2.927586E+00   5.084039E+01
   -2.927062E+00   5.084101E+01
   -2.927520E+00   5.084123E+01
   -2.928321E+00   5.084085E+01
   -2.929139E+00   5.084128E+01
   -2.929515E+00   5.084087E+01
   -2.930414E+00   5.084139E+01
   -2.937561E+00   5.083825E+01
   -2.937029E+00   5.083778E+01
   -2.937127E+00   5.083752E+01
   -2.939392E+00   5.083764E+01
   -2.939530E+00   5.083681E+01
   -2.940929E+00   5.083648E+01
   -2.942819E+00   5.083264E+01
   -2.944264E+00   5.083187E+01
   -2.943663E+00   5.083041E+01
   -2.944178E+00   5.082938E+01
   -2.946839E+00   5.082829E+01
   -2.947010E+00   5.082786E+01
   -2.945122E+00   5.082683E+01
   -2.945379E+00   5.082602E+01
   -2.946753E+00   5.082591E+01
   -2.946667E+00   5.082515E+01
   -2.947354E+00   5.082461E+01
   -2.947439E+00   5.082379E+01
   -2.949413E+00   5.082336E+01
   -2.948813E+00   5.082249E+01
   -2.951988E+00   5.082255E+01
   -2.953397E+00   5.082111E+01
   -2.957457E+00   5.082424E+01
   -2.957371E+00   5.082510E+01
   -2.962435E+00   5.082760E+01
   -2.962607E+00   5.082830E+01
   -2.961748E+00   5.082993E+01
   -2.965010E+00   5.083172E+01
   -2.966212E+00   5.083389E+01
   -2.969473E+00   5.083459E+01
   -2.968271E+00   5.084039E+01
   -2.972220E+00   5.084527E+01
   -2.971876E+00   5.084657E+01
   -2.970503E+00   5.084771E+01
   -2.970160E+00   5.084879E+01
   -2.967756E+00   5.085096E+01
   -2.974234E+00   5.085269E+01
   -2.973334E+00   5.085609E+01
   -2.984309E+00   5.085493E+01
   -2.987841E+00   5.085592E+01
   -2.995336E+00   5.085465E+01
   -2.996795E+00   5.085351E+01
   -2.998140E+00   5.085078E+01
   -2.999991E+00   5.085317E+01
   -3.003204E+00   5.085302E+01
   -3.004492E+00   5.085399E+01
   -3.005865E+00   5.085356E+01
   -3.011358E+00   5.085714E+01
   -3.012474E+00   5.085692E+01
   -3.012474E+00   5.085567E+01
   -3.013762E+00   5.085492E+01
   -3.021486E+00   5.085524E+01
   -3.036678E+00   5.085091E+01
   -3.035820E+00   5.085291E+01
   -3.037022E+00   5.085372E+01
   -3.035992E+00   5.085643E+01
   -3.036434E+00   5.085829E+01
   -3.033909E+00   5.085933E+01
   -3.034069E+00   5.085966E+01
   -3.032473E+00   5.086158E+01
   -3.034189E+00   5.086201E+01
   -3.034704E+00   5.086266E+01
   -3.034275E+00   5.086380E+01
   -3.036678E+00   5.086505E+01
   -3.037279E+00   5.086716E+01
   -3.040627E+00   5.086862E+01
   -3.043545E+00   5.086813E+01
   -3.046206E+00   5.087128E+01
   -3.054814E+00   5.087381E+01
   -3.051466E+00   5.088118E+01
   -3.051724E+00   5.088237E+01
   -3.053183E+00   5.088350E+01
   -3.052239E+00   5.088491E+01
   -3.055278E+00   5.089133E+01
   -3.054985E+00   5.089417E+01
   -3.053869E+00   5.089552E+01
   -3.054213E+00   5.089644E+01
   -3.049921E+00   5.090424E+01
   -3.050264E+00   5.090576E+01
   -3.052557E+00   5.090842E+01
   -3.082255E+00   5.090550E+01
   -3.082512E+00   5.090587E+01
   -3.103197E+00   5.090398E+01
   -3.121054E+00   5.089827E+01
   -3.125806E+00   5.090243E+01
   -3.143266E+00   5.088954E+01
   -3.144408E+00   5.089149E+01
   -3.147981E+00   5.089171E+01
   -3.153285E+00   5.089400E+01
   -3.154279E+00   5.089797E+01
   -3.156231E+00   5.090026E+01
   -3.170648E+00   5.090070E+01
   -3.171568E+00   5.090201E+01
   -3.171919E+00   5.090463E+01
   -3.172324E+00   5.090470E+01
   -3.170846E+00   5.090763E+01
   -3.187763E+00   5.091031E+01
   -3.178608E+00   5.092036E+01
   -3.179227E+00   5.092172E+01
   -3.178947E+00   5.092374E+01
   -3.172320E+00   5.092610E+01
   -3.172853E+00   5.092747E+01
   -3.172420E+00   5.092927E+01
   -3.172977E+00   5.093063E+01
   -3.170355E+00   5.093976E+01
   -3.164007E+00   5.094596E+01
   -3.165599E+00   5.094665E+01
   -3.164913E+00   5.094774E+01
   -3.188428E+00   5.094866E+01
   -3.213184E+00   5.094419E+01
   -3.234180E+00   5.094459E+01
   -3.254953E+00   5.094184E+01
   -3.256498E+00   5.094335E+01
   -3.262163E+00   5.094416E+01
   -3.262508E+00   5.094526E+01
   -3.292466E+00   5.095477E+01
   -3.298514E+00   5.095837E+01
   -3.301962E+00   5.096311E+01
   -3.316474E+00   5.097102E+01
   -3.317951E+00   5.097020E+01
   -3.320197E+00   5.097033E+01
   -3.320512E+00   5.097181E+01
   -3.323368E+00   5.097459E+01
   -3.322561E+00   5.097561E+01
   -3.323014E+00   5.097695E+01
   -3.334357E+00   5.098321E+01
   -3.357408E+00   5.097837E+01
   -3.369339E+00   5.097843E+01
   -3.370369E+00   5.097767E+01
   -3.378621E+00   5.097729E+01
   -3.382725E+00   5.098847E+01
   -3.383226E+00   5.099555E+01
   -3.382109E+00   5.099583E+01
   -3.381159E+00   5.099929E+01
   -3.381941E+00   5.100455E+01
   -3.380041E+00   5.100678E+01
   -3.381117E+00   5.101338E+01
   -3.379008E+00   5.101555E+01
   -3.380062E+00   5.101823E+01
   -3.413644E+00   5.101944E+01
   -3.412906E+00   5.102082E+01
   -3.413470E+00   5.102226E+01
   -3.414121E+00   5.102226E+01
   -3.415466E+00   5.102343E+01
   -3.415813E+00   5.102456E+01
   -3.414945E+00   5.102729E+01
   -3.419241E+00   5.103024E+01
   -3.426228E+00   5.103133E+01
   -3.446736E+00   5.102791E+01
   -3.447309E+00   5.102572E+01
   -3.454860E+00   5.102686E+01
   -3.463973E+00   5.102520E+01
   -3.469076E+00   5.102843E+01
   -3.470013E+00   5.102843E+01
   -3.471002E+00   5.102931E+01
   -3.472721E+00   5.102910E+01
   -3.484075E+00   5.103385E+01
   -3.503336E+00   5.103033E+01
   -3.511297E+00   5.102637E+01
   -3.520043E+00   5.102582E+01
   -3.520441E+00   5.102414E+01
   -3.519134E+00   5.102297E+01
   -3.520495E+00   5.102076E+01
   -3.520005E+00   5.101919E+01
   -3.521262E+00   5.101789E+01
   -3.520487E+00   5.101688E+01
   -3.520424E+00   5.101560E+01
   -3.518942E+00   5.101477E+01
   -3.522566E+00   5.101285E+01
   -3.522546E+00   5.101003E+01
   -3.524944E+00   5.100959E+01
   -3.526169E+00   5.100575E+01
   -3.534221E+00   5.100384E+01
   -3.534051E+00   5.100439E+01
   -3.576207E+00   5.100554E+01
   -3.576504E+00   5.100613E+01
   -3.610119E+00   5.100769E+01
   -3.609920E+00   5.100977E+01
   -3.614556E+00   5.101292E+01
   -3.614168E+00   5.101608E+01
   -3.610799E+00   5.102185E+01
   -3.610957E+00   5.102415E+01
   -3.602545E+00   5.103042E+01
   -3.602171E+00   5.103294E+01
   -3.598005E+00   5.103756E+01
   -3.597818E+00   5.104157E+01
   -3.599918E+00   5.105066E+01
   -3.595635E+00   5.105467E+01
   -3.594208E+00   5.105475E+01
   -3.594516E+00   5.105521E+01
   -3.602272E+00   5.105579E+01
   -3.603120E+00   5.105714E+01
   -3.609757E+00   5.105791E+01
   -3.611493E+00   5.105614E+01
   -3.616624E+00   5.105922E+01
   -3.618476E+00   5.105903E+01
   -3.623608E+00   5.106077E+01
   -3.630900E+00   5.105953E+01
   -3.635337E+00   5.105614E+01
   -3.641201E+00   5.105841E+01
   -3.643941E+00   5.105776E+01
   -3.648609E+00   5.105872E+01
   -3.648841E+00   5.105934E+01
   -3.651194E+00   5.105942E+01
   -3.651657E+00   5.106030E+01
   -3.649342E+00   5.106389E+01
   -3.663695E+00   5.106713E+01
   -3.663811E+00   5.106879E+01
   -3.665084E+00   5.106983E+01
   -3.670485E+00   5.107045E+01
   -3.673958E+00   5.107269E+01
   -3.682689E+00   5.107340E+01
   -3.687403E+00   5.107660E+01
   -3.688324E+00   5.107823E+01
   -3.694673E+00   5.108100E+01
   -3.719865E+00   5.108100E+01
   -3.724678E+00   5.108489E+01
   -3.737886E+00   5.108835E+01
   -3.770429E+00   5.110625E+01
   -3.803195E+00   5.111538E+01
   -3.822689E+00   5.112803E+01
   -3.823455E+00   5.112951E+01
   -3.834754E+00   5.113920E+01
   -3.832292E+00   5.115088E+01
   -3.835629E+00   5.115404E+01
   -3.837749E+00   5.117473E+01
   -3.839132E+00   5.117722E+01
   -3.832818E+00   5.117768E+01
   -3.824752E+00   5.117593E+01
   -3.819498E+00   5.117810E+01
   -3.801432E+00   5.117681E+01
   -3.787237E+00   5.117183E+01
   -3.761344E+00   5.117612E+01
   -3.744693E+00   5.117526E+01
   -3.737826E+00   5.117682E+01
   -3.732419E+00   5.117645E+01
   -3.724437E+00   5.117951E+01
   -3.724007E+00   5.118038E+01
   -3.724952E+00   5.118194E+01
   -3.724351E+00   5.118231E+01
   -3.725810E+00   5.118581E+01
   -3.731904E+00   5.119017E+01
   -3.731818E+00   5.119296E+01
   -3.729147E+00   5.119377E+01
   -3.726668E+00   5.119931E+01
   -3.727183E+00   5.120022E+01
   -3.726840E+00   5.120243E+01
   -3.727849E+00   5.120362E+01
   -3.728041E+00   5.120775E+01
   -3.731732E+00   5.121464E+01
   -3.729243E+00   5.121657E+01
   -3.728589E+00   5.121868E+01
   -3.733535E+00   5.122292E+01
   -3.726741E+00   5.122590E+01
   -3.727012E+00   5.122899E+01
   -3.722634E+00   5.123012E+01
   -3.688695E+00   5.131161E+01
END
END
