Мордовия
1
	45.9477000653	55.190658865
	45.9493120539	55.1871011305
	45.9558969699	55.1917652277
	45.9658920769	55.1979805847
	45.9762722873	55.2035289227
	45.9869931516	55.2083864831
	45.9980087613	55.2125324651
	46.009271946	55.2159491148
	46.0207344749	55.2186218017
	46.0323472638	55.2205390809
	46.0440605848	55.2216927423
	46.0558242798	55.2220778458
	46.0675879748	55.2216927423
	46.0793012958	55.2205390809
	46.0909140846	55.2186218017
	46.0911498856	55.2185670731
	46.0975595676	55.2231601862
	46.1075546745	55.2293755431
	46.117934885	55.2349238812
	46.1286557492	55.2397814416
	46.139671359	55.2439274236
	46.1509345437	55.2473440733
	46.1623970726	55.2500167602
	46.1740098614	55.2519340394
	46.1857231825	55.2530877008
	46.1929316053	55.2534151113
	46.203772975	55.2536897695
	46.2055046326	55.2536550269
	46.2083282471	55.2537474625
	46.2200919421	55.253362359
	46.2318052631	55.2522086976
	46.2434180519	55.2502914184
	46.2456848527	55.2498253441
	46.2548477555	55.2478798485
	46.2640434837	55.2456732359
	46.2753066683	55.2422565862
	46.2767233557	55.2417690961
	46.3006109899	55.2334377972
	46.3102099124	55.2297793054
	46.3191332639	55.2257957975
	46.3218011768	55.2245167867
	46.3313280764	55.2208834314
	46.3420489407	55.216025871
	46.3524291512	55.2104775329
	46.3624242581	55.204262176
	46.364302381	55.2029900508
	46.3984057746	55.179575439
	46.4060948545	55.1739918036
	46.4151931851	55.1665249966
	46.4237836829	55.1584791174
	46.4318295621	55.1498886197
	46.439296369	55.1407902891
	46.4461521296	55.1312230862
	46.4523674865	55.1212279793
	46.4579158246	55.1108477689
	46.462773385	55.1001269046
	46.4669193669	55.0891112948
	46.469816855	55.0797441412
	46.4720657889	55.0717035706
	46.4727083865	55.0714388513
	46.4834292508	55.0665812909
	46.4843150659	55.0661414234
	46.4909831568	55.062807378
	46.5004775521	55.0576989074
	46.510472659	55.0514835505
	46.5171192869	55.046822067
	46.5223988279	55.0429387052
	46.5253194029	55.0407444281
	46.5344177334	55.0332776212
	46.5430082312	55.025231742
	46.5472676684	55.0208246223
	46.5511586596	55.0166589729
	46.5549451016	55.0124755948
	46.5624119085	55.0033772642
	46.5692676692	54.9938100613
	46.5754830261	54.9838149544
	46.5789011269	54.9776160309
	46.5816782265	54.9723364899
	46.5838084637	54.9681552029
	46.5886660242	54.9574343386
	46.5928120061	54.9464187289
	46.5962286558	54.9351555442
	46.5969870853	54.9322267365
	46.5983756351	54.9266725373
	46.6002898925	54.9181388161
	46.6022071717	54.9065260272
	46.6033608331	54.8948127062
	46.6037459366	54.8830490112
	46.6033608331	54.8712853163
	46.6022071717	54.8595719952
	46.6018049726	54.8566965287
	46.6063075482	54.8481524564
	46.6075710683	54.8455372713
	46.6100658803	54.8402653597
	46.6136599206	54.8321596804
	46.6178059026	54.8211440707
	46.6212225523	54.809880886
	46.6237102595	54.7993358308
	46.6238073148	54.7992710261
	46.6305896714	54.7945096094
	46.6358692125	54.7906186182
	46.6386540586	54.7885242743
	46.6477523892	54.7810574673
	46.656342887	54.7730115881
	46.6643887662	54.7644210904
	46.6718555731	54.7553227598
	46.6787113337	54.7457555569
	46.6849266906	54.73576045
	46.6904750287	54.7253802396
	46.6953325891	54.7146593753
	46.699478571	54.7036437655
	46.7028952207	54.6923805808
	46.7055679076	54.6809180519
	46.7074851868	54.6693052631
	46.7086388483	54.6575919421
	46.7088143587	54.6522306542
	46.7122578069	54.6430816317
	46.7133294531	54.6395488875
	46.7138610928	54.6391125821
	46.7224515906	54.6310667029
	46.7304974698	54.6224762051
	46.7379642767	54.6133778746
	46.7448200373	54.6038106717
	46.7510353942	54.5938155647
	46.7561438648	54.5843211695
	46.7586463062	54.5793162867
	46.7590861737	54.5784304715
	46.7639437341	54.5677096072
	46.7653259064	54.5640372636
	46.7772281678	54.5608642198
	46.7774483299	54.560805377
	46.7887115145	54.5573887273
	46.7997271243	54.5532427453
	46.8104479886	54.5483851849
	46.820828199	54.5428368469
	46.830823306	54.53662149
	46.8403905088	54.5297657293
	46.8494888394	54.5222989224
	46.8580793372	54.5142530432
	46.8661252164	54.5056625454
	46.8735920233	54.4965642149
	46.8804477839	54.486997012
	46.8866631408	54.4770019051
	46.8922114789	54.4666216946
	46.8970690393	54.4559008303
	46.9002315702	54.4477052349
	46.9036684656	54.4399325076
	46.9078144475	54.4289168978
	46.9112310972	54.4176537132
	46.9119895268	54.4147249055
	46.9133780766	54.4091707063
	46.9152923339	54.400636985
	46.9172096131	54.3890241962
	46.9175443094	54.3863242929
	46.9189328592	54.3743842904
	46.9197518243	54.3653708727
	46.9201369278	54.3536071777
	46.9197518243	54.3418434828
	46.9185981629	54.3301301617
	46.9166808837	54.3185173729
	46.9166515252	54.3183700991
	46.9152629754	54.3114197207
	46.912619647	54.3001044655
	46.9092029973	54.2888412809
	46.9050570154	54.2778256711
	46.900199455	54.2671048068
	46.8946511169	54.2567245964
	46.8926191467	54.2532935271
	46.8886614465	54.2428296384
	46.8838038861	54.2321087741
	46.878255548	54.2217285637
	46.8720401911	54.2117334567
	46.8651844305	54.2021662539
	46.8577176236	54.1930679233
	46.8535277948	54.1884541013
	46.8490874872	54.1837315061
	46.8452314368	54.1797548303
	46.836640939	54.1717089511
	46.8275426084	54.1642421442
	46.8204232947	54.1590513122
	46.8095895545	54.1515516174
	46.8071416653	54.1498866888
	46.7971465584	54.1436713319
	46.786766348	54.1381229938
	46.7820654881	54.1358887519
	46.7753973972	54.1328369941
	46.7693773928	54.1302136755
	46.7583617831	54.1260676936
	46.7470985984	54.1226510439
	46.7427659292	54.1215476373
	46.726652648	54.117656646
	46.7195227883	54.1160873658
	46.7079099994	54.1141700866
	46.7060563411	54.1139358359
	46.687722906	54.1117156821
	46.6778632433	54.1107962714
	46.6761096587	54.1106899335
	46.6674239632	54.1053412537
	46.6570437527	54.0997929156
	46.6463228884	54.0949353552
	46.6353072787	54.0907893733
	46.6268818957	54.0881580616
	46.6191075427	54.0859379078
	46.616269741	54.0851525698
	46.6048072121	54.0824798829
	46.5931944232	54.0805626037
	46.5814811022	54.0794089423
	46.5697174072	54.0790238388
	46.5591583252	54.0790238388
	46.5473946302	54.0794089423
	46.5421695395	54.0798279596
	46.5401967801	54.0784908147
	46.5302016731	54.0722754578
	46.5198214627	54.0667271198
	46.5177495623	54.0657218096
	46.5113561297	54.0626700518
	46.5027071658	54.0588178015
	46.491691556	54.0546718196
	46.4869108387	54.0531231213
	46.4734991689	54.0489845592
	46.4550261503	54.0410660715
	46.452994031	54.0402097083
	46.4419784213	54.0360637263
	46.4352752064	54.0339335215
	46.4202681873	54.0294855845
	46.4157082176	54.0281991396
	46.4156500217	54.0281835565
	46.411979642	54.0268931941
	46.4072706673	54.0253666505
	46.39198899	54.0206440552
	46.3854347801	54.0187539492
	46.3739722511	54.0160812623
	46.3623594623	54.0141639831
	46.3506461413	54.0130103217
	46.3429310192	54.0126707887
	46.3424373974	54.0125238916
	46.3349377026	54.0103037378
	46.3304344749	54.0090341005
	46.318971946	54.0063614137
	46.3073591571	54.0044441345
	46.2992148383	54.0035600857
	46.2894949896	54.0027284817
	46.2859259875	54.002458869
	46.2741622925	54.0020737655
	46.2668596959	54.0022220714
	46.2527748315	54.0027943968
	46.2506564236	54.0017323077
	46.2487421702	54.0008023408
	46.2423487376	53.9977429536
	46.2335421267	53.9938153601
	46.222526517	53.9896693782
	46.2112633323	53.9862527285
	46.1998008034	53.9835800416
	46.1933364115	53.9824164736
	46.184722825	53.9810279238
	46.1795744281	53.9802742126
	46.1678611071	53.9791205512
	46.1560974121	53.9787354477
	46.1477166832	53.9789308025
	46.1357766808	53.9794877483
	46.1323937147	53.979677497
	46.1206803937	53.9808311584
	46.1203944131	53.9808690418
	46.0995585366	53.9836461414
	46.0976220596	53.9839674505
	46.0904980801	53.9752868564
	46.0825613243	53.9668055757
	46.0781210167	53.9623576387
	46.0780118933	53.9622484216
	46.0694213955	53.9542025424
	46.060323065	53.9467357355
	46.0589153484	53.9456665061
	46.0585322797	53.9448849582
	46.0547619902	53.9376572494
	46.051702603	53.9321030502
	46.0499245544	53.9289505485
	46.0437091975	53.9189554416
	46.0368534369	53.9093882387
	46.0293866299	53.9002899082
	46.0213407507	53.8916994104
	46.0169004431	53.8872591028
	46.0083099453	53.8792132236
	45.9992116148	53.8717464167
	45.9896444119	53.864890656
	45.979649305	53.8586752991
	45.9701933209	53.8535860399
	45.957414085	53.8471926073
	45.9564898587	53.8467335284
	45.9457689944	53.841875968
	45.9347533847	53.8377299861
	45.9279934277	53.8355829736
	45.9204937329	53.8333628198
	45.9159905052	53.8320931826
	45.9045279762	53.8294204957
	45.8951080548	53.8278056522
	45.8869832212	53.8211864191
	45.8824704217	53.817834357
	45.8716443109	53.8100523746
	45.8665899075	53.8065486761
	45.8655292468	53.8058453801
	45.8587552213	53.7976440342
	45.8507093421	53.7890535364
	45.8421188443	53.7810076572
	45.8330205137	53.7735408503
	45.8234533109	53.7666850896
	45.8134582039	53.7604697327
	45.8030779935	53.7549213947
	45.7923571292	53.7500638342
	45.7813415194	53.7459178523
	45.7700783347	53.7425012026
	45.7586158058	53.7398285157
	45.747003017	53.7379112365
	45.7390377733	53.737042599
	45.7246716234	53.7357990077
	45.7209235461	53.7355139838
	45.7091598511	53.7351288803
	45.7007050003	53.7353277079
	45.6890320267	53.7358770243
	45.6857231825	53.7360633002
	45.6740098614	53.7372169616
	45.6623970726	53.7391342408
	45.6509345437	53.7418069277
	45.639671359	53.7452235774
	45.633728895	53.7474601625
	45.6243333951	53.7455931673
	45.615936575	53.7411732257
	45.6138646746	53.7401679155
	45.607471242	53.7371161577
	45.5988222781	53.7332639075
	45.5878066683	53.7291179256
	45.5765434837	53.7257012758
	45.5650809548	53.7230285889
	45.5645150639	53.7229169692
	45.5389642216	53.7179197158
	45.5279173236	53.7161140563
	45.5162040026	53.7149603949
	45.5044403076	53.7145752914
	45.4935368518	53.7149060816
	45.4843663195	53.7154630274
	45.4835060804	53.7155173407
	45.4717927594	53.7166710021
	45.4601799705	53.7185882813
	45.4507759008	53.7207224349
	45.4254916681	53.7181644172
	45.4207131004	53.7168130312
	45.4092505715	53.7141403443
	45.4088847993	53.7140679817
	45.391939914	53.7107339363
	45.3806928974	53.7088890197
	45.3729910588	53.7080433787
	45.3712402676	53.7078892299
	45.3630172664	53.7064467371
	45.3554167133	53.7052803161
	45.3437033922	53.7041266547
	45.3380678784	53.7038459785
	45.3300112377	53.7035713203
	45.3238830566	53.703466893
	45.3121193617	53.7038519965
	45.3004060406	53.7050056579
	45.2887932518	53.7069229371
	45.2773307229	53.709595624
	45.2706788677	53.7115159364
	45.2626222271	53.7140107484
	45.2580108976	53.7155070857
	45.2469952878	53.7196530676
	45.2362744235	53.7245106281
	45.2258942131	53.7300589661
	45.2158991061	53.736274323
	45.2063319033	53.7431300837
	45.1972335727	53.7505968906
	45.1886430749	53.7586427698
	45.1805971957	53.7672332676
	45.1804502725	53.767401011
	45.1765592813	53.771848948
	45.1692393976	53.7807795351
	45.1672222125	53.7834597666
	45.1571022605	53.7804269228
	45.1456397316	53.7777542359
	45.1340269428	53.7758369567
	45.1223136217	53.7746832953
	45.1129539689	53.7743142586
	45.0918358048	53.774031971
	45.0894317627	53.7740159042
	45.0809537359	53.774215824
	45.0573483892	53.7753297156
	45.054062721	53.7755148993
	45.0490077875	53.7759178542
	45.0165141962	53.778969612
	45.0098558087	53.7797203185
	44.9982430198	53.7816375977
	44.9960059588	53.7820973602
	44.9868354266	53.7840428558
	44.9776099587	53.7862557802
	44.9736620422	53.7873619987
	44.9706892353	53.7869453552
	44.9589759142	53.7857916937
	44.9472122192	53.7854065902
	44.9386346114	53.7856112367
	44.9269692671	53.7861681825
	44.92378318	53.7863486395
	44.9228837629	53.7864372244
	44.917980909	53.7833884339
	44.9076006985	53.7778400958
	44.9063918769	53.7772923858
	44.9097523137	53.7683639193
	44.9131689634	53.7571007347
	44.9158416503	53.7456382057
	44.9177589295	53.7340254169
	44.9189125909	53.7223120959
	44.9192976944	53.7105484009
	44.9189125909	53.6987847059
	44.9177589295	53.6870713849
	44.9158416503	53.675458596
	44.9131689634	53.6639960671
	44.9108840467	53.6561807447
	44.9089461805	53.6500695997
	44.9078144475	53.6466217374
	44.9036684656	53.6356061277
	44.8988109052	53.6248852634
	44.8932625671	53.6145050529
	44.8931188683	53.6142566174
	44.8900594811	53.6089770764
	44.883987823	53.599230405
	44.8771320623	53.5896632021
	44.8696652554	53.5805648716
	44.8693242518	53.5801771554
	44.8651586024	53.5754545602
	44.8574537268	53.5672517786
	44.848863229	53.5592058994
	44.8397648985	53.5517390924
	44.8301976956	53.5448833318
	44.8202025887	53.5386679749
	44.8098223782	53.5331196368
	44.7991015139	53.5282620764
	44.7880859042	53.5241160945
	44.7768227195	53.5206994448
	44.7653601906	53.5180267579
	44.7576087733	53.5166604953
	44.7395499964	53.5138833957
	44.7356886249	53.5133323791
	44.7239753039	53.5121787177
	44.7146165197	53.5118096925
	44.693505985	53.5115274049
	44.6911010742	53.5115113266
	44.6857706579	53.5115903294
	44.682698011	53.5097754578
	44.6723178006	53.5042271198
	44.6615969363	53.4993695593
	44.6515272863	53.4955476227
	44.6443098791	53.4930528107
	44.6433639193	53.4927287654
	44.6321007347	53.4893121157
	44.6206382057	53.4866394288
	44.6090254169	53.4847221496
	44.5973120959	53.4835684882
	44.5855484009	53.4831833847
	44.5842308081	53.4831833847
	44.5745181124	53.4821834907
	44.567862633	53.4816229926
	44.5609092074	53.4813022232
	44.5503577548	53.4810199356
	44.5455474854	53.4809556015
	44.5349514485	53.4812679856
	44.5255138875	53.4818249314
	44.5243462293	53.4818976508
	44.5126329083	53.4830513122
	44.5010201195	53.4849685914
	44.4895575905	53.4876412783
	44.4782944059	53.491057928
	44.4672787961	53.4952039099
	44.4659762123	53.4957494586
	44.451526139	53.501868233
	44.4421078586	53.5061802448
	44.4317276481	53.5117285828
	44.4250813045	53.5157598094
	44.423372197	53.5161807378
	44.4198325539	53.5170907412
	44.4085693692	53.5205073909
	44.3975537595	53.5246533728
	44.389374209	53.5282823916
	44.3869781161	53.5274501399
	44.3757149314	53.5240334902
	44.3645300752	53.5214162631
	44.3561987764	53.5197454257
	44.3559211037	53.5196899659
	44.3443083148	53.5177726867
	44.3325949938	53.5166190253
	44.3208312988	53.5162339218
	44.3090676038	53.5166190253
	44.2973542828	53.5177726867
	44.285741494	53.5196899659
	44.2835044329	53.5201497284
	44.2743339007	53.522095224
	44.2651084328	53.5243081484
	44.2538452482	53.5277247981
	44.2428296384	53.53187078
	44.2366829028	53.5345521585
	44.2166862597	53.5437226907
	44.2121121311	53.5458988727
	44.2017319206	53.5514472108
	44.1917368137	53.5576625677
	44.1901980576	53.5587022618
	44.1842300896	53.5619986634
	44.1742349826	53.5682140203
	44.1720735591	53.5696810519
	44.171683212	53.5699501548
	44.1712067507	53.5697866143
	44.1492569826	53.5622869195
	44.1489181185	53.5621715144
	44.1376549339	53.5587548647
	44.126192405	53.5560821778
	44.1145796161	53.5541648986
	44.1068904321	53.5533203722
	44.0974528711	53.5524887682
	44.093428734	53.5521796332
	44.0816650391	53.5517945297
	44.0699013441	53.5521796332
	44.058188023	53.5533332946
	44.0565948354	53.5535502907
	44.0368652211	53.5563273903
	44.0268456199	53.5580276734
	44.015571275	53.5606500458
	43.9965882953	53.5657144915
	43.9754739687	53.5698095347
	43.9746300438	53.5699753053
	43.9631675149	53.5726479921
	43.9519043302	53.5760646419
	43.9408887204	53.5802106238
	43.934791381	53.582869358
	43.933325705	53.5835409864
	43.9230760101	53.5865410646
	43.9157867765	53.5888438777
	43.9047711667	53.5929898596
	43.8986759805	53.5956476072
	43.8786793375	53.60481051
	43.8740536594	53.6070103229
	43.8636734489	53.612558661
	43.853678342	53.6187740179
	43.852108359	53.6198350516
	43.846828818	53.6234437552
	43.8388315981	53.6292384821
	43.8363520444	53.6312416184
	43.8351081277	53.6315316591
	43.8321583538	53.6323490127
	43.8243763713	53.6345767959
	43.8160629606	53.6371760921
	43.8050473508	53.641322074
	43.7943264865	53.6461796344
	43.7839462761	53.6517279725
	43.7739511691	53.6579433294
	43.7643839663	53.66479909
	43.7552856357	53.6722658969
	43.7466951379	53.6803117761
	43.7427028833	53.6844334758
	43.7385372338	53.6888737834
	43.7344836093	53.6933425815
	43.7270168024	53.7024409121
	43.7201610418	53.7120081149
	43.7139456849	53.7220032219
	43.7083973468	53.7323834323
	43.7035397864	53.7431042966
	43.6993938045	53.7541199064
	43.6959771547	53.765383091
	43.6957590111	53.7662049807
	43.6929883338	53.7725461301
	43.6888423518	53.7835617399
	43.6858365847	53.793470426
	43.6837898948	53.7938598878
	43.675950246	53.7956020922
	43.6737081907	53.795841814
	43.6625761834	53.7966751854
	43.6058365623	53.795709433
	43.5910118788	53.7960684882
	43.5792985577	53.7972221496
	43.5676857689	53.7991394288
	43.5605014575	53.8007218668
	43.5432742847	53.8048875162
	43.5389960671	53.8059777651
	43.5277328824	53.8093944148
	43.5167172727	53.8135403967
	43.5084197284	53.8172253715
	43.5012642478	53.8151482973
	43.4900793916	53.8125310702
	43.4817480928	53.8108602328
	43.4814704201	53.810804773
	43.4698576312	53.8088874938
	43.4581443102	53.8077338324
	43.4509390932	53.8074065031
	43.440105353	53.8071318449
	43.42378318	53.8074591742
	43.412069859	53.8086128356
	43.4037012519	53.8099157075
	43.3895529281	53.8124609291
	43.3575681669	53.813238318
	43.3501954859	53.8135693895
	43.3486266845	53.8040672996
	43.3459539976	53.7926047707
	43.3435875963	53.7845331485
	43.3416421007	53.7784296329
	43.3405918523	53.7752380704
	43.3364458703	53.7642224607
	43.3315883099	53.7535015964
	43.3260399719	53.7431213859
	43.319824615	53.733126279
	43.3129688543	53.7235590761
	43.3055020474	53.7144607456
	43.2974561682	53.7058702478
	43.2888656704	53.6978243686
	43.2797673399	53.6903575617
	43.270200137	53.6835018011
	43.2602050301	53.6772864442
	43.2498248196	53.6717381061
	43.2480273069	53.6708640535
	43.2346911253	53.6644706209
	43.2257677737	53.660487113
	43.214752164	53.6563411311
	43.2055108602	53.6534788924
	43.1896798666	53.6490385848
	43.1876579856	53.6484841738
	43.1761954567	53.6458114869
	43.1645826679	53.6438942077
	43.1528693468	53.6427405463
	43.1411056519	53.6423554428
	43.1293419569	53.6427405463
	43.1176286358	53.6438942077
	43.106015847	53.6458114869
	43.1022879137	53.646680719
	43.1018196678	53.6465386782
	43.090665974	53.6439277036
	43.0823423045	53.6422568661
	43.0820334694	53.6421951539
	43.0704206806	53.6402778747
	43.0587073595	53.6391242133
	43.0469436646	53.6387391098
	43.0351799696	53.6391242133
	43.0280742323	53.6397316368
	43.022543396	53.6403150921
	43.0203784085	53.639229256
	43.0096575442	53.6343716956
	42.9996403747	53.6305679087
	42.9851979308	53.6255706553
	42.9841994906	53.6252284602
	42.9729363059	53.6218118105
	42.9615961576	53.6191635108
	42.9532648587	53.6175003027
	42.9531424782	53.6174759156
	42.9415296894	53.6155586364
	42.9298163683	53.614404975
	42.9227296453	53.6140806889
	42.9121705633	53.6138060307
	42.9074935913	53.6137452133
	42.8957298963	53.6141303168
	42.8933615509	53.6143012537
	42.8828100983	53.6151328577
	42.8734651227	53.6161155822
	42.8654862937	53.6174328922
	42.8575413877	53.6109126764
	42.8479741849	53.6040569158
	42.8379790779	53.5978415589
	42.8275988675	53.5922932208
	42.8168780032	53.5874356604
	42.8058623934	53.5832896785
	42.7945992088	53.5798730288
	42.7831366799	53.5772003419
	42.771523891	53.5752830627
	42.7691126851	53.5749821766
	42.7596674947	53.573868285
	42.7503653796	53.5730155097
	42.7386016846	53.5726304062
	42.7268379896	53.5730155097
	42.7151246686	53.5741691711
	42.7072704386	53.5753802798
	42.6978252481	53.5770511172
	42.6940666893	53.5777572877
	42.6826041604	53.5804299746
	42.6713409757	53.5838466243
	42.6603253659	53.5879926062
	42.6541925851	53.5906675857
	42.653318542	53.5910683347
	42.6532656375	53.591044364
	42.6526263866	53.5908013911
	42.6469929869	53.5861781794
	42.637425784	53.5793224187
	42.6274306771	53.5731070618
	42.6170504666	53.5675587238
	42.6063296023	53.5627011633
	42.5953139926	53.5585551814
	42.5840508079	53.5551385317
	42.572588279	53.5524658448
	42.5609754901	53.5505485656
	42.5492621691	53.5493949042
	42.5434194341	53.5491072832
	42.5350805059	53.548832625
	42.533114206	53.5488646046
	42.5291595459	53.5487351425
	42.5173958509	53.549120246
	42.5056825299	53.5502739074
	42.4969196508	53.5516481605
	42.4877491186	53.5533189979
	42.4848992088	53.553862024
	42.4734366799	53.5565347109
	42.4621734952	53.5599513606
	42.4511578855	53.5640973425
	42.4478415544	53.5655101095
	42.4345130022	53.5713465963
	42.4271084689	53.5747913898
	42.4167282585	53.5803397278
	42.4067331516	53.5865550848
	42.3971659487	53.5934108454
	42.3880676181	53.6008776523
	42.3834082885	53.6051102834
	42.3827235048	53.6056331354
	42.3736251743	53.6130999423
	42.3678372027	53.6184037325
	42.3594497592	53.6253222324
	42.3508592615	53.6333681116
	42.3395699319	53.6446574412
	42.3367982525	53.6450004699
	42.3251854637	53.6469177491
	42.3206486385	53.6478811489
	42.3034214657	53.6517721401
	42.2964957619	53.6534814272
	42.2852325773	53.6568980769
	42.2823141372	53.6579168044
	42.2675970351	53.6631963454
	42.2594998655	53.6663235999
	42.2487790012	53.6711811603
	42.2383987907	53.6767294984
	42.2304306979	53.6816101407
	42.2248688693	53.6852188443
	42.2228418552	53.6865535589
	42.2132746523	53.6934093195
	42.2065285543	53.6988489264
	42.1983134096	53.7047923761
	42.1892150791	53.712259183
	42.1806245813	53.7203050622
	42.1725787021	53.72889556
	42.1651118952	53.7379938906
	42.1582561346	53.7475610934
	42.1520407777	53.7575562004
	42.1464924396	53.7679364108
	42.1416348792	53.7786572751
	42.1374888972	53.7896728849
	42.1340722475	53.8009360695
	42.1313995606	53.8123985985
	42.1294822814	53.8240113873
	42.12832862	53.8357247083
	42.1279435165	53.8474884033
	42.12832862	53.8592520983
	42.1294822814	53.8709654193
	42.1313995606	53.8825782082
	42.1340722475	53.8940407371
	42.1374888972	53.9053039218
	42.1416348792	53.9163195315
	42.1464924396	53.9270403958
	42.1520407777	53.9374206063
	42.1557470567	53.9435545141
	42.1486190708	53.9494875766
	42.140028573	53.9575334558
	42.1319826938	53.9661239536
	42.1245158869	53.9752222841
	42.1176601263	53.984789487
	42.1137079258	53.9909739033
	42.110656168	53.9959711567
	42.1083930115	53.9997818474
	42.1028446735	54.0101620578
	42.097987113	54.0208829221
	42.0938411311	54.0318985318
	42.0904244814	54.0431617165
	42.0877517945	54.0546242454
	42.0858345153	54.0662370343
	42.0853235847	54.0708515544
	42.0817378717	54.0752207583
	42.0775171853	54.0809526392
	42.0744768152	54.0839220056
	42.066430936	54.0925125034
	42.0589641291	54.1016108339
	42.0521083684	54.1111780368
	42.0458930115	54.1211731437
	42.0403446735	54.1315533542
	42.035487113	54.1422742185
	42.0313411311	54.1532898282
	42.0282957091	54.1631890346
	42.0237544337	54.1702881644
	42.0195029359	54.1772797111
	42.0139545978	54.1876599216
	42.0090970374	54.1983807859
	42.0049510554	54.2093963956
	42.0015344057	54.2206595803
	41.9988617188	54.2321221092
	41.9969444396	54.243734898
	41.9957907782	54.2554482191
	41.9954056747	54.2672119141
	41.9957907782	54.278975609
	41.9969444396	54.2906889301
	41.9988617188	54.3023017189
	42.0015344057	54.3137642478
	42.0049510554	54.3250274325
	42.0090970374	54.3360430423
	42.0139545978	54.3467639065
	42.0195029359	54.357144117
	42.0257182928	54.3671392239
	42.0325740534	54.3767064268
	42.0400408603	54.3858047574
	42.0480867395	54.3943952551
	42.0566772373	54.4024411343
	42.0657755678	54.4099079413
	42.0753427707	54.4167637019
	42.0853378776	54.4229790588
	42.0957180881	54.4285273969
	42.1064389524	54.4333849573
	42.1174545621	54.4375309392
	42.1287177468	54.4409475889
	42.1401802757	54.4436202758
	42.1517930646	54.445537555
	42.1635063856	54.4466912164
	42.1752700806	54.4470763199
	42.1870337755	54.4466912164
	42.1987470966	54.445537555
	42.2103598854	54.4436202758
	42.2218224143	54.4409475889
	42.233085599	54.4375309392
	42.2441012088	54.4333849573
	42.2511124799	54.4303043264
	42.2616645111	54.4253973454
	42.2653121615	54.4242023869
	42.273934533	54.4210276446
	42.2805432242	54.4225677657
	42.3011668245	54.4269655476
	42.3059906575	54.430854786
	42.3093897646	54.4335285467
	42.3189569675	54.4403843073
	42.3289520744	54.4465996642
	42.3393322849	54.4521480023
	42.3500531491	54.4570055627
	42.3569290777	54.4596897306
	42.3597416385	54.4631944882
	42.3641471591	54.4685458999
	42.3647270324	54.4740232807
	42.3666443116	54.4856360695
	42.3692596402	54.4968840044
	42.3725936856	54.5093885821
	42.3726510439	54.5096031761
	42.3760676936	54.5208663607
	42.3802136755	54.5318819705
	42.3804122366	54.5323593972
	42.3824247258	54.5398307346
	42.3857799129	54.55086514
	42.3874673943	54.5553486708
	42.3806177341	54.5596080633
	42.3783179039	54.5611706071
	42.3723073416	54.5628027253
	42.3616257047	54.5660625056
	42.3506100949	54.5702084876
	42.3398892307	54.575066048
	42.3295090202	54.5806143861
	42.3195139133	54.586829743
	42.3099467104	54.5936855036
	42.3008483799	54.6011523105
	42.2922578821	54.6091981897
	42.2842120029	54.6177886875
	42.276745196	54.626887018
	42.2698894353	54.6364542209
	42.2636740784	54.6464493278
	42.2599684322	54.6531971966
	42.2533632287	54.6594758996
	42.2453173496	54.6680663974
	42.2378505426	54.677164728
	42.230994782	54.6867319308
	42.2247794251	54.6967270378
	42.219231087	54.7071072482
	42.2143735266	54.7178281125
	42.2102275447	54.7288437223
	42.206810895	54.740106907
	42.2041382081	54.7515694359
	42.2022209289	54.7631822247
	42.2021846544	54.7634594212
	42.2013530504	54.7698528538
	42.2002356635	54.7812889784
	42.19985056	54.7930526733
	42.2002356635	54.8048163683
	42.2013893249	54.8165296894
	42.2033066041	54.8281424782
	42.205979291	54.8396050071
	42.20816196	54.8470968283
	42.209825168	54.8523763694
	42.2110591487	54.8561477328
	42.2152051306	54.8671633426
	42.220062691	54.8778842068
	42.2256110291	54.8882644173
	42.231826386	54.8982595242
	42.2386821466	54.9078267271
	42.243410236	54.9137274162
	42.2475835148	54.9187170402
	42.2503222324	54.9219146817
	42.2583681116	54.9305051795
	42.2669586093	54.9385510587
	42.274733882	54.9449928323
	42.2775305533	54.9471804384
	42.286116019	54.9552212857
	42.293763483	54.9615629922
	42.3143247012	54.9776762734
	42.3157755678	54.9788013739
	42.3186961428	54.980995651
	42.3239756839	54.9848790128
	42.3306223117	54.9895404963
	42.3322201656	54.9905958882
	42.3397203454	54.9985670081
	42.3483108432	55.0066128873
	42.3574091738	55.0140796942
	42.3669763766	55.0209354548
	42.3769714836	55.0271508117
	42.387351694	55.0326991498
	42.3980725583	55.0375567102
	42.4090881681	55.0417026921
	42.4203513528	55.0451193418
	42.4318138817	55.0477920287
	42.4434266705	55.0497093079
	42.4551399915	55.0508629694
	42.4669036865	55.0512480729
	42.4786673815	55.0508629694
	42.4903807025	55.0497093079
	42.5019934914	55.0477920287
	42.5134560203	55.0451193418
	42.524719205	55.0417026921
	42.5357348147	55.0375567102
	42.546455679	55.0326991498
	42.5568358895	55.0271508117
	42.5668309964	55.0209354548
	42.5763981993	55.0140796942
	42.5805019313	55.0108348889
	42.584023142	55.0086782626
	42.5851237796	55.0082035126
	42.5934374905	55.0043635785
	42.603817701	54.9988152404
	42.6108033322	54.9945675265
	42.6193566065	54.9890965132
	42.6196747159	54.9892048284
	42.6309379006	54.9926214781
	42.6378636043	54.9943307652
	42.6464771908	54.9962762608
	42.6510140159	54.9972396606
	42.6626268048	54.9991569398
	42.6743401258	55.0003106012
	42.6861038208	55.0006957047
	42.6944845497	55.0005003498
	42.697619233	55.0003541314
	42.6996573182	55.0004588324
	42.7012960173	55.0004472608
	42.7088851929	55.0006957047
	42.7172659218	55.0005003498
	42.7292059242	54.999943404
	42.7325888903	54.9997536554
	42.7443022113	54.998599994
	42.7559150002	54.9966827148
	42.7673775291	54.9940100279
	42.7686510901	54.9936637653
	42.7767001013	54.9914436115
	42.786689725	54.9883732244
	42.7977053347	54.9842272424
	42.808426199	54.979369682
	42.8098347774	54.9786167812
	42.8162850111	54.9792000665
	42.8204317792	54.9794238162
	42.8334266562	54.9799746195
	42.8464652888	54.9814682565
	42.855172035	54.9822518243
	42.86693573	54.9826369278
	42.8680502594	54.9826334747
	42.9095975897	54.9823760218
	42.9226040826	54.9828752147
	42.957964421	54.9860720105
	42.9623955457	54.9864174737
	42.9741592407	54.9868025772
	42.9825346295	54.9866074714
	42.9868702161	54.9864053655
	42.9923854681	54.9951986111
	42.9992412287	55.004765814
	43.0067080356	55.0138641446
	43.0147539148	55.0224546423
	43.0233444126	55.0305005215
	43.0268738036	55.0335160351
	43.0318786864	55.0376816846
	43.0374476259	55.0421329779
	43.0470148288	55.0489887385
	43.0570099357	55.0552040954
	43.0673901462	55.0607524335
	43.0693111837	55.0616856466
	43.0756893575	55.0647374044
	43.0844891843	55.0686617517
	43.0955047941	55.0728077336
	43.105481263	55.0758744918
	43.1216021736	55.0803224288
	43.1228888894	55.0806723204
	43.1292364478	55.0822500236
	43.1350586418	55.0857598205
	43.1417461174	55.0894339498
	43.1481319206	55.0927679952
	43.1518246555	55.094642204
	43.1625455198	55.0994997644
	43.1735611295	55.1036457463
	43.1848243142	55.107062396
	43.1962868431	55.1097350829
	43.1972762935	55.1099290154
	43.20588988	55.1115922234
	43.2165132184	55.1133155701
	43.2195277169	55.1136865712
	43.229255195	55.1148004628
	43.2379540174	55.1155831232
	43.2497177124	55.1159682267
	43.2614814074	55.1155831232
	43.263724541	55.1154220108
	43.2721313017	55.1147653453
	43.2737416763	55.1151409397
	43.2810669278	55.1178059026
	43.2817961519	55.1180517023
	43.2892958467	55.1205617731
	43.2998298073	55.1237326231
	43.3112923363	55.12640531
	43.3122817867	55.1265992425
	43.3208953731	55.1282624505
	43.3315187115	55.1299857972
	43.3432320326	55.1311394586
	43.3549957275	55.1315245621
	43.3780441284	55.1315245621
	43.3898078234	55.1311394586
	43.3965534682	55.1305696553
	43.4287800307	55.1272356099
	43.4337477069	55.1266517518
	43.4416019369	55.125440643
	43.4510471274	55.1237698056
	43.4548056862	55.1230636352
	43.4662682151	55.1203909483
	43.4775313998	55.1169742986
	43.4885470095	55.1128283166
	43.4992678738	55.1079707562
	43.5043881231	55.1053430675
	43.5168850713	55.0986749766
	43.5199980653	55.096974306
	43.5261001587	55.0970778458
	43.5343610599	55.0968880403
	43.5463086917	55.0963387239
	43.5498114855	55.0961434259
	43.5565990357	55.0955692822
	43.5888255982	55.0922276074
	43.593751369	55.0916480897
	43.6015484791	55.0904470759
	43.6204312306	55.0871130304
	43.6242469094	55.0863967651
	43.6357094383	55.0837240782
	43.6423612934	55.0818037658
	43.6504179341	55.0793089538
	43.6550292636	55.0778126164
	43.6660448733	55.0736666345
	43.6696339069	55.0721341837
	43.6835270343	55.0660230387
	43.690658865	55.0626979291
	43.7010390755	55.057149591
	43.7091745535	55.0521602114
	43.720282952	55.0449351747
	43.7221425809	55.0437091975
	43.7317097837	55.0368534369
	43.7399569576	55.0301283614
	43.7417042906	55.0288044256
	43.7508026211	55.0213376187
	43.7593931189	55.0132917395
	43.7690111723	55.0036736861
	43.7741622925	55.0037474625
	43.7847498	55.0034355815
	43.7941949904	55.0028786357
	43.7953711779	55.0028054132
	43.8070844989	55.0016517518
	43.8147999762	55.0004651321
	43.8242451666	54.9988019241
	43.8281424782	54.9980712646
	43.8396050071	54.9953985777
	43.8508681918	54.991981928
	43.8608019793	54.9882799369
	43.8637902	54.9889007323
	43.8754029889	54.9908180115
	43.8871163099	54.991971673
	43.8988800049	54.9923567765
	43.9017421019	54.9923340034
	43.9367381347	54.9917770576
	43.9456397326	54.9914147272
	43.9524427051	54.9908389836
	43.9738355273	54.9886188298
	43.9787458759	54.9880409119
	43.9903586647	54.9861236327
	43.9925957258	54.9856638702
	44.001766258	54.9837183746
	44.0109917259	54.9815054502
	44.0222549105	54.9780888005
	44.0332705203	54.9739428186
	44.0439913846	54.9690852582
	44.054371595	54.9635369201
	44.064366702	54.9573215632
	44.0739339048	54.9504658026
	44.0830322354	54.9429989957
	44.0916227332	54.9349531165
	44.0996686124	54.9263626187
	44.1071354193	54.9172642881
	44.1086756143	54.9151149485
	44.1184706073	54.9141502259
	44.1300833962	54.9122329467
	44.1415459251	54.9095602598
	44.1427773943	54.9092256019
	44.1508340349	54.9070054481
	44.1608657504	54.9039234563
	44.1718813601	54.8997774744
	44.1826022244	54.8949199139
	44.1929824349	54.8893715759
	44.2029775418	54.883156219
	44.2062500116	54.8809170578
	44.2118042108	54.8770260666
	44.2180989439	54.8724094671
	44.2271972744	54.8649426602
	44.2357877722	54.856896781
	44.2399534216	54.8527311316
	44.2479993008	54.8441406338
	44.2554661078	54.8350423033
	44.2623218684	54.8254751004
	44.2685372253	54.8154799935
	44.2740855634	54.805099783
	44.2789431238	54.7943789187
	44.2818514668	54.7866516367
	44.2855987321	54.7850385802
	44.2872664616	54.7849762634
	44.3203169987	54.7835877136
	44.3245307238	54.7833611383
	44.3313336963	54.7827853947
	44.3527265186	54.7805652409
	44.3576368671	54.7799873231
	44.369138839	54.7780920505
	44.3971921227	54.7725302219
	44.3973029396	54.7725082153
	44.4087654685	54.7698355284
	44.4200286532	54.7664188786
	44.431044263	54.7622728967
	44.4330296116	54.7614365739
	44.4544224339	54.752273671
	44.4631579495	54.7482524335
	44.47353816	54.7427040954
	44.4835332669	54.7364887385
	44.4895469352	54.7322907041
	44.4928384982	54.7345432429
	44.5028336052	54.7407585998
	44.5132138156	54.7463069379
	44.515285716	54.747312248
	44.5216791486	54.7503640058
	44.5303281125	54.7542162561
	44.5413437223	54.758362238
	44.552606907	54.7617788877
	44.5595326107	54.7634881749
	44.5681461971	54.7654336705
	44.5726830223	54.7663970702
	44.5842958111	54.7683143494
	44.5960091322	54.7694680109
	44.6077728271	54.7698531144
	44.6195365221	54.7694680109
	44.6312498432	54.7683143494
	44.642862632	54.7663970702
	44.6520222006	54.7643251575
	44.6695164023	54.7598848499
	44.6718193626	54.7592840757
	44.6830825473	54.755867426
	44.694098157	54.7517214441
	44.7001697237	54.7490745174
	44.7201739962	54.7399116146
	44.7248232938	54.7377009808
	44.7352035042	54.7321526428
	44.7451986111	54.7259372859
	44.7459146208	54.7254563762
	44.7570230193	54.7179566814
	44.7658742124	54.7115818304
	44.774972543	54.7041150235
	44.7752118856	54.7038908547
	44.7780832319	54.7039656715
	44.7827682495	54.7040266983
	44.7945319445	54.7036415948
	44.8062452655	54.7024879334
	44.8178580544	54.7005706542
	44.8200951154	54.7001108917
	44.8292656476	54.6981653961
	44.8384911155	54.6959524717
	44.8497543002	54.692535822
	44.8557908522	54.6903658902
	44.859699279	54.6888817244
	44.8594077216	54.6918419569
	44.8590226181	54.7036056519
	44.8594077216	54.7153693468
	44.860561383	54.7270826679
	44.8611633394	54.7312732584
	44.863108835	54.7437702067
	44.8644241578	54.751192405
	44.8670968447	54.7626549339
	44.8705134944	54.7739181185
	44.8709731045	54.7752548074
	44.883744711	54.811929307
	44.8874310828	54.8216082278
	44.8922886432	54.8323290921
	44.8978369813	54.8427093025
	44.9040523382	54.8527044095
	44.9109080988	54.8622716123
	44.9183749057	54.8713699429
	44.9264207849	54.8799604407
	44.9350112827	54.8880063199
	44.9441096132	54.8954731268
	44.9470301882	54.8976674039
	44.9523097293	54.9015507658
	44.9589563571	54.9062122492
	44.9689514641	54.9124276061
	44.9793316745	54.9179759442
	44.9803045973	54.9184521
	44.9828191354	54.9196733625
	44.9900115879	54.926336398
	44.9991099184	54.9338032049
	45.0018947646	54.9358975488
	45.0071743056	54.93978854
	45.0139566623	54.9445499568
	45.0239517692	54.9507653137
	45.0343319797	54.9563136517
	45.045052844	54.9611712121
	45.0560684537	54.9653171941
	45.0644938367	54.9679485058
	45.0722681897	54.9701686596
	45.0751059914	54.9709539976
	45.0865685203	54.9736266845
	45.0981813092	54.9755439637
	45.1084617345	54.9765564972
	45.1089671808	54.9772618467
	45.1164339877	54.9863601773
	45.1244798669	54.9949506751
	45.1330703647	55.0029965543
	45.1421686953	55.0104633612
	45.1517358981	55.0173191218
	45.1617310051	55.0235344787
	45.1721112155	55.0290828168
	45.1739500193	55.029976658
	45.1803358225	55.0330360452
	45.189217883	55.0369997644
	45.2002334928	55.0411457463
	45.2031393209	55.0421046544
	45.2109213033	55.0445994664
	45.2192786599	55.0470572081
	45.2307411888	55.0497298949
	45.2315506135	55.0498889708
	45.2401565705	55.0515598082
	45.2505457645	55.0532629955
	45.256660779	55.0540825077
	45.2574676759	55.0589698097
	45.2601403627	55.0704323387
	45.2635570125	55.0816955233
	45.2675704913	55.0923903673
	45.2695159869	55.0971129625
	45.26964849	55.0974337283
	45.2745060504	55.1081545926
	45.2800543885	55.118534803
	45.2862697454	55.12852991
	45.2919168375	55.1365036801
	45.2994165324	55.1465058163
	45.3006252008	55.1480992491
	45.3080920078	55.1571975796
	45.3107912404	55.1600795209
	45.3125614703	55.1639865018
	45.3181098084	55.1743667122
	45.321798372	55.1804725728
	45.3251324174	55.1857521138
	45.3276592107	55.1896413602
	45.3345149713	55.199208563
	45.3419817783	55.2083068936
	45.3500276575	55.2168973914
	45.3586181552	55.2249432706
	45.3677164858	55.2324100775
	45.370501332	55.2345044214
	45.375780873	55.2383954126
	45.3825632297	55.2431568293
	45.3925583366	55.2493721862
	45.4029385471	55.2549205243
	45.4136594114	55.2597780847
	45.4246750211	55.2639240666
	45.4331451796	55.2665681588
	45.440927162	55.2687883126
	45.4437201882	55.2695608702
	45.4521393914	55.271523953
	45.4572619296	55.2777496426
	45.4612101907	55.2821060338
	45.4653758402	55.2865539708
	45.4694734582	55.2907880774
	45.478063956	55.2988339566
	45.4871622866	55.3063007635
	45.4967294894	55.3131565241
	45.5067245964	55.319371881
	45.5171048068	55.3249202191
	45.5278256711	55.3297777795
	45.5388412809	55.3339237615
	45.5501044655	55.3373404112
	45.5615669945	55.3400130981
	45.5636014062	55.3404056003
	45.5724972803	55.3420688083
	45.5820756573	55.3435935853
	45.5887963418	55.3443501317
	45.6578997499	55.3508159876
	45.6932152814	55.3573828482
	45.7026200909	55.3588752625
	45.714333412	55.3600289239
	45.7260971069	55.3604140274
	45.7378608019	55.3600289239
	45.7495741229	55.3588752625
	45.7611869118	55.3569579833
	45.7726494407	55.3542852964
	45.7839126254	55.3508686467
	45.7949282351	55.3467226648
	45.7985596709	55.3451715561
	45.8055100493	55.3421121689
	45.8125994778	55.3388057172
	45.8229796883	55.3332573791
	45.8329747952	55.3270420222
	45.8425419981	55.3201862616
	45.8516403286	55.3127194546
	45.8602308264	55.3046735755
	45.8682767056	55.2960830777
	45.8683228188	55.296030475
	45.87221381	55.2915901674
	45.8796345038	55.2825444395
	45.8864902644	55.2729772366
	45.8872954323	55.2716824212
	45.8932889929	55.2660688391
	45.8974648476	55.2617511409
	45.9055214882	55.2531375544
	45.9093915128	55.2488647549
	45.9168583197	55.2397664244
	45.9237140803	55.2301992215
	45.9292428167	55.2213830278
	45.9331592707	55.2157567776
	45.9386516448	55.2070024483
	45.9414287444	55.202279853
	45.9421517272	55.2010390755
	45.9477000653	55.190658865
END
END
