europe
1
   -5.863332   81.434750
   -6.704456   74.786230
   -34.492960   62.807440
   -30.837530   30.816590
   -15.764107   29.735139
   -9.611205   35.985870
   -5.653329   35.894580
   -5.401044   35.937190
   -5.377002   35.879620
   -5.345073   35.865680
   -5.261097   35.760390
   -5.001727   35.734240
   -5.005928   36.163300
   -2.148543   36.471960
   3.541102   37.759810
   11.600370   37.858610
   11.595620   35.538050
   13.002900   34.000000
   33.271500   33.997190
   34.769750   34.854310
   35.266660   35.625790
   36.236940   35.806410
   36.768620   36.195300
   36.754060   36.570560
   39.642720   36.647060
   40.840170   37.092560
   41.288950   37.026240
   42.398570   37.054530
   43.272420   37.242670
   44.328630   36.914900
   44.996930   37.199370
   44.519020   38.649450
   44.183540   39.276880
   44.879710   39.640220
   44.507940   40.075790
   43.981600   40.164760
   43.759980   41.039710
   44.851450   41.068950
   44.997140   41.265530
   45.039480   41.289400
   45.136930   41.349450
   45.181900   41.401940
   45.256860   41.431920
   45.316820   41.446910
   45.371790   41.415060
   45.449240   41.405690
   45.609150   41.341940
   45.694100   41.340070
   45.684100   41.291280
   45.726580   41.234930
   45.883990   41.178540
   46.006420   41.161610
   46.111350   41.161610
   46.196300   41.174780
   46.288750   41.167260
   46.336220   41.122100
   46.376200   41.080680
   46.446160   41.063730
   46.493630   41.046770
   46.653540   41.091980
   46.678520   41.163490
   46.753480   41.293150
   46.636050   41.400070
   46.443660   41.465630
   46.346220   41.538610
   46.358710   41.596560
   46.286250   41.637650
   46.241280   41.652590
   46.218790   41.704840
   46.258770   41.745870
   46.318730   41.760780
   46.388690   41.818530
   46.423670   41.863200
   46.436160   41.911560
   46.421170   41.948740
   46.338720   41.965460
   46.266260   42.019310
   46.181310   42.030450
   46.103860   42.043440
   45.988930   42.060140
   45.923960   42.100930
   45.866500   42.132440
   45.801540   42.138000
   45.726580   42.178750
   45.659120   42.213920
   45.654120   42.258310
   45.716590   42.269410
   45.774050   42.284200
   45.786540   42.326700
   45.766560   42.363630
   45.781550   42.420830
   45.801540   42.466930
   45.791540   42.498250
   45.701590   42.512990
   45.616640   42.544290
   45.569170   42.555330
   45.449240   42.559020
   45.361790   42.557170
   45.329310   42.592130
   45.241860   42.676690
   45.169410   42.718920
   45.076960   42.744620
   44.997220   42.754370
   45.000000   75.000000
   39.671880   81.472990
   -5.863332   81.434750
END
END
