none
1
   -1.013721E+02   4.916771E+01
   -1.014022E+02   4.917778E+01
   -1.014025E+02   4.952272E+01
   -1.014278E+02   4.953260E+01
   -1.014276E+02   4.987667E+01
   -1.014572E+02   4.988665E+01
   -1.014572E+02   5.023053E+01
   -1.014867E+02   5.024047E+01
   -1.014870E+02   5.058439E+01
   -1.015187E+02   5.059437E+01
   -1.015187E+02   5.093849E+01
   -1.015490E+02   5.094848E+01
   -1.015491E+02   5.129186E+01
   -1.015805E+02   5.130186E+01
   -1.015872E+02   5.195857E+01
   -1.016193E+02   5.196860E+01
   -1.016191E+02   5.230815E+01
   -1.016478E+02   5.231816E+01
   -1.016477E+02   5.265727E+01
   -1.016816E+02   5.266725E+01
   -1.016816E+02   5.300645E+01
   -1.017107E+02   5.301645E+01
   -1.017106E+02   5.335579E+01
   -1.017454E+02   5.336386E+01
   -1.017454E+02   5.370506E+01
   -1.017810E+02   5.371307E+01
   -1.017813E+02   5.405441E+01
   -1.018203E+02   5.406251E+01
   -1.018205E+02   5.440355E+01
   -1.018573E+02   5.441162E+01
   -1.018574E+02   5.475257E+01
   -1.018951E+02   5.476061E+01
   -1.018953E+02   5.510157E+01
   -1.019339E+02   5.510959E+01
   -1.019342E+02   5.545043E+01
   -1.019736E+02   5.545847E+01
   -1.019737E+02   5.579940E+01
   -1.020140E+02   5.580938E+01
   -1.020131E+02   6.000753E+01
   -9.479738E+01   6.000845E+01
   -9.284573E+01   6.000528E+01
   -8.812183E+01   5.755480E+01
   -8.898239E+01   5.685201E+01
   -8.898568E+01   5.683803E+01
   -9.038759E+01   5.597299E+01
   -9.144608E+01   5.528203E+01
   -9.257855E+01   5.450444E+01
   -9.365118E+01   5.372939E+01
   -9.514367E+01   5.283599E+01
   -9.514759E+01   4.899056E+01
   -1.013620E+02   4.898947E+01
   -1.013721E+02   4.916771E+01
END
END
