none
1
   -7.578928E+01   3.972850E+01
   -7.577757E+01   3.972850E+01
   -7.573591E+01   3.979395E+01
   -7.563286E+01   3.984288E+01
   -7.552973E+01   3.984546E+01
   -7.543427E+01   3.982418E+01
   -7.539606E+01   3.979459E+01
   -7.545593E+01   3.976031E+01
   -7.547366E+01   3.971417E+01
   -7.549866E+01   3.969610E+01
   -7.551483E+01   3.965995E+01
   -7.555142E+01   3.962225E+01
   -7.554481E+01   3.960656E+01
   -7.549610E+01   3.958057E+01
   -7.551108E+01   3.950545E+01
   -7.554668E+01   3.946496E+01
   -7.524692E+01   3.917944E+01
   -7.500535E+01   3.880091E+01
   -7.501469E+01   3.878910E+01
   -7.501656E+01   3.878690E+01
   -7.501407E+01   3.877771E+01
   -7.501199E+01   3.876293E+01
   -7.501346E+01   3.874630E+01
   -7.500174E+01   3.868393E+01
   -7.500019E+01   3.864097E+01
   -7.500075E+01   3.863331E+01
   -7.499341E+01   3.861438E+01
   -7.498401E+01   3.850023E+01
   -7.498437E+01   3.845109E+01
   -7.521277E+01   3.845043E+01
   -7.541698E+01   3.845180E+01
   -7.558362E+01   3.845560E+01
   -7.569430E+01   3.845977E+01
   -7.578974E+01   3.965974E+01
   -7.578931E+01   3.972251E+01
   -7.578928E+01   3.972850E+01
END
END
