none
1
   6.388768E+00   5.187233E+01
   6.389918E+00   5.187448E+01
   6.393289E+00   5.187488E+01
   6.393542E+00   5.187477E+01
   6.397005E+00   5.187156E+01
   6.402392E+00   5.187019E+01
   6.412687E+00   5.187210E+01
   6.418815E+00   5.186830E+01
   6.427994E+00   5.186677E+01
   6.430498E+00   5.186142E+01
   6.432471E+00   5.186059E+01
   6.446381E+00   5.186607E+01
   6.451433E+00   5.186636E+01
   6.462229E+00   5.185740E+01
   6.471866E+00   5.185498E+01
   6.476743E+00   5.185772E+01
   6.499810E+00   5.186330E+01
   6.500842E+00   5.186915E+01
   6.515336E+00   5.187455E+01
   6.523563E+00   5.187470E+01
   6.539435E+00   5.188197E+01
   6.543720E+00   5.188562E+01
   6.547478E+00   5.188461E+01
   6.547838E+00   5.188631E+01
   6.552670E+00   5.188726E+01
   6.556581E+00   5.188283E+01
   6.559598E+00   5.188348E+01
   6.569037E+00   5.188929E+01
   6.585462E+00   5.189513E+01
   6.625097E+00   5.190303E+01
   6.633714E+00   5.190213E+01
   6.637209E+00   5.190547E+01
   6.674607E+00   5.191702E+01
   6.684206E+00   5.191871E+01
   6.690531E+00   5.191601E+01
   6.695952E+00   5.191674E+01
   6.698510E+00   5.191066E+01
   6.703870E+00   5.191065E+01
   6.704486E+00   5.190696E+01
   6.722029E+00   5.189725E+01
   6.731891E+00   5.189968E+01
   6.736753E+00   5.190572E+01
   6.750406E+00   5.190818E+01
   6.754216E+00   5.191411E+01
   6.769667E+00   5.191729E+01
   6.786839E+00   5.192951E+01
   6.785292E+00   5.193205E+01
   6.793146E+00   5.193610E+01
   6.795961E+00   5.194233E+01
   6.798240E+00   5.195965E+01
   6.811827E+00   5.196282E+01
   6.813542E+00   5.196470E+01
   6.827931E+00   5.196521E+01
   6.831663E+00   5.197274E+01
   6.828979E+00   5.197675E+01
   6.829220E+00   5.198596E+01
   6.825875E+00   5.199247E+01
   6.807307E+00   5.199399E+01
   6.806822E+00   5.199546E+01
   6.809450E+00   5.199785E+01
   6.771792E+00   5.201684E+01
   6.765703E+00   5.201787E+01
   6.763319E+00   5.202149E+01
   6.752551E+00   5.202739E+01
   6.713995E+00   5.203897E+01
   6.687436E+00   5.203884E+01
   6.687149E+00   5.205138E+01
   6.685677E+00   5.205245E+01
   6.686428E+00   5.205698E+01
   6.688972E+00   5.205754E+01
   6.695007E+00   5.206530E+01
   6.694107E+00   5.207079E+01
   6.735043E+00   5.207570E+01
   6.748432E+00   5.208387E+01
   6.749626E+00   5.208648E+01
   6.744758E+00   5.208935E+01
   6.743497E+00   5.209349E+01
   6.750012E+00   5.209684E+01
   6.754547E+00   5.209642E+01
   6.756641E+00   5.209963E+01
   6.759956E+00   5.211968E+01
   6.822697E+00   5.211951E+01
   6.855109E+00   5.212153E+01
   6.872113E+00   5.213114E+01
   6.880388E+00   5.215492E+01
   6.879750E+00   5.215685E+01
   6.904495E+00   5.217049E+01
   6.904892E+00   5.217434E+01
   6.907742E+00   5.217702E+01
   6.950888E+00   5.218219E+01
   6.973198E+00   5.220608E+01
   6.978633E+00   5.221482E+01
   6.980458E+00   5.222192E+01
   6.988695E+00   5.222786E+01
   7.003614E+00   5.222968E+01
   7.019198E+00   5.222631E+01
   7.038849E+00   5.222865E+01
   7.060596E+00   5.223565E+01
   7.065424E+00   5.224227E+01
   7.065514E+00   5.224580E+01
   7.103594E+00   5.224871E+01
   7.103149E+00   5.225769E+01
   7.126703E+00   5.226993E+01
   7.160034E+00   5.227238E+01
   7.295581E+00   5.226911E+01
   7.314024E+00   5.228339E+01
   7.388241E+00   5.231492E+01
   7.438904E+00   5.233909E+01
   7.529565E+00   5.237654E+01
   7.571784E+00   5.238468E+01
   7.559193E+00   5.243134E+01
   7.598746E+00   5.247844E+01
   7.699998E+00   5.246124E+01
   7.728884E+00   5.240733E+01
   7.840432E+00   5.237451E+01
   7.892429E+00   5.238807E+01
   7.943759E+00   5.237152E+01
   7.971312E+00   5.232809E+01
   7.997089E+00   5.231424E+01
   7.989867E+00   5.230166E+01
   7.941981E+00   5.230147E+01
   7.959924E+00   5.226938E+01
   7.934426E+00   5.225592E+01
   7.936204E+00   5.222190E+01
   7.914427E+00   5.220557E+01
   7.924205E+00   5.218677E+01
   7.977090E+00   5.217968E+01
   8.016421E+00   5.218241E+01
   8.036419E+00   5.216088E+01
   8.010643E+00   5.215652E+01
   8.018198E+00   5.211287E+01
   7.971090E+00   5.211000E+01
   7.948425E+00   5.209663E+01
   7.896873E+00   5.208489E+01
   7.931537E+00   5.205866E+01
   7.926649E+00   5.205238E+01
   7.981756E+00   5.204144E+01
   7.992867E+00   5.205620E+01
   8.032864E+00   5.207342E+01
   8.096660E+00   5.207367E+01
   8.097466E+00   5.205677E+01
   8.077325E+00   5.201070E+01
   8.091644E+00   5.199837E+01
   8.111669E+00   5.200193E+01
   8.113572E+00   5.199756E+01
   8.108466E+00   5.199271E+01
   8.108824E+00   5.198969E+01
   8.115484E+00   5.197167E+01
   8.108776E+00   5.197053E+01
   8.108368E+00   5.196811E+01
   8.114049E+00   5.196365E+01
   8.114063E+00   5.195681E+01
   8.129708E+00   5.195275E+01
   8.149752E+00   5.193939E+01
   8.162740E+00   5.193374E+01
   8.169525E+00   5.192825E+01
   8.170501E+00   5.192612E+01
   8.168351E+00   5.192406E+01
   8.174452E+00   5.192018E+01
   8.173562E+00   5.191515E+01
   8.167760E+00   5.190635E+01
   8.164783E+00   5.190669E+01
   8.162989E+00   5.190401E+01
   8.156845E+00   5.190145E+01
   8.157021E+00   5.190000E+01
   8.162899E+00   5.190013E+01
   8.163095E+00   5.189771E+01
   8.159347E+00   5.189630E+01
   8.160968E+00   5.189157E+01
   8.173351E+00   5.188891E+01
   8.173772E+00   5.188475E+01
   8.177345E+00   5.188091E+01
   8.175807E+00   5.187845E+01
   8.176943E+00   5.187586E+01
   8.181833E+00   5.187580E+01
   8.183844E+00   5.187307E+01
   8.182214E+00   5.186898E+01
   8.183994E+00   5.186839E+01
   8.185377E+00   5.186358E+01
   8.202481E+00   5.186254E+01
   8.210343E+00   5.185358E+01
   8.215231E+00   5.185379E+01
   8.214743E+00   5.184955E+01
   8.218934E+00   5.184745E+01
   8.220986E+00   5.184337E+01
   8.218255E+00   5.184032E+01
   8.219154E+00   5.183583E+01
   8.214853E+00   5.183285E+01
   8.206577E+00   5.183487E+01
   8.205640E+00   5.182996E+01
   8.201732E+00   5.182816E+01
   8.206281E+00   5.182493E+01
   8.214879E+00   5.182320E+01
   8.220524E+00   5.182498E+01
   8.233168E+00   5.182384E+01
   8.235601E+00   5.182207E+01
   8.241355E+00   5.181000E+01
   8.253928E+00   5.180371E+01
   8.258179E+00   5.180353E+01
   8.260983E+00   5.179524E+01
   8.260659E+00   5.179052E+01
   8.257306E+00   5.178951E+01
   8.253390E+00   5.178526E+01
   8.253170E+00   5.178357E+01
   8.256453E+00   5.178242E+01
   8.254290E+00   5.177764E+01
   8.256610E+00   5.177701E+01
   8.255609E+00   5.177431E+01
   8.260604E+00   5.177488E+01
   8.267600E+00   5.177337E+01
   8.268146E+00   5.177168E+01
   8.269713E+00   5.177306E+01
   8.279738E+00   5.177074E+01
   8.280398E+00   5.176686E+01
   8.289320E+00   5.176419E+01
   8.293982E+00   5.175429E+01
   8.302533E+00   5.175505E+01
   8.306266E+00   5.175075E+01
   8.307403E+00   5.174569E+01
   8.302048E+00   5.174420E+01
   8.302309E+00   5.174265E+01
   8.311700E+00   5.174195E+01
   8.312122E+00   5.173497E+01
   8.315198E+00   5.173432E+01
   8.316096E+00   5.172912E+01
   8.319102E+00   5.172924E+01
   8.321177E+00   5.172567E+01
   8.314846E+00   5.171838E+01
   8.310650E+00   5.171860E+01
   8.310981E+00   5.171421E+01
   8.302960E+00   5.170330E+01
   8.301813E+00   5.169816E+01
   8.297971E+00   5.169512E+01
   8.297544E+00   5.168677E+01
   8.295781E+00   5.168528E+01
   8.297770E+00   5.168411E+01
   8.297709E+00   5.167979E+01
   8.295880E+00   5.167575E+01
   8.288534E+00   5.167365E+01
   8.266841E+00   5.166246E+01
   8.264114E+00   5.166362E+01
   8.258406E+00   5.166060E+01
   8.255192E+00   5.166179E+01
   8.249680E+00   5.165873E+01
   8.244592E+00   5.166069E+01
   8.231457E+00   5.166139E+01
   8.228186E+00   5.165919E+01
   8.224342E+00   5.166082E+01
   8.223184E+00   5.165872E+01
   8.218622E+00   5.165700E+01
   8.205140E+00   5.165741E+01
   8.203489E+00   5.165932E+01
   8.197027E+00   5.165931E+01
   8.193436E+00   5.166131E+01
   8.195267E+00   5.166579E+01
   8.199805E+00   5.166666E+01
   8.198742E+00   5.166939E+01
   8.203218E+00   5.167112E+01
   8.198642E+00   5.168353E+01
   8.205489E+00   5.168695E+01
   8.205897E+00   5.168987E+01
   8.210230E+00   5.169054E+01
   8.210055E+00   5.169694E+01
   8.183917E+00   5.169272E+01
   8.178124E+00   5.169949E+01
   8.174750E+00   5.169931E+01
   8.169001E+00   5.170387E+01
   8.154892E+00   5.170577E+01
   8.155228E+00   5.170935E+01
   8.153643E+00   5.171059E+01
   8.135365E+00   5.171442E+01
   8.131038E+00   5.171429E+01
   8.130267E+00   5.171129E+01
   8.125843E+00   5.171181E+01
   8.125504E+00   5.171411E+01
   8.119289E+00   5.171688E+01
   8.111009E+00   5.171445E+01
   8.098987E+00   5.170057E+01
   8.091122E+00   5.170229E+01
   8.090852E+00   5.170593E+01
   8.073949E+00   5.170649E+01
   8.070418E+00   5.170766E+01
   8.067974E+00   5.171143E+01
   8.062053E+00   5.171016E+01
   8.053559E+00   5.171567E+01
   8.037982E+00   5.171397E+01
   8.030106E+00   5.171568E+01
   8.029501E+00   5.171406E+01
   8.016531E+00   5.171313E+01
   8.007016E+00   5.170914E+01
   8.003834E+00   5.171171E+01
   8.002884E+00   5.171533E+01
   7.987648E+00   5.171666E+01
   7.981937E+00   5.172027E+01
   7.979280E+00   5.171887E+01
   7.974483E+00   5.172188E+01
   7.970581E+00   5.171969E+01
   7.964792E+00   5.171982E+01
   7.958534E+00   5.171495E+01
   7.961103E+00   5.171149E+01
   7.961480E+00   5.170748E+01
   7.958495E+00   5.170267E+01
   7.951955E+00   5.169967E+01
   7.937992E+00   5.169974E+01
   7.932774E+00   5.170329E+01
   7.928772E+00   5.170234E+01
   7.922224E+00   5.170358E+01
   7.921637E+00   5.170515E+01
   7.914080E+00   5.170505E+01
   7.913564E+00   5.170338E+01
   7.907369E+00   5.170347E+01
   7.905064E+00   5.170172E+01
   7.902356E+00   5.170404E+01
   7.895768E+00   5.170415E+01
   7.889429E+00   5.170149E+01
   7.887450E+00   5.170477E+01
   7.887434E+00   5.171674E+01
   7.879216E+00   5.172007E+01
   7.877232E+00   5.172592E+01
   7.874853E+00   5.172774E+01
   7.872421E+00   5.172919E+01
   7.863901E+00   5.172400E+01
   7.858853E+00   5.172338E+01
   7.857153E+00   5.172569E+01
   7.843700E+00   5.172655E+01
   7.834865E+00   5.172935E+01
   7.831466E+00   5.173488E+01
   7.832116E+00   5.174192E+01
   7.830864E+00   5.174341E+01
   7.826049E+00   5.174346E+01
   7.820905E+00   5.173803E+01
   7.814050E+00   5.173848E+01
   7.813572E+00   5.173672E+01
   7.804606E+00   5.173338E+01
   7.804465E+00   5.173075E+01
   7.792253E+00   5.173028E+01
   7.791697E+00   5.172870E+01
   7.786921E+00   5.172742E+01
   7.785431E+00   5.172907E+01
   7.780208E+00   5.172595E+01
   7.773659E+00   5.172575E+01
   7.770173E+00   5.172283E+01
   7.768579E+00   5.172600E+01
   7.765109E+00   5.172614E+01
   7.763854E+00   5.172917E+01
   7.759136E+00   5.172884E+01
   7.757047E+00   5.173204E+01
   7.753200E+00   5.173380E+01
   7.751106E+00   5.173800E+01
   7.738206E+00   5.173672E+01
   7.737809E+00   5.172946E+01
   7.729508E+00   5.172904E+01
   7.723835E+00   5.172679E+01
   7.723248E+00   5.172199E+01
   7.719178E+00   5.172131E+01
   7.719687E+00   5.171770E+01
   7.716311E+00   5.171809E+01
   7.715772E+00   5.171632E+01
   7.709136E+00   5.171508E+01
   7.702572E+00   5.171136E+01
   7.695727E+00   5.171204E+01
   7.691194E+00   5.171663E+01
   7.691946E+00   5.171864E+01
   7.689778E+00   5.172005E+01
   7.686978E+00   5.172751E+01
   7.671746E+00   5.172254E+01
   7.673014E+00   5.172043E+01
   7.668887E+00   5.171914E+01
   7.669623E+00   5.171631E+01
   7.661786E+00   5.171186E+01
   7.656150E+00   5.171220E+01
   7.657973E+00   5.170689E+01
   7.652042E+00   5.170452E+01
   7.642340E+00   5.171224E+01
   7.635502E+00   5.171158E+01
   7.628393E+00   5.170828E+01
   7.625637E+00   5.171262E+01
   7.615267E+00   5.171392E+01
   7.615299E+00   5.171084E+01
   7.607355E+00   5.170910E+01
   7.605755E+00   5.170537E+01
   7.595153E+00   5.170377E+01
   7.588347E+00   5.169916E+01
   7.568097E+00   5.169726E+01
   7.566614E+00   5.169463E+01
   7.553555E+00   5.169133E+01
   7.551544E+00   5.168748E+01
   7.542047E+00   5.168366E+01
   7.537346E+00   5.168709E+01
   7.541217E+00   5.169067E+01
   7.532871E+00   5.169167E+01
   7.528799E+00   5.169634E+01
   7.527184E+00   5.170090E+01
   7.528719E+00   5.170324E+01
   7.515876E+00   5.170648E+01
   7.515956E+00   5.172037E+01
   7.503359E+00   5.172135E+01
   7.493369E+00   5.171957E+01
   7.484052E+00   5.171314E+01
   7.483007E+00   5.171734E+01
   7.478472E+00   5.171869E+01
   7.475952E+00   5.172277E+01
   7.480767E+00   5.172518E+01
   7.481582E+00   5.172822E+01
   7.476700E+00   5.172748E+01
   7.471722E+00   5.173402E+01
   7.468044E+00   5.173485E+01
   7.460231E+00   5.173012E+01
   7.452294E+00   5.172834E+01
   7.448218E+00   5.172365E+01
   7.437298E+00   5.172226E+01
   7.425710E+00   5.171575E+01
   7.424957E+00   5.171317E+01
   7.426997E+00   5.170985E+01
   7.425328E+00   5.170710E+01
   7.438429E+00   5.170456E+01
   7.443867E+00   5.169982E+01
   7.443022E+00   5.169731E+01
   7.449902E+00   5.169424E+01
   7.452636E+00   5.169039E+01
   7.452537E+00   5.168820E+01
   7.449564E+00   5.168676E+01
   7.452148E+00   5.168285E+01
   7.449372E+00   5.167559E+01
   7.440248E+00   5.167365E+01
   7.435891E+00   5.166820E+01
   7.429817E+00   5.166673E+01
   7.424498E+00   5.166929E+01
   7.410104E+00   5.166893E+01
   7.410807E+00   5.166490E+01
   7.414383E+00   5.166327E+01
   7.432144E+00   5.166357E+01
   7.444620E+00   5.166029E+01
   7.449818E+00   5.165420E+01
   7.443475E+00   5.165129E+01
   7.445382E+00   5.164945E+01
   7.444807E+00   5.164776E+01
   7.449256E+00   5.164778E+01
   7.452378E+00   5.164345E+01
   7.457609E+00   5.164234E+01
   7.457818E+00   5.164021E+01
   7.455201E+00   5.163877E+01
   7.463775E+00   5.163860E+01
   7.463571E+00   5.163584E+01
   7.461254E+00   5.163471E+01
   7.466332E+00   5.162911E+01
   7.463714E+00   5.162464E+01
   7.460031E+00   5.162360E+01
   7.461756E+00   5.161720E+01
   7.458996E+00   5.161275E+01
   7.449362E+00   5.160684E+01
   7.444178E+00   5.160739E+01
   7.441073E+00   5.160455E+01
   7.436529E+00   5.160607E+01
   7.413547E+00   5.159516E+01
   7.401038E+00   5.159234E+01
   7.400267E+00   5.158948E+01
   7.396357E+00   5.158652E+01
   7.380231E+00   5.158695E+01
   7.372870E+00   5.158939E+01
   7.368611E+00   5.158147E+01
   7.363249E+00   5.158254E+01
   7.358260E+00   5.158068E+01
   7.354948E+00   5.158311E+01
   7.340768E+00   5.157662E+01
   7.354873E+00   5.156565E+01
   7.352380E+00   5.156155E+01
   7.357502E+00   5.155560E+01
   7.353680E+00   5.155297E+01
   7.354630E+00   5.154990E+01
   7.349649E+00   5.154455E+01
   7.351350E+00   5.153993E+01
   7.355153E+00   5.153979E+01
   7.358505E+00   5.153489E+01
   7.362269E+00   5.153474E+01
   7.364999E+00   5.153003E+01
   7.364518E+00   5.152713E+01
   7.358628E+00   5.152612E+01
   7.354470E+00   5.152269E+01
   7.346382E+00   5.152118E+01
   7.342505E+00   5.152277E+01
   7.334788E+00   5.151911E+01
   7.323693E+00   5.152240E+01
   7.314309E+00   5.152101E+01
   7.308394E+00   5.152510E+01
   7.303812E+00   5.152448E+01
   7.300689E+00   5.152604E+01
   7.298870E+00   5.152971E+01
   7.295925E+00   5.152888E+01
   7.293485E+00   5.153123E+01
   7.291954E+00   5.153428E+01
   7.294328E+00   5.153567E+01
   7.294976E+00   5.154094E+01
   7.291539E+00   5.154172E+01
   7.289542E+00   5.154458E+01
   7.284643E+00   5.154508E+01
   7.284637E+00   5.154944E+01
   7.281634E+00   5.155488E+01
   7.273737E+00   5.155449E+01
   7.269997E+00   5.155855E+01
   7.262007E+00   5.155931E+01
   7.263931E+00   5.156734E+01
   7.254377E+00   5.156373E+01
   7.249544E+00   5.156366E+01
   7.246781E+00   5.156823E+01
   7.242243E+00   5.156915E+01
   7.241466E+00   5.157190E+01
   7.216261E+00   5.155982E+01
   7.209914E+00   5.155808E+01
   7.206044E+00   5.155906E+01
   7.175351E+00   5.155012E+01
   7.168546E+00   5.155065E+01
   7.162651E+00   5.154894E+01
   7.137452E+00   5.155161E+01
   7.124514E+00   5.155085E+01
   7.123520E+00   5.154875E+01
   7.129131E+00   5.154665E+01
   7.128213E+00   5.154401E+01
   7.131041E+00   5.154100E+01
   7.128941E+00   5.153963E+01
   7.129859E+00   5.153697E+01
   7.139156E+00   5.152274E+01
   7.139406E+00   5.151771E+01
   7.145167E+00   5.151373E+01
   7.139201E+00   5.150817E+01
   7.140663E+00   5.150552E+01
   7.138434E+00   5.150453E+01
   7.138893E+00   5.149099E+01
   7.119525E+00   5.148693E+01
   7.103229E+00   5.148076E+01
   7.101836E+00   5.147971E+01
   7.085614E+00   5.148289E+01
   7.073391E+00   5.148189E+01
   7.069685E+00   5.148492E+01
   7.070136E+00   5.148971E+01
   7.072746E+00   5.149276E+01
   7.066823E+00   5.149643E+01
   7.060659E+00   5.149563E+01
   7.056927E+00   5.149768E+01
   7.055416E+00   5.150182E+01
   7.050687E+00   5.150533E+01
   7.049202E+00   5.151088E+01
   7.041606E+00   5.151018E+01
   7.039732E+00   5.151281E+01
   7.032360E+00   5.151331E+01
   7.031632E+00   5.151491E+01
   7.024747E+00   5.151562E+01
   7.022257E+00   5.151789E+01
   7.019336E+00   5.151709E+01
   7.012217E+00   5.152852E+01
   7.012209E+00   5.153146E+01
   7.004315E+00   5.153292E+01
   7.000417E+00   5.153286E+01
   6.996286E+00   5.153035E+01
   6.996122E+00   5.152196E+01
   6.987204E+00   5.151246E+01
   6.988514E+00   5.150783E+01
   6.977028E+00   5.150381E+01
   6.928563E+00   5.149593E+01
   6.925971E+00   5.150273E+01
   6.913539E+00   5.150077E+01
   6.907519E+00   5.150149E+01
   6.906894E+00   5.150512E+01
   6.899179E+00   5.151054E+01
   6.899426E+00   5.151222E+01
   6.893144E+00   5.151509E+01
   6.893020E+00   5.152275E+01
   6.884555E+00   5.152668E+01
   6.884200E+00   5.153589E+01
   6.878877E+00   5.153698E+01
   6.876831E+00   5.154316E+01
   6.868492E+00   5.155128E+01
   6.858875E+00   5.155693E+01
   6.866717E+00   5.156643E+01
   6.856854E+00   5.156693E+01
   6.847682E+00   5.156989E+01
   6.842269E+00   5.157449E+01
   6.833055E+00   5.157749E+01
   6.832432E+00   5.158106E+01
   6.841973E+00   5.158347E+01
   6.858275E+00   5.159078E+01
   6.861531E+00   5.159580E+01
   6.864430E+00   5.159707E+01
   6.851441E+00   5.160496E+01
   6.849759E+00   5.160820E+01
   6.852278E+00   5.161120E+01
   6.855264E+00   5.161149E+01
   6.855543E+00   5.161328E+01
   6.862282E+00   5.161458E+01
   6.862219E+00   5.161629E+01
   6.869896E+00   5.162208E+01
   6.865748E+00   5.162736E+01
   6.865475E+00   5.163075E+01
   6.900185E+00   5.163631E+01
   6.900789E+00   5.164337E+01
   6.898200E+00   5.164581E+01
   6.899479E+00   5.164753E+01
   6.898483E+00   5.165225E+01
   6.892322E+00   5.165329E+01
   6.897646E+00   5.166161E+01
   6.897508E+00   5.166436E+01
   6.901044E+00   5.166752E+01
   6.900487E+00   5.167000E+01
   6.902586E+00   5.167249E+01
   6.900032E+00   5.167329E+01
   6.900071E+00   5.167561E+01
   6.905128E+00   5.167889E+01
   6.911235E+00   5.167805E+01
   6.914504E+00   5.168844E+01
   6.913347E+00   5.169253E+01
   6.914744E+00   5.170065E+01
   6.936016E+00   5.170375E+01
   6.935844E+00   5.171451E+01
   6.938715E+00   5.171597E+01
   6.937182E+00   5.171779E+01
   6.927632E+00   5.171978E+01
   6.919905E+00   5.172844E+01
   6.924278E+00   5.173221E+01
   6.911274E+00   5.174443E+01
   6.858179E+00   5.172780E+01
   6.854449E+00   5.173470E+01
   6.848327E+00   5.173554E+01
   6.840395E+00   5.173464E+01
   6.827503E+00   5.172872E+01
   6.818901E+00   5.173717E+01
   6.816932E+00   5.174192E+01
   6.799040E+00   5.174096E+01
   6.787080E+00   5.174762E+01
   6.771921E+00   5.174492E+01
   6.768015E+00   5.176570E+01
   6.757890E+00   5.177529E+01
   6.749977E+00   5.177384E+01
   6.749664E+00   5.177133E+01
   6.746784E+00   5.176916E+01
   6.721883E+00   5.176740E+01
   6.706617E+00   5.177128E+01
   6.706333E+00   5.177547E+01
   6.711948E+00   5.177679E+01
   6.712944E+00   5.177878E+01
   6.707493E+00   5.177981E+01
   6.697753E+00   5.177611E+01
   6.668183E+00   5.177607E+01
   6.664395E+00   5.178258E+01
   6.657275E+00   5.178836E+01
   6.638538E+00   5.179714E+01
   6.632197E+00   5.179819E+01
   6.609084E+00   5.179314E+01
   6.607877E+00   5.179883E+01
   6.592481E+00   5.180103E+01
   6.584890E+00   5.179264E+01
   6.580999E+00   5.179449E+01
   6.572539E+00   5.179417E+01
   6.573343E+00   5.179179E+01
   6.568478E+00   5.178873E+01
   6.564446E+00   5.179209E+01
   6.561516E+00   5.179129E+01
   6.551449E+00   5.179722E+01
   6.540343E+00   5.180042E+01
   6.527065E+00   5.180874E+01
   6.522659E+00   5.180957E+01
   6.518088E+00   5.181522E+01
   6.505939E+00   5.181076E+01
   6.491805E+00   5.180936E+01
   6.485401E+00   5.181072E+01
   6.466118E+00   5.180380E+01
   6.432716E+00   5.180180E+01
   6.428064E+00   5.180480E+01
   6.422307E+00   5.180463E+01
   6.419607E+00   5.180984E+01
   6.422672E+00   5.181114E+01
   6.419535E+00   5.181247E+01
   6.421614E+00   5.181732E+01
   6.413697E+00   5.181884E+01
   6.406234E+00   5.182790E+01
   6.401839E+00   5.183663E+01
   6.406388E+00   5.183710E+01
   6.401233E+00   5.184449E+01
   6.407841E+00   5.185289E+01
   6.400874E+00   5.185447E+01
   6.387197E+00   5.186113E+01
   6.385880E+00   5.186474E+01
   6.388768E+00   5.187233E+01
END
END
