none
1
   2.666348E+00   4.811921E+01
   2.663667E+00   4.811918E+01
   2.644174E+00   4.813556E+01
   2.639790E+00   4.813712E+01
   2.622058E+00   4.813503E+01
   2.603191E+00   4.813028E+01
   2.575233E+00   4.813010E+01
   2.569823E+00   4.813869E+01
   2.560079E+00   4.814034E+01
   2.537719E+00   4.813883E+01
   2.524682E+00   4.812847E+01
   2.521290E+00   4.812374E+01
   2.513913E+00   4.812537E+01
   2.490027E+00   4.812537E+01
   2.476544E+00   4.812806E+01
   2.468211E+00   4.812610E+01
   2.463322E+00   4.812700E+01
   2.454160E+00   4.812122E+01
   2.448706E+00   4.812351E+01
   2.440921E+00   4.812383E+01
   2.443041E+00   4.813225E+01
   2.459211E+00   4.813824E+01
   2.463981E+00   4.814627E+01
   2.470109E+00   4.815115E+01
   2.470883E+00   4.815542E+01
   2.477340E+00   4.815828E+01
   2.482004E+00   4.816529E+01
   2.504793E+00   4.815876E+01
   2.512056E+00   4.816388E+01
   2.513196E+00   4.816653E+01
   2.510952E+00   4.817062E+01
   2.511463E+00   4.817406E+01
   2.505975E+00   4.818016E+01
   2.512095E+00   4.818658E+01
   2.511849E+00   4.819391E+01
   2.517593E+00   4.819609E+01
   2.518299E+00   4.820546E+01
   2.512883E+00   4.821398E+01
   2.512021E+00   4.822268E+01
   2.505428E+00   4.822543E+01
   2.506145E+00   4.823365E+01
   2.503945E+00   4.823705E+01
   2.483149E+00   4.823801E+01
   2.475196E+00   4.824375E+01
   2.475065E+00   4.824953E+01
   2.470776E+00   4.825238E+01
   2.450606E+00   4.824865E+01
   2.445587E+00   4.825284E+01
   2.440641E+00   4.825203E+01
   2.429981E+00   4.825414E+01
   2.422163E+00   4.825981E+01
   2.416475E+00   4.827208E+01
   2.416362E+00   4.827889E+01
   2.421171E+00   4.828854E+01
   2.421142E+00   4.829402E+01
   2.418417E+00   4.829952E+01
   2.402505E+00   4.831443E+01
   2.389282E+00   4.831056E+01
   2.369458E+00   4.830757E+01
   2.364803E+00   4.830938E+01
   2.357582E+00   4.830716E+01
   2.352183E+00   4.831287E+01
   2.341015E+00   4.831513E+01
   2.335234E+00   4.832505E+01
   2.327537E+00   4.832535E+01
   2.321085E+00   4.832978E+01
   2.311084E+00   4.832638E+01
   2.301952E+00   4.831398E+01
   2.300851E+00   4.831012E+01
   2.296248E+00   4.830678E+01
   2.282482E+00   4.831115E+01
   2.268140E+00   4.831141E+01
   2.254459E+00   4.829926E+01
   2.245017E+00   4.829699E+01
   2.243535E+00   4.830137E+01
   2.245505E+00   4.831282E+01
   2.236873E+00   4.831606E+01
   2.240597E+00   4.832287E+01
   2.239957E+00   4.832572E+01
   2.227561E+00   4.832822E+01
   2.223131E+00   4.833419E+01
   2.215036E+00   4.833315E+01
   2.209212E+00   4.833950E+01
   2.206619E+00   4.833991E+01
   2.190570E+00   4.833070E+01
   2.186394E+00   4.832454E+01
   2.185326E+00   4.831715E+01
   2.181479E+00   4.831047E+01
   2.173123E+00   4.831330E+01
   2.160948E+00   4.831059E+01
   2.160329E+00   4.830794E+01
   2.164909E+00   4.829945E+01
   2.164293E+00   4.829721E+01
   2.135427E+00   4.829789E+01
   2.109973E+00   4.829585E+01
   2.110581E+00   4.830388E+01
   2.106356E+00   4.830636E+01
   2.092233E+00   4.829799E+01
   2.089509E+00   4.829348E+01
   2.055712E+00   4.829343E+01
   2.052486E+00   4.828923E+01
   2.041157E+00   4.828346E+01
   2.027521E+00   4.828768E+01
   2.020212E+00   4.828500E+01
   2.007103E+00   4.828354E+01
   1.972062E+00   4.828730E+01
   1.970116E+00   4.829279E+01
   1.964009E+00   4.829508E+01
   1.957824E+00   4.830787E+01
   1.973868E+00   4.831865E+01
   1.973109E+00   4.832360E+01
   1.977739E+00   4.832960E+01
   1.967212E+00   4.834148E+01
   1.973004E+00   4.834720E+01
   1.972002E+00   4.835652E+01
   1.980266E+00   4.836122E+01
   1.981075E+00   4.836525E+01
   1.976513E+00   4.836837E+01
   1.978483E+00   4.837279E+01
   1.977002E+00   4.837754E+01
   1.965337E+00   4.838056E+01
   1.971761E+00   4.839025E+01
   1.970684E+00   4.840003E+01
   1.952412E+00   4.840491E+01
   1.932162E+00   4.840219E+01
   1.927261E+00   4.840554E+01
   1.927461E+00   4.840919E+01
   1.924636E+00   4.841272E+01
   1.926150E+00   4.841671E+01
   1.936164E+00   4.842511E+01
   1.935685E+00   4.843817E+01
   1.931896E+00   4.844157E+01
   1.929802E+00   4.844857E+01
   1.925789E+00   4.845065E+01
   1.921468E+00   4.844685E+01
   1.914251E+00   4.844622E+01
   1.903855E+00   4.843731E+01
   1.879600E+00   4.843954E+01
   1.870468E+00   4.843860E+01
   1.856233E+00   4.844496E+01
   1.844074E+00   4.844516E+01
   1.842644E+00   4.844977E+01
   1.838565E+00   4.845171E+01
   1.837531E+00   4.845862E+01
   1.831540E+00   4.846578E+01
   1.820070E+00   4.846427E+01
   1.800793E+00   4.846487E+01
   1.799020E+00   4.847330E+01
   1.791155E+00   4.847746E+01
   1.790820E+00   4.848534E+01
   1.784251E+00   4.848973E+01
   1.786337E+00   4.849685E+01
   1.782015E+00   4.849949E+01
   1.775081E+00   4.851073E+01
   1.774541E+00   4.851457E+01
   1.776364E+00   4.851865E+01
   1.774133E+00   4.852746E+01
   1.782062E+00   4.854441E+01
   1.781520E+00   4.854984E+01
   1.767587E+00   4.855768E+01
   1.761710E+00   4.856399E+01
   1.760058E+00   4.857084E+01
   1.756441E+00   4.857320E+01
   1.747509E+00   4.857413E+01
   1.743792E+00   4.857126E+01
   1.737336E+00   4.857113E+01
   1.731018E+00   4.857335E+01
   1.727238E+00   4.857141E+01
   1.708578E+00   4.857702E+01
   1.707112E+00   4.858108E+01
   1.700895E+00   4.858541E+01
   1.715890E+00   4.860441E+01
   1.714439E+00   4.861195E+01
   1.711285E+00   4.861273E+01
   1.703182E+00   4.861047E+01
   1.693024E+00   4.861246E+01
   1.686829E+00   4.860999E+01
   1.678253E+00   4.861564E+01
   1.673790E+00   4.861245E+01
   1.666080E+00   4.861239E+01
   1.654232E+00   4.862164E+01
   1.654969E+00   4.862804E+01
   1.648311E+00   4.863161E+01
   1.646629E+00   4.863795E+01
   1.636330E+00   4.864655E+01
   1.620230E+00   4.864880E+01
   1.602010E+00   4.866200E+01
   1.599994E+00   4.866873E+01
   1.602928E+00   4.867145E+01
   1.603108E+00   4.867567E+01
   1.607453E+00   4.868302E+01
   1.606952E+00   4.868692E+01
   1.595740E+00   4.869231E+01
   1.590052E+00   4.869179E+01
   1.581510E+00   4.869515E+01
   1.579941E+00   4.870000E+01
   1.575395E+00   4.870309E+01
   1.584602E+00   4.870668E+01
   1.586493E+00   4.871164E+01
   1.596177E+00   4.872210E+01
   1.600849E+00   4.872302E+01
   1.614878E+00   4.873700E+01
   1.619342E+00   4.873846E+01
   1.622740E+00   4.874677E+01
   1.620399E+00   4.874995E+01
   1.606268E+00   4.875855E+01
   1.580719E+00   4.876159E+01
   1.580320E+00   4.876595E+01
   1.583636E+00   4.877256E+01
   1.575521E+00   4.878273E+01
   1.574152E+00   4.879085E+01
   1.576605E+00   4.879515E+01
   1.575900E+00   4.880537E+01
   1.579278E+00   4.881126E+01
   1.586689E+00   4.881407E+01
   1.588473E+00   4.881814E+01
   1.577654E+00   4.882990E+01
   1.588654E+00   4.883474E+01
   1.590092E+00   4.883956E+01
   1.586424E+00   4.884208E+01
   1.576478E+00   4.884394E+01
   1.576707E+00   4.884857E+01
   1.580320E+00   4.885568E+01
   1.578697E+00   4.885913E+01
   1.567620E+00   4.886465E+01
   1.562997E+00   4.886527E+01
   1.559131E+00   4.886258E+01
   1.555534E+00   4.886335E+01
   1.549130E+00   4.886821E+01
   1.544501E+00   4.886949E+01
   1.545748E+00   4.887524E+01
   1.558561E+00   4.888448E+01
   1.559248E+00   4.888831E+01
   1.537563E+00   4.890457E+01
   1.537064E+00   4.890905E+01
   1.540476E+00   4.891348E+01
   1.536939E+00   4.892082E+01
   1.520183E+00   4.892391E+01
   1.514263E+00   4.892068E+01
   1.506387E+00   4.892669E+01
   1.507186E+00   4.893573E+01
   1.500231E+00   4.894078E+01
   1.502786E+00   4.894838E+01
   1.493910E+00   4.895614E+01
   1.494277E+00   4.896069E+01
   1.490625E+00   4.896441E+01
   1.498273E+00   4.897259E+01
   1.497627E+00   4.897667E+01
   1.485095E+00   4.897841E+01
   1.470642E+00   4.897373E+01
   1.465005E+00   4.898213E+01
   1.460087E+00   4.898532E+01
   1.460528E+00   4.898981E+01
   1.465757E+00   4.899076E+01
   1.472781E+00   4.899840E+01
   1.476894E+00   4.900008E+01
   1.478337E+00   4.900526E+01
   1.472747E+00   4.900916E+01
   1.474432E+00   4.901394E+01
   1.473032E+00   4.901655E+01
   1.456843E+00   4.902540E+01
   1.456067E+00   4.903434E+01
   1.445097E+00   4.904596E+01
   1.447080E+00   4.904946E+01
   1.446426E+00   4.905437E+01
   1.454440E+00   4.905824E+01
   1.461895E+00   4.906515E+01
   1.480395E+00   4.905337E+01
   1.486157E+00   4.905381E+01
   1.496163E+00   4.905950E+01
   1.502539E+00   4.906058E+01
   1.508106E+00   4.906693E+01
   1.509691E+00   4.907411E+01
   1.504388E+00   4.908152E+01
   1.505424E+00   4.908550E+01
   1.507809E+00   4.908664E+01
   1.517846E+00   4.908099E+01
   1.519567E+00   4.907460E+01
   1.523334E+00   4.907086E+01
   1.540849E+00   4.907505E+01
   1.559025E+00   4.907095E+01
   1.565090E+00   4.907308E+01
   1.573035E+00   4.907955E+01
   1.605239E+00   4.908633E+01
   1.610685E+00   4.908217E+01
   1.614461E+00   4.908291E+01
   1.617315E+00   4.908605E+01
   1.616201E+00   4.909530E+01
   1.620400E+00   4.910155E+01
   1.624695E+00   4.910385E+01
   1.629033E+00   4.911136E+01
   1.642341E+00   4.911873E+01
   1.645578E+00   4.912475E+01
   1.652129E+00   4.913052E+01
   1.650232E+00   4.913877E+01
   1.651914E+00   4.914534E+01
   1.659397E+00   4.915326E+01
   1.659580E+00   4.915811E+01
   1.667036E+00   4.916999E+01
   1.664913E+00   4.917744E+01
   1.668123E+00   4.918231E+01
   1.669554E+00   4.919409E+01
   1.674471E+00   4.920082E+01
   1.670984E+00   4.920606E+01
   1.672862E+00   4.921239E+01
   1.687452E+00   4.921997E+01
   1.690603E+00   4.922446E+01
   1.699773E+00   4.922839E+01
   1.709643E+00   4.924271E+01
   1.713539E+00   4.924203E+01
   1.715833E+00   4.923477E+01
   1.741460E+00   4.922488E+01
   1.741258E+00   4.922276E+01
   1.736938E+00   4.922010E+01
   1.734639E+00   4.921025E+01
   1.726465E+00   4.920807E+01
   1.724292E+00   4.920435E+01
   1.728171E+00   4.919698E+01
   1.737986E+00   4.919574E+01
   1.740930E+00   4.919266E+01
   1.746331E+00   4.917997E+01
   1.753936E+00   4.917642E+01
   1.776452E+00   4.918619E+01
   1.784857E+00   4.918704E+01
   1.790281E+00   4.918348E+01
   1.795183E+00   4.918646E+01
   1.802803E+00   4.918640E+01
   1.806216E+00   4.918170E+01
   1.816440E+00   4.917761E+01
   1.826830E+00   4.918088E+01
   1.835587E+00   4.917798E+01
   1.841212E+00   4.917115E+01
   1.851820E+00   4.917218E+01
   1.856346E+00   4.917455E+01
   1.862189E+00   4.917217E+01
   1.876612E+00   4.917625E+01
   1.878801E+00   4.917120E+01
   1.886561E+00   4.916595E+01
   1.931819E+00   4.917616E+01
   1.937742E+00   4.917200E+01
   1.950622E+00   4.917184E+01
   1.961014E+00   4.917542E+01
   1.973564E+00   4.918509E+01
   1.982729E+00   4.918276E+01
   1.990982E+00   4.917836E+01
   2.001026E+00   4.917713E+01
   2.021290E+00   4.919003E+01
   2.032106E+00   4.918999E+01
   2.044520E+00   4.919692E+01
   2.046844E+00   4.919984E+01
   2.056102E+00   4.920044E+01
   2.069031E+00   4.920470E+01
   2.074291E+00   4.920993E+01
   2.080916E+00   4.921192E+01
   2.083781E+00   4.920967E+01
   2.091934E+00   4.920936E+01
   2.094255E+00   4.919482E+01
   2.099022E+00   4.919125E+01
   2.109078E+00   4.919215E+01
   2.115530E+00   4.918816E+01
   2.121260E+00   4.918992E+01
   2.127978E+00   4.919482E+01
   2.135934E+00   4.919221E+01
   2.138946E+00   4.918734E+01
   2.147575E+00   4.918927E+01
   2.150964E+00   4.918537E+01
   2.164926E+00   4.918079E+01
   2.166023E+00   4.917820E+01
   2.161610E+00   4.917250E+01
   2.165967E+00   4.916692E+01
   2.172796E+00   4.916995E+01
   2.175531E+00   4.917716E+01
   2.188431E+00   4.917452E+01
   2.198932E+00   4.917653E+01
   2.203966E+00   4.917551E+01
   2.219474E+00   4.918164E+01
   2.225291E+00   4.917472E+01
   2.236520E+00   4.916742E+01
   2.235456E+00   4.916533E+01
   2.224008E+00   4.915896E+01
   2.224008E+00   4.915458E+01
   2.228753E+00   4.915289E+01
   2.253446E+00   4.915435E+01
   2.261767E+00   4.915955E+01
   2.268191E+00   4.915766E+01
   2.281722E+00   4.916048E+01
   2.287958E+00   4.917161E+01
   2.293653E+00   4.917398E+01
   2.297748E+00   4.917844E+01
   2.300392E+00   4.918495E+01
   2.311379E+00   4.918796E+01
   2.322303E+00   4.918542E+01
   2.324442E+00   4.918088E+01
   2.358467E+00   4.915277E+01
   2.363206E+00   4.915410E+01
   2.370837E+00   4.916051E+01
   2.375372E+00   4.916049E+01
   2.381295E+00   4.915906E+01
   2.391673E+00   4.915102E+01
   2.413050E+00   4.915371E+01
   2.419092E+00   4.915084E+01
   2.440133E+00   4.914760E+01
   2.442062E+00   4.914592E+01
   2.440188E+00   4.913924E+01
   2.443000E+00   4.913664E+01
   2.457866E+00   4.914234E+01
   2.462557E+00   4.914069E+01
   2.465821E+00   4.913762E+01
   2.472062E+00   4.913651E+01
   2.480075E+00   4.912888E+01
   2.500214E+00   4.912285E+01
   2.504139E+00   4.911774E+01
   2.495597E+00   4.911087E+01
   2.496067E+00   4.910794E+01
   2.499396E+00   4.910600E+01
   2.511063E+00   4.910588E+01
   2.528069E+00   4.910238E+01
   2.530514E+00   4.910551E+01
   2.532454E+00   4.912057E+01
   2.541927E+00   4.912365E+01
   2.547484E+00   4.912242E+01
   2.554226E+00   4.912573E+01
   2.558137E+00   4.912431E+01
   2.555136E+00   4.911264E+01
   2.561395E+00   4.909974E+01
   2.566555E+00   4.909622E+01
   2.571846E+00   4.909620E+01
   2.579468E+00   4.909287E+01
   2.582322E+00   4.908458E+01
   2.584993E+00   4.908212E+01
   2.589610E+00   4.908120E+01
   2.596752E+00   4.908326E+01
   2.606634E+00   4.909062E+01
   2.609368E+00   4.909598E+01
   2.616207E+00   4.909529E+01
   2.620429E+00   4.909678E+01
   2.623364E+00   4.910150E+01
   2.634241E+00   4.910975E+01
   2.637394E+00   4.910803E+01
   2.638336E+00   4.910392E+01
   2.642352E+00   4.910149E+01
   2.650743E+00   4.910210E+01
   2.677933E+00   4.908947E+01
   2.683693E+00   4.908328E+01
   2.696064E+00   4.907563E+01
   2.693694E+00   4.907034E+01
   2.697019E+00   4.906627E+01
   2.706258E+00   4.906705E+01
   2.717251E+00   4.907408E+01
   2.719643E+00   4.908055E+01
   2.724374E+00   4.908186E+01
   2.726340E+00   4.907781E+01
   2.730806E+00   4.907574E+01
   2.734489E+00   4.906438E+01
   2.738264E+00   4.906216E+01
   2.753758E+00   4.906226E+01
   2.764695E+00   4.906564E+01
   2.775460E+00   4.907251E+01
   2.776766E+00   4.907496E+01
   2.774938E+00   4.907856E+01
   2.767864E+00   4.908223E+01
   2.768077E+00   4.908445E+01
   2.779934E+00   4.908431E+01
   2.783171E+00   4.908980E+01
   2.809195E+00   4.909875E+01
   2.823073E+00   4.908740E+01
   2.833429E+00   4.908433E+01
   2.845716E+00   4.908593E+01
   2.858333E+00   4.907199E+01
   2.869533E+00   4.907200E+01
   2.887398E+00   4.908069E+01
   2.895149E+00   4.907973E+01
   2.901096E+00   4.908673E+01
   2.922978E+00   4.907959E+01
   2.933419E+00   4.908282E+01
   2.940734E+00   4.907976E+01
   2.945350E+00   4.908947E+01
   2.955220E+00   4.908716E+01
   2.967964E+00   4.909282E+01
   2.972521E+00   4.908939E+01
   2.976217E+00   4.907694E+01
   2.982751E+00   4.907319E+01
   2.986269E+00   4.907547E+01
   2.990406E+00   4.908496E+01
   2.995722E+00   4.908873E+01
   3.000713E+00   4.909066E+01
   3.005344E+00   4.909026E+01
   3.008095E+00   4.909277E+01
   3.015944E+00   4.909248E+01
   3.027646E+00   4.908816E+01
   3.032729E+00   4.909019E+01
   3.052310E+00   4.908751E+01
   3.055850E+00   4.909119E+01
   3.054162E+00   4.909686E+01
   3.055155E+00   4.910274E+01
   3.060878E+00   4.910699E+01
   3.068661E+00   4.911852E+01
   3.071879E+00   4.911906E+01
   3.080717E+00   4.911429E+01
   3.095357E+00   4.911304E+01
   3.103435E+00   4.910929E+01
   3.120360E+00   4.911055E+01
   3.126931E+00   4.910773E+01
   3.137438E+00   4.910890E+01
   3.149558E+00   4.910195E+01
   3.166196E+00   4.910058E+01
   3.158835E+00   4.908546E+01
   3.159114E+00   4.908266E+01
   3.167280E+00   4.907882E+01
   3.177056E+00   4.907122E+01
   3.183024E+00   4.906309E+01
   3.183272E+00   4.905526E+01
   3.190441E+00   4.905385E+01
   3.191983E+00   4.905092E+01
   3.191165E+00   4.904564E+01
   3.184736E+00   4.904254E+01
   3.178096E+00   4.902934E+01
   3.174569E+00   4.902737E+01
   3.169786E+00   4.902748E+01
   3.166693E+00   4.902486E+01
   3.170615E+00   4.901501E+01
   3.172855E+00   4.901369E+01
   3.180946E+00   4.901426E+01
   3.190857E+00   4.901001E+01
   3.198828E+00   4.900988E+01
   3.202467E+00   4.900435E+01
   3.208578E+00   4.900103E+01
   3.211707E+00   4.899505E+01
   3.224908E+00   4.899264E+01
   3.230058E+00   4.898963E+01
   3.230516E+00   4.898367E+01
   3.233410E+00   4.897965E+01
   3.244642E+00   4.897782E+01
   3.252072E+00   4.897422E+01
   3.260857E+00   4.895231E+01
   3.264035E+00   4.894965E+01
   3.263162E+00   4.894450E+01
   3.266423E+00   4.894005E+01
   3.271383E+00   4.893915E+01
   3.283743E+00   4.894173E+01
   3.304850E+00   4.894995E+01
   3.308353E+00   4.894629E+01
   3.313720E+00   4.893466E+01
   3.315048E+00   4.892223E+01
   3.331656E+00   4.891116E+01
   3.336140E+00   4.891198E+01
   3.346584E+00   4.891832E+01
   3.350196E+00   4.891924E+01
   3.354528E+00   4.891760E+01
   3.359570E+00   4.891942E+01
   3.365649E+00   4.892477E+01
   3.366291E+00   4.892919E+01
   3.368317E+00   4.892947E+01
   3.373025E+00   4.892485E+01
   3.373128E+00   4.891871E+01
   3.377474E+00   4.891005E+01
   3.376999E+00   4.890703E+01
   3.372179E+00   4.890393E+01
   3.371111E+00   4.889610E+01
   3.372868E+00   4.889390E+01
   3.385079E+00   4.888916E+01
   3.382506E+00   4.887738E+01
   3.384648E+00   4.887389E+01
   3.389358E+00   4.887315E+01
   3.393000E+00   4.887673E+01
   3.397063E+00   4.887739E+01
   3.406330E+00   4.887724E+01
   3.407259E+00   4.886794E+01
   3.409333E+00   4.886601E+01
   3.423937E+00   4.886876E+01
   3.431352E+00   4.886197E+01
   3.446338E+00   4.886169E+01
   3.453106E+00   4.885698E+01
   3.451547E+00   4.884660E+01
   3.453902E+00   4.884349E+01
   3.464210E+00   4.884268E+01
   3.469790E+00   4.885235E+01
   3.486306E+00   4.885228E+01
   3.492506E+00   4.883531E+01
   3.486799E+00   4.882499E+01
   3.487807E+00   4.881416E+01
   3.480461E+00   4.881103E+01
   3.469461E+00   4.881922E+01
   3.463433E+00   4.881714E+01
   3.460500E+00   4.881404E+01
   3.444021E+00   4.880927E+01
   3.442177E+00   4.879910E+01
   3.444754E+00   4.879031E+01
   3.442748E+00   4.878136E+01
   3.437802E+00   4.878174E+01
   3.428817E+00   4.877815E+01
   3.421901E+00   4.878281E+01
   3.410916E+00   4.878113E+01
   3.398870E+00   4.876259E+01
   3.398523E+00   4.875829E+01
   3.409287E+00   4.875396E+01
   3.414616E+00   4.875599E+01
   3.421793E+00   4.875572E+01
   3.429002E+00   4.875960E+01
   3.437502E+00   4.875399E+01
   3.438666E+00   4.874304E+01
   3.443333E+00   4.873865E+01
   3.467889E+00   4.873980E+01
   3.470757E+00   4.873850E+01
   3.467981E+00   4.872843E+01
   3.469351E+00   4.871728E+01
   3.467068E+00   4.871137E+01
   3.468436E+00   4.870599E+01
   3.477705E+00   4.870027E+01
   3.478931E+00   4.869735E+01
   3.474400E+00   4.869472E+01
   3.474595E+00   4.868868E+01
   3.472374E+00   4.868477E+01
   3.464279E+00   4.868463E+01
   3.455317E+00   4.868111E+01
   3.451380E+00   4.867841E+01
   3.446354E+00   4.867034E+01
   3.447666E+00   4.866212E+01
   3.461687E+00   4.865358E+01
   3.457416E+00   4.864171E+01
   3.458982E+00   4.863766E+01
   3.473279E+00   4.863802E+01
   3.484268E+00   4.864276E+01
   3.488528E+00   4.864753E+01
   3.492284E+00   4.864876E+01
   3.516011E+00   4.864497E+01
   3.533838E+00   4.864773E+01
   3.534713E+00   4.864595E+01
   3.528485E+00   4.863908E+01
   3.529741E+00   4.863526E+01
   3.545658E+00   4.862975E+01
   3.560409E+00   4.861758E+01
   3.558249E+00   4.861493E+01
   3.543985E+00   4.861474E+01
   3.535033E+00   4.860896E+01
   3.511261E+00   4.860497E+01
   3.509833E+00   4.860007E+01
   3.514284E+00   4.859537E+01
   3.517041E+00   4.858888E+01
   3.494175E+00   4.858835E+01
   3.486655E+00   4.857994E+01
   3.474512E+00   4.857571E+01
   3.470802E+00   4.857277E+01
   3.469761E+00   4.856893E+01
   3.475038E+00   4.856526E+01
   3.479190E+00   4.855300E+01
   3.484797E+00   4.855086E+01
   3.487269E+00   4.854767E+01
   3.487136E+00   4.854433E+01
   3.482540E+00   4.854047E+01
   3.474235E+00   4.853939E+01
   3.456732E+00   4.852826E+01
   3.438910E+00   4.852680E+01
   3.421624E+00   4.853191E+01
   3.413473E+00   4.853098E+01
   3.411449E+00   4.852926E+01
   3.411646E+00   4.852540E+01
   3.424763E+00   4.851513E+01
   3.427752E+00   4.850820E+01
   3.436446E+00   4.849685E+01
   3.434729E+00   4.848913E+01
   3.422140E+00   4.848924E+01
   3.409939E+00   4.848434E+01
   3.403714E+00   4.848468E+01
   3.396042E+00   4.848161E+01
   3.391129E+00   4.847724E+01
   3.392433E+00   4.847286E+01
   3.400556E+00   4.846900E+01
   3.401048E+00   4.846146E+01
   3.408664E+00   4.844952E+01
   3.406026E+00   4.843884E+01
   3.397721E+00   4.843199E+01
   3.396764E+00   4.842786E+01
   3.399680E+00   4.842551E+01
   3.411903E+00   4.842278E+01
   3.415400E+00   4.841760E+01
   3.423556E+00   4.841650E+01
   3.423767E+00   4.841271E+01
   3.415646E+00   4.838941E+01
   3.401902E+00   4.838843E+01
   3.386551E+00   4.839675E+01
   3.378891E+00   4.839746E+01
   3.374339E+00   4.839253E+01
   3.369571E+00   4.839245E+01
   3.367149E+00   4.839030E+01
   3.364174E+00   4.838139E+01
   3.366886E+00   4.837625E+01
   3.365550E+00   4.837111E+01
   3.356441E+00   4.836977E+01
   3.351629E+00   4.837353E+01
   3.338687E+00   4.837157E+01
   3.335334E+00   4.836899E+01
   3.316984E+00   4.837509E+01
   3.314114E+00   4.837493E+01
   3.310571E+00   4.837164E+01
   3.305561E+00   4.837165E+01
   3.296644E+00   4.837574E+01
   3.289555E+00   4.837460E+01
   3.284841E+00   4.837705E+01
   3.270129E+00   4.837546E+01
   3.264021E+00   4.837112E+01
   3.262381E+00   4.836728E+01
   3.254209E+00   4.836381E+01
   3.228535E+00   4.836891E+01
   3.221307E+00   4.836849E+01
   3.200069E+00   4.836242E+01
   3.195617E+00   4.836701E+01
   3.190999E+00   4.836886E+01
   3.184293E+00   4.836691E+01
   3.180118E+00   4.837344E+01
   3.174041E+00   4.837574E+01
   3.167040E+00   4.836956E+01
   3.152554E+00   4.836922E+01
   3.146674E+00   4.836436E+01
   3.137585E+00   4.836968E+01
   3.128386E+00   4.836599E+01
   3.121023E+00   4.836649E+01
   3.114986E+00   4.836313E+01
   3.107911E+00   4.835134E+01
   3.103285E+00   4.834809E+01
   3.098771E+00   4.835035E+01
   3.095905E+00   4.835636E+01
   3.086438E+00   4.835612E+01
   3.079369E+00   4.835992E+01
   3.062605E+00   4.835594E+01
   3.050789E+00   4.835862E+01
   3.045382E+00   4.835431E+01
   3.040321E+00   4.834472E+01
   3.039139E+00   4.833751E+01
   3.044179E+00   4.833299E+01
   3.044299E+00   4.832984E+01
   3.031206E+00   4.832092E+01
   3.020016E+00   4.830824E+01
   3.022085E+00   4.830478E+01
   3.028706E+00   4.830315E+01
   3.028338E+00   4.830018E+01
   3.023884E+00   4.829464E+01
   3.030860E+00   4.828609E+01
   3.027774E+00   4.828141E+01
   3.028395E+00   4.827672E+01
   3.043409E+00   4.827347E+01
   3.046584E+00   4.827135E+01
   3.047341E+00   4.826704E+01
   3.045247E+00   4.826182E+01
   3.048511E+00   4.824924E+01
   3.042877E+00   4.824803E+01
   3.036413E+00   4.824943E+01
   3.031907E+00   4.824743E+01
   3.028565E+00   4.824099E+01
   3.022961E+00   4.823627E+01
   3.024134E+00   4.822978E+01
   3.012375E+00   4.821952E+01
   3.009699E+00   4.821196E+01
   3.005061E+00   4.820596E+01
   2.992290E+00   4.820331E+01
   2.986428E+00   4.820681E+01
   2.976878E+00   4.820431E+01
   2.974419E+00   4.820135E+01
   2.974722E+00   4.819638E+01
   2.971594E+00   4.819317E+01
   2.953719E+00   4.819029E+01
   2.937666E+00   4.818062E+01
   2.935769E+00   4.817404E+01
   2.937133E+00   4.816239E+01
   2.868225E+00   4.815498E+01
   2.854657E+00   4.814238E+01
   2.842509E+00   4.813750E+01
   2.837070E+00   4.813305E+01
   2.824555E+00   4.813173E+01
   2.820185E+00   4.812851E+01
   2.807917E+00   4.812901E+01
   2.799602E+00   4.813131E+01
   2.795597E+00   4.814196E+01
   2.797624E+00   4.814695E+01
   2.797162E+00   4.815241E+01
   2.803441E+00   4.815878E+01
   2.802250E+00   4.816246E+01
   2.797352E+00   4.816575E+01
   2.791986E+00   4.816329E+01
   2.779680E+00   4.816597E+01
   2.771807E+00   4.816047E+01
   2.763804E+00   4.816299E+01
   2.756445E+00   4.815926E+01
   2.754156E+00   4.815620E+01
   2.757204E+00   4.814833E+01
   2.756282E+00   4.814486E+01
   2.722739E+00   4.813615E+01
   2.706018E+00   4.812200E+01
   2.696474E+00   4.812394E+01
   2.692394E+00   4.812262E+01
   2.675343E+00   4.812387E+01
   2.666348E+00   4.811921E+01
END
END
