none
1
   5.362639E+01   1.524752E+01
   5.193426E+01   1.881291E+01
   4.906798E+01   1.832187E+01
   4.831413E+01   1.803696E+01
   4.766913E+01   1.716329E+01
   4.706192E+01   1.682967E+01
   4.670727E+01   1.715247E+01
   4.464829E+01   1.721118E+01
   4.343698E+01   1.736860E+01
   4.343698E+01   1.679532E+01
   4.298434E+01   1.635064E+01
   4.147297E+01   1.622309E+01
   3.452003E+01   2.766721E+01
   3.455398E+01   2.793747E+01
   3.444492E+01   2.807555E+01
   3.486680E+01   2.940793E+01
   3.497225E+01   2.937303E+01
   3.606404E+01   2.920269E+01
   3.675654E+01   2.988094E+01
   3.794917E+01   3.050598E+01
   3.690138E+01   3.155637E+01
   3.946533E+01   3.229915E+01
   4.301814E+01   3.074088E+01
   4.300391E+01   3.049729E+01
   4.474314E+01   2.923411E+01
   4.650295E+01   2.910881E+01
   4.720721E+01   3.014617E+01
   4.791666E+01   3.013152E+01
   4.862197E+01   2.981902E+01
   5.234866E+01   2.552374E+01
   5.480053E+01   2.580388E+01
   5.590560E+01   2.651678E+01
   5.659627E+01   2.667118E+01
   5.685384E+01   2.638030E+01
   5.763310E+01   2.440484E+01
   6.094748E+01   2.287821E+01
   5.916578E+01   1.941199E+01
   5.362639E+01   1.524752E+01
END
END
