none
1
   -7.947807E+01   3.972969E+01
   -7.578798E+01   3.972850E+01
   -7.578779E+01   3.972355E+01
   -7.578689E+01   3.964930E+01
   -7.569211E+01   3.846175E+01
   -7.541694E+01   3.845420E+01
   -7.503955E+01   3.845292E+01
   -7.503785E+01   3.845111E+01
   -7.504072E+01   3.842344E+01
   -7.506397E+01   3.835224E+01
   -7.508000E+01   3.832209E+01
   -7.509371E+01   3.830851E+01
   -7.513663E+01   3.821932E+01
   -7.517297E+01   3.811372E+01
   -7.519563E+01   3.807357E+01
   -7.523060E+01   3.802580E+01
   -7.562317E+01   3.799270E+01
   -7.562537E+01   3.798770E+01
   -7.563281E+01   3.798365E+01
   -7.562774E+01   3.797807E+01
   -7.562829E+01   3.797480E+01
   -7.563210E+01   3.797381E+01
   -7.563789E+01   3.797752E+01
   -7.564687E+01   3.796566E+01
   -7.564751E+01   3.794510E+01
   -7.565665E+01   3.794351E+01
   -7.569184E+01   3.795355E+01
   -7.570449E+01   3.795282E+01
   -7.576100E+01   3.793969E+01
   -7.580073E+01   3.791048E+01
   -7.588298E+01   3.790961E+01
   -7.595285E+01   3.790500E+01
   -7.595427E+01   3.790706E+01
   -7.594575E+01   3.794464E+01
   -7.599339E+01   3.795168E+01
   -7.605176E+01   3.795191E+01
   -7.622881E+01   3.788396E+01
   -7.624781E+01   3.789296E+01
   -7.625932E+01   3.790468E+01
   -7.633774E+01   3.794299E+01
   -7.641344E+01   3.796473E+01
   -7.643490E+01   3.798056E+01
   -7.646575E+01   3.801163E+01
   -7.649591E+01   3.801701E+01
   -7.651786E+01   3.802563E+01
   -7.651791E+01   3.804448E+01
   -7.653499E+01   3.806169E+01
   -7.653657E+01   3.807335E+01
   -7.658142E+01   3.809415E+01
   -7.659572E+01   3.810464E+01
   -7.660215E+01   3.811326E+01
   -7.661190E+01   3.814760E+01
   -7.669014E+01   3.815870E+01
   -7.678766E+01   3.816762E+01
   -7.683986E+01   3.816206E+01
   -7.685558E+01   3.816612E+01
   -7.685946E+01   3.816938E+01
   -7.687747E+01   3.817138E+01
   -7.691187E+01   3.819603E+01
   -7.693677E+01   3.820062E+01
   -7.695005E+01   3.820711E+01
   -7.696380E+01   3.822960E+01
   -7.695854E+01   3.823765E+01
   -7.696370E+01   3.825633E+01
   -7.698208E+01   3.827304E+01
   -7.699053E+01   3.827262E+01
   -7.700226E+01   3.827875E+01
   -7.701878E+01   3.829770E+01
   -7.702923E+01   3.830392E+01
   -7.703220E+01   3.831231E+01
   -7.701657E+01   3.833294E+01
   -7.701877E+01   3.834133E+01
   -7.701630E+01   3.836078E+01
   -7.701803E+01   3.837012E+01
   -7.701476E+01   3.837469E+01
   -7.704245E+01   3.839914E+01
   -7.705507E+01   3.839509E+01
   -7.706966E+01   3.837646E+01
   -7.708374E+01   3.836697E+01
   -7.713807E+01   3.836600E+01
   -7.715715E+01   3.834703E+01
   -7.717699E+01   3.833995E+01
   -7.720434E+01   3.833886E+01
   -7.724538E+01   3.832922E+01
   -7.726629E+01   3.833119E+01
   -7.728589E+01   3.834152E+01
   -7.728975E+01   3.835866E+01
   -7.729839E+01   3.836975E+01
   -7.730655E+01   3.837467E+01
   -7.731218E+01   3.839946E+01
   -7.732421E+01   3.843028E+01
   -7.732458E+01   3.843457E+01
   -7.732196E+01   3.843662E+01
   -7.732035E+01   3.847411E+01
   -7.731164E+01   3.849580E+01
   -7.730156E+01   3.850337E+01
   -7.728455E+01   3.852626E+01
   -7.727791E+01   3.854039E+01
   -7.727748E+01   3.854846E+01
   -7.725793E+01   3.856187E+01
   -7.724779E+01   3.859429E+01
   -7.720468E+01   3.861925E+01
   -7.713246E+01   3.863616E+01
   -7.713810E+01   3.865049E+01
   -7.713453E+01   3.867378E+01
   -7.712369E+01   3.868680E+01
   -7.710595E+01   3.869855E+01
   -7.707515E+01   3.871272E+01
   -7.705384E+01   3.871111E+01
   -7.704472E+01   3.871887E+01
   -7.704054E+01   3.879074E+01
   -7.690965E+01   3.889285E+01
   -7.704097E+01   3.899558E+01
   -7.711984E+01   3.893408E+01
   -7.712956E+01   3.894111E+01
   -7.713724E+01   3.895412E+01
   -7.714800E+01   3.896314E+01
   -7.718181E+01   3.896712E+01
   -7.719761E+01   3.896499E+01
   -7.722442E+01   3.897057E+01
   -7.723018E+01   3.897787E+01
   -7.723584E+01   3.897472E+01
   -7.724594E+01   3.898153E+01
   -7.725756E+01   3.900169E+01
   -7.725456E+01   3.901011E+01
   -7.724671E+01   3.901806E+01
   -7.724770E+01   3.902393E+01
   -7.727548E+01   3.903263E+01
   -7.729553E+01   3.904567E+01
   -7.730637E+01   3.905008E+01
   -7.731545E+01   3.905041E+01
   -7.734017E+01   3.906109E+01
   -7.738598E+01   3.906042E+01
   -7.742097E+01   3.906475E+01
   -7.746256E+01   3.907411E+01
   -7.747046E+01   3.908490E+01
   -7.747047E+01   3.908934E+01
   -7.748473E+01   3.910687E+01
   -7.752147E+01   3.911987E+01
   -7.752621E+01   3.912759E+01
   -7.752907E+01   3.914652E+01
   -7.751898E+01   3.917013E+01
   -7.750974E+01   3.918169E+01
   -7.748593E+01   3.918751E+01
   -7.747893E+01   3.919154E+01
   -7.747568E+01   3.920825E+01
   -7.746024E+01   3.922068E+01
   -7.746071E+01   3.922669E+01
   -7.749057E+01   3.924730E+01
   -7.751171E+01   3.925181E+01
   -7.754420E+01   3.926555E+01
   -7.755504E+01   3.927994E+01
   -7.756197E+01   3.928490E+01
   -7.759228E+01   3.929953E+01
   -7.761655E+01   3.930099E+01
   -7.765108E+01   3.930906E+01
   -7.767607E+01   3.932271E+01
   -7.769312E+01   3.931661E+01
   -7.770792E+01   3.931996E+01
   -7.772601E+01   3.931984E+01
   -7.775573E+01   3.933201E+01
   -7.776099E+01   3.933655E+01
   -7.776260E+01   3.934116E+01
   -7.776082E+01   3.934580E+01
   -7.774956E+01   3.935169E+01
   -7.774516E+01   3.935983E+01
   -7.775455E+01   3.938201E+01
   -7.775012E+01   3.938575E+01
   -7.776163E+01   3.942617E+01
   -7.779522E+01   3.942934E+01
   -7.780498E+01   3.943712E+01
   -7.780130E+01   3.944224E+01
   -7.779927E+01   3.945458E+01
   -7.779932E+01   3.946172E+01
   -7.780286E+01   3.948764E+01
   -7.784607E+01   3.949645E+01
   -7.784942E+01   3.950093E+01
   -7.786368E+01   3.951306E+01
   -7.786789E+01   3.951885E+01
   -7.786669E+01   3.953742E+01
   -7.788743E+01   3.955057E+01
   -7.789036E+01   3.955486E+01
   -7.788867E+01   3.956064E+01
   -7.787943E+01   3.956488E+01
   -7.783721E+01   3.956781E+01
   -7.783137E+01   3.959074E+01
   -7.783365E+01   3.960043E+01
   -7.783829E+01   3.960414E+01
   -7.786420E+01   3.960702E+01
   -7.788437E+01   3.961396E+01
   -7.787958E+01   3.960695E+01
   -7.787955E+01   3.960031E+01
   -7.788233E+01   3.959696E+01
   -7.789029E+01   3.959575E+01
   -7.792421E+01   3.960338E+01
   -7.793247E+01   3.961513E+01
   -7.794074E+01   3.961723E+01
   -7.794305E+01   3.961595E+01
   -7.793777E+01   3.961418E+01
   -7.793377E+01   3.960845E+01
   -7.793478E+01   3.959343E+01
   -7.793894E+01   3.958478E+01
   -7.794674E+01   3.958310E+01
   -7.795246E+01   3.958842E+01
   -7.795215E+01   3.960337E+01
   -7.795578E+01   3.960644E+01
   -7.796658E+01   3.960540E+01
   -7.797719E+01   3.959784E+01
   -7.801066E+01   3.960134E+01
   -7.803812E+01   3.963528E+01
   -7.807684E+01   3.966639E+01
   -7.809064E+01   3.966994E+01
   -7.809906E+01   3.967730E+01
   -7.814007E+01   3.968796E+01
   -7.818139E+01   3.969366E+01
   -7.819044E+01   3.968839E+01
   -7.820167E+01   3.967504E+01
   -7.822249E+01   3.966389E+01
   -7.822217E+01   3.965995E+01
   -7.825296E+01   3.963887E+01
   -7.826097E+01   3.962952E+01
   -7.826128E+01   3.962187E+01
   -7.826583E+01   3.961728E+01
   -7.828752E+01   3.961973E+01
   -7.831019E+01   3.962865E+01
   -7.833991E+01   3.963280E+01
   -7.835170E+01   3.963043E+01
   -7.835446E+01   3.962470E+01
   -7.837046E+01   3.961243E+01
   -7.837537E+01   3.960658E+01
   -7.839369E+01   3.958353E+01
   -7.839871E+01   3.957913E+01
   -7.841549E+01   3.954780E+01
   -7.841904E+01   3.954387E+01
   -7.842463E+01   3.954331E+01
   -7.843301E+01   3.954214E+01
   -7.843742E+01   3.953674E+01
   -7.844960E+01   3.953635E+01
   -7.845987E+01   3.952238E+01
   -7.846830E+01   3.951483E+01
   -7.848304E+01   3.951778E+01
   -7.850359E+01   3.951691E+01
   -7.852313E+01   3.952307E+01
   -7.856592E+01   3.951761E+01
   -7.857974E+01   3.952530E+01
   -7.858851E+01   3.952656E+01
   -7.859367E+01   3.953094E+01
   -7.860335E+01   3.953028E+01
   -7.862337E+01   3.953800E+01
   -7.865372E+01   3.953274E+01
   -7.866892E+01   3.953860E+01
   -7.867609E+01   3.953853E+01
   -7.869110E+01   3.954468E+01
   -7.869607E+01   3.955239E+01
   -7.870803E+01   3.955407E+01
   -7.871433E+01   3.956070E+01
   -7.872545E+01   3.956246E+01
   -7.873317E+01   3.957407E+01
   -7.873927E+01   3.958453E+01
   -7.874527E+01   3.957799E+01
   -7.876159E+01   3.958116E+01
   -7.876856E+01   3.958838E+01
   -7.877851E+01   3.960108E+01
   -7.877775E+01   3.960436E+01
   -7.876202E+01   3.961160E+01
   -7.875107E+01   3.961165E+01
   -7.873493E+01   3.961562E+01
   -7.873768E+01   3.962088E+01
   -7.874720E+01   3.962575E+01
   -7.876456E+01   3.961800E+01
   -7.877839E+01   3.962194E+01
   -7.877887E+01   3.962420E+01
   -7.877262E+01   3.963764E+01
   -7.876809E+01   3.964032E+01
   -7.876556E+01   3.964608E+01
   -7.876643E+01   3.964804E+01
   -7.876916E+01   3.964578E+01
   -7.877559E+01   3.964527E+01
   -7.878105E+01   3.963578E+01
   -7.879450E+01   3.963589E+01
   -7.879603E+01   3.962844E+01
   -7.879986E+01   3.962705E+01
   -7.879438E+01   3.961523E+01
   -7.879505E+01   3.960479E+01
   -7.879911E+01   3.960321E+01
   -7.881058E+01   3.959683E+01
   -7.881635E+01   3.959317E+01
   -7.881747E+01   3.958924E+01
   -7.882430E+01   3.957823E+01
   -7.881896E+01   3.957762E+01
   -7.881172E+01   3.956816E+01
   -7.881455E+01   3.956164E+01
   -7.882190E+01   3.955879E+01
   -7.883856E+01   3.956660E+01
   -7.884163E+01   3.956165E+01
   -7.884943E+01   3.955913E+01
   -7.885041E+01   3.955045E+01
   -7.886028E+01   3.953976E+01
   -7.886746E+01   3.953179E+01
   -7.887372E+01   3.952142E+01
   -7.887967E+01   3.951963E+01
   -7.889092E+01   3.951305E+01
   -7.890301E+01   3.950205E+01
   -7.891197E+01   3.949311E+01
   -7.891569E+01   3.948499E+01
   -7.893401E+01   3.948436E+01
   -7.894078E+01   3.947990E+01
   -7.893707E+01   3.947451E+01
   -7.894075E+01   3.946874E+01
   -7.895763E+01   3.946132E+01
   -7.895263E+01   3.945468E+01
   -7.895734E+01   3.945052E+01
   -7.895416E+01   3.944777E+01
   -7.895558E+01   3.943886E+01
   -7.896602E+01   3.943661E+01
   -7.898000E+01   3.944779E+01
   -7.901092E+01   3.945928E+01
   -7.901859E+01   3.946596E+01
   -7.903112E+01   3.946350E+01
   -7.903613E+01   3.946732E+01
   -7.903767E+01   3.947653E+01
   -7.904491E+01   3.947953E+01
   -7.904754E+01   3.948306E+01
   -7.905281E+01   3.948091E+01
   -7.905470E+01   3.947123E+01
   -7.905699E+01   3.947015E+01
   -7.906104E+01   3.947134E+01
   -7.906554E+01   3.947934E+01
   -7.906729E+01   3.947964E+01
   -7.906789E+01   3.947285E+01
   -7.908293E+01   3.946971E+01
   -7.909288E+01   3.946455E+01
   -7.909570E+01   3.946081E+01
   -7.910019E+01   3.945678E+01
   -7.910248E+01   3.944781E+01
   -7.910937E+01   3.943099E+01
   -7.912610E+01   3.941691E+01
   -7.913938E+01   3.940834E+01
   -7.914277E+01   3.940362E+01
   -7.915982E+01   3.939119E+01
   -7.916145E+01   3.938655E+01
   -7.916692E+01   3.938591E+01
   -7.917601E+01   3.938781E+01
   -7.918431E+01   3.938349E+01
   -7.920144E+01   3.937722E+01
   -7.921344E+01   3.936188E+01
   -7.923449E+01   3.935693E+01
   -7.924202E+01   3.935763E+01
   -7.924991E+01   3.935368E+01
   -7.925176E+01   3.934830E+01
   -7.925225E+01   3.933632E+01
   -7.925954E+01   3.933254E+01
   -7.926910E+01   3.932758E+01
   -7.928197E+01   3.930921E+01
   -7.928923E+01   3.929783E+01
   -7.932058E+01   3.929821E+01
   -7.933161E+01   3.929827E+01
   -7.933951E+01   3.929195E+01
   -7.934503E+01   3.929165E+01
   -7.934170E+01   3.928716E+01
   -7.934355E+01   3.928357E+01
   -7.934947E+01   3.928330E+01
   -7.935635E+01   3.927465E+01
   -7.937352E+01   3.927200E+01
   -7.938078E+01   3.926520E+01
   -7.938527E+01   3.926579E+01
   -7.938610E+01   3.926214E+01
   -7.939216E+01   3.925935E+01
   -7.939863E+01   3.924973E+01
   -7.940656E+01   3.924513E+01
   -7.941121E+01   3.923869E+01
   -7.941892E+01   3.923726E+01
   -7.942291E+01   3.923248E+01
   -7.942242E+01   3.922646E+01
   -7.942492E+01   3.922366E+01
   -7.943188E+01   3.922241E+01
   -7.943943E+01   3.921511E+01
   -7.945260E+01   3.920872E+01
   -7.946860E+01   3.920233E+01
   -7.947334E+01   3.920025E+01
   -7.948857E+01   3.920586E+01
   -7.948401E+01   3.953163E+01
   -7.948055E+01   3.953333E+01
   -7.947812E+01   3.972201E+01
   -7.947807E+01   3.972969E+01
END
END
