Калмыкия
1
	44.7464306724	48.2501486532
	44.751968387	48.2489766974
	44.7543941096	48.2569732333
	44.7585400916	48.267988843
	44.763397652	48.2787097073
	44.7689459901	48.2890899178
	44.775161347	48.2990850247
	44.7820171076	48.3086522276
	44.7894839145	48.3177505581
	44.7975297937	48.3263410559
	44.8061202915	48.3343869351
	44.8133008834	48.3403615206
	44.8185804244	48.34452717
	44.820498163	48.3460193914
	44.8300653659	48.3528751521
	44.8400604729	48.359090509
	44.8504406833	48.364638847
	44.8554949674	48.3670343778
	44.8677172574	48.3725962064
	44.8733838376	48.3750582361
	44.8843994474	48.379204218
	44.8919668915	48.3815882198
	44.898627353	48.3835260861
	44.9023230935	48.3845587339
	44.9137856224	48.3872314208
	44.9233898836	48.3888727475
	44.931171866	48.3899866391
	44.9331803937	48.3902625916
	44.9448937147	48.391416253
	44.9566574097	48.3918013565
	44.9684211046	48.391416253
	44.9801344257	48.3902625916
	44.9917472145	48.3883453124
	45.0032097434	48.3856726255
	45.0144729281	48.3822559758
	45.0198542466	48.3803334004
	45.0265223375	48.377830959
	45.0321566287	48.3756075525
	45.042877493	48.3707499921
	45.0532577034	48.365201654
	45.0594628624	48.3614503379
	45.064734774	48.3581162924
	45.0674670925	48.356353553
	45.0773165799	48.3518596112
	45.0876967903	48.3463112731
	45.090716734	48.344528228
	45.0908142481	48.3444828958
	45.0945437527	48.3426967084
	45.0997073204	48.3400458983
	45.1024386111	48.3389406824
	45.1131594754	48.3340831219
	45.1231359435	48.328767188
	45.1259387112	48.3274150311
	45.1363189217	48.3218666931
	45.1377676044	48.3210212648
	45.1410146069	48.3191060139
	45.1449829493	48.3172612161
	45.1487124539	48.3154750287
	45.1590926644	48.3099266906
	45.1690877713	48.3037113337
	45.1716631206	48.3019580891
	45.180499098	48.297322531
	45.1868712898	48.2938134094
	45.1953794505	48.288580976
	45.20720257	48.2878683198
	45.2081443102	48.2878090753
	45.2169056347	48.2870192468
	45.2878698139	48.2788680048
	45.313277401	48.2771039547
	45.314551029	48.2770109824
	45.3372447575	48.2752733731
	45.3476291741	48.2754858345
	45.3570589831	48.2765340478
	45.3651665418	48.2772499933
	45.371385724	48.2775496187
	45.3894445009	48.2781065645
	45.4067527087	48.2778069391
	45.4184660297	48.2766532777
	45.4300788185	48.2747359985
	45.4415413474	48.2720633116
	45.4528045321	48.2686466619
	45.4638201419	48.2645006799
	45.4745410062	48.2596431195
	45.4849212166	48.2540947814
	45.4949163235	48.2478794245
	45.4976156552	48.2460401174
	45.509750154	48.2376093954
	45.5130179339	48.2358205584
	45.5165832039	48.2338158508
	45.5265783109	48.2276004939
	45.5361455137	48.2207447332
	45.5404844152	48.2173080264
	45.5482839134	48.2109325572
	45.5557454861	48.2062076716
	45.5597775147	48.2034334721
	45.5634114846	48.2011656829
	45.5781865988	48.191698929
	45.5814917946	48.1926184263
	45.5828253479	48.1929702765
	45.5834514892	48.1931329151
	45.5902328824	48.1955875798
	45.6014960671	48.1990042295
	45.612958596	48.2016769164
	45.6162700534	48.2023034132
	45.6257623273	48.2050874891
	45.6298316384	48.2062292662
	45.6412941673	48.208901953
	45.6529069562	48.2108192322
	45.653296239	48.2108700502
	45.6539990267	48.2109610138
	45.6676101134	48.2139657437
	45.6712929466	48.2147384399
	45.6829057355	48.2166557191
	45.6946190565	48.2178093805
	45.7063827515	48.218194484
	45.7181464464	48.2178093805
	45.7269708713	48.2170122927
	45.7341882786	48.2161806887
	45.7370771747	48.2158241151
	45.7486899636	48.2139068359
	45.7601524925	48.211234149
	45.7714156771	48.2078174993
	45.7824312869	48.2036715173
	45.7931521512	48.1988139569
	45.8035323616	48.1932656188
	45.8135274686	48.1870502619
	45.8153436073	48.1858206746
	45.820615519	48.1822043416
	45.8283665831	48.1765781683
	45.8374649136	48.1691113614
	45.8460554114	48.1610654822
	45.8541012906	48.1524749844
	45.8615680975	48.1433766539
	45.8650447539	48.1386903043
	45.8721195501	48.1300404722
	45.8754942508	48.1254961713
	45.8826862616	48.11671192
	45.8895420222	48.1071447171
	45.8957573791	48.0971496102
	45.9013057172	48.0867693997
	45.9061632776	48.0760485354
	45.9103092595	48.0650329257
	45.9105724344	48.0642517611
	45.9122432718	48.0592545077
	45.9153967466	48.0487724876
	45.9180694335	48.0373099587
	45.9199867127	48.0256971698
	45.9211403741	48.0139838488
	45.9215254776	48.0022201538
	45.9211403741	47.9904564588
	45.9199867127	47.9787431378
	45.9180694335	47.967130349
	45.9153967466	47.95566782
	45.9141505609	47.9512438787
	45.913582175	47.9493206192
	45.9129364725	47.947107743
	45.911225468	47.9416839181
	45.9127363196	47.9402250281
	45.9207821988	47.9316345303
	45.9282490057	47.9225361998
	45.9283837448	47.9223603803
	45.9319924484	47.9176454145
	45.9387134699	47.9082540311
	45.9449288268	47.8982589241
	45.9504771649	47.8878787137
	45.9505356246	47.8877600591
	45.9603042269	47.8847507878
	45.9713198367	47.8806048059
	45.9791124796	47.8771585343
	45.9838274454	47.8749383805
	45.9867556668	47.8735270917
	45.9971358772	47.8679787536
	46.0071309842	47.8617633967
	46.0166981871	47.8549076361
	46.0257965176	47.8474408292
	46.0343870154	47.83939495
	46.0424328946	47.8308044522
	46.0498997015	47.8217061216
	46.0567554621	47.8121389188
	46.062970819	47.8021438118
	46.0685191571	47.7917636014
	46.0733767175	47.7810427371
	46.0775226994	47.7700271273
	46.0809393492	47.7587639427
	46.0824009213	47.7529194601
	46.0899322029	47.748807611
	46.0986711492	47.7434240053
	46.1244966497	47.7264791201
	46.1257528104	47.7256473689
	46.1353200132	47.7187916082
	46.1396782388	47.7153391032
	46.1488411417	47.7078470378
	46.1535812466	47.7038327359
	46.1621717444	47.6957868567
	46.1636078041	47.6943343959
	46.1649734494	47.6929373765
	46.1705185025	47.6882687711
	46.1791090003	47.6802228919
	46.1829568888	47.6762548963
	46.1871732703	47.6721738806
	46.1943515067	47.6645654992
	46.1987745128	47.6624043988
	46.205488843	47.6597796106
	46.2104495574	47.6576369563
	46.2180635952	47.6547515837
	46.2214202548	47.6536487981
	46.2273134384	47.6515332384
	46.235870383	47.6482922122
	46.238485012	47.647612628
	46.2497481967	47.6441959783
	46.2587111814	47.6408854439
	46.2674573997	47.6385672041
	46.2679268455	47.6384420957
	46.2781444863	47.6353767888
	46.2952159108	47.6296983319
	46.3058104158	47.6267983375
	46.3161391879	47.62363476
	46.3236018095	47.6209163582
	46.3299876127	47.6184291755
	46.3308928339	47.6180737829
	46.3409474632	47.6227715836
	46.3439432346	47.6248172907
	46.3498831933	47.6286199366
	46.3546549624	47.6324116034
	46.3642221652	47.639267364
	46.3693521274	47.6425706296
	46.3796365512	47.6489488035
	46.384501696	47.6518608947
	46.3921522024	47.6560341355
	46.4006143771	47.662048736
	46.4070656666	47.6661635943
	46.4111734592	47.6689914851
	46.4123600662	47.6697775771
	46.4139591208	47.6708278232
	46.4163309877	47.6726795477
	46.4258981906	47.6795353083
	46.4321981785	47.6835580271
	46.4364572726	47.6864933161
	46.4424042588	47.6903002687
	46.4514566623	47.6967624812
	46.458541448	47.7012609131
	46.4657022071	47.7055765379
	46.471952811	47.7113248013
	46.4810511416	47.7187916082
	46.4833178958	47.7205026872
	46.484319306	47.7214087659
	46.4864028842	47.7232648038
	46.4955012148	47.7307316107
	46.4996270203	47.7338047161
	46.5002807529	47.7343808316
	46.5093790835	47.7418476385
	46.5189462863	47.7487033991
	46.5289413933	47.754918756
	46.5389539209	47.7602852515
	46.5502470566	47.7673687892
	46.5558884147	47.7707650085
	46.5662686252	47.7763133466
	46.5769894895	47.781170907
	46.579495167	47.7821867961
	46.595374473	47.7907590038
	46.6012646579	47.7937999188
	46.6119855222	47.7986574792
	46.6230011319	47.8028034612
	46.6342643166	47.8062201109
	46.6457268455	47.8088927978
	46.6573396344	47.810810077
	46.6690529554	47.8119637384
	46.6808166504	47.8123488419
	46.6925803454	47.8119637384
	46.7042936664	47.810810077
	46.7159064552	47.8088927978
	46.7273689842	47.8062201109
	46.7386321688	47.8028034612
	46.7414903342	47.8018063442
	46.7817735373	47.7873715298
	46.7892240128	47.7845137421
	46.8009530699	47.7797137158
	46.8141752772	47.775489465
	46.8172530795	47.7744755193
	46.823130723	47.7723658447
	46.8620177469	47.7576411132
	46.8671146007	47.7556218293
	46.8993335338	47.7422856476
	46.8993746463	47.7422686243
	46.9100955106	47.7374110638
	46.920475721	47.7318627258
	46.9304708279	47.7256473689
	46.9400380308	47.7187916082
	46.9491363614	47.7113248013
	46.9577268591	47.7032789221
	46.9657727383	47.6946884243
	46.9732395453	47.6855900938
	46.9800953059	47.6760228909
	46.9863106628	47.666027784
	46.9918590009	47.6556475735
	46.9967165613	47.6449267092
	47.0008625432	47.6339110995
	47.0042791929	47.6226479148
	47.0069518798	47.6111853859
	47.008869159	47.5995725971
	47.0100228204	47.587859276
	47.0104079239	47.5760955811
	47.0100228204	47.5643318861
	47.008869159	47.552618565
	47.0069518798	47.5410057762
	47.0042791929	47.5295432473
	47.0008625432	47.5182800626
	46.9967165613	47.5072644529
	46.9918590009	47.4965435886
	46.9863106628	47.4861633781
	46.9800953059	47.4761682712
	46.9732395453	47.4666010683
	46.9657727383	47.4575027378
	46.9577268591	47.44891224
	46.9491363614	47.4408663608
	46.9400380308	47.4333995539
	46.9304708279	47.4265437932
	46.920475721	47.4203284363
	46.9100955106	47.4147800983
	46.9050860151	47.4124049563
	46.769439635	47.3506334291
	46.7699085516	47.3500340635
	46.7767643122	47.3404668607
	46.7829796691	47.3304717537
	46.7885280072	47.3200915433
	46.7892986532	47.3185093612
	46.7907616515	47.3160216805
	46.7912656731	47.3151429844
	46.7982215315	47.3063572967
	46.7998997015	47.3042042906
	46.8067554621	47.2946370877
	46.812970819	47.2846419808
	46.8179317883	47.2754419145
	46.8194261398	47.2724668377
	46.8207528014	47.2702071663
	46.8208398147	47.2700562863
	46.8261269851	47.2608781247
	46.8315883099	47.2506487942
	46.8324211868	47.2489371124
	46.8328648781	47.2481908299
	46.8369136282	47.242852443
	46.8431553034	47.2340902127
	46.8490271225	47.2246875233
	46.8526851709	47.2197909064
	46.8657004744	47.2027479338
	46.8724531165	47.1963361731
	46.8755088031	47.1932052409
	46.8788556365	47.190731089
	46.881429022	47.1887928289
	46.8905273526	47.181326022
	46.8939213626	47.1782724883
	46.9011463992	47.1716043975
	46.906342887	47.166612052
	46.9101731819	47.1626627633
	46.9184030388	47.1614405074
	46.9351081956	47.1595865025
	46.9387449603	47.1591453431
	46.9503577492	47.1572280639
	46.9504594685	47.1572078002
	46.9629640461	47.1547129882
	46.9743248557	47.152060565
	46.9855880404	47.1486439153
	46.9966036502	47.1444979333
	47.0073245145	47.1396403729
	47.0177047249	47.1340920348
	47.0276998318	47.1278766779
	47.0372670347	47.1210209173
	47.0463653653	47.1135541104
	47.0549558631	47.1055082312
	47.0630017422	47.0969177334
	47.0704685492	47.0878194029
	47.0773243098	47.0782522
	47.0835396667	47.0682570931
	47.0890880048	47.0578768826
	47.089994335	47.0560120053
	47.0991368725	47.0369210789
	47.1173272487	47.037922328
	47.1186904935	47.0379151964
	47.1272125244	47.0381941788
	47.1389762194	47.0378090753
	47.1506895404	47.0366554139
	47.1623023293	47.0347381347
	47.1737648582	47.0320654478
	47.1850280429	47.0286487981
	47.1960436526	47.0245028162
	47.2067645169	47.0196452557
	47.2171447273	47.0140969177
	47.2271398343	47.0078815608
	47.2367070372	47.0010258001
	47.2458053677	46.9935589932
	47.2543958655	46.985513114
	47.255333357	46.9845686606
	47.2747806837	46.9648314169
	47.2818890713	46.9571853726
	47.2893558783	46.948087042
	47.2962116389	46.9385198392
	47.3024269958	46.9285247322
	47.3079753339	46.9181445218
	47.3128328943	46.9074236575
	47.3141103791	46.9042547343
	47.3461722352	46.8762161825
	47.3463607876	46.8760510587
	47.3549512854	46.8680051795
	47.3629971646	46.8594146817
	47.3704639715	46.8503163511
	47.3773197321	46.8407491483
	47.383535089	46.8307540413
	47.3890834271	46.8203738309
	47.3939409875	46.8096529666
	47.3980869695	46.7986373568
	47.4015036192	46.7873741722
	47.4041763061	46.7759116432
	47.4060935853	46.7642988544
	47.4072472467	46.7525855334
	47.4076323502	46.7408218384
	47.4072472467	46.7290581434
	47.4060935853	46.7173448224
	47.4041763061	46.7057320335
	47.4015036192	46.6942695046
	47.3980869695	46.6830063199
	47.3939409875	46.6719907102
	47.3890834271	46.6612698459
	47.383535089	46.6508896354
	47.3773197321	46.6408945285
	47.3704639715	46.6313273256
	47.3629971646	46.6222289951
	47.3549512854	46.6136384973
	47.3463607876	46.6055926181
	47.3372624571	46.5981258112
	47.3276952542	46.5912700506
	47.3177001473	46.5850546937
	47.30765485	46.5796719491
	47.305644632	46.5786754229
	47.3054787536	46.5783874992
	47.2992633967	46.5683923923
	47.2924076361	46.5588251894
	47.2849408292	46.5497268589
	47.27689495	46.5411363611
	47.2683044522	46.5330904819
	47.2592061216	46.525623675
	47.2496389188	46.5187679143
	47.2396438118	46.5125525574
	47.2292636014	46.5070042194
	47.2185427371	46.5021466589
	47.2075271273	46.498000677
	47.1962639427	46.4945840273
	47.1935387534	46.4938766286
	47.1368838947	46.4796426403
	47.1404602788	46.4505196768
	47.141416253	46.4403601916
	47.1418013565	46.4285964966
	47.141416253	46.4168328016
	47.1402625916	46.4051194806
	47.1383453124	46.3935066917
	47.1356726255	46.3820441628
	47.1322559758	46.3707809781
	47.1281099939	46.3597653684
	47.1232524335	46.3490445041
	47.1177040954	46.3386642937
	47.1114887385	46.3286691867
	47.1046329779	46.3191019838
	47.097166171	46.3100036533
	47.0891202918	46.3014131555
	47.0863250018	46.2987950808
	47.1142717187	46.3013342273
	47.1187828748	46.301686944
	47.1305465698	46.3020720475
	47.1399018273	46.301828586
	47.1560151086	46.3009893526
	47.1584235461	46.3008477106
	47.1701368671	46.2996940491
	47.1817496559	46.2977767699
	47.1928653412	46.2951966487
	47.2011890106	46.2929841242
	47.2015358543	46.2928915586
	47.212799039	46.2894749089
	47.2238146487	46.285328927
	47.234535513	46.2804713666
	47.2369607281	46.2792525481
	47.2483590436	46.2734160613
	47.2563140389	46.2690865417
	47.2663091458	46.2628711848
	47.2758763487	46.2560154242
	47.2849746792	46.2485486172
	47.2911281796	46.2428939093
	47.2935806363	46.2407818936
	47.302171134	46.2327360144
	47.3102170132	46.2241455166
	47.3176838202	46.2150471861
	47.3245395808	46.2054799832
	47.3307549377	46.1954848763
	47.3363032758	46.1851046658
	47.3376525895	46.1823079237
	47.3401474015	46.1770207533
	47.3436556482	46.1690966311
	47.3478016301	46.1580810214
	47.3512182798	46.1468178367
	47.3538909667	46.1353553078
	47.3558082459	46.1237425189
	47.3569619073	46.1120291979
	47.3573470108	46.1002655029
	47.3569619073	46.0885018079
	47.3559719346	46.0780672213
	47.3558632745	46.0762718885
	47.3547096131	46.0645585675
	47.3527923339	46.0529457786
	47.350119647	46.0414832497
	47.3467029973	46.030220065
	47.3425570154	46.0192044553
	47.3388719432	46.0109067058
	47.3363695018	46.0056347942
	47.3351970135	46.0032116794
	47.3296486755	45.9928314689
	47.3234333186	45.982836362
	47.316577558	45.9732691591
	47.3156282891	45.972043028
	47.3086855401	45.9631547834
	47.302168002	45.955282584
	47.2941221228	45.9466920862
	47.2902686868	45.9429520183
	47.276515546	45.9258574454
	47.2716046475	45.920011893
	47.2635587683	45.9114213953
	47.2593846046	45.9073799415
	47.2593054375	45.9073057308
	47.2486115099	45.8941765083
	47.2443829678	45.8891738803
	47.2363370886	45.8805833826
	47.2297504239	45.8743214309
	47.227448844	45.8719774255
	47.2188583462	45.8639315463
	47.2183194605	45.8634608491
	47.214153811	45.8598368867
	47.2055943663	45.852840777
	47.1960271634	45.8459850164
	47.1860320564	45.8397696595
	47.1812105651	45.8370837472
	47.1800509119	45.8342145261
	47.1767754141	45.8267856111
	47.1743849983	45.8216794919
	47.1711524111	45.8125509583
	47.1821670865	45.8166965886
	47.1853795344	45.8177534929
	47.2045598322	45.8238646379
	47.2126105691	45.8262243833
	47.224073098	45.8288970702
	47.2334264748	45.8305023056
	47.2392221652	45.834541717
	47.2492172722	45.8407570739
	47.2519627885	45.842310259
	47.2569600419	45.8450797292
	47.264594736	45.8490748822
	47.2753156003	45.8539324426
	47.2863312101	45.8580784245
	47.2975943947	45.8614950743
	47.3090569237	45.8641677612
	47.3206697125	45.8660850403
	47.3250347407	45.8666055244
	47.3405987055	45.8682687324
	47.3479469984	45.8689019098
	47.3597106934	45.8692870133
	47.3714743883	45.8689019098
	47.3831877094	45.8677482484
	47.3948004982	45.8658309692
	47.4062630271	45.8631582823
	47.4175262118	45.8597416326
	47.4205706216	45.8586776624
	47.441406498	45.851185597
	47.449377698	45.8481035852
	47.4600985623	45.8432460248
	47.4704787728	45.8376976867
	47.4804738797	45.8314823298
	47.4895864236	45.8249742933
	47.4932101956	45.8222119526
	47.4932805116	45.822193318
	47.4937569236	45.8220663633
	47.5050201083	45.8186497136
	47.509008433	45.8172433566
	47.5234585063	45.8119561862
	47.5304857913	45.8092165613
	47.5412066556	45.8043590009
	47.551586866	45.7988106628
	47.556334014	45.7959716875
	47.5621628715	45.7923629839
	47.5674108304	45.7889866023
	47.5769780332	45.7821308416
	47.5860763638	45.7746640347
	47.5946668616	45.7666181555
	47.5990383057	45.7620910127
	47.6029292969	45.7579177339
	47.606603732	45.7538543789
	47.6140705389	45.7447560484
	47.6209262995	45.7351888455
	47.6271416564	45.7251937386
	47.6326899945	45.7148135281
	47.6375475549	45.7040926638
	47.6416935369	45.6930770541
	47.6447225792	45.6832370711
	47.6461034996	45.6782474471
	47.646491107	45.6768242454
	47.6491637939	45.6653617165
	47.6494908191	45.6636756162
	47.7131222799	45.6020190807
	47.7151426306	45.6000303259
	47.7231885098	45.5914398282
	47.7306553167	45.5823414976
	47.7375110774	45.5727742947
	47.7437264343	45.5627791878
	47.7492747723	45.5523989773
	47.7541323328	45.5416781131
	47.7582783147	45.5306625033
	47.7616949644	45.5193993186
	47.7643676513	45.5079367897
	47.7662849305	45.4963240009
	47.7669666691	45.4903844468
	47.7680347843	45.479482042
	47.7685067071	45.4737082751
	47.7688918106	45.4619445801
	47.7685067071	45.4501808851
	47.7674288637	45.4390508268
	47.7646517641	45.4174100493
	47.7646025576	45.4170298135
	47.7642850475	45.4145966836
	47.762219079	45.3982744114
	47.7621040223	45.3973832745
	47.7601867431	45.3857704857
	47.7575140562	45.3743079568
	47.7544722164	45.3641609151
	47.7524289949	45.3557266096
	47.7491565665	45.344938859
	47.8512888254	45.1576963843
	47.8547021426	45.1511199228
	47.859559703	45.1403990585
	47.8637056849	45.1293834487
	47.8671223346	45.1181202641
	47.8697950215	45.1066577351
	47.8717123007	45.0950449463
	47.8728659621	45.0833316253
	47.8732510656	45.0715679303
	47.8728659621	45.0598042353
	47.8717123007	45.0480909143
	47.8697950215	45.0364781254
	47.8671223346	45.0250155965
	47.8637056849	45.0137524118
	47.859559703	45.0027368021
	47.8547021426	44.9920159378
	47.8491538045	44.9816357274
	47.8429384476	44.9716406204
	47.836082687	44.9620734175
	47.8286158801	44.952975087
	47.8205700009	44.9443845892
	47.8185023836	44.9423500516
	47.4828232446	44.6173273933
	47.4763003641	44.6113160516
	47.4672020336	44.6038492447
	47.4576348307	44.5969934841
	47.4476397237	44.5907781272
	47.4372595133	44.5852297891
	47.426538649	44.5803722287
	47.4155230393	44.5762262468
	47.4042598546	44.5728095971
	47.3927973257	44.5701369102
	47.3811845368	44.568219631
	47.3694712158	44.5670659696
	47.3577075208	44.5666808661
	47.3459438258	44.5670659696
	47.3342305048	44.568219631
	47.322617716	44.5701369102
	47.311155187	44.5728095971
	47.2998920024	44.5762262468
	47.2888763926	44.5803722287
	47.2781555283	44.5852297891
	47.2677753179	44.5907781272
	47.2577802109	44.5969934841
	47.2567751159	44.5976699747
	47.2173163746	44.6244216637
	47.2109972659	44.6216611243
	47.2035670527	44.6187746154
	47.1817622431	44.6108553039
	47.1781768466	44.6095958308
	47.1669136619	44.6061791811
	47.155451133	44.6035064942
	47.1438383441	44.601589215
	47.1321250231	44.6004355536
	47.1203613281	44.6000504501
	47.1085976331	44.6004355536
	47.0968843121	44.601589215
	47.0852715233	44.6035064942
	47.0851107284	44.6035385545
	47.0830937124	44.6035671819
	47.0784454346	44.6034150131
	47.0666817396	44.6038001166
	47.0549684186	44.604953778
	47.0543376032	44.605057926
	47.046849012	44.6004012208
	47.0364688016	44.5948528827
	47.0257479373	44.5899953223
	47.0147323275	44.5858493403
	47.0034691429	44.5824326906
	46.9920066139	44.5797600037
	46.9803938251	44.5778427245
	46.9802821136	44.577828053
	46.9793191722	44.577425913
	46.9683035624	44.5732799311
	46.9570403777	44.5698632814
	46.9455778488	44.5671905945
	46.93396506	44.5652733153
	46.922251739	44.5641196539
	46.910488044	44.5637345504
	46.898724349	44.5641196539
	46.887011028	44.5652733153
	46.8753982391	44.5671905945
	46.8726198954	44.5677660588
	46.8493808443	44.5727709234
	46.8406966591	44.574868146
	46.8294334745	44.5782847957
	46.8184178647	44.5824307776
	46.8168238133	44.5831530329
	46.812583092	44.5827353583
	46.800819397	44.5823502548
	46.789055702	44.5827353583
	46.777342381	44.5838890197
	46.7657295921	44.5858062989
	46.7637526199	44.5862110853
	46.7479216262	44.5895451307
	46.7384360695	44.5918130312
	46.7271728849	44.5952296809
	46.7161572751	44.5993756629
	46.7054364108	44.6042332233
	46.6950562004	44.6097815613
	46.6889503398	44.6134701249
	46.6836707988	44.6168041703
	46.6797815524	44.6193309637
	46.6702143496	44.6261867243
	46.661116019	44.6336535312
	46.6525255212	44.6416994104
	46.644479642	44.6502899082
	46.6370128351	44.6593882387
	46.6301570745	44.6689554416
	46.6239417176	44.6789505485
	46.6213144923	44.6838657413
	46.6168286227	44.6858982623
	46.6120722581	44.6883323258
	46.61145158	44.6885809002
	46.6094907102	44.6893796301
	46.5987698459	44.6942371906
	46.5883896354	44.6997855286
	46.5870219863	44.7005831876
	46.5829998248	44.7029528331
	46.5827907495	44.7030524514
	46.5810635845	44.7037649714
	46.5514628002	44.7133044572
	46.5415124317	44.7158843697
	46.5401023293	44.7162560854
	46.5288391446	44.7196727351
	46.5229752748	44.7217771949
	46.4836454372	44.7318638424
	46.4817756081	44.7323541079
	46.4705124234	44.7357707576
	46.4594968137	44.7399167395
	46.4585832026	44.7402981188
	46.4254398993	44.7509049467
	46.4224472379	44.7518916682
	46.4146712768	44.7547324491
	46.4118974568	44.7558187929
	46.4073064809	44.7570103439
	46.4059394265	44.7573708925
	46.402876125	44.7582207865
	46.3716111314	44.760211678
	46.3712776869	44.7602332221
	46.3604906225	44.7612673851
	46.3341081762	44.7646014305
	46.3331819195	44.7647209289
	46.3291929472	44.765291615
	46.2680952923	44.7747321815
	46.2562284348	44.7755868974
	46.2456727643	44.7766609313
	46.2400471056	44.7774922376
	46.2291159221	44.7792845578
	46.1796099457	44.7839952048
	46.173170628	44.7847252014
	46.1654015138	44.7859212743
	46.1525544856	44.7881875245
	46.1340067925	44.7856589252
	46.1331877094	44.785549176
	46.1214743883	44.7843955145
	46.1097106934	44.784010411
	46.1036015101	44.7841141917
	46.0872135706	44.7846711375
	46.0815590589	44.7849524603
	46.0698457379	44.7861061218
	46.0611135991	44.7874747768
	46.0366766484	44.7919227138
	46.0337959984	44.792471338
	46.0239737288	44.7947127968
	46.0164587752	44.796650663
	46.0148185158	44.7970818911
	46.0035553312	44.8004985408
	45.9970337238	44.8028534664
	45.9932349662	44.804308546
	45.9907687236	44.80495354
	45.9806837421	44.8033332946
	45.9761703987	44.8027970234
	45.960339405	44.8011185566
	45.9531394274	44.8005011664
	45.9413757324	44.8001160629
	45.9296120374	44.8005011664
	45.9268334331	44.8007049098
	45.909621519	44.802101089
	45.9006868023	44.803051007
	45.8890740135	44.8049682862
	45.8820269636	44.8065175905
	45.8670199446	44.8101339235
	45.8626044655	44.8112573061
	45.8513412809	44.8146739558
	45.8508976944	44.8148251779
	45.8371021514	44.819548257
	45.8327515663	44.8206762684
	45.8242413745	44.8187820225
	45.8205081637	44.8175099817
	45.8203124667	44.817443426
	45.809049282	44.8140267763
	45.8036772146	44.8126756437
	45.7895017996	44.8093415983
	45.7873639178	44.8088525056
	45.7523678851	44.8010705232
	45.7484153053	44.8002380616
	45.7368025165	44.7983207824
	45.7338280622	44.7979543713
	45.7265801374	44.7971227673
	45.7178412707	44.796335517
	45.7060775757	44.7959504135
	45.6943138807	44.796335517
	45.6826005597	44.7974891784
	45.6709877708	44.7994064576
	45.6595252419	44.8020791445
	45.6482620572	44.8054957942
	45.6372464475	44.8096417761
	45.6265255832	44.8144993365
	45.6161453728	44.8200476746
	45.6061502658	44.8262630315
	45.5965830629	44.8331187921
	45.5874847324	44.8405855991
	45.5788942346	44.8486314783
	45.5774967432	44.8500444969
	45.5761310816	44.8514406761
	45.5694826938	44.8586181552
	45.5620158869	44.8677164858
	45.5551601263	44.8772836887
	45.5489447694	44.8872787956
	45.5433964313	44.8976590061
	45.5385388709	44.9083798703
	45.5343928889	44.9193954801
	45.5309762392	44.9306586648
	45.5283035523	44.9421211937
	45.5278307414	44.9449849671
	45.5236452914	44.9494537265
	45.5218210112	44.9515667755
	45.5165566912	44.9577609269
	45.5130830774	44.9611421594
	45.5050371982	44.9697326572
	45.5043612775	44.9705078569
	45.5021861976	44.9730168575
	45.4978014001	44.9772554407
	45.4897555209	44.9858459384
	45.482288714	44.994944269
	45.4815492031	44.995914817
	45.4680483056	45.0137588804
	45.4663961181	45.0145846081
	45.4029570883	45.0388277136
	45.3642993438	45.050483762
	45.3542204531	45.0529137693
	45.3498252297	45.0540322695
	45.3409304873	45.0566632213
	45.3203768984	45.0633236827
	45.3180084562	45.0641093806
	45.311188694	45.0665788154
	45.2592401466	45.0865830878
	45.2550442991	45.088259635
	45.2445589113	45.0930012848
	45.2432901733	45.0934693923
	45.2367184934	45.0960416174
	45.2259976291	45.1008991779
	45.2233037174	45.1022558668
	45.1974364731	45.1120455301
	45.1922696408	45.1140927649
	45.1891738357	45.1154091408
	45.1641860445	45.1263113095
	45.1259484432	45.1367517473
	45.1155090665	45.1399455623
	45.1060534049	45.1434539378
	45.1000659461	45.1458685523
	45.0894012784	45.1491237239
	45.0833859765	45.1512855878
	45.0696360438	45.1565049283
	45.0618919625	45.1588294299
	45.0557861661	45.1607814387
	45.0447705564	45.1649274207
	45.0340496921	45.1697849811
	45.0333357003	45.1701390515
	45.024373076	45.1735485948
	45.0194943723	45.1754865027
	45.008773508	45.1803440631
	45.0070355937	45.1812128085
	45.0056600618	45.1817395738
	45.0011533078	45.1835355139
	44.9904642981	45.1883773693
	44.9824090245	45.1913668902
	44.9761594114	45.1938199378
	44.9692139195	45.1968699956
	44.9572739171	45.2024165654
	44.9534985446	45.204224068
	44.9455476593	45.2083948695
	44.9344040968	45.2145999397
	44.9248806857	45.2189564288
	44.9169161948	45.2231348071
	44.9162985797	45.2233709646
	44.9117062864	45.2251996375
	44.9009854221	45.2300571979
	44.9007180714	45.2301893163
	44.8399889357	45.2529224922
	44.8342145261	45.2551984168
	44.8235620203	45.2600222845
	44.8153387382	45.2630806099
	44.8092053708	45.26549047
	44.8027044299	45.2683347531
	44.7665945056	45.2849897214
	44.7623745822	45.2870029987
	44.7559565004	45.2903300299
	44.7556012449	45.2904767371
	44.7448803806	45.2953342975
	44.7376526718	45.2991045869
	44.7371683251	45.2993713768
	44.7271038913	45.3039555133
	44.7191297846	45.3081392474
	44.6888496505	45.325005998
	44.6825019197	45.3248540991
	44.6375037508	45.3245718115
	44.6363754272	45.3245682724
	44.6275328513	45.3247857652
	44.5314329978	45.3295159898
	44.5285118788	45.3296836005
	44.5167985577	45.3308372619
	44.5149149123	45.3310953838
	44.5025440282	45.3328572649
	44.4613372544	45.3363137542
	44.4528947491	45.3372230651
	44.448503982	45.3378563
	44.4148888697	45.3431282117
	44.407666848	45.3444122559
	44.4013170246	45.3457950147
	44.3860429767	45.3494113477
	44.3809302712	45.3507012758
	44.3696670865	45.3541179256
	44.3669163255	45.3550765944
	44.3405262498	45.3645141554
	44.335293745	45.3664776047
	44.3289079418	45.3689876755
	44.3258755979	45.3702115393
	44.3151547336	45.3750690997
	44.3081236549	45.3787312404
	44.3039980402	45.3809970242
	44.30253728	45.381594596
	44.295506088	45.3846844921
	44.290439339	45.3870414207
	44.2879087987	45.3879684697
	44.2830755434	45.3891103926
	44.2778800393	45.3904199038
	44.2666168546	45.3938365535
	44.262938892	45.3951296744
	44.2338875303	45.405698879
	44.2306540871	45.406533185
	44.2193909025	45.4099498347
	44.2172220934	45.4107015135
	44.2038935412	45.4154164793
	44.2009984636	45.4164685892
	44.1682225847	45.4286985087
	44.1622708616	45.4310407019
	44.1515499973	45.4358982623
	44.1475742057	45.4379205758
	44.1364581779	45.4437494332
	44.1332706321	45.445461969
	44.1110462059	45.4576918884
	44.1078293327	45.4595053773
	44.0978342258	45.4657207342
	44.0948368642	45.4677675508
	44.0877608506	45.472704987
	44.0875504021	45.4728263001
	44.0775552951	45.479041657
	44.0679880922	45.4858974176
	44.0623206701	45.4904307391
	44.0601482729	45.4922414844
	44.0586725436	45.4932170721
	44.0491053408	45.5000728327
	44.0472318073	45.5015301867
	44.0380689045	45.5087552234
	44.0308441074	45.5147646762
	44.0222536096	45.5228105554
	44.0142077304	45.5314010532
	44.009346402	45.5371850198
	43.9990619782	45.5499566262
	43.9964564997	45.5532709902
	43.989600739	45.5628381931
	43.9833853821	45.5728333
	43.9779004446	45.5830850759
	43.9656857839	45.6078043141
	43.9656223834	45.6079327487
	43.960764823	45.618653613
	43.9574914291	45.6271597094
	43.9544870267	45.6332557694
	43.9496487952	45.6439374265
	43.9455028132	45.6549530362
	43.9420861635	45.6662162209
	43.9416734172	45.6677848699
	43.9339472018	45.6726680608
	43.924379999	45.6795238214
	43.9152816684	45.6869906284
	43.9066911706	45.6950365076
	43.8986452914	45.7036270053
	43.8911784845	45.7127253359
	43.8904800508	45.7136416138
	43.8869122028	45.717928829
	43.8834968409	45.7221647039
	43.8811403284	45.7244783411
	43.8797963916	45.7258366316
	43.877449069	45.7266154841
	43.8664334592	45.7307614661
	43.8608130519	45.7332024924
	43.8485983913	45.7387566916
	43.8434979343	45.7411732257
	43.8331177238	45.7467215638
	43.8231226169	45.7529369207
	43.813555414	45.7597926813
	43.8044570835	45.7672594882
	43.7958665857	45.7753053674
	43.7878207065	45.7838958652
	43.7877718142	45.7839516393
	43.7794965085	45.7871426917
	43.7687756442	45.7920002521
	43.7670066686	45.7928847383
	43.764316021	45.7939380196
	43.7603417514	45.7948357706
	43.7412350975	45.7977761428
	43.7335030296	45.7991394288
	43.7328986363	45.7992607272
	43.7088879012	45.8011101078
	43.6742513546	45.8004719135
	43.6329680429	45.7986377415
	43.6249847412	45.7984604843
	43.6063766479	45.7984604843
	43.5946944282	45.7988402662
	43.5563643501	45.8013350782
	43.5562828748	45.8013403998
	43.5445695538	45.8024940612
	43.5406888329	45.8030480545
	43.5154050194	45.8069390457
	43.5076729515	45.8083023316
	43.5044048298	45.8089839909
	43.4891307819	45.8123180363
	43.4809363747	45.8143090639
	43.4732962197	45.8165385329
	43.4603481841	45.82062985
	43.4571492058	45.8213151213
	43.4487091522	45.8227250159
	43.4179344242	45.8263814856
	43.4156785626	45.8266639831
	43.4040657738	45.8285812623
	43.3998755596	45.8294667349
	43.3940774923	45.830108718
	43.3903947491	45.8305549743
	43.3787819603	45.8324722535
	43.3742159235	45.8334422536
	43.3508928644	45.8387141653
	43.3439963723	45.840416852
	43.3327331876	45.8438335017
	43.3304225063	45.8446354345
	43.3170863246	45.8493656591
	43.3083813962	45.8527097083
	43.2986540456	45.8570811139
	43.2883772512	45.862070738
	43.2873837375	45.8625568927
	43.2801560287	45.8663271822
	43.2746018295	45.8693865694
	43.2714493278	45.871164618
	43.2614542209	45.8773799749
	43.2521571298	45.884028877
	43.24270431	45.8912539136
	43.2424341982	45.8914607721
	43.2405606648	45.8929181262
	43.2313977619	45.9001431628
	43.2241729648	45.9061526157
	43.215582467	45.9141984949
	43.2150818171	45.9147011234
	43.2135115385	45.9159515304
	43.2069610508	45.9214266635
	43.198370553	45.9294725427
	43.1926664103	45.9354448234
	43.1905578525	45.9372652866
	43.1895627514	45.9381444862
	43.1857277611	45.9388641602
	43.1830020686	45.9394282936
	43.1286427193	45.9511183322
	43.1274580609	45.9512679412
	43.1265168805	45.9513893249
	43.1149040916	45.9533066041
	43.1125311124	45.953795256
	43.1047567593	45.9554508346
	43.0956672097	45.9576348696
	43.0857351027	45.9606054647
	43.0823048089	45.9613402875
	43.0734275246	45.9634789858
	43.0731441407	45.9635551661
	43.0587169556	45.9674461573
	43.0477371549	45.9707866267
	43.0467367391	45.9711295054
	43.0432710274	45.972328727
	43.0376075173	45.9737481508
	43.0263443326	45.9771648006
	43.0241198153	45.9779361964
	43.018873874	45.9797938839
	43.0049833465	45.9832665157
	43.0020545388	45.9840249453
	42.9907913541	45.987441595
	42.9896044652	45.9878491125
	42.9559893529	45.9995220861
	42.9461606321	46.0032605505
	42.9399394911	46.0059760721
	42.9389193194	46.0063163239
	42.9380112027	46.0066218928
	42.936948552	46.0070218463
	42.9304708279	46.0023799749
	42.9258781862	45.9994112541
	42.8947655153	45.9799639274
	42.8893630501	45.9767172913
	42.8789828397	45.9711689532
	42.8753626289	45.9694336187
	42.8724868294	45.967737494
	42.8710416974	45.9669120374
	42.84958784	45.9547889295
	42.8406527615	45.950066048
	42.8389904635	45.9492568874
	42.8297273086	45.9434466405
	42.8240859505	45.9400504212
	42.81370574	45.9345020831
	42.8029848758	45.9296445227
	42.791969266	45.9254985408
	42.7807060813	45.9220818911
	42.7692435524	45.9194092042
	42.7668825857	45.91895596
	42.7518755666	45.9161788604
	42.7426237445	45.9147148254
	42.7407499535	45.9144781378
	42.7383188492	45.9127134745
	42.7339223081	45.909229632
	42.7311619435	45.9071533341
	42.7294174283	45.9056032993
	42.7203190977	45.8981364923
	42.7107518948	45.8912807317
	42.7063765503	45.8884480504
	42.7055943663	45.8878444391
	42.6960271634	45.8809886785
	42.6933566457	45.8792383815
	42.6466876393	45.8492396022
	42.6393630501	45.8447745423
	42.6289828397	45.8392262042
	42.6183800639	45.8344176068
	42.6003289164	45.8269255414
	42.6002108279	45.8268765784
	42.5891952182	45.8227305964
	42.5779320335	45.8193139467
	42.5759519835	45.8187954509
	42.5617841979	45.8151714885
	42.5523017189	45.8130172974
	42.5417023845	45.811236374
	42.5336533733	45.8101301118
	42.5326399188	45.809993756
	42.5209265978	45.8088400946
	42.5091629028	45.8084549911
	42.5024128467	45.8085816958
	42.4887801621	45.8090936717
	42.4805849702	45.8079547233
	42.4793028217	45.8077812316
	42.4695347782	45.8067656654
	42.4674738373	45.8066081256
	42.4661963722	45.8063492066
	42.4545835834	45.8044319274
	42.4508296026	45.8039777978
	42.4358225835	45.8023222191
	42.4278632433	45.8016226874
	42.4218115503	45.8013283056
	42.4163443404	45.8011545943
	42.3745840371	45.7940546333
	42.3679136615	45.7930488708
	42.3623743706	45.7924067981
	42.3457041435	45.7907359607
	42.3395301134	45.790224372
	42.3331722692	45.7899205236
	42.324291654	45.7896534948
	42.3223938286	45.7896870805
	42.3188858032	45.7895722396
	42.3071221082	45.7899573431
	42.2954087872	45.7911110046
	42.2837959984	45.7930282838
	42.2723334695	45.7957009707
	42.2610702848	45.7991176204
	42.2532355617	45.8020664013
	42.2445249501	45.795845513
	42.2399190701	45.792663178
	42.2299239632	45.7864478211
	42.2198445387	45.7810481632
	42.1912343092	45.7668727482
	42.1909335232	45.766724068
	42.180212659	45.7618665076
	42.1691970492	45.7577205256
	42.1579338645	45.7543038759
	42.1531024661	45.7530807898
	42.1461597171	45.7514252112
	42.1395285866	45.7499756104
	42.1279157978	45.7480583312
	42.1162024767	45.7469046698
	42.1044387817	45.7465195663
	42.0926750868	45.7469046698
	42.0809617657	45.7480583312
	42.0693489769	45.7499756104
	42.0628608575	45.7513911703
	42.0570167413	45.7527797201
	42.0520423318	45.7540368471
	42.0407791471	45.7574534968
	42.0297635373	45.7615994788
	42.019042673	45.7664570392
	42.0086624626	45.7720053773
	41.9986673557	45.7782207342
	41.9891001528	45.7850764948
	41.9815135082	45.791232392
	41.9277273878	45.7974669746
	41.8890209869	45.7979156197
	41.8793419569	45.798288642
	41.8781347559	45.7983718453
	41.8359998148	45.8014183326
	41.8005418008	45.8024059446
	41.7937859266	45.8027213202
	41.7820726056	45.8038749816
	41.7811580562	45.8039977718
	41.7303234005	45.8109557796
	41.719625161	45.8127502686
	41.7194206911	45.8127910634
	41.7008782665	45.8165017311
	41.6893067975	45.8176460388
	41.6776940086	45.819563318
	41.6662314797	45.8222360048
	41.654968295	45.8256526546
	41.6439526853	45.8297986365
	41.633231821	45.8346561969
	41.6228516105	45.840204535
	41.6128565036	45.8464198919
	41.6032893007	45.8532756525
	41.5941909702	45.8607424594
	41.5856004724	45.8687883386
	41.5775545932	45.8773788364
	41.5700877863	45.8864771669
	41.5632320257	45.8960443698
	41.5570166688	45.9060394768
	41.5514683307	45.9164196872
	41.5466107703	45.9271405515
	41.5424647883	45.9381561612
	41.5390481386	45.9494193459
	41.5363754517	45.9608818748
	41.5359157443	45.9632777871
	41.5235962105	45.9772050489
	41.5230883456	45.9777816684
	41.5156215387	45.986879999
	41.5087657781	45.9964472018
	41.5075518791	45.9982882631
	41.5023799749	46.0056253635
	41.496164618	46.0156204704
	41.4906162799	46.0260006809
	41.4857587195	46.0367215451
	41.4816127376	46.0477371549
	41.4781960878	46.0590003396
	41.475523401	46.0704628685
	41.4736061218	46.0820756573
	41.4724524603	46.0937889784
	41.4720673568	46.1055526733
	41.472310959	46.1149106313
	41.4724081599	46.1167763481
	41.4705261475	46.1251808861
	41.4686088683	46.1367936749
	41.4674552069	46.1485069959
	41.4671099028	46.1564871223
	41.4668352446	46.1695410164
	41.4668692232	46.1710708999
	41.4667954452	46.173324585
	41.4671805487	46.1850882799
	41.4683342101	46.196801601
	41.4702514893	46.2084143898
	41.4729241762	46.2198769187
	41.4763408259	46.2311401034
	41.4804868079	46.2421557132
	41.4853443683	46.2528765774
	41.4908927064	46.2632567879
	41.4971080633	46.2732518948
	41.5039638239	46.2828190977
	41.5114306308	46.2919174283
	41.51947651	46.300507926
	41.5280670078	46.3085538052
	41.5371653383	46.3160206121
	41.5467325412	46.3228763728
	41.5505224892	46.3253404135
	41.5557944008	46.328674459
	41.5619995598	46.3324257751
	41.5723797702	46.3379741132
	41.5831006345	46.3428316736
	41.5941162442	46.3469776555
	41.5941992856	46.3470058217
	41.601725217	46.3523182063
	41.6062909697	46.3552701165
	41.6218473052	46.3649975945
	41.6272766594	46.3682610412
	41.6376568698	46.3738093793
	41.639846116	46.3748706497
	41.6456749734	46.3776477493
	41.6542065915	46.3814440393
	41.6652222013	46.3855900212
	41.676485386	46.3890066709
	41.6879479149	46.3916793578
	41.6995607037	46.393596637
	41.7112740247	46.3947502985
	41.7176487009	46.3950546521
	41.7268116037	46.3953293103
	41.7322006226	46.3954100602
	41.7439643175	46.3950249567
	41.7556776386	46.3938712952
	41.7672904274	46.391954016
	41.76995809	46.3914023521
	41.7777400724	46.3897315147
	41.7865349388	46.3876104917
	41.7977981234	46.384193842
	41.8021556092	46.3825538005
	41.8072836976	46.3921477791
	41.8134990545	46.402142886
	41.8203548151	46.4117100889
	41.827821622	46.4208084195
	41.8358675012	46.4293989172
	41.844457999	46.4374447964
	41.8535563295	46.4449116034
	41.8631235324	46.451767364
	41.8682224965	46.4550514009
	41.8630048661	46.4724275899
	41.8615350161	46.4776023293
	41.8588623292	46.4890648582
	41.85694505	46.5006776471
	41.8557913886	46.5123909681
	41.8554062851	46.5241546631
	41.8554145574	46.5258796918
	41.8549521552	46.5315560072
	41.8545670517	46.5433197021
	41.8549521552	46.5550833971
	41.8549890425	46.5556332802
	41.8558282759	46.5678631997
	41.85694505	46.5790266376
	41.8588623292	46.5906394264
	41.8615350161	46.6021019554
	41.8649516658	46.61336514
	41.8690976477	46.6243807498
	41.8739552081	46.6351016141
	41.8795035462	46.6454818245
	41.8857189031	46.6554769315
	41.8925746637	46.6650441343
	41.9000414706	46.6741424649
	41.9080873498	46.6827329627
	41.9166778476	46.6907788419
	41.9257761782	46.6982456488
	41.935343381	46.7051014094
	41.945338488	46.7113167663
	41.9557186984	46.7168651044
	41.9664395627	46.7217226648
	41.9774551725	46.7258686467
	41.9887183571	46.7292852964
	42.0001808861	46.7319579833
	42.0117936749	46.7338752625
	42.0235069959	46.7350289239
	42.0267810447	46.735213559
	42.0649340286	46.737016399
	42.1056281308	46.7432758377
	42.1094957013	46.7438278077
	42.1212090223	46.7449814691
	42.1329727173	46.7453665726
	42.1447364123	46.7449814691
	42.1453450306	46.7449405416
	42.2570469959	46.7372386678
	42.2681516986	46.7361259339
	42.2797644875	46.7342086547
	42.2871878289	46.7325682445
	42.4297049187	46.6979002758
	42.4337441062	46.6968679991
	42.4450072909	46.6934513494
	42.4560229007	46.6893053674
	42.4667437649	46.684447807
	42.4771239754	46.6788994689
	42.4871190823	46.672684112
	42.4895653571	46.671020301
	42.5254754186	46.6461620143
	42.6060004852	46.6107307298
	42.613113699	46.6074138104
	42.6234939095	46.6018654723
	42.6334890164	46.5956501154
	42.6430562193	46.5887943548
	42.6432274952	46.5886627667
	42.6616416639	46.5744979137
	42.6919846364	46.5677548454
	42.6995178794	46.5659094419
	42.7107810641	46.5624927922
	42.7128347574	46.5617817916
	42.7256641584	46.5572531962
	42.7295987033	46.5593562543
	42.7403195676	46.5642138147
	42.7417964362	46.5648178929
	42.747382822	46.5676951825
	42.7581036863	46.5725527429
	42.769119296	46.5766987248
	42.7803824807	46.5801153746
	42.781192456	46.5803303856
	42.7970196191	46.5861858216
	42.8016128873	46.5878147527
	42.8103721406	46.5905410607
	42.8201011939	46.59329913
	42.8280775972	46.5966834609
	42.8294995603	46.5972796106
	42.84051517	46.6014255925
	42.8514384305	46.6047508032
	42.8538360929	46.6055836125
	42.8650992776	46.6090002623
	42.8671674185	46.6095412671
	42.8813352041	46.6131576001
	42.8907295921	46.6152892821
	42.902342381	46.6172065613
	42.914055702	46.6183602228
	42.925819397	46.6187453263
	42.9321235619	46.6186348133
	42.9401725732	46.6183525257
	42.9456321032	46.6180779352
	42.9573454242	46.6169242737
	42.9689582131	46.6150069945
	42.980420742	46.6123343077
	42.9916839267	46.6089176579
	42.9968962626	46.6070584027
	43.0035643534	46.6045635907
	43.0093676272	46.602276864
	43.0200884915	46.5974193036
	43.030468702	46.5918709655
	43.0404638089	46.5856556086
	43.0476678284	46.5805824793
	43.0547237163	46.576149986
	43.0772397317	46.5645228633
	43.0846450325	46.560476007
	43.0945560256	46.554316819
	43.0997659046	46.5515911828
	43.1063201424	46.5479866882
	43.1155772851	46.5422617982
	43.1348803802	46.5338914295
	43.1428759671	46.530189079
	43.1498518755	46.5265572252
	43.1726256182	46.5140602769
	43.1760299202	46.5121437927
	43.183999635	46.5072620979
	43.1942764295	46.500594007
	43.1963018216	46.4992603449
	43.2058690245	46.4924045843
	43.2066352573	46.4918133512
	43.2125945462	46.4871894703
	43.2207540311	46.4820484309
	43.2303212339	46.4751926703
	43.2394195645	46.4677258633
	43.2478161374	46.4598736137
	43.2583925898	46.4515895427
	43.266076669	46.4452191495
	43.2688059507	46.4427760221
	43.2707570828	46.4414905695
	43.2756160124	46.4381271825
	43.2769098338	46.4374793525
	43.2863128182	46.4324166198
	43.294333702	46.4275017117
	43.2975700977	46.4254002185
	43.3070878497	46.4204120766
	43.3135268685	46.4168679138
	43.3235219754	46.4106525569
	43.3325429686	46.4042142616
	43.3385289944	46.4003833918
	43.3480961973	46.3935276312
	43.3493024068	46.3925939213
	43.3546954739	46.3883825312
	43.3615612059	46.3842370607
	43.3685201443	46.3798145442
	43.3780873472	46.3729587835
	43.3791536531	46.3721342118
	43.4069475374	46.3504743608
	43.4070825917	46.3503690091
	43.4163826062	46.3499804592
	43.4206382067	46.3497521295
	43.4314188541	46.3487187773
	43.453642912	46.3459110545
	43.4820537819	46.3436622702
	43.5071245657	46.342430791
	43.5072806458	46.3427016731
	43.5127011501	46.3514968332
	43.5133917908	46.3527038094
	43.5196071477	46.3626989163
	43.5223011603	46.3666176384
	43.5256352058	46.3713326042
	43.5291331811	46.3761105672
	43.5360759301	46.38527347
	43.5367397028	46.3861439878
	43.5373270312	46.386905188
	43.5434077936	46.3953221495
	43.5508746005	46.40442048
	43.5546990845	46.4086445727
	43.5660265719	46.4240995528
	43.5684016901	46.4272664244
	43.575868497	46.4363647549
	43.5798703195	46.4407783121
	43.5869845248	46.449418649
	43.5926392328	46.4555721493
	43.5945903946	46.457840936
	43.5946727351	46.4580840731
	43.5988187171	46.4690996829
	43.6024127574	46.4772053621
	43.6049075694	46.4824772737
	43.6061710895	46.4850924588
	43.6117194276	46.4954726692
	43.6179347845	46.5054677762
	43.6247905451	46.515034979
	43.632257352	46.5241333096
	43.6388711687	46.5311948098
	43.6380187901	46.5345950086
	43.6360763795	46.5432411888
	43.6341591003	46.5548539776
	43.6330054389	46.5665672987
	43.6327958171	46.5703877557
	43.6325135295	46.5767735589
	43.6323380478	46.5847167969
	43.6327231513	46.5964804919
	43.6338768127	46.6081938129
	43.6357940919	46.6198066017
	43.6384667788	46.6312691306
	43.6418834285	46.6425323153
	43.6460294104	46.6535479251
	43.649805639	46.6620374221
	43.6523157098	46.6673093337
	43.6533970416	46.669540701
	43.6589453797	46.6799209114
	43.6651607366	46.6899160184
	43.6678547492	46.6938347405
	43.6711887946	46.6985497063
	43.6753505426	46.7041981871
	43.6828173496	46.7132965176
	43.6908632287	46.7218870154
	43.6994537265	46.7299328946
	43.69962147	46.7300798178
	43.704069407	46.733970809
	43.7129999941	46.7412906927
	43.722567197	46.7481464533
	43.7292532362	46.7524038653
	43.7398123182	46.7588049273
	43.7416019444	46.7598703916
	43.7429957942	46.7644652987
	43.7471417761	46.7754809085
	43.7519993365	46.7862017728
	43.7575476746	46.7965819832
	43.7592569109	46.7994795456
	43.7617669817	46.803645195
	43.7662731023	46.8107427396
	43.7731288629	46.8203099424
	43.7805956699	46.829408273
	43.7886415491	46.8379987708
	43.7972320468	46.84604465
	43.7973504289	46.8461483766
	43.8062310441	46.8539227296
	43.8152109926	46.8612858099
	43.8171206893	46.862731074
	43.8180526645	46.8635541104
	43.8271509951	46.8710209173
	43.8367181979	46.8778766779
	43.8426529722	46.8816761462
	43.851725217	46.8881534724
	43.8603671102	46.893579674
	43.8712084798	46.8999654772
	43.8725616936	46.9007546325
	43.882941904	46.9063029706
	43.8936627683	46.911160531
	43.8973922957	46.9126567637
	43.9110224097	46.917948981
	43.9169711471	46.9206751674
	43.9225658136	46.928380316
	43.9240803419	46.9303263203
	43.9313130079	46.9394892231
	43.9372652866	46.9466415493
	43.9453111658	46.9552320471
	43.9539016635	46.9632779263
	43.9541435307	46.9634896561
	43.9630317754	46.9712563797
	43.9718882387	46.9785114569
	43.9814554416	46.9853672175
	43.9914505485	46.9915825744
	44.001830759	46.9971309125
	44.0125516233	47.0019884729
	44.0130456988	47.0021922662
	44.0191568438	47.004702337
	44.029678378	47.0086445256
	44.0409415627	47.0120611753
	44.0524040916	47.0147338622
	44.0640168805	47.0166511414
	44.0757302015	47.0178048028
	44.0822544438	47.0181135775
	44.0914173466	47.0183806063
	44.0966567993	47.0184569352
	44.1065238243	47.018186088
	44.1097545036	47.0180085917
	44.1104764319	47.0199267092
	44.1114118127	47.0221428852
	44.1137461629	47.0284087193
	44.1175424191	47.0380470403
	44.1330997295	47.0905387807
	44.1352305964	47.0972442294
	44.1390874152	47.1075575473
	44.1418502295	47.114308054
	44.1422871197	47.1159106513
	44.1454997615	47.1264190341
	44.145884373	47.1275399182
	44.1473702822	47.1334892845
	44.150296165	47.1432860363
	44.1523599062	47.1518150901
	44.1524857441	47.15228221
	44.1525761632	47.1530187745
	44.1527748229	47.1545805316
	44.1546921021	47.1661933205
	44.1552396646	47.1688418753
	44.15545515	47.1708814691
	44.1544380309	47.177618565
	44.1532843695	47.1893318861
	44.1530753424	47.1931389023
	44.1530012427	47.1948123189
	44.1525950643	47.1972793126
	44.1509318562	47.2078383946
	44.1502800109	47.2123475689
	44.1491263495	47.22406089
	44.1487895559	47.2343488697
	44.1443037372	47.233608258
	44.1325904162	47.2324545966
	44.1208267212	47.2320694931
	44.1183347782	47.2320952541
	44.1156683531	47.2206595803
	44.1122517034	47.2093963956
	44.1081057214	47.1983807859
	44.103248161	47.1876599216
	44.0976998229	47.1772797111
	44.091484466	47.1672846042
	44.0846287054	47.1577174013
	44.0771618985	47.1486190708
	44.0691160193	47.140028573
	44.0605255215	47.1319826938
	44.051427191	47.1245158869
	44.0418599881	47.1176601263
	44.0318648812	47.1114447694
	44.0214846707	47.1058964313
	44.0107638064	47.1010388709
	43.9997481967	47.0968928889
	43.9959058744	47.0956365703
	43.990618704	47.0939733623
	43.9831978416	47.0918130312
	43.9717353127	47.0891403443
	43.9601225238	47.0872230651
	43.9484092028	47.0860694037
	43.9366455078	47.0856843002
	43.9248818128	47.0860694037
	43.9172603779	47.0867319808
	43.8711635761	47.0917292342
	43.86707169	47.0922203185
	43.861084485	47.0931112837
	43.8481409463	47.0952606453
	43.7796858285	47.1036864469
	43.7781816144	47.1038780334
	43.7665688255	47.1057953126
	43.7639011629	47.1063469766
	43.7561191805	47.108017814
	43.7473243142	47.1101388369
	43.7360611295	47.1135554866
	43.7250455198	47.1177014685
	43.7143246555	47.1225590289
	43.703944445	47.128107367
	43.6939493381	47.1343227239
	43.6843821352	47.1411784845
	43.6825324938	47.1426170028
	43.6786415026	47.1456840194
	43.6713928134	47.151712308
	43.6628023157	47.1597581872
	43.6547564365	47.168348685
	43.6472896295	47.1774470156
	43.6404338689	47.1870142184
	43.634218512	47.1970093254
	43.628670174	47.2073895358
	43.6238126135	47.2181104001
	43.6196666316	47.2291260099
	43.6162499819	47.2403891945
	43.613577295	47.2518517235
	43.6116600158	47.2634645123
	43.6105063544	47.2751778333
	43.6101212509	47.2869415283
	43.6105063544	47.2987052233
	43.6116600158	47.3104185443
	43.613577295	47.3220313332
	43.6160040611	47.3324391652
	43.6128256898	47.3375504021
	43.6093941375	47.343774903
	43.6087669855	47.344967646
	43.603063956	47.3497637607
	43.5949535818	47.357331322
	43.5927058049	47.3591060078
	43.5855697544	47.3650454379
	43.5800320046	47.3701101455
	43.5710916568	47.3765911859
	43.5671641176	47.3795207697
	43.5602740129	47.3850824638
	43.5577112978	47.3870128351
	43.5517326234	47.3918061881
	43.5505921819	47.39276114
	43.54284155	47.3976589056
	43.5332743471	47.4045146662
	43.5309924319	47.4062949929
	43.5215472414	47.4137870583
	43.5147308261	47.4194735385
	43.5061403284	47.4275194177
	43.4980944492	47.4361099155
	43.4979475259	47.436277659
	43.4940565347	47.440725596
	43.486736651	47.4496561831
	43.4798808904	47.4592233859
	43.4736655335	47.4692184929
	43.4681171954	47.4795987033
	43.463259635	47.4903195676
	43.4591136531	47.5013351774
	43.4556970034	47.512598362
	43.4530243165	47.5240608909
	43.4511070373	47.5356736798
	43.4499533759	47.5473870008
	43.4495682724	47.5591506958
	43.4499533759	47.5709143908
	43.4511070373	47.5826277118
	43.4530243165	47.5942405007
	43.4556970034	47.6057030296
	43.4559360323	47.6065861083
	43.4576068697	47.6126972534
	43.4607844905	47.6230773593
	43.4649304724	47.634092969
	43.4668491142	47.6385536965
	43.47156408	47.6491204079
	43.4745029987	47.6553805447
	43.4800513367	47.6657607552
	43.4850692136	47.6739400334
	43.4861683429	47.6762087918
	43.491716681	47.6865890022
	43.4930214438	47.6888119786
	43.4975455384	47.6971480843
	43.5037608953	47.7071431912
	43.5106166559	47.7167103941
	43.5126020437	47.7192503424
	43.5171729225	47.7270775988
	43.5229411931	47.7363027371
	43.5249410984	47.7392328356
	43.5296016546	47.7465871609
	43.5364574152	47.7561543638
	43.5379147693	47.7580278972
	43.5412900037	47.7623084216
	43.5462718816	47.770200137
	43.5489131423	47.7740442178
	43.5589152785	47.788204374
	43.5631297785	47.7939274961
	43.5705965854	47.8030258267
	43.5786036596	47.8115775076
	43.5911006078	47.8240820853
	43.5911394128	47.8241209021
	43.5997299106	47.8321667813
	43.6088282412	47.8396335882
	43.618395444	47.8464893488
	43.6200784186	47.8476002807
	43.6286722385	47.8537143855
	43.6386673454	47.8599297424
	43.6490475559	47.8654780804
	43.6566342849	47.8690025362
	43.6657177829	47.8738093793
	43.6749318378	47.8780347647
	43.6879857319	47.8835813345
	43.6894925412	47.8842135095
	43.7001130825	47.8882248724
	43.7063466424	47.8911502828
	43.7081518347	47.8919853119
	43.7201748555	47.8995344053
	43.7258865837	47.9029747863
	43.7362667941	47.9085231244
	43.7469876584	47.9133806848
	43.748615327	47.9140455855
	43.7741661693	47.9243376387
	43.7835541105	47.92781872
	43.7948172951	47.9312353697
	43.806279824	47.9339080566
	43.8127267134	47.9350688022
	43.8168351332	47.9361750821
	43.8170493508	47.9362326231
	43.8285118797	47.93890531
	43.8401246686	47.9408225892
	43.8518379896	47.9419762506
	43.8538844781	47.9420432457
	43.8545155109	47.9434359647
	43.8600638489	47.9538161751
	43.8662792058	47.963811282
	43.8731349665	47.9733784849
	43.8806017734	47.9824768155
	43.8886476526	47.9910673132
	43.8902650842	47.9926847449
	43.898855582	48.0007306241
	43.9079539126	48.008197431
	43.9175211154	48.0150531916
	43.9207743859	48.0171764994
	43.9231227594	48.0203068907
	43.9305895663	48.0294052212
	43.9386354455	48.037995719
	43.9472259433	48.0460415982
	43.9563242739	48.0535084051
	43.9658914767	48.0603641657
	43.9758865837	48.0665795226
	43.9862667941	48.0721278607
	43.9969876584	48.0769854211
	44.0080032682	48.0811314031
	44.0192664528	48.0845480528
	44.0307289818	48.0872207397
	44.0423417706	48.0891380189
	44.0540550916	48.0902916803
	44.0658187866	48.0906767838
	44.0717397466	48.0905793013
	44.0800786748	48.0903046431
	44.0859214098	48.0900170221
	44.0976347309	48.0888633607
	44.1049243463	48.0877512036
	44.1143486876	48.0868480086
	44.1330321846	48.0845597838
	44.1322136047	48.0895753522
	44.1310770624	48.1010303348
	44.1293762696	48.1084577853
	44.1282943971	48.1135155418
	44.1263771179	48.1251283307
	44.1252234564	48.1368416517
	44.1249684238	48.141766243
	44.1245889101	48.1431601906
	44.1219162232	48.1546227196
	44.119998944	48.1662355084
	44.1191856987	48.1735736295
	44.1174965026	48.1840196271
	44.1163428412	48.1957329481
	44.1159577377	48.2074966431
	44.1159577455	48.2075497631
	44.1159653749	48.233382893
	44.1163504706	48.2450934679
	44.1173511587	48.2556140444
	44.1181827627	48.2622745058
	44.118335736	48.2634672504
	44.1202530152	48.2750800392
	44.1229257021	48.2865425681
	44.1231647311	48.2874256469
	44.1248355685	48.2935367919
	44.1280131892	48.3039168978
	44.1321591712	48.3149325076
	44.1370167316	48.3256533719
	44.1425650696	48.3360335823
	44.1487804265	48.3460286893
	44.1533330341	48.3525271386
	44.155440888	48.3557561673
	44.1622966486	48.3653233702
	44.1697634555	48.3744217007
	44.1778093347	48.3830121985
	44.1819310344	48.3870044532
	44.186371342	48.3911701026
	44.1908401401	48.3952237271
	44.1999384707	48.402690534
	44.2095056735	48.4095462946
	44.2195007805	48.4157616515
	44.2298809909	48.4213099896
	44.2406018552	48.42616755
	44.251617465	48.430313532
	44.2628806496	48.4337301817
	44.2743431785	48.4364028686
	44.2859559674	48.4383201478
	44.2976692884	48.4394738092
	44.3040641234	48.439778766
	44.3135169432	48.4400610536
	44.3188858032	48.4401412003
	44.3306494982	48.4397560968
	44.3423628192	48.4386024354
	44.3539756081	48.4366851562
	44.3577526529	48.4358916358
	44.3662608241	48.4354367866
	44.3684226305	48.4353081598
	44.3801359516	48.4341544984
	44.3917487404	48.4322372192
	44.4026328649	48.4297184842
	44.4173499669	48.425827493
	44.4179283714	48.4256735411
	44.429191556	48.4222568913
	44.4402071658	48.4181109094
	44.4470841037	48.4150926799
	44.455084923	48.4147469415
	44.466798244	48.4135932801
	44.4784110329	48.4116760009
	44.4898735618	48.409003314
	44.5011367465	48.4055866643
	44.5121523562	48.4014406824
	44.5149802702	48.4002409284
	44.5213737028	48.3974638288
	44.5292666531	48.3938060223
	44.5378785508	48.3892653238
	44.5467924457	48.388317096
	44.5584052345	48.3863998168
	44.55967974	48.3861415088
	44.5677363806	48.3844783008
	44.5779244041	48.3820639219
	44.5891875888	48.3786472722
	44.6002031985	48.3745012903
	44.6034502834	48.3731188284
	44.6078982204	48.3711733328
	44.6153719998	48.3676982343
	44.6257522103	48.3621498962
	44.6357473172	48.3559345393
	44.6453145201	48.3490787787
	44.6544128506	48.3416119717
	44.6630033484	48.3335660925
	44.6710492276	48.3249755948
	44.6724021473	48.3234148989
	44.6757361927	48.3195239077
	44.6818500799	48.311986273
	44.6887058405	48.3024190701
	44.6949211974	48.2924239632
	44.7004695355	48.2820437527
	44.7053270959	48.2713228884
	44.7079981806	48.2642259869
	44.7101494407	48.2637243833
	44.7214126254	48.2603077336
	44.7324282351	48.2561617517
	44.7382389294	48.2536340654
	44.7439389192	48.2510341895
	44.7464306724	48.2501486532
END
END
