none
1
   1.516233E+00   4.242760E+01
   1.496092E+00   4.243182E+01
   1.455187E+00   4.243475E+01
   1.446745E+00   4.243823E+01
   1.441415E+00   4.244436E+01
   1.442449E+00   4.244766E+01
   1.440259E+00   4.245550E+01
   1.442015E+00   4.245929E+01
   1.438924E+00   4.246420E+01
   1.438712E+00   4.247540E+01
   1.431915E+00   4.248079E+01
   1.416205E+00   4.248230E+01
   1.424670E+00   4.249360E+01
   1.443706E+00   4.249700E+01
   1.458482E+00   4.250520E+01
   1.464971E+00   4.251099E+01
   1.461872E+00   4.251882E+01
   1.453762E+00   4.252632E+01
   1.450811E+00   4.253722E+01
   1.448611E+00   4.253948E+01
   1.439242E+00   4.254239E+01
   1.432726E+00   4.253875E+01
   1.418424E+00   4.253466E+01
   1.412368E+00   4.253539E+01
   1.413231E+00   4.254054E+01
   1.417284E+00   4.254524E+01
   1.417926E+00   4.254958E+01
   1.422267E+00   4.255657E+01
   1.425075E+00   4.255933E+01
   1.439293E+00   4.256530E+01
   1.440757E+00   4.256769E+01
   1.439100E+00   4.257140E+01
   1.432189E+00   4.257396E+01
   1.427060E+00   4.257964E+01
   1.425462E+00   4.258302E+01
   1.426877E+00   4.258816E+01
   1.438435E+00   4.259415E+01
   1.441532E+00   4.260058E+01
   1.441259E+00   4.260471E+01
   1.456099E+00   4.260386E+01
   1.460591E+00   4.260737E+01
   1.467392E+00   4.260799E+01
   1.473946E+00   4.261324E+01
   1.473117E+00   4.261968E+01
   1.466791E+00   4.263108E+01
   1.469093E+00   4.263643E+01
   1.475433E+00   4.264138E+01
   1.478263E+00   4.265257E+01
   1.493215E+00   4.265469E+01
   1.500577E+00   4.264720E+01
   1.517225E+00   4.264714E+01
   1.527601E+00   4.265291E+01
   1.535146E+00   4.265175E+01
   1.549261E+00   4.265717E+01
   1.556440E+00   4.265428E+01
   1.563036E+00   4.265447E+01
   1.569551E+00   4.264955E+01
   1.575817E+00   4.264790E+01
   1.582060E+00   4.263725E+01
   1.594874E+00   4.263355E+01
   1.602546E+00   4.262702E+01
   1.614391E+00   4.263019E+01
   1.619583E+00   4.262811E+01
   1.628088E+00   4.262830E+01
   1.637064E+00   4.263202E+01
   1.652912E+00   4.262775E+01
   1.658233E+00   4.262258E+01
   1.662047E+00   4.262125E+01
   1.683032E+00   4.262621E+01
   1.700822E+00   4.262367E+01
   1.714938E+00   4.261601E+01
   1.722552E+00   4.261793E+01
   1.731209E+00   4.261620E+01
   1.736591E+00   4.261909E+01
   1.739523E+00   4.261123E+01
   1.728643E+00   4.259737E+01
   1.729356E+00   4.259084E+01
   1.742867E+00   4.258888E+01
   1.760873E+00   4.258215E+01
   1.780021E+00   4.258293E+01
   1.787481E+00   4.257451E+01
   1.785395E+00   4.257121E+01
   1.773706E+00   4.256516E+01
   1.750055E+00   4.256232E+01
   1.740776E+00   4.255528E+01
   1.737015E+00   4.254906E+01
   1.733425E+00   4.252287E+01
   1.727593E+00   4.251636E+01
   1.727073E+00   4.250383E+01
   1.722272E+00   4.250155E+01
   1.711506E+00   4.249092E+01
   1.703251E+00   4.248851E+01
   1.689655E+00   4.249373E+01
   1.680592E+00   4.249304E+01
   1.672551E+00   4.249924E+01
   1.669608E+00   4.249946E+01
   1.664056E+00   4.249188E+01
   1.663632E+00   4.247359E+01
   1.657380E+00   4.246718E+01
   1.642056E+00   4.246534E+01
   1.636481E+00   4.246621E+01
   1.631851E+00   4.246153E+01
   1.622826E+00   4.246431E+01
   1.606145E+00   4.246316E+01
   1.598097E+00   4.246594E+01
   1.588192E+00   4.246110E+01
   1.583650E+00   4.245500E+01
   1.582195E+00   4.244947E+01
   1.579288E+00   4.244863E+01
   1.573460E+00   4.245122E+01
   1.568163E+00   4.245668E+01
   1.562176E+00   4.245673E+01
   1.559832E+00   4.245295E+01
   1.561262E+00   4.244835E+01
   1.555366E+00   4.244413E+01
   1.552964E+00   4.243216E+01
   1.526696E+00   4.243094E+01
   1.516233E+00   4.242760E+01
END
END
