Оренбургская область
1
	52.5873886111	54.5498665349
	52.6289278289	54.5378600553
	52.6312920311	54.5383468383
	52.6429048199	54.5402641175
	52.654618141	54.5414177789
	52.6663818359	54.5418028824
	52.6733709239	54.5416670418
	52.6947561168	54.5408354377
	52.6995307238	54.5405861749
	52.7112440448	54.5394325135
	52.7118237993	54.5393552282
	52.7571042558	54.5332440832
	52.7619114749	54.5325290332
	52.7721882693	54.5308581958
	52.7784140846	54.5297332519
	52.7872923375	54.5277325001
	52.7987006447	54.5258422607
	52.8101631736	54.5231695738
	52.8123061792	54.5225811438
	52.8300750391	54.5175838904
	52.8391952182	54.5147556706
	52.8470890389	54.5118686832
	52.8684061414	54.5035027053
	52.8685991531	54.5034485295
	52.8778075839	54.5005955144
	52.8860291637	54.4975795261
	52.8905487061	54.4976363175
	52.8997830621	54.4973991121
	52.9106168024	54.4968421663
	52.9131461413	54.4966942682
	52.9248594623	54.4955406068
	52.9287368251	54.4949871303
	52.9450832412	54.4924718543
	52.9501500115	54.4954418645
	52.9511749748	54.4960381408
	52.9615551852	54.5015864789
	52.9722760495	54.5064440393
	52.9832916593	54.5105900212
	52.994554844	54.5140066709
	53.0028899282	54.5160283468
	53.0092757315	54.5174168966
	53.0124031761	54.5180679076
	53.0240159649	54.5199851868
	53.035729286	54.5211388483
	53.047492981	54.5215239518
	53.0592566759	54.5211388483
	53.070969997	54.5199851868
	53.0825827858	54.5180679076
	53.0940453147	54.5153952207
	53.1053084994	54.511978571
	53.1163241092	54.5078325891
	53.1270449734	54.5029750287
	53.1374251839	54.4974266906
	53.139021325	54.4964941891
	53.151243615	54.4892691525
	53.1596425809	54.4839862971
	53.1637976139	54.4811248989
	53.1743566959	54.4736328334
	53.1797688658	54.469638471
	53.1869715697	54.4638108628
	53.1950429136	54.4579654974
	53.2041412442	54.4504986905
	53.2045289603	54.4501576868
	53.2092515555	54.4459920374
	53.2174543372	54.4382871619
	53.2255002164	54.4296966641
	53.2329670233	54.4205983335
	53.2337984399	54.4195062072
	53.2366162442	54.4163681118
	53.2440830511	54.4072697813
	53.2487642969	54.4008827072
	53.2584841455	54.3869895798
	53.2606586604	54.383809451
	53.2668740173	54.373814344
	53.2724223553	54.3634341336
	53.2772799158	54.3527132693
	53.2814258977	54.3416976596
	53.2848425474	54.3304344749
	53.2875152343	54.318971946
	53.2894325135	54.3073591571
	53.2905861749	54.2956458361
	53.2907908582	54.2919363196
	53.2914062255	54.2889731667
	53.2917987277	54.2869387549
	53.2926303317	54.2824908179
	53.2941551087	54.2729124408
	53.2953087701	54.2611991198
	53.2956504559	54.2507617001
	53.3014777443	54.2497344726
	53.3129402732	54.2470617857
	53.3242034579	54.243645136
	53.3352190676	54.239499154
	53.3459399319	54.2346415936
	53.3556916897	54.2294544064
	53.3615205471	54.226120361
	53.3621489998	54.2257592101
	53.3721441068	54.2195438532
	53.3817113096	54.2126880926
	53.386263266	54.2089523986
	53.3907547603	54.2100821005
	53.4021121278	54.2127535589
	53.404678378	54.2136463567
	53.4159415627	54.2170630064
	53.4200930719	54.2181225677
	53.4277987604	54.2199917693
	53.4351097801	54.2216048949
	53.4467225689	54.2235221741
	53.45843589	54.2246758356
	53.470199585	54.2250609391
	53.4819632799	54.2246758356
	53.493676601	54.2235221741
	53.5052893898	54.2216048949
	53.5167519187	54.2189322081
	53.5280151034	54.2155155583
	53.5390307132	54.2113695764
	53.546734397	54.2079651636
	53.5737500831	54.1952622217
	53.5767672635	54.1938090741
	53.5871474739	54.188260736
	53.5971425809	54.1820453791
	53.6067097837	54.1751896185
	53.6158081143	54.1677228116
	53.6180114518	54.1657583173
	53.6268996964	54.1577016767
	53.6332868567	54.1516202918
	53.6413327359	54.143029794
	53.6487995428	54.1339314634
	53.6556553034	54.1243642606
	53.6618706603	54.1143691536
	53.6674189984	54.1039889432
	53.6722765588	54.0932680789
	53.6762285398	54.0828208581
	53.6780103674	54.0810636511
	53.6860562466	54.0724731533
	53.6901601208	54.0676234122
	53.6935559415	54.0638595669
	53.7010227484	54.0547612364
	53.7058906431	54.048106859
	53.7122764463	54.0389439562
	53.7142643122	54.0360311307
	53.7204796691	54.0260360237
	53.7254106551	54.0168956229
	53.7291196814	54.0132917395
	53.7371655606	54.0047012417
	53.7446323675	53.9956029112
	53.7494828085	53.9889735734
	53.7558762411	53.9798030412
	53.7578815608	53.9768651761
	53.7640969177	53.9668700691
	53.7696452557	53.9564898587
	53.7745028162	53.9457689944
	53.7786487981	53.9347533847
	53.7820654478	53.9234902
	53.7847381347	53.9120276711
	53.7863679093	53.9025039863
	53.7874103827	53.9011586363
	53.7923184109	53.894446648
	53.7987042141	53.8852761157
	53.7999020445	53.8835201955
	53.8207335935	53.8775278881
	53.8824907008	53.864055387
	53.8907066917	53.8620596495
	53.9019698764	53.8586429997
	53.9129854861	53.8544970178
	53.9142253223	53.8539780251
	53.9214579883	53.8509186379
	53.9309390164	53.8465800702
	53.9413192269	53.8410317321
	53.9460215984	53.8382204693
	53.9576869426	53.8310030621
	53.962979678	53.827598968
	53.9725468809	53.8207432074
	53.9816452115	53.8132764004
	53.9902357092	53.8052305213
	53.9982815884	53.7966400235
	54.0042517574	53.7894650288
	54.0057736539	53.7877517788
	54.0132404608	53.7786534483
	54.020024739	53.7691931436
	54.0339159609	53.7484356035
	54.0393887662	53.7424713223
	54.0445779858	53.7362789516
	54.0520997659	53.7286332428
	54.059110751	53.7210861294
	54.066577558	53.7119877989
	54.0734333186	53.702420596
	54.074137361	53.7013588007
	54.0863544953	53.6827911973
	54.0908596692	53.6773131464
	54.0924435757	53.6755310147
	54.0939085485	53.6738394207
	54.0967592461	53.6711893731
	54.1117415916	53.6669496996
	54.1205825473	53.6642002507
	54.131598157	53.6600542688
	54.1423190213	53.6551967084
	54.1526992317	53.6496483703
	54.1626943387	53.6434330134
	54.1722615415	53.6365772528
	54.1811921286	53.6292573691
	54.1856400656	53.6253663779
	54.1858078091	53.6252194546
	54.1943983069	53.6171735755
	54.2024441861	53.6085830777
	54.209910993	53.5994847471
	54.2167667536	53.5899175443
	54.2229821105	53.5799224373
	54.223327624	53.5793213177
	54.2263692544	53.5805413123
	54.2355118131	53.5839237615
	54.2467749978	53.5873404112
	54.2582375267	53.5900130981
	54.2698503155	53.5919303773
	54.2815636366	53.5930840387
	54.2933273315	53.5934691422
	54.3050910265	53.5930840387
	54.3168043476	53.5919303773
	54.3284171364	53.5900130981
	54.3286282654	53.5899709705
	54.338348114	53.5880254749
	54.3495995139	53.5853949156
	54.3510743609	53.5849930067
	54.4177521252	53.5665179852
	54.4671657887	53.5543436044
	54.5729533922	53.5325488001
	54.5832115745	53.5301199522
	54.5875370671	53.5289028308
	54.6044819524	53.5239055773
	54.6114196444	53.5217060491
	54.6224352542	53.5175600671
	54.6331561185	53.5127025067
	54.6380969318	53.5101704307
	54.6511584552	53.5032200523
	54.6565978523	53.5002037902
	54.6665929593	53.4939884333
	54.6761601622	53.4871326727
	54.6852584927	53.4796658658
	54.6938489905	53.4716199866
	54.7018948697	53.4630294888
	54.7093616766	53.4539311582
	54.7162174372	53.4443639554
	54.7192344503	53.43969401
	54.7208544744	53.4370993011
	54.7376016194	53.4435773176
	54.7446747159	53.4461445256
	54.7559379006	53.4495611753
	54.7674004295	53.4522338622
	54.7790132184	53.4541511414
	54.7852054838	53.4548574582
	54.7938190702	53.4556890622
	54.7993401258	53.4561364069
	54.8111038208	53.4565215104
	54.8161095476	53.4564518408
	54.8361138201	53.455894895
	54.8428717882	53.4555794611
	54.8545851093	53.4544257996
	54.8661978981	53.4525085204
	54.877660427	53.4498358335
	54.8889236117	53.4464191838
	54.8999392215	53.4422732019
	54.9106600857	53.4374156415
	54.9210402962	53.4318673034
	54.9291976926	53.4268636655
	54.9347442624	53.4232549619
	54.936581973	53.4220432429
	54.9461491758	53.4151874823
	54.9552475064	53.4077206754
	54.9596038976	53.4037724142
	54.9633639065	53.4002510336
	54.9720992225	53.3975863046
	54.9804381507	53.394809205
	54.981422391	53.3944782659
	54.9924380008	53.3903322839
	55.003158865	53.3854747235
	55.0135390755	53.3799263854
	55.0235341824	53.3737110285
	55.0331013853	53.3668552679
	55.0421997158	53.359388461
	55.0467882396	53.3552224137
	55.0512285472	53.3510491349
	55.0552305213	53.347169303
	55.0632764005	53.3385788052
	55.0707432074	53.3294804747
	55.077598968	53.3199132718
	55.0838143249	53.3099181648
	55.089362663	53.2995379544
	55.0908880194	53.296367017
	55.0909275202	53.2963079251
	55.0964198943	53.2875535957
	55.0991969939	53.2828310005
	55.0999199767	53.2815902229
	55.1054683148	53.2712100125
	55.1103258752	53.2604891482
	55.1144718572	53.2494735385
	55.1165404963	53.2429775845
	55.1195998835	53.2327007901
	55.1209478941	53.2279335594
	55.123620581	53.2164710304
	55.1255378602	53.2048582416
	55.1266915216	53.1931449206
	55.1269586565	53.1878945038
	55.1274299712	53.1860222183
	55.1315741366	53.17932113
	55.1330589834	53.1768769152
	55.1374088568	53.1714299375
	55.1442646174	53.1618627347
	55.1497569914	53.1531084053
	55.1525340911	53.1483858101
	55.152595429	53.1482814214
	55.1607180342	53.1406810176
	55.1650098792	53.1365293494
	55.1730557584	53.1279388516
	55.1805225653	53.118840521
	55.1873783259	53.1092733182
	55.1928159689	53.1006119978
	55.1983777975	53.0911668074
	55.1991555114	53.0898330208
	55.2047038495	53.0794528104
	55.2068427007	53.0749600291
	55.2080352303	53.0742775817
	55.2162434454	53.0692408681
	55.2217976446	53.0656245351
	55.2235845364	53.0644458918
	55.2331517393	53.0575901312
	55.2422500699	53.0501233243
	55.2508405676	53.0420774451
	55.251096359	53.0418043394
	55.2555577338	53.0422354474
	55.261093971	53.0426842584
	55.272857666	53.0430693619
	55.284621361	53.0426842584
	55.296334682	53.041530597
	55.2995925581	53.0410713386
	55.3107085859	53.0394005012
	55.3190634987	53.0379424804
	55.3231867714	53.0370719751
	55.3320339995	53.0377716579
	55.3344505995	53.0379464044
	55.3462142944	53.0383315079
	55.3579779894	53.0379464044
	55.3608484239	53.0377351883
	55.3814096422	53.0360567215
	55.3902525287	53.0351142762
	55.4018653176	53.033196997
	55.4020764465	53.0331548695
	55.4117962952	53.0312093738
	55.4230476951	53.0285788145
	55.4343108798	53.0251621648
	55.4396951772	53.0232384714
	55.4552667714	53.0173943552
	55.4608980838	53.0151720666
	55.4699288326	53.0111370282
	55.4768715816	53.0078029828
	55.4785616971	53.0069804608
	55.4889419075	53.0014321227
	55.4989370145	52.9952167658
	55.5085042173	52.9883610052
	55.5176025479	52.9808941983
	55.5239235156	52.9750780543
	55.5322624438	52.9670290431
	55.5345319739	52.9647993079
	55.5425778531	52.9562088101
	55.55004466	52.9471104795
	55.5569004206	52.9375432767
	55.5584880902	52.9351252941
	55.561539848	52.9303950695
	55.5661675353	52.9228179451
	55.5717158734	52.9124377347
	55.5765734338	52.9017168704
	55.578120878	52.8978552935
	55.580625238	52.8936507698
	55.586173576	52.8832705594
	55.5910311365	52.8725496951
	55.5951771184	52.8615340853
	55.5985937681	52.8502709007
	55.601266455	52.8388083718
	55.6031837342	52.8271955829
	55.6043373956	52.8154822619
	55.6047224991	52.8037185669
	55.6043373956	52.7919548719
	55.6035889412	52.7835570071
	55.603408828	52.7790699321
	55.6051574462	52.7715705177
	55.6055688231	52.7690788447
	55.6065432254	52.7687121057
	55.6172640897	52.7638545453
	55.6276443001	52.7583062072
	55.637639407	52.7520908503
	55.6472066099	52.7452350897
	55.6563049405	52.7377682828
	55.6648954382	52.7297224036
	55.6729413174	52.7211319058
	55.6734597059	52.7205381779
	55.6845681043	52.707758942
	55.6915165228	52.6992543394
	55.6951666703	52.6943256033
	55.7021170488	52.6845981252
	55.7053226618	52.6799596585
	55.7115380187	52.6699645516
	55.7170863568	52.6595843411
	55.7219439172	52.6488634768
	55.7260898992	52.6378478671
	55.7295065489	52.6265846824
	55.7321792358	52.6151221535
	55.734096515	52.6035093646
	55.7352501764	52.5917960436
	55.7356352799	52.5800323486
	55.7353660551	52.571808381
	55.7411826393	52.570848059
	55.7492877184	52.5689582196
	55.7504421087	52.5707525052
	55.7520362715	52.5730980935
	55.7549510554	52.5825271273
	55.7590970374	52.5935427371
	55.7639545978	52.6042636014
	55.7695029359	52.6146438118
	55.7757182928	52.6246389188
	55.7825740534	52.6342061216
	55.7900408603	52.6433044522
	55.7980867395	52.65189495
	55.8066772373	52.6599408292
	55.8157755678	52.6674076361
	55.8253427707	52.6742633967
	55.8353378776	52.6804787536
	55.8457180881	52.6860270917
	55.8564389524	52.6908846521
	55.8674545621	52.695030634
	55.8745881782	52.6971945928
	55.875785406	52.7011413241
	55.879931388	52.7121569339
	55.8847889484	52.7228777981
	55.8903372864	52.7332580086
	55.8965526433	52.7432531155
	55.903408404	52.7528203184
	55.9108752109	52.761918649
	55.9189210901	52.7705091467
	55.9275115879	52.7785550259
	55.9366099184	52.7860218329
	55.9461771213	52.7928775935
	55.9561722282	52.7990929504
	55.9568006809	52.7994541013
	55.9626295383	52.8027881467
	55.9723812961	52.8079753339
	55.9831021604	52.8128328943
	55.9941177701	52.8169788762
	56.0053809548	52.8203955259
	56.0168434837	52.8230682128
	56.0284562726	52.824985492
	56.0401695936	52.8261391534
	56.0519332886	52.8265242569
	56.0609103682	52.826300093
	56.0613226543	52.8262794901
	56.0706773419	52.8277625916
	56.0823906629	52.828916253
	56.0941543579	52.8293013565
	56.1059180529	52.828916253
	56.1086509745	52.8287162094
	56.1189353984	52.8278846054
	56.1279157978	52.8269309876
	56.1395285866	52.8250137084
	56.1444908714	52.8239536703
	56.15421072	52.8217335165
	56.1607109641	52.8201208677
	56.1719741488	52.816704218
	56.1829897586	52.8125582361
	56.1884197944	52.8102036412
	56.2092556709	52.8007584508
	56.2145464993	52.7982554852
	56.2249267098	52.7927071472
	56.2349218167	52.7864917902
	56.2444890196	52.7796360296
	56.2535873501	52.7721692227
	56.2621778479	52.7641233435
	56.2665492921	52.7595962007
	56.2704402833	52.7554229219
	56.2720051041	52.7537228107
	56.2747497225	52.7528156682
	56.2857653323	52.7486696863
	56.2879409697	52.7477517299
	56.2902226157	52.7490501572
	56.2953439914	52.7526020197
	56.3053390983	52.7588173766
	56.3091290365	52.7609448636
	56.3152401815	52.764278909
	56.3218304538	52.7676997601
	56.3325513181	52.7725573205
	56.3435669278	52.7767033025
	56.3548301125	52.7801199522
	56.3662926414	52.7827926391
	56.3779054303	52.7847099183
	56.3896187513	52.7858635797
	56.3945426629	52.7861185864
	56.4017600701	52.7863932446
	56.403780016	52.7863655563
	56.4085998535	52.7865233414
	56.4203635485	52.7861382379
	56.4320768695	52.7849845765
	56.4436896584	52.7830672973
	56.4551521873	52.7803946104
	56.466415372	52.7769779607
	56.4774309817	52.7728319787
	56.4864617305	52.7687969403
	56.4934044796	52.7654628949
	56.495094595	52.7646403729
	56.5054748055	52.7590920348
	56.5103857077	52.7561515564
	56.5177047249	52.7521492858
	56.5276998318	52.7459339289
	56.5372670347	52.7390781683
	56.544979243	52.7328145018
	56.5469868833	52.7312961859
	56.5560852139	52.723829379
	56.5646757117	52.7157834998
	56.5727215909	52.707193002
	56.5801883978	52.6980946714
	56.5870441584	52.6885274686
	56.5932595153	52.6785323616
	56.5988078534	52.6681521512
	56.6036654138	52.6574312869
	56.6078113957	52.6464156771
	56.6112280455	52.6351524925
	56.6139007323	52.6236899636
	56.6158180115	52.6120771747
	56.616971673	52.6003638537
	56.6173567765	52.5886001587
	56.616971673	52.5768364637
	56.6168089931	52.574573277
	56.6165267055	52.5709645734
	56.6155357239	52.5615144391
	56.6136184447	52.5499016502
	56.6109457579	52.5384391213
	56.6075291081	52.5271759366
	56.6036640126	52.5169066241
	56.6068568646	52.5109332181
	56.611714425	52.5002123538
	56.615860407	52.489196744
	56.6192770567	52.4779335594
	56.6194282078	52.4773657475
	56.620824387	52.4720862065
	56.6233459228	52.4611914894
	56.625263202	52.4495787006
	56.6264168634	52.4378653796
	56.6268019669	52.4261016846
	56.6264168634	52.4143379896
	56.625263202	52.4026246686
	56.6239262771	52.3940673454
	56.6240072813	52.3937660789
	56.624220404	52.3929632843
	56.6256089538	52.3876837433
	56.628068518	52.377024009
	56.6299857972	52.3654112201
	56.6304606607	52.361468382
	56.6305709594	52.3609183571
	56.6324882386	52.3493055683
	56.6336419	52.3375922472
	56.6340270035	52.3258285522
	56.6336419	52.3140648573
	56.6332698012	52.3102298156
	56.6395181899	52.3096551969
	56.646523891	52.3088722108
	56.6581366799	52.3069549316
	56.6642034823	52.3056389402
	56.6736486727	52.3034187864
	56.6790443992	52.3020620909
	56.6903075839	52.2986454411
	56.7013231936	52.2944994592
	56.7120440579	52.2896418988
	56.7224242684	52.2840935607
	56.7324193753	52.2778782038
	56.7419865782	52.2710224432
	56.7510849087	52.2635556363
	56.7596754065	52.2555097571
	56.7677212857	52.2469192593
	56.7751880926	52.2378209288
	56.7820438532	52.2282537259
	56.7882592101	52.2182586189
	56.7938075482	52.2078784085
	56.7986651086	52.1971575442
	56.7993385533	52.1953682448
	56.8035827725	52.1918851041
	56.8121732703	52.1838392249
	56.8202191495	52.1752487271
	56.8276859564	52.1661503965
	56.834541717	52.1565831937
	56.8407570739	52.1465880867
	56.846305412	52.1362078763
	56.8511629724	52.125487012
	56.8553089543	52.1144714022
	56.858725604	52.1032082176
	56.8589224308	52.1024673386
	56.8603109806	52.097195427
	56.8627868407	52.086473777
	56.8647041199	52.0748609882
	56.8658577814	52.0631476671
	56.8662428849	52.0513839722
	56.8661791481	52.0488046001
	56.8701816839	52.0439274961
	56.8770374445	52.0343602933
	56.8832528014	52.0243651863
	56.8844573676	52.0222457756
	56.8897369087	52.0128082146
	56.8940806805	52.0045474148
	56.898938241	51.9938265506
	56.9030842229	51.9828109408
	56.9049097929	51.9771245202
	56.9083637639	51.9678039218
	56.9117804136	51.9565407371
	56.9119935363	51.9557379426
	56.9133820861	51.9504584015
	56.9158416503	51.9397986672
	56.9177589295	51.9281858783
	56.9189125909	51.9164725573
	56.9189147862	51.9164054981
	56.9190605848	51.9164177789
	56.9222876075	51.9166001857
	56.9397894385	51.9174317897
	56.9416293543	51.9174152573
	56.9483261108	51.9176344864
	56.9600898058	51.9172493829
	56.967770725	51.9165803473
	57.0086032446	51.9121400396
	57.0126356464	51.9116554139
	57.0242484352	51.9097381347
	57.0304492279	51.908390594
	57.0398944183	51.9061628108
	57.0451561546	51.9048376646
	57.0564193392	51.9014210149
	57.067434949	51.8972750329
	57.0781558133	51.8924174725
	57.0885360237	51.8868691345
	57.0985311307	51.8806537776
	57.1080983335	51.8737980169
	57.1171966641	51.86633121
	57.1257871619	51.8582853308
	57.1338330411	51.849694833
	57.141299848	51.8405965025
	57.1481556086	51.8310292996
	57.1518683812	51.8250586757
	57.1519698764	51.8250278874
	57.1629854861	51.8208819055
	57.1689347402	51.8182909485
	57.1756104604	51.8152391907
	57.1803820706	51.8129725873
	57.1907622811	51.8074242492
	57.200757388	51.8012088923
	57.2075040228	51.7964737956
	57.2127759344	51.7925904338
	57.2155965025	51.7904697699
	57.2236512298	51.7839111022
	57.2264260895	51.7854232448
	57.2329403781	51.7888026654
	57.2423437073	51.7930632584
	57.2433933795	51.7953799344
	57.2489417176	51.8057601448
	57.2540401623	51.8140631053
	57.2576564953	51.8196096751
	57.2587734075	51.8213018216
	57.2656291681	51.8308690245
	57.273095975	51.839967355
	57.2811418542	51.8485578528
	57.289732352	51.856603732
	57.2967873164	51.8624791044
	57.3020668574	51.8666523832
	57.3041102236	51.8682438177
	57.3136774265	51.8750995783
	57.3236725334	51.8813149352
	57.3340527438	51.8868632733
	57.3447736081	51.8917208337
	57.3557892179	51.8958668157
	57.3670524026	51.8992834654
	57.3785149315	51.9019561523
	57.3901277203	51.9038734315
	57.4018410413	51.9050270929
	57.4051996708	51.9052157047
	57.4229761601	51.9060473087
	57.4313812256	51.9062438004
	57.4431449206	51.9058586969
	57.4548582416	51.9047050355
	57.4593822621	51.904050851
	57.4648423563	51.9031903397
	57.4695866467	51.9057476848
	57.4698724184	51.9068276023
	57.4732890681	51.918090787
	57.4774350501	51.9291063967
	57.4822926105	51.939827261
	57.4878409486	51.9502074715
	57.4906799239	51.9549546195
	57.4942886275	51.9607834769
	57.4976650091	51.9660314359
	57.5045207697	51.9755986387
	57.5119875766	51.9846969693
	57.5200334558	51.9932874671
	57.5286239536	52.0013333463
	57.5377222841	52.0088001532
	57.547289487	52.0156559138
	57.5572845939	52.0218712707
	57.5676648044	52.0274196088
	57.5783856687	52.0322771692
	57.5894012784	52.0364231511
	57.6006644631	52.0398398008
	57.6095889122	52.041988596
	57.6173632652	52.043651804
	57.619901345	52.0441756957
	57.6315141339	52.0460929749
	57.6429940244	52.047231184
	57.6513253232	52.0477881298
	57.6515587538	52.0478035821
	57.6596057732	52.0481502813
	57.6865527946	52.0487072271
	57.6902694702	52.0487456314
	57.7007057605	52.0484426032
	57.7198707995	52.0473287116
	57.7211982043	52.0472466363
	57.7329115253	52.0460929749
	57.7445243141	52.0441756957
	57.7559868431	52.0415030088
	57.7672500277	52.0380863591
	57.7782656375	52.0339403772
	57.7889865018	52.0290828168
	57.7897249613	52.0287165428
	57.7963930521	52.0253901268
	57.806034803	52.0202080627
	57.8060815499	52.020181064
	57.807886448	52.0206747618
	57.8193489769	52.0233474487
	57.8216938478	52.0237977135
	57.8291935427	52.0251862633
	57.8384614605	52.0266532777
	57.8501747816	52.0278069391
	57.8619384766	52.0281920426
	57.8737021715	52.0278069391
	57.8793554478	52.0273467799
	57.8993520908	52.0254012843
	57.9054121356	52.024707782
	57.9164744828	52.0228991003
	57.9675914262	52.0128969641
	57.9681418678	52.0127883666
	57.9796043968	52.0101156797
	57.9870947365	52.0079334774
	58.0126455788	51.9998844662
	58.0164184237	51.9986500188
	58.0274340335	51.9945040369
	58.0381548978	51.9896464764
	58.0485351082	51.9840981384
	58.0585302151	51.9778827815
	58.0590872352	51.9774917368
	58.0636062622	51.9776396744
	58.0747146606	51.9776396744
	58.0864783556	51.9772545709
	58.0981916767	51.9761009095
	58.1024769132	51.975484193
	58.1202534025	51.9727070934
	58.1275809548	51.9714065307
	58.1390434837	51.9687338438
	58.1503066683	51.9653171941
	58.1547337311	51.9637496595
	58.1650313998	51.9605945989
	58.1760470095	51.9564486169
	58.1764439668	51.9562836358
	58.1912814977	51.950096142
	58.2004488214	51.9469258162
	58.2104937259	51.9431124353
	58.2212145901	51.9382548749
	58.2284875822	51.9343673797
	58.2362744235	51.9385295331
	58.2469952878	51.9433870935
	58.2580108976	51.9475330754
	58.2692740822	51.9509497251
	58.2807366112	51.953622412
	58.2891930428	51.9550956624
	58.294747242	51.9559272664
	58.2979035992	51.9563712952
	58.3096169203	51.9575249567
	58.3213806152	51.9579100602
	58.3331443102	51.9575249567
	58.3448576312	51.9563712952
	58.3564704201	51.954454016
	58.3655738523	51.9523313934
	58.3681855816	51.9527625916
	58.3798989027	51.953916253
	58.3869610213	51.9542398975
	58.4308805761	51.9553883277
	58.4336781085	51.9614871121
	58.4392264466	51.9718673226
	58.4454418035	51.9818624295
	58.4480567309	51.9856692198
	58.4513907763	51.990391815
	58.4556316095	51.9961522276
	58.4588105792	52.000175093
	58.4577353583	52.0112847059
	58.4573502548	52.0230484009
	58.4577353583	52.0348120959
	58.4583564713	52.0420471532
	58.4514583307	52.0504938906
	58.4446025701	52.0600610934
	58.4383872132	52.0700562004
	58.4328388751	52.0804364108
	58.4279813147	52.0911572751
	58.4238353328	52.1021728849
	58.4204186831	52.1134360695
	58.4177459962	52.1248985985
	58.415828717	52.1365113873
	58.4146750555	52.1482247083
	58.4142899521	52.1599884033
	58.4146750555	52.1717520983
	58.415828717	52.1834654193
	58.4177459962	52.1950782082
	58.4183875432	52.1981621029
	58.419776093	52.2045555355
	58.4218072329	52.2129341697
	58.4252238826	52.2241973544
	58.4293698645	52.2352129641
	58.4342274249	52.2459338284
	58.439775763	52.2563140389
	58.4459911199	52.2663091458
	58.4490297174	52.2707134685
	58.4593141412	52.2851559124
	58.4631313044	52.2903187925
	58.4705981113	52.2994171231
	58.4766650479	52.3059973959
	58.4786547519	52.3083053677
	58.4867006311	52.3168958655
	58.4921390312	52.3221110661
	58.5055045711	52.3344011325
	58.5128191806	52.3433014004
	58.5208650598	52.3518918982
	58.5259975546	52.3568251549
	58.5336366662	52.3649534216
	58.5373133917	52.3685268028
	58.5380953647	52.3694244473
	58.5461412439	52.3780149451
	58.5523788012	52.3839605711
	58.5615493334	52.3922918699
	58.5639022739	52.3943921231
	58.5730006044	52.40185893
	58.5777984791	52.4054154873
	58.5810496157	52.407970075
	58.5906168185	52.4148258357
	58.6006119255	52.4210411926
	58.6109921359	52.4265895306
	58.6217130002	52.4314470911
	58.63272861	52.435593073
	58.6430766028	52.4387321023
	58.6438840934	52.4416457157
	58.6468959407	52.4514236117
	58.6503879636	52.46083871
	58.6516403443	52.4678595802
	58.6543130312	52.4793221092
	58.6577296809	52.4905852938
	58.6618756629	52.5016009036
	58.6667332233	52.5123217679
	58.6722815613	52.5227019783
	58.6784969182	52.5326970853
	58.6853526789	52.5422642881
	58.6928194858	52.5513626187
	58.700865365	52.5599531165
	58.7039702455	52.562983984
	58.7097991029	52.5685381832
	58.7152847202	52.5735531949
	58.7243830507	52.5810200018
	58.7339502536	52.5878757624
	58.7430100293	52.5935473482
	58.7544007153	52.6002154391
	58.7553360466	52.6007592101
	58.765716257	52.6063075482
	58.7764371213	52.6111651086
	58.7778942536	52.6117612147
	58.8053905915	52.6228696132
	58.814949069	52.626419489
	58.8262122536	52.6298361387
	58.8376747825	52.6325088256
	58.8492875714	52.6344261048
	58.8610008924	52.6355797662
	58.8727645874	52.6359648697
	58.8845282824	52.6355797662
	58.8918765753	52.6349465888
	58.8996585577	52.6341149848
	58.9040235858	52.6335945008
	58.9156363747	52.6316772216
	58.9270989036	52.6290045347
	58.9279484027	52.6287746832
	58.9810955325	52.6142548745
	58.98900068	52.6130392118
	58.9967520973	52.6116729491
	59.0082146263	52.6090002623
	59.0102582185	52.6084397602
	59.0260815828	52.6039994526
	59.0353011752	52.6011433049
	59.0463167849	52.596997323
	59.0465699287	52.5968922413
	59.053245649	52.5941151417
	59.0637133694	52.589362663
	59.0740935799	52.5838143249
	59.0840886868	52.577598968
	59.0874810007	52.5751680703
	59.0889591754	52.5784304715
	59.0945075135	52.5888106819
	59.1007228704	52.5988057889
	59.107578631	52.6083729917
	59.1150454379	52.6174713223
	59.1230913171	52.6260618201
	59.1316818149	52.6341076993
	59.1407801455	52.6415745062
	59.1503473483	52.6484302668
	59.1603424553	52.6546456237
	59.1707226657	52.6601939618
	59.18144353	52.6650515222
	59.1924591398	52.6691975041
	59.2037223244	52.6726141539
	59.2151848533	52.6752868407
	59.2267976422	52.6772041199
	59.2385109632	52.6783577814
	59.2502746582	52.6787428849
	59.2620383532	52.6783577814
	59.2737516742	52.6772041199
	59.2774627415	52.6766761523
	59.3249786269	52.66941022
	59.381531129	52.676311949
	59.3915566175	52.6772515192
	59.4033203125	52.6776366227
	59.4150840075	52.6772515192
	59.4267973285	52.6760978577
	59.4384101174	52.6741805785
	59.4498726463	52.6715078916
	59.4611358309	52.6680912419
	59.4721514407	52.66394526
	59.482872305	52.6590876996
	59.4932525154	52.6535393615
	59.4942519568	52.6529580427
	59.5013091561	52.6490914245
	59.5066578349	52.645878395
	59.5177738628	52.6389356459
	59.5224202908	52.6359333186
	59.5253700427	52.6339197111
	59.5270677228	52.6341514466
	59.5370233823	52.6351812556
	59.5664728452	52.6374014094
	59.5682305067	52.6375252618
	59.5799942017	52.6379103653
	59.5814885232	52.6379041578
	59.6108991131	52.6376598049
	59.6502983509	52.638930748
	59.6522507917	52.6388983316
	59.6560974121	52.6390242569
	59.6653285264	52.6387872182
	59.6754828106	52.6382653859
	59.6817276481	52.6421486755
	59.6824441025	52.6425601295
	59.6941170761	52.6492282203
	59.7037808322	52.6543651044
	59.7145016965	52.6592226648
	59.7165328614	52.6600495299
	59.7234756104	52.6628266296
	59.7324600553	52.6661457463
	59.74372324	52.669562396
	59.7551857689	52.6722350829
	59.7667985577	52.6741523621
	59.7749428766	52.6750364109
	59.7943825738	52.6766996189
	59.797951576	52.6769692316
	59.809715271	52.6773543351
	59.821478966	52.6769692316
	59.8242225798	52.676768323
	59.8344993742	52.675936719
	59.8434690814	52.6749839661
	59.8502286127	52.6739630225
	59.8860638788	52.6678518775
	59.8909171364	52.6669555419
	59.9023796653	52.664282855
	59.91364285	52.6608662053
	59.9136581083	52.660861025
	59.9283752104	52.6558637716
	59.9393755618	52.65172297
	59.9500964261	52.6468654095
	59.9604766365	52.6413170715
	59.970339572	52.6351899443
	59.9811733123	52.6279649076
	59.9813054837	52.6278766779
	59.9908726866	52.6210209173
	59.9999710171	52.6135541104
	60.0032315338	52.6106236549
	60.0189565914	52.6114053156
	60.0191553893	52.6114354415
	60.0226274151	52.6119270203
	60.0343407362	52.6130806818
	60.0423484259	52.6134265637
	60.0956778936	52.6145404553
	60.0971997476	52.6145065383
	60.0994338989	52.6145796769
	60.1111975939	52.6141945734
	60.119860844	52.6134159828
	60.1490280193	52.6100819374
	60.1520780902	52.6097068665
	60.1636908791	52.6077895873
	60.1688550434	52.6066833147
	60.1857999286	52.6027923235
	60.1920982932	52.6012259092
	60.2033614779	52.5978092595
	60.2143770877	52.5936632776
	60.225097952	52.5888057172
	60.2354781624	52.5832573791
	60.2454732693	52.5770420222
	60.2550404722	52.5701862616
	60.2641388028	52.5627194546
	60.2726128857	52.5547898839
	60.2767861645	52.5506242345
	60.2769025794	52.550507926
	60.2849484586	52.5419174283
	60.2924152655	52.5328190977
	60.2992710261	52.5232518948
	60.305486383	52.5132567879
	60.3110347211	52.5028765774
	60.3158922815	52.4921557132
	60.3200382634	52.4811401034
	60.3225116046	52.4732645752
	60.3255633624	52.4627054932
	60.3265066709	52.4593178367
	60.3291793578	52.4478553078
	60.331096637	52.4362425189
	60.3317056275	52.431030283
	60.3322201119	52.4259900316
	60.3388636474	52.3927662701
	60.3388992065	52.3925879738
	60.3408164857	52.380975185
	60.3414635906	52.3753856153
	60.3428521404	52.3614924878
	60.3433586969	52.3553687365
	60.3437438004	52.3436050415
	60.3433586969	52.3318413465
	60.3422050355	52.3201280255
	60.3402877563	52.3085152366
	60.3376150694	52.2970527077
	60.3361588079	52.2919232436
	60.3358590021	52.2746208875
	60.3347053406	52.2629075665
	60.3327880614	52.2512947777
	60.3317735422	52.2465322987
	60.3303849924	52.2404211537
	60.3287268248	52.2337211037
	60.325310175	52.2224579191
	60.3211641931	52.2114423093
	60.3190175794	52.2064727943
	60.316515138	52.2009109657
	60.3138041913	52.1951596164
	60.3082558532	52.184779406
	60.3020404963	52.174784299
	60.2954047194	52.1655043824
	60.2917960158	52.1607817872
	60.2915760321	52.1604945009
	60.2841092252	52.1513961704
	60.276063346	52.1428056726
	60.2677378591	52.1349926619
	60.2630152638	52.1308346419
	60.262750253	52.1306017734
	60.2536519224	52.1231349665
	60.2440847195	52.1162792058
	60.2340896126	52.1100638489
	60.2237094022	52.1045155109
	60.2138750748	52.1000279428
	60.2083714659	52.0956309992
	60.198804263	52.0887752386
	60.1897276108	52.0831310135
	60.1926261217	52.0830361261
	60.2043394428	52.0818824647
	60.2159522316	52.0799651855
	60.2274147605	52.0772924986
	60.2386779452	52.0738758489
	60.2436153013	52.0721192194
	60.3104755003	52.0472283197
	60.3106582275	52.0471601807
	60.3145187012	52.0457182252
	60.3204142276	52.0433970117
	60.3291262029	52.0395146694
	60.3757719688	52.017227148
	60.3802021484	52.0158736425
	60.3835206531	52.0148710304
	60.3893165255	52.013012354
	60.4003321353	52.0088663721
	60.4110529996	52.0040088116
	60.4133653821	52.0028477188
	60.4242861603	51.9972654635
	60.451674486	51.9874409902
	60.4571898973	51.9868200948
	60.4737296762	51.9870185174
	60.4746997737	51.9869925835
	60.4758872986	51.9870314591
	60.4876509936	51.9866463556
	60.4993643146	51.9854926942
	60.5107761307	51.9836152719
	60.5477214737	51.9763101267
	60.5477923702	51.9762960936
	60.5543765376	51.9749914672
	60.5545066139	51.9749656432
	60.5659691429	51.9722929563
	60.5772323275	51.9688763066
	60.5882479373	51.9647303247
	60.5989688016	51.9598727643
	60.609349012	51.9543244262
	60.619344119	51.9481090693
	60.6289113218	51.9412533087
	60.6380096524	51.9337865018
	60.6466001502	51.9257406226
	60.6493103282	51.9229714214
	60.6537277476	51.9183594524
	60.6590634488	51.9125381558
	60.6665302557	51.9034398252
	60.6733860163	51.8938726224
	60.6796013732	51.8838775154
	60.6851497113	51.873497305
	60.6900072717	51.8627764407
	60.6941532536	51.8517608309
	60.6975699034	51.8404976463
	60.7002425903	51.8290351174
	60.7021598694	51.8174223285
	60.7033135309	51.8057090075
	60.7036321513	51.7959761612
	60.7363319397	51.7959761612
	60.746219691	51.7957041741
	60.7647513106	51.7946838858
	60.7745345788	51.7953193988
	60.7861938477	51.7956976883
	60.7911426897	51.7956295935
	60.8185719583	51.7948746107
	60.8193710073	51.7949588224
	60.8264588087	51.7955643549
	60.8382225037	51.7959494584
	60.843521189	51.7958713935
	60.9104386084	51.7938991951
	60.9169036181	51.7935921564
	60.9286169391	51.7924384949
	60.940229728	51.7905212157
	60.945051817	51.7894931414
	60.959467558	51.7862125018
	60.9661079978	51.7845678892
	60.9773711825	51.7811512395
	60.9883867923	51.7770052576
	60.9991076565	51.7721476971
	61.009487867	51.7665993591
	61.0194829739	51.7603840022
	61.0290501768	51.7535282415
	61.0381485074	51.7460614346
	61.0467390051	51.7380155554
	61.0547848843	51.7294250576
	61.0581720686	51.7254476448
	61.0642565107	51.7180890937
	61.0683361334	51.7129681761
	61.075191894	51.7034009732
	61.0814072509	51.6934058663
	61.086955589	51.6830256558
	61.0918131494	51.6723047915
	61.0959591313	51.6612891818
	61.0993757811	51.6500259971
	61.1002341837	51.6463445088
	61.1065908326	51.6460218626
	61.1092368395	51.6458680048
	61.1209501605	51.6447143433
	61.1325629494	51.6427970641
	61.1427468766	51.6404619447
	61.149262306	51.6410080804
	61.161026001	51.6413931839
	61.1647137901	51.6413553743
	61.1756886741	51.6411303072
	61.18376458	51.6407830133
	61.195477901	51.6396293519
	61.2070906899	51.6377120727
	61.2073374437	51.6376628108
	61.2198076891	51.6351641841
	61.2310234641	51.6325407591
	61.2412591021	51.6294694647
	61.2427975523	51.6289575508
	61.248420021	51.627132564
	61.2507056857	51.6263737126
	61.2617212954	51.6222277307
	61.2690960376	51.6189775828
	61.2703229859	51.6184036876
	61.2713195116	51.6183411493
	61.2765293764	51.6179235758
	61.2936091077	51.6163045596
	61.2970489037	51.6168550862
	61.3019967694	51.617576587
	61.3137100904	51.6187302484
	61.3254737854	51.6191153519
	61.3372374804	51.6187302484
	61.3462428632	51.6179122175
	61.349130589	51.6175765241
	61.350014035	51.6174716099
	61.3566516083	51.6166667088
	61.3584761005	51.6164359925
	61.3700888893	51.6145187133
	61.3815514182	51.6118460264
	61.3928146029	51.6084293767
	61.3960622382	51.6072921938
	61.4037564826	51.6045150942
	61.4115244571	51.6015062952
	61.4138342887	51.6005306137
	61.4165428846	51.600728692
	61.4283065796	51.6011137955
	61.4400702746	51.600728692
	61.4517835956	51.5995750306
	61.4633963844	51.5976577514
	61.4685263439	51.5965593296
	61.4762715696	51.594782413
	61.4762747648	51.5947820347
	61.4766490617	51.5947634473
	61.4996258629	51.5943960072
	61.4999530616	51.594390477
	61.5011381949	51.5943693677
	61.5125466993	51.5942060179
	61.5217353136	51.5938393487
	61.5334486347	51.5926856873
	61.5450614235	51.5907684081
	61.5565239524	51.5880957212
	61.5677871371	51.5846790715
	61.5788027468	51.5805330896
	61.5895236111	51.5756755292
	61.5999038216	51.5701271911
	61.6098989285	51.5639118342
	61.6194661314	51.5570560736
	61.6285644619	51.5495892667
	61.6333324262	51.5452543383
	61.6338626691	51.544754613
	61.6376852027	51.5410436621
	61.6457310818	51.5324531643
	61.6531978888	51.5233548338
	61.6600536494	51.5137876309
	61.6662690063	51.503792524
	61.6665573201	51.5032912908
	61.6762163626	51.4864364328
	61.6889308229	51.4642890964
	61.713981817	51.4501400104
	61.7140413615	51.4501063641
	61.7626062724	51.4226519879
	61.7627300813	51.4225819324
	61.7649730335	51.4213116205
	61.7662664942	51.420571967
	61.7762616011	51.4143566101
	61.785828804	51.4075008495
	61.7949271345	51.4000340426
	61.8035176323	51.3919881634
	61.8115635115	51.3833976656
	61.8190303184	51.3742993351
	61.825886079	51.3647321322
	61.8321014359	51.3547370253
	61.837649774	51.3443568148
	61.8425073344	51.3336359505
	61.8466533164	51.3226203408
	61.8500699661	51.3113571561
	61.852742653	51.2998946272
	61.8546599322	51.2882818384
	61.8558135936	51.2765685173
	61.8561986971	51.2648048223
	61.8558135936	51.2530411274
	61.8546599322	51.2413278063
	61.852742653	51.2297150175
	61.8500699661	51.2182524886
	61.8466533164	51.2069893039
	61.8425073344	51.1959736941
	61.837649774	51.1852528299
	61.8321014359	51.1748726194
	61.825886079	51.1648775125
	61.8190303184	51.1553103096
	61.8115635115	51.146211979
	61.8035176323	51.1376214813
	61.7949271345	51.1295756021
	61.785828804	51.1221087951
	61.7762616011	51.1152530345
	61.7662664942	51.1090376776
	61.7558862837	51.1034893395
	61.7451654194	51.0986317791
	61.7341498097	51.0944857972
	61.7265558181	51.0920940736
	61.7235972479	51.0829764327
	61.7218224655	51.0742358959
	61.7192907896	51.0634749795
	61.7166044661	51.0544096552
	61.7132545602	51.0441071856
	61.6867682086	50.9622741743
	61.6838306104	50.9531597011
	61.6837625409	50.9529489465
	61.6737642194	50.9220575281
	61.6731571816	50.9202159308
	61.6686918806	50.9063640638
	61.6648674371	50.8923909263
	61.6616218048	50.8702863002
	61.660073828	50.8613259056
	61.6574011412	50.8498633767
	61.6539844914	50.838600192
	61.6498385095	50.8275845823
	61.6481197018	50.8235733539
	61.6462220476	50.8147911865
	61.6421611363	50.7958781841
	61.6400404539	50.7870849038
	61.6366238042	50.7758217191
	61.6343139766	50.7694179722
	61.6302589534	50.7588092991
	61.6284227991	50.7541974363
	61.6235652386	50.743476572
	61.6180169006	50.7330963615
	61.6118015437	50.7231012546
	61.607793444	50.7173486736
	61.5963760442	50.7016244855
	61.5935283833	50.6978098637
	61.5860615763	50.6887115331
	61.5780156971	50.6801210354
	61.5694251994	50.6720751562
	61.5603268688	50.6646083492
	61.5507596659	50.6577525886
	61.540764559	50.6515372317
	61.5365313538	50.6491687186
	61.5126971361	50.6362521595
	61.5065501309	50.6330723346
	61.4958292666	50.6282147742
	61.4848136569	50.6240687923
	61.4748297467	50.6209999812
	61.4334883581	50.6095953455
	61.4174625749	50.6039344372
	61.4153709079	50.6032100276
	61.4041077232	50.5997933779
	61.3983816079	50.5983593511
	61.384147892	50.5950419464
	61.3005183445	50.5754787951
	61.245081534	50.5600992039
	61.24355093	50.5596818361
	61.2320884011	50.5570091493
	61.220714064	50.5551234251
	61.2189039369	50.5548826542
	61.2104341169	50.552356721
	61.1669121106	50.5393290526
	61.1618858909	50.5379037294
	61.1540634177	50.5359943008
	61.0833731928	50.5204070598
	61.056423264	50.5128688444
	61.0545250511	50.5123490725
	61.0430625221	50.5096763856
	61.0314497333	50.5077591064
	61.0197364123	50.506605445
	61.0136984795	50.5063115009
	60.9787641648	50.505198846
	60.9503359466	50.5042811164
	60.8675954674	50.4855664613
	60.8630049965	50.4845909364
	60.8513922077	50.4826736572
	60.8396788866	50.4815199957
	60.8290942185	50.4811387566
	60.7826018868	50.4808339888
	60.7521350979	50.4806131873
	60.750831604	50.480608464
	60.739067909	50.4809935675
	60.7288102137	50.4819616297
	60.6764488959	50.4884209934
	60.6646254352	50.4868844144
	60.6637545938	50.4867734001
	60.6621981973	50.4865788505
	60.6516524584	50.4855750189
	60.6419019509	50.4852011824
	60.5892421264	50.4846117342
	60.5728768079	50.4849379645
	60.5717310065	50.485016739
	60.5008539651	50.4901169855
	60.4766898819	50.4900542604
	60.4764611534	50.490061451
	60.4762229919	50.4900536544
	60.4661758671	50.4903344871
	60.4369247685	50.4919709922
	60.4367626946	50.4919801331
	60.4240139763	50.4927049256
	60.4224594801	50.4928000555
	60.4181716753	50.4931326196
	60.3726846405	50.4972082457
	60.3390002838	50.5002005496
	60.3314386029	50.5010337951
	60.319825814	50.5029510743
	60.3179067923	50.5033436661
	60.3089079215	50.505235756
	60.2993644143	50.507515851
	60.2881012296	50.5109325007
	60.2770856199	50.5150784827
	60.2663647556	50.5199360431
	60.2654912819	50.5203697404
	60.2580284859	50.5229215663
	60.2473920163	50.5269383765
	60.236671152	50.5317959369
	60.2262909416	50.537344275
	60.2206795796	50.5407216835
	60.2129281148	50.5455816078
	60.2085443698	50.5484195562
	60.1989771669	50.5552753168
	60.1978909456	50.5561154109
	60.1296304693	50.6093263934
	60.1218367622	50.6153991648
	60.1158370499	50.6202850589
	60.0999250903	50.6338225501
	60.0908200831	50.6176606926
	60.0898796935	50.6160118583
	60.0836643366	50.6060167514
	60.0782241991	50.5983195438
	60.0733933878	50.5918509789
	60.0604936099	50.5745199588
	60.052023989	50.5605323274
	60.0477184443	50.553766843
	60.0408626837	50.5441996401
	60.0404303712	50.5436385307
	60.0249579591	50.5236380729
	60.0179234647	50.5151008518
	60.0098775855	50.506510354
	60.0012870877	50.4984644748
	59.9921887571	50.4909976679
	59.984174754	50.4851914707
	59.9798577042	50.4808533534
	59.9754177374	50.4748102968
	59.9679509305	50.4657119663
	59.9599050513	50.4571214685
	59.9513145535	50.4490755893
	59.9422162229	50.4416087824
	59.9326490201	50.4347530218
	59.9226539131	50.4285376649
	59.9166929514	50.4252449619
	59.9056951791	50.4194389926
	59.9012759305	50.4171833575
	59.8905550662	50.4123257971
	59.8806307505	50.4085541672
	59.8653223701	50.4032479232
	59.864231076	50.4028735712
	59.8529678913	50.3994569215
	59.8453293955	50.397588161
	59.824913136	50.3930639301
	59.821089103	50.3922600037
	59.8106287865	50.3904982423
	59.7494647528	50.3820431835
	59.7134230334	50.3744896274
	59.7116187355	50.3741211182
	59.7000059467	50.372203839
	59.6970365592	50.3718380094
	59.6753752758	50.3693520398
	59.6730914251	50.3690862146
	59.6514043834	50.3648510505
	59.6438156552	50.3627526145
	59.6007308289	50.3474890798
	59.598484006	50.3467097835
	59.5881678841	50.3435496692
	59.5788333199	50.340993822
	59.5778862571	50.3407372866
	59.5664237282	50.3380645997
	59.5548109394	50.3361473205
	59.5430976183	50.3349936591
	59.5313339233	50.3346085556
	59.5202971567	50.3349474917
	59.5126029124	50.3354205142
	59.511875984	50.3354666815
	59.5001626629	50.336620343
	59.4885498741	50.3385376222
	59.4770873452	50.341210309
	59.4722888717	50.3425676236
	59.4688442001	50.3435937772
	59.4623794889	50.3456531123
	59.4513638791	50.3497990942
	59.4406430148	50.3546566547
	59.4302628044	50.3602049927
	59.4202676974	50.3664203496
	59.4107004946	50.3732761103
	59.401602164	50.3807429172
	59.3930116662	50.3887887964
	59.3849657871	50.3973792942
	59.3774989801	50.4064776247
	59.3706432195	50.4160448276
	59.3644278626	50.4260399345
	59.3588795245	50.436420145
	59.3540219641	50.4471410093
	59.3510736969	50.4549743674
	59.2867848157	50.4548026784
	59.2863044739	50.454802037
	59.2764176531	50.4550739729
	59.2638062639	50.4557682478
	59.2619293897	50.4558814154
	59.2502160687	50.4570350768
	59.23941873	50.4587921104
	59.228531584	50.4609054527
	59.2277161339	50.4610656983
	59.2162536049	50.4637383852
	59.2049904203	50.4671550349
	59.1939748105	50.4713010169
	59.1911242533	50.4725106081
	59.1845400859	50.4753716311
	59.1766697788	50.4790196002
	59.1662895683	50.4845679383
	59.1572866245	50.4901250925
	59.153926621	50.4910264027
	59.1427116727	50.4944301204
	59.1420941367	50.4946409957
	59.1316802751	50.4982182125
	59.1258946836	50.4995728817
	59.1155932703	50.5015496254
	59.1073512905	50.5022758469
	59.0996614117	50.5031204345
	59.0894936459	50.5047564234
	59.0740479366	50.507697555
	59.0735443114	50.5077941982
	59.0672119139	50.509018716
	59.0662705162	50.5092033631
	59.0569673881	50.5113117765
	59.0418747685	50.5151557573
	59.0298297689	50.5176105877
	59.0215517353	50.5191865273
	59.0190537082	50.51859292
	59.0125602028	50.5171760804
	59.000947414	50.5152588012
	58.9997376093	50.5151036987
	58.9779060969	50.5123800048
	58.9674025805	50.5113814459
	58.961728549	50.5110994608
	58.9469771146	50.5105997354
	58.9291237562	50.5108817206
	58.9201686796	50.5116939107
	58.9074614077	50.5131674839
	58.9059429398	50.5133352384
	58.902216496	50.5137863281
	58.8906037071	50.5157036073
	58.8791411782	50.5183762941
	58.875105498	50.5195082108
	58.8648032215	50.5225276799
	58.8641285303	50.5227075975
	58.8639205361	50.522763196
	58.8638849959	50.5227727229
	58.8444109664	50.5279950434
	58.8331833219	50.5314021663
	58.8221677121	50.5355481482
	58.8114468478	50.5404057086
	58.8090017181	50.5416347259
	58.8009067416	50.5457810151
	58.7942884129	50.5490543519
	58.7840950493	50.5545104127
	58.7802337693	50.5568044749
	58.7653717087	50.565887269
	58.7631330847	50.567278009
	58.7508573889	50.5750294738
	58.746962186	50.5775600286
	58.7373949831	50.5844157892
	58.7297963426	50.5905819737
	58.7176846787	50.6009693944
	58.7174310534	50.6011873225
	58.7152376025	50.6030755977
	58.7139915378	50.6041582919
	58.70540104	50.6122041711
	58.702193146	50.615495098
	58.6953572085	50.622689617
	58.6915798884	50.626790532
	58.6842313595	50.6350210117
	58.6808152761	50.638664834
	58.6807616309	50.6386667174
	58.6801177208	50.6386694912
	58.6734763328	50.6387267117
	58.6730051191	50.6387313888
	58.6655359419	50.6388153122
	58.6557930677	50.6391890631
	58.6505943861	50.6396055768
	58.6322249383	50.6413456899
	58.6200520712	50.6423286567
	58.6115136707	50.6432236964
	58.6009584034	50.6445855433
	58.6004968304	50.6446457031
	58.5888840416	50.6465629823
	58.5826936496	50.6479080702
	58.5720811618	50.6504105116
	58.5668090249	50.6517381106
	58.5555458402	50.6551547603
	58.5445302304	50.6593007422
	58.5338093662	50.6641583026
	58.5234291557	50.6697066407
	58.5134340488	50.6759219976
	58.5038668459	50.6827777582
	58.5012794153	50.6848009647
	58.4937530176	50.6907976688
	58.4872421176	50.6962412692
	58.4786516199	50.7042871484
	58.4706057407	50.7128776462
	58.4631389337	50.7219759768
	58.4562831731	50.7315431796
	58.4500678162	50.7415382866
	58.4453495597	50.7502569409
	58.4416798209	50.7575086804
	58.4408497394	50.7591702365
	58.435992179	50.7698911008
	58.431846197	50.7809067106
	58.4284295473	50.7921698952
	58.4257568604	50.8036324241
	58.4249019855	50.8082435573
	58.4211939153	50.8116463298
	58.4189134425	50.8137757738
	58.4055238551	50.8264977892
	58.4022317895	50.8297067651
	58.397791686	50.8343075898
	58.3902919912	50.8423604157
	58.3900948569	50.8425724312
	58.3871804282	50.8457119271
	58.3848557239	50.8482648687
	58.3732437855	50.861265357
	58.3721598483	50.862490073
	58.3646930414	50.8715884035
	58.3578372808	50.8811556064
	58.3516219239	50.8911507133
	58.349047984	50.8957640707
	58.3465501096	50.9003998125
	58.3366333702	50.9020370728
	58.3251708413	50.9047097597
	58.3139076566	50.9081264094
	58.3028920469	50.9122723914
	58.2921711826	50.9171299518
	58.2850707313	50.9209252221
	58.2764060494	50.9155371766
	58.2727069663	50.9134592912
	58.2670650291	50.9103770158
	58.2603839017	50.9069065631
	58.2496630374	50.9020490027
	58.2386474276	50.8979030208
	58.227384243	50.894486371
	58.215921714	50.8918136842
	58.2043089252	50.889896405
	58.1925956042	50.8887427435
	58.1894058441	50.8885621112
	58.1789345001	50.8880623859
	58.1771033244	50.8880786498
	58.1703605652	50.8878579147
	58.1585968702	50.8882430182
	58.1468835492	50.8893966796
	58.1352707603	50.8913139588
	58.1332181621	50.8917346892
	58.1142366116	50.8957407685
	58.0985197602	50.897351716
	58.09338242	50.8979530456
	58.0817696312	50.8998703248
	58.0711116773	50.9023294207
	58.0600299818	50.9052438494
	58.0592254067	50.9054574404
	58.047962222	50.9088740901
	58.046517087	50.9094180004
	58.0364249489	50.9070648438
	58.0248121601	50.9051475646
	58.013098839	50.9039939032
	58.001335144	50.9036087997
	57.9895714491	50.9039939032
	57.977858128	50.9051475646
	57.9662453392	50.9070648438
	57.9615837428	50.9080564715
	57.957914004	50.9088880755
	57.9511130715	50.9105691347
	57.9439088968	50.9126614517
	57.941071388	50.9128249274
	57.9306000458	50.9138562646
	57.9298194328	50.9117722255
	57.9252112785	50.9004082423
	57.9247027063	50.8991673764
	57.9198451459	50.8884465122
	57.9157849528	50.8806945624
	57.9081412027	50.8669263395
	57.906060654	50.8631049532
	57.9033697274	50.8572162539
	57.9010920941	50.8524205112
	57.895543756	50.8420403007
	57.8893283991	50.8320451938
	57.8824726385	50.8224779909
	57.8775678002	50.8163663068
	57.8732343078	50.8112012111
	57.8706723392	50.8082145647
	57.86262646	50.7996240669
	57.8540359622	50.7915781877
	57.8503046168	50.7883948334
	57.8397226429	50.7796133959
	57.8343556578	50.7753299433
	57.8247884549	50.7684741827
	57.8147933479	50.7622588257
	57.8044131375	50.7567104877
	57.7936922732	50.7518529273
	57.7831727861	50.7478761629
	57.7715074418	50.7438783602
	57.7710113192	50.7437091426
	57.7597481346	50.7402924929
	57.7482856056	50.737619806
	57.7441420092	50.7368459545
	57.7430281176	50.736651405
	57.7405378981	50.7362344594
	57.7277052565	50.7341783376
	57.7227262836	50.7334518554
	57.7110129626	50.732298194
	57.6992492676	50.7319130905
	57.6944400248	50.7319773971
	57.6884296065	50.7321381621
	57.6782764466	50.7323798155
	57.6707924574	50.732713996
	57.6590791363	50.7338676574
	57.6474663475	50.7357849366
	57.6360038186	50.7384576235
	57.6247406339	50.7418742732
	57.6241990538	50.7420590762
	57.6195386685	50.7388377996
	57.6095435616	50.7326224427
	57.6030472706	50.7290482774
	57.5919083546	50.7232156052
	57.5880244351	50.7212414325
	57.5773035708	50.7163838721
	57.5662879611	50.7122378902
	57.5550247764	50.7088212404
	57.5466401687	50.7067888033
	57.5343606582	50.7041223299
	57.5329675643	50.7038255933
	57.5303010909	50.7032686475
	57.5286162636	50.7029251344
	57.5170034748	50.7010078552
	57.5052901537	50.6998541937
	57.4935264587	50.6994690902
	57.4817627638	50.6998541937
	57.4700494427	50.7010078552
	57.4689295356	50.7011588743
	57.4367373054	50.7056029966
	57.4262444237	50.7073692567
	57.4256753449	50.7074834083
	57.4061746124	50.7114278053
	57.3991830335	50.7129875238
	57.3825700269	50.717042547
	57.3786681557	50.7180413637
	57.3674049711	50.7214580134
	57.3563893613	50.7256039954
	57.345668497	50.7304615558
	57.3395118836	50.7336465881
	57.3214538166	50.7434342776
	57.3137791929	50.7464093543
	57.3030583286	50.7512669147
	57.2926781181	50.7568152527
	57.2862293198	50.7607209241
	57.2771566897	50.7638221552
	57.2665977658	50.7668072344
	57.2577133512	50.7695689754
	57.2466977414	50.7737149573
	57.2359768771	50.7785725177
	57.2255966667	50.7841208558
	57.2156015598	50.7903362127
	57.2060343569	50.7971919733
	57.1969360263	50.8046587802
	57.1883455286	50.8127046594
	57.1802996494	50.8212951572
	57.1728328424	50.8303934877
	57.1659770818	50.8399606906
	57.1597617249	50.8499557976
	57.1542133868	50.860336008
	57.1493558264	50.8710568723
	57.1452098445	50.882072482
	57.1434796606	50.8877761341
	57.1398727897	50.8897040467
	57.1392260817	50.890079218
	57.1323966013	50.894060163
	57.1285337787	50.8935089233
	57.1221542499	50.8927846258
	57.1070137164	50.8913388556
	57.1016799242	50.8909094916
	57.090859711	50.8905268626
	57.0748608707	50.8904429393
	57.0621536939	50.8908255682
	57.0560840325	50.891326727
	57.0483553407	50.8920968127
	57.0430732301	50.8914622129
	57.0283743168	50.8892106544
	57.0246176105	50.8886757018
	57.024285302	50.8886322675
	57.0074691795	50.8864502512
	57.0036691333	50.885368371
	56.9899321255	50.8813760192
	56.9761150775	50.877304725
	56.9718300437	50.8760995302
	56.9603675148	50.8734268433
	56.9543466126	50.8724327884
	56.9540616177	50.8721031101
	56.9460157385	50.8635126123
	56.9374252408	50.8554667331
	56.9283269102	50.8479999262
	56.9187597073	50.8411441656
	56.9087646004	50.8349288087
	56.8983843899	50.8293804706
	56.8876635257	50.8245229102
	56.8817988864	50.8222132368
	56.8709384385	50.8181543975
	56.865787468	50.8163180889
	56.8591089335	50.814195201
	56.8449716702	50.8100028502
	56.8403870201	50.8087090883
	56.8299602328	50.8062455879
	56.8135684787	50.8028848396
	56.812532737	50.8026756532
	56.8061912281	50.8015319381
	56.8000176581	50.8005323462
	56.7974857349	50.7996954065
	56.7969550753	50.7995143489
	56.7856918907	50.7960976992
	56.7742293617	50.7934250123
	56.7626165729	50.7915077331
	56.7509032519	50.7903540717
	56.7391395569	50.7899689682
	56.7273758619	50.7903540717
	56.7156625409	50.7915077331
	56.7139182114	50.7917460689
	56.7050833726	50.7929972897
	56.6952149132	50.794676233
	56.6897688816	50.7958474683
	56.6812430332	50.7978196668
	56.6752265359	50.7993211184
	56.6639633512	50.8027377681
	56.6529477414	50.80688375
	56.6467460431	50.8095903458
	56.6463137	50.8095960657
	56.6369293897	50.8099654303
	56.6259390052	50.8110254053
	56.6189695533	50.8119142298
	56.6182466168	50.8120079162
	56.606633828	50.8139251954
	56.595171299	50.8165978823
	56.5851848586	50.819586459
	56.5765445693	50.822447482
	56.5752678251	50.8228755549
	56.5642522153	50.8270215369
	56.5574388233	50.8300102945
	56.5566319404	50.8303843273
	56.5535214598	50.8278316217
	56.5439542569	50.8209758611
	56.53395915	50.8147605042
	56.5235789395	50.8092121661
	56.5181881947	50.8066639439
	56.5108236304	50.7988458642
	56.5022331326	50.790799985
	56.5008035691	50.789559537
	56.4925523789	50.7824756442
	56.4848836119	50.7762492853
	56.475316409	50.7693935247
	56.4653213021	50.7631781678
	56.4549410916	50.7576298297
	56.4495742198	50.7550924139
	56.4296309825	50.7460630255
	56.42427699	50.7437428809
	56.4132613803	50.7395968989
	56.4019981956	50.7361802492
	56.3905356667	50.7335075623
	56.3812721837	50.7319153466
	56.3768814671	50.7312782921
	56.376629514	50.731241918
	56.3669630711	50.7298533682
	56.3648657184	50.7295646789
	56.3531523974	50.7284110175
	56.342094425	50.7280272985
	56.3207054174	50.7279433751
	56.3199996948	50.7279419906
	56.3150595151	50.7281037154
	56.3148305734	50.721734316
	56.3145615472	50.7164314954
	56.3134078858	50.7047181744
	56.3114906066	50.6931053856
	56.3088179197	50.6816428567
	56.305576585	50.670898729
	56.303383134	50.664371782
	56.3032078191	50.663852725
	56.2990618371	50.6528371152
	56.2942042767	50.6421162509
	56.2886559387	50.6317360405
	56.2824405818	50.6217409335
	56.2755848211	50.6121737307
	56.2681180142	50.6030754001
	56.260072135	50.5944849023
	56.2514816372	50.5864390231
	56.2423833067	50.5789722162
	56.236737089	50.5748120685
	56.2249878215	50.5665036579
	56.2210668362	50.563808045
	56.2110717293	50.5575926881
	56.2006915189	50.55204435
	56.1910259928	50.5476278615
	56.146165153	50.5287107778
	56.1451098147	50.5282697058
	56.1370378707	50.5251515029
	56.0737852112	50.5024499156
	56.0608636557	50.4978033227
	56.0598954705	50.4974582841
	56.0594434637	50.4972986534
	56.0550151563	50.4957009499
	56.0517882968	50.4945712642
	56.0405251121	50.4911546145
	56.0290625832	50.4884819276
	56.0256742214	50.4878416434
	56.0126692038	50.4855130302
	56.004596473	50.4839921161
	55.9941506078	50.4815520629
	55.992197736	50.480999027
	55.985431142	50.4777783799
	55.9792856679	50.4742816466
	55.9750925153	50.4719691108
	55.9601198285	50.4639696906
	55.9549143887	50.4612965167
	55.9441935244	50.4564389563
	55.9331779147	50.4522929744
	55.9312335059	50.4516452671
	55.9197588966	50.4478954197
	55.911526453	50.4454212054
	55.8954436893	50.441003786
	55.894357357	50.4407090578
	55.8828948281	50.4380363709
	55.8767079482	50.4369177617
	55.8719525926	50.4361435487
	55.8615285311	50.434423691
	55.8557257038	50.4335632446
	55.8460312254	50.4325533169
	55.842415333	50.4294800063
	55.8377499583	50.4256195327
	55.8371419855	50.4251186901
	55.8358907648	50.4240925366
	55.8313267881	50.4204715448
	55.8217595853	50.4136157842
	55.8117644783	50.4074004273
	55.8013842679	50.4018520892
	55.7906634036	50.3969945288
	55.7881970487	50.3959942447
	55.7758107267	50.3910770999
	55.7672614718	50.3879314021
	55.7559982871	50.3845147524
	55.7445357582	50.3818420655
	55.7329229694	50.3799247863
	55.7212096483	50.3787711249
	55.7094459534	50.3783860214
	55.6976822584	50.3787711249
	55.6859689374	50.3799247863
	55.6769707829	50.3813420674
	55.6641076237	50.383703365
	55.6614929893	50.3842033631
	55.6500304604	50.38687605
	55.6387672757	50.3902926997
	55.638374676	50.3904264744
	55.6235091352	50.3955109053
	55.6158218717	50.3979297236
	55.6063177111	50.401457666
	55.5964033129	50.4054592834
	55.5948918637	50.406077323
	55.5841709995	50.4109348834
	55.576746776	50.4148135778
	55.5317777292	50.4396568025
	55.5165434778	50.4464023939
	55.5052550698	50.4490403566
	55.5008987092	50.4502665844
	55.4832023286	50.455488905
	55.4762955045	50.4576793269
	55.4652798948	50.4618253088
	55.46119629	50.4635761935
	55.4331964113	50.4759930338
	55.4265591518	50.4790997095
	55.4207654732	50.482088565
	55.4197746827	50.4818200508
	55.4083121537	50.4791473639
	55.3966993649	50.4772300847
	55.3849860439	50.4760764233
	55.3732223489	50.4756913198
	55.3614586539	50.4760764233
	55.3497453329	50.4772300847
	55.338132544	50.4791473639
	55.3312413387	50.4806591868
	55.3129651263	50.4850460882
	55.3083938027	50.4862069521
	55.297130618	50.4896236018
	55.2861150083	50.4937695838
	55.275394144	50.4986271442
	55.2650139335	50.5041754822
	55.2583171058	50.5082388534
	55.2016287724	50.5443469776
	55.1580399416	50.5677301323
	55.1289961166	50.5832920453
	55.1240112785	50.5860655884
	55.1140161716	50.5922809453
	55.1115978826	50.5939253875
	55.0964065757	50.6044371264
	55.0615098628	50.6252987138
	55.0612928728	50.6254283467
	55.0521038786	50.6296525609
	55.0501875739	50.630170421
	55.0392952298	50.6334872798
	55.0282796201	50.6376332617
	55.0175587558	50.6424908221
	55.0071785454	50.6480391602
	55.0068566586	50.6482254456
	55.0020234372	50.6510292481
	55.001828337	50.6511425913
	54.9785777572	50.6646695078
	54.9690996371	50.6705852361
	54.9595324343	50.6774409967
	54.9504341037	50.6849078037
	54.948164204	50.6869326627
	54.9410002025	50.6934329069
	54.9346796045	50.699453927
	54.9266337253	50.7080444248
	54.9191669184	50.7171427553
	54.9138939322	50.724501199
	54.9068033785	50.7207112191
	54.8960825142	50.7158536587
	54.893028606	50.714704249
	54.8937916203	50.7126769686
	54.8972082701	50.701413784
	54.8977721252	50.6992560257
	54.9029372253	50.6789770951
	54.905046057	50.6696723244
	54.9069633362	50.6580595355
	54.9081169977	50.6463462145
	54.9085021012	50.6345825195
	54.9081169977	50.6228188246
	54.9069633362	50.6111055035
	54.905046057	50.5994927147
	54.9023733702	50.5880301858
	54.8989567204	50.5767670011
	54.8948107385	50.5657513913
	54.8945819162	50.5652015419
	54.8921672088	50.5594260866
	54.8875384707	50.5492550717
	54.8819901326	50.5388748613
	54.8757747757	50.5288797544
	54.8689190151	50.5193125515
	54.8614522082	50.5102142209
	54.853406329	50.5016237232
	54.8470520983	50.4955721942
	54.8300499966	50.4801531915
	54.8278137295	50.4781588412
	54.818715399	50.4706920343
	54.8091481961	50.4638362737
	54.7991530892	50.4576209168
	54.7887728787	50.4520725787
	54.7780520144	50.4472150183
	54.7711840982	50.4445337904
	54.7593151621	50.4312075613
	54.7521833411	50.4236513147
	54.7435928433	50.4156054355
	54.7371826408	50.4102421254
	54.7268753288	50.4020176381
	54.7241872007	50.3999141413
	54.7146199979	50.3930583806
	54.7046248909	50.3868430237
	54.6942446805	50.3812946857
	54.6929360198	50.3806558986
	54.6863823699	50.3774896999
	54.6769701663	50.3732709265
	54.6659545565	50.3691249446
	54.6546913719	50.3657082949
	54.6432288429	50.363035608
	54.6316160541	50.3611183288
	54.624060393	50.3602856181
	54.6121699817	50.359228947
	54.6080123217	50.3589079962
	54.5962486267	50.3585228927
	54.5844849317	50.3589079962
	54.5727716107	50.3600616577
	54.5611588219	50.3619789368
	54.558785809	50.3624675959
	54.5452771031	50.3605737745
	54.5437826496	50.3603706481
	54.5320693285	50.3592169867
	54.5203056335	50.3588318832
	54.5085419386	50.3592169867
	54.5008288664	50.3598895217
	54.4886065764	50.3612208511
	54.4846063275	50.3617019775
	54.4729935386	50.3636192567
	54.4615310097	50.3662919436
	54.4502678251	50.3697085933
	54.4392522153	50.3738545752
	54.428531351	50.3787121356
	54.4181511406	50.3842604737
	54.4081560336	50.3904758306
	54.3985888308	50.3973315912
	54.3894905002	50.4047983981
	54.3809000024	50.4128442773
	54.3728541232	50.4214347751
	54.3685047931	50.4265858591
	54.3637900751	50.4323868401
	54.3546452669	50.4393642274
	54.3542544191	50.4396632868
	54.3451560886	50.4471300937
	54.3365655908	50.4551759729
	54.3336304625	50.4581804573
	54.330504114	50.4605258661
	54.3214057834	50.467992673
	54.3128152856	50.4760385522
	54.3051573917	50.4841880921
	54.2909094974	50.5003280762
	54.2905215121	50.5007690342
	54.2830547052	50.5098673647
	54.2761989446	50.5194345676
	54.2702678052	50.5289391821
	54.2677653637	50.5332421607
	54.2674811463	50.533732653
	54.2619328082	50.5441128635
	54.2570752478	50.5548337278
	54.2529292659	50.5658493375
	54.2495126162	50.5771125222
	54.2468399293	50.5885750511
	54.2449226501	50.6001878399
	54.2437741115	50.6118232606
	54.2431637599	50.6210739015
	54.2431586371	50.6211518018
	54.2427735336	50.6329154968
	54.2431586371	50.6446791918
	54.2443122985	50.6563925128
	54.2460833849	50.6672621672
	54.2498065294	50.6864005034
	54.2499527222	50.6871436379
	54.2526254091	50.6986061668
	54.2557638339	50.7089521666
	54.2388942649	50.7147568642
	54.2285855588	50.7186612463
	54.2178646945	50.7235188068
	54.2074844841	50.7290671448
	54.1974893771	50.7352825017
	54.1966767303	50.7358287003
	54.1839814178	50.7444117692
	54.1752268618	50.7507213312
	54.1661285312	50.7581881381
	54.1575380334	50.7662340173
	54.1540776785	50.7697911913
	54.1428548392	50.7816510851
	54.1382693149	50.7866844089
	54.130802508	50.7957827395
	54.1239467473	50.8053499423
	54.1212137672	50.8095664693
	54.1208093098	50.8102099987
	54.1131845676	50.8150325628
	54.1036173647	50.8218883234
	54.1026108285	50.8226663367
	54.1011116524	50.8238336341
	54.1007783108	50.8240938125
	54.0908028775	50.8318986831
	54.0830444248	50.8383272983
	54.074453927	50.8463731775
	54.0664080478	50.8549636753
	54.0589412409	50.8640620058
	54.0568159862	50.8668888064
	54.054342843	50.8693147668
	54.0462969638	50.8779052646
	54.0388301569	50.8870035952
	54.0319743963	50.896570798
	54.0265944059	50.9051342824
	54.0251524504	50.9075795034
	54.0243170838	50.9090111259
	54.0234734117	50.9104885011
	54.0233310419	50.9106737917
	54.0164752813	50.9202409946
	54.0102599244	50.9302361015
	54.0099237882	50.9308649681
	54.0066584445	50.9343513401
	53.9991916376	50.9434496706
	53.992335877	50.9530168735
	53.9901629431	50.9563480483
	53.9863596899	50.9623218642
	53.9823172669	50.9689857963
	53.9796369829	50.9737968102
	53.9713217884	50.978175089
	53.9609610706	50.9839810582
	53.9589569572	50.9851210694
	53.9489618503	50.9913364263
	53.9442696779	50.9946987895
	53.9428269127	50.9949516541
	53.9313643838	50.997624341
	53.9201011991	51.0010409907
	53.9090855893	51.0051869727
	53.898364725	51.0100445331
	53.8887118871	51.0151751807
	53.88708633	51.0149536254
	53.8864922156	51.0148764152
	53.873495542	51.0132093925
	53.8623763354	51.0121329413
	53.8506126404	51.0117478378
	53.8388489454	51.0121329413
	53.8288107617	51.0130740612
	53.8167525037	51.0145465344
	53.8150773663	51.0147590759
	53.8034645775	51.0166763551
	53.7920020486	51.0193490419
	53.7807388639	51.0227656917
	53.7739034922	51.0252411381
	53.7733930927	51.0251731994
	53.7616797716	51.024019538
	53.7499160767	51.0236344345
	53.7381523817	51.024019538
	53.7264390606	51.0251731994
	53.7148262718	51.0270904786
	53.7033637429	51.0297631655
	53.6921005582	51.0331798152
	53.6810849485	51.0373257971
	53.6703640842	51.0421833575
	53.6599838737	51.0477316956
	53.6592364429	51.048196478
	53.6538301129	51.048728955
	53.642217324	51.0506462342
	53.6307547951	51.0533189211
	53.6194916105	51.0567355708
	53.6084760007	51.0608815527
	53.5977551364	51.0657391132
	53.587374926	51.0712874512
	53.577379819	51.0775028081
	53.5678126162	51.0843585688
	53.5659502168	51.0858071442
	53.5657455432	51.0859685051
	53.5645241957	51.0869115102
	53.563980524	51.0873329421
	53.5507015628	51.097666957
	53.5438203662	51.1033006648
	53.5416269152	51.10518894
	53.5403808506	51.1062716342
	53.5317903528	51.1143175134
	53.5237444736	51.1229080112
	53.5162776667	51.1320063418
	53.509421906	51.1415735446
	53.5032065491	51.1515686516
	53.5030850236	51.1517794691
	53.4961303623	51.1575754977
	53.4875398645	51.1656213769
	53.4794939853	51.1742118747
	53.4720271784	51.1833102053
	53.4651714178	51.1928774081
	53.4589560609	51.2028725151
	53.4534077228	51.2132527255
	53.4485501624	51.2239735898
	53.4485111318	51.2240678937
	53.4471020772	51.2268635709
	53.4422445168	51.2375844352
	53.4380985349	51.2486000449
	53.4346818851	51.2598632296
	53.4320091983	51.2713257585
	53.4318497403	51.2722915814
	53.4288342771	51.273467002
	53.4181134128	51.2783245624
	53.4077332023	51.2838729005
	53.3982912558	51.2897201235
	53.393918353	51.2914647437
	53.3855468667	51.2951848374
	53.3746286296	51.3003735178
	53.3723730766	51.3014370169
	53.3716752609	51.3017614196
	53.367946329	51.3035473407
	53.3575661186	51.3090956788
	53.3481221142	51.3149683381
	53.341497097	51.3129586611
	53.330034568	51.3102859742
	53.3184217792	51.308368695
	53.3067084582	51.3072150336
	53.2949447632	51.3068299301
	53.2906963468	51.3068801111
	53.2777797818	51.3071852869
	53.2702645033	51.3075202094
	53.2585511822	51.3086738708
	53.2469383934	51.31059115
	53.2354758645	51.3132638369
	53.2242126798	51.3166804866
	53.2168394836	51.3194555611
	53.2108017539	51.3176240358
	53.199339225	51.314951349
	53.1881383221	51.3130887796
	53.1813061993	51.3121732523
	53.1808943134	51.3121185424
	53.1691809923	51.310964881
	53.1574172974	51.3105797775
	53.1466498326	51.3109023604
	53.1458986395	51.310784416
	53.1414770465	51.3101463439
	53.1297637255	51.3089926825
	53.1180000305	51.308607579
	53.1062363355	51.3089926825
	53.0945230145	51.3101463439
	53.0939457095	51.3102232986
	53.0921743988	51.3104623337
	53.0918248065	51.3105066899
	53.0864391597	51.3111953823
	53.0851353294	51.311358361
	53.0839677472	51.3115081909
	53.0836852377	51.3115456116
	53.0661458853	51.3058205604
	53.0568863487	51.3030709658
	53.0485535524	51.3011280302
	53.0466556053	51.3004136935
	53.0435259925	51.2987408806
	53.0328051282	51.2938833202
	53.0217895184	51.2897373383
	53.0105263338	51.2863206885
	52.9990638049	51.2836480016
	52.987451016	51.2817307224
	52.975737695	51.280577061
	52.9700162945	51.2802934774
	52.9634321261	51.2800721665
	52.9614535279	51.2801036783
	52.9573898315	51.2799706466
	52.9456261366	51.2803557501
	52.9339128155	51.2815094116
	52.9223000267	51.2834266908
	52.9108374978	51.2860993776
	52.8995743131	51.2895160274
	52.8885587033	51.2936620093
	52.8849641181	51.2952906947
	52.8766306021	51.2951571563
	52.8753904505	51.295187811
	52.8737487793	51.2951340683
	52.8619850843	51.2955191718
	52.8502717633	51.2966728332
	52.8386589744	51.2985901124
	52.8271964455	51.3012627993
	52.8159332609	51.304679449
	52.8049176511	51.3088254309
	52.7991050506	51.311459086
	52.798829708	51.3113755617
	52.7938507528	51.3102146322
	52.7932065762	51.3097530218
	52.7832114693	51.3035376649
	52.7728312588	51.2979893268
	52.7621103946	51.2931317664
	52.7510947848	51.2889857844
	52.7398316001	51.2855691347
	52.7283690712	51.2828964478
	52.7167562824	51.2809791686
	52.7050429613	51.2798255072
	52.6932792664	51.2794404037
	52.6815155714	51.2798255072
	52.6730494371	51.2806593487
	52.6682303688	51.2795356995
	52.65661758	51.2776184203
	52.6449042589	51.2764647589
	52.633140564	51.2760796554
	52.621376869	51.2764647589
	52.6157890422	51.2769185626
	52.6085798712	51.2776172903
	52.6078623024	51.277590785
	52.6058460277	51.277619548
	52.6012230451	51.2774682072
	52.5894593501	51.2778533107
	52.5777460291	51.2790069721
	52.5722726345	51.2799106332
	52.5706100464	51.2798562057
	52.5588463514	51.2802413092
	52.5471330304	51.2813949706
	52.5355202415	51.2833122498
	52.5288551554	51.2847699512
	52.5088279948	51.2895497668
	52.504030552	51.2907647524
	52.4927673673	51.2941814021
	52.4817517575	51.298327384
	52.4710308933	51.3031849445
	52.4606506828	51.3087332825
	52.4604927063	51.3088245972
	52.4555488587	51.3116856201
	52.4457117282	51.3178096624
	52.4361445253	51.324665423
	52.4270461948	51.3321322299
	52.418455697	51.3401781091
	52.4104098178	51.3487686069
	52.4029430109	51.3578669375
	52.3960872503	51.3674341403
	52.3898718934	51.3774292473
	52.3883966508	51.3800342715
	52.386789895	51.3816209802
	52.3787440158	51.390211478
	52.3712772089	51.3993098085
	52.3644214483	51.4088770114
	52.3582060914	51.4188721184
	52.3526577533	51.4292523288
	52.3514750518	51.4316969636
	52.3508514316	51.4322413303
	52.3475345023	51.4352237667
	52.335480059	51.4463359798
	52.3302064905	51.4513994226
	52.3221606113	51.4599899204
	52.3146938044	51.4690882509
	52.3078380437	51.4786554538
	52.3016226868	51.4886505607
	52.3008286368	51.4900401367
	52.2907723357	51.4977886933
	52.2821568666	51.5044171439
	52.2732414157	51.511743436
	52.264650918	51.5197893152
	52.2580337636	51.5267701941
	52.2556635384	51.5294085536
	52.2506611998	51.5253032404
	52.2410939969	51.5184474798
	52.2310988899	51.5122321229
	52.2207186795	51.5066837848
	52.2099978152	51.5018262244
	52.2077014468	51.5008935219
	52.1861445926	51.4923104531
	52.1774253512	51.4890971736
	52.1661621665	51.4856805239
	52.164166954	51.4851581503
	52.1521125106	51.4820758749
	52.1426451943	51.4799255616
	52.1310324054	51.4780082824
	52.1208822747	51.4769639185
	52.1070196649	51.4759339503
	52.1054564745	51.4758246527
	52.0936927795	51.4754395492
	52.0819290846	51.4758246527
	52.0735757453	51.4765680901
	52.0730078957	51.4764541871
	52.0613951068	51.4745369079
	52.0526919882	51.4736059271
	52.0519977133	51.4735487066
	52.0500687175	51.473400164
	52.0403717571	51.4727058891
	52.0392905504	51.4726317511
	52.0275268555	51.4722466476
	52.0157631605	51.4726317511
	52.0040498395	51.4737854125
	51.9924370506	51.4757026917
	51.9846166162	51.4774401748
	51.9764798669	51.4794390762
	51.9728377724	51.48037428
	51.9699430696	51.4812523785
	51.9688482847	51.4765571023
	51.965431635	51.4652939176
	51.9612856531	51.4542783078
	51.9564280927	51.4435574436
	51.9508797546	51.4331772331
	51.9446643977	51.4231821262
	51.9378086371	51.4136149233
	51.9303418301	51.4045165927
	51.9222959509	51.395926095
	51.918439766	51.3921834376
	51.913576027	51.3876019862
	51.9088417141	51.3832987643
	51.8997433836	51.3758319574
	51.8901761807	51.3689761968
	51.8801810738	51.3627608399
	51.8698008633	51.3572125018
	51.859079999	51.3523549414
	51.8480643893	51.3482089595
	51.8391383769	51.345435464
	51.8067782999	51.3362954493
	51.806527154	51.3362247105
	51.8059061276	51.3358413007
	51.8013503548	51.3331206422
	51.7909701443	51.3275723041
	51.7802492801	51.3227147437
	51.7730592134	51.3199156471
	51.7316392304	51.3048056312
	51.7278136874	51.3034587459
	51.7165505027	51.3000420961
	51.7123056838	51.2989599267
	51.6914202162	51.2939054528
	51.6842025063	51.2923149354
	51.6725897174	51.2903976562
	51.6608763964	51.2892439948
	51.6491127014	51.2888588913
	51.6373490064	51.2892439948
	51.6358005139	51.2893522009
	51.6148807155	51.2909047826
	51.604715887	51.2919502379
	51.5931030982	51.2938675171
	51.5816405693	51.296540204
	51.5703773846	51.2999568537
	51.5593617748	51.3041028356
	51.5486409105	51.308960396
	51.5382607001	51.3145087341
	51.5282655931	51.320724091
	51.5239598417	51.3238095488
	51.4823903613	51.3108586511
	51.475442562	51.3088464174
	51.4639800331	51.3061737305
	51.4523672443	51.3042564514
	51.4406539233	51.3031027899
	51.4288902283	51.3027176864
	51.4171265333	51.3031027899
	51.4054132123	51.3042564514
	51.3938004234	51.3061737305
	51.3868115553	51.3077090247
	51.3749478921	51.3105637079
	51.3668488233	51.3109114752
	51.3657520132	51.3109867311
	51.3578998031	51.3115496135
	51.3190685896	51.3103590775
	51.3171545756	51.3103923849
	51.3135566711	51.3102746017
	51.3017929762	51.3106597052
	51.2900796551	51.3118133666
	51.2836758131	51.31277402
	51.2579533094	51.3171075161
	51.2527443626	51.3180641419
	51.2412818337	51.3207368288
	51.230018649	51.3241534785
	51.2190030393	51.3282994605
	51.2102306808	51.3322106679
	51.1980350936	51.33804334
	51.1960865878	51.338989693
	51.1857063774	51.3445380311
	51.1757112704	51.350753388
	51.1661440676	51.3576091486
	51.157045737	51.3650759555
	51.1484552392	51.3731218347
	51.14040936	51.3817123325
	51.1329425531	51.390810663
	51.1260867925	51.4003778659
	51.1198714356	51.4103729729
	51.115296393	51.4188092405
	51.1109637119	51.4235748203
	51.1034969049	51.4326731508
	51.0966411443	51.4422403537
	51.0904257874	51.4522354606
	51.0848774493	51.4626156711
	51.0800198889	51.4733365354
	51.075873907	51.4843521451
	51.0745606943	51.4884098705
	51.073432091	51.4882987128
	51.061668396	51.4879136093
	51.049904701	51.4882987128
	51.03819138	51.4894523742
	51.0265785911	51.4913696534
	51.0151160622	51.4940423403
	51.0095262128	51.495637383
	51.0086068708	51.4959158559
	51.0075175975	51.4962495716
	51.0056103771	51.4968404915
	51.0002268364	51.4984982682
	50.9966249588	51.4986721463
	50.9956102054	51.4987009306
	50.9763189703	51.4996649405
	50.9593872143	51.5005078765
	50.9512943638	51.500525206
	50.9266135544	51.5005518058
	50.9265405993	51.5005518992
	50.9085390429	51.5005786021
	50.9082720216	51.5005791964
	50.8889925417	51.5006364168
	50.8777626722	51.5010207282
	50.8660493512	51.5021743896
	50.8544365623	51.5040916688
	50.8429740334	51.5067643557
	50.8317108487	51.5101810054
	50.8231912251	51.5133149432
	50.8182206746	51.5152871417
	50.8157246885	51.5162991858
	50.8050038242	51.5211567462
	50.7946236137	51.5267050843
	50.7846285068	51.5329204412
	50.7750613039	51.5397762018
	50.7659629734	51.5472430087
	50.7573724756	51.5552888879
	50.7493265964	51.5638793857
	50.7418597895	51.5729777163
	50.7350040288	51.5825449191
	50.7296624892	51.5910432315
	50.7224260678	51.5931672625
	50.7211470692	51.5935478325
	50.7197051193	51.5939827181
	50.7138252647	51.5958667455
	50.702809655	51.6000127274
	50.6920887907	51.6048702878
	50.6817085803	51.6104186259
	50.6717134733	51.6166339828
	50.6621462705	51.6234897434
	50.6530479399	51.6309565503
	50.6444574421	51.6390024295
	50.6364115629	51.6475929273
	50.628944756	51.6566912579
	50.6220889954	51.6662584607
	50.6158736385	51.6762535677
	50.6103253004	51.6866337781
	50.60546774	51.6973546424
	50.6013217581	51.7083702522
	50.5979051083	51.7196334368
	50.5952324215	51.7310959658
	50.5933151423	51.7427087546
	50.5921614808	51.7544220756
	50.5917763773	51.7661857706
	50.5921614808	51.7779494656
	50.5933151423	51.7896627866
	50.5952324215	51.8012755755
	50.5979051083	51.8127381044
	50.6013217581	51.8240012891
	50.60546774	51.8350168988
	50.6103253004	51.8457377631
	50.6143165617	51.8533654347
	50.6159759494	51.856359962
	50.6175330262	51.8591125008
	50.6237483831	51.8691076077
	50.6306041437	51.8786748106
	50.6380709506	51.8877731411
	50.6461168298	51.8963636389
	50.6547073276	51.9044095181
	50.6638056582	51.911876325
	50.6692805292	51.9159151561
	50.6766154116	51.9218555731
	50.6861826144	51.9287113337
	50.6874049241	51.9295208688
	50.6924387758	51.9335285467
	50.7020059787	51.9403843073
	50.7031046664	51.9411126178
	50.7234386279	51.9544848303
	50.72724344	51.9571058849
	50.7357737368	51.9640766424
	50.7453409396	51.970932403
	50.7472478818	51.9721891429
	50.7583639097	51.9794141795
	50.7664520744	51.9843727966
	50.7760385118	51.9895272553
	50.7869868799	51.9966420032
	50.7950623039	52.00159234
	50.8054425144	52.0071406781
	50.8138833537	52.0110353899
	50.8397088542	52.0221514177
	50.8419888791	52.0231142663
	50.8530044889	52.0272602483
	50.8628842759	52.0303003018
	50.8951256349	52.0392153995
	50.8955827722	52.0396741858
	50.90417327	52.047720065
	50.9132716005	52.0551868719
	50.9228388034	52.0620426325
	50.9248658175	52.0633773471
	50.9304276461	52.0669860507
	50.938395739	52.0718666931
	50.9487759494	52.0774150311
	50.9565033905	52.0810008471
	50.9628968232	52.0837855761
	50.9658902463	52.0850573205
	50.9769058561	52.0892033025
	50.9881690407	52.0926199522
	50.989557629	52.0929860883
	50.9970573239	52.0949315839
	51.0071312645	52.0972381347
	51.0162385023	52.0988076106
	51.0238332485	52.0999163498
	51.0293909853	52.1043583197
	51.0389581882	52.1112140803
	51.0489532951	52.1174294372
	51.0593335056	52.1229777753
	51.0622088699	52.1243641646
	51.2344930621	52.2055566596
	51.2323617373	52.2128852273
	51.2296890504	52.2243477562
	51.2277717712	52.235960545
	51.2266181097	52.2476738661
	51.2262330062	52.259437561
	51.2266181097	52.271201256
	51.2273451147	52.2794080558
	51.2287412939	52.291905004
	51.2291679504	52.2954115253
	51.2310852296	52.3070243141
	51.2315489375	52.3092799681
	51.2305282838	52.3140694359
	51.2286110046	52.3256822247
	51.2274573431	52.3373955457
	51.2270722396	52.3491592407
	51.2274573431	52.3609229357
	51.2286110046	52.3726362567
	51.2305282838	52.3842490456
	51.2332009707	52.3957115745
	51.2366176204	52.4069747592
	51.2407636023	52.4179903689
	51.2456211627	52.4287112332
	51.2511695008	52.4390914437
	51.2573848577	52.4490865506
	51.2613640003	52.4547992401
	51.2635841541	52.4578586273
	51.2664607721	52.4617131407
	51.273927579	52.4708114712
	51.2819734582	52.479401969
	51.290563956	52.4874478482
	51.2946582617	52.4909316027
	51.2944168336	52.4921242454
	51.2924995544	52.5037370343
	51.2917741524	52.5101281338
	51.2912172066	52.5159646206
	51.2907889472	52.5212868421
	51.2904038437	52.5330505371
	51.2904293775	52.536081149
	51.2902320014	52.5387810438
	51.2898468979	52.5505447388
	51.289876605	52.5538136302
	51.2896750555	52.5565651624
	51.2892899521	52.5683288574
	51.2896750555	52.5800925524
	51.2900322885	52.5846533406
	51.2905892343	52.5907644857
	51.2913856628	52.5979170185
	51.293302942	52.6095298073
	51.2959756289	52.6209923362
	51.2993922786	52.6322555209
	51.3035382605	52.6432711306
	51.3083958209	52.6539919949
	51.313944159	52.6643722054
	51.3201595159	52.6743673123
	51.3249209326	52.681149669
	51.3288119238	52.68642921
	51.3309062677	52.6892140562
	51.3383730746	52.6983123867
	51.3398405689	52.6998792144
	51.3404874182	52.7015978518
	51.3453449786	52.7123187161
	51.3508933167	52.7226989266
	51.3571086736	52.7326940335
	51.3618700903	52.7394763902
	51.3657610815	52.7447559312
	51.3678554254	52.7475407774
	51.372757487	52.7535139566
	51.3728489459	52.7537158108
	51.378397284	52.7640960213
	51.3846126409	52.7740911282
	51.3914684015	52.7836583311
	51.3989352084	52.7927566616
	51.4069810876	52.8013471594
	51.4109577634	52.8052032098
	51.4156803586	52.8096435174
	51.4202941806	52.8138333463
	51.4293925112	52.8213001532
	51.4389597141	52.8281559138
	51.4408921485	52.8294292197
	51.4464463477	52.8330379233
	51.4545090202	52.8379799743
	51.4648892307	52.8435283124
	51.4756100949	52.8483858728
	51.4866257047	52.8525318547
	51.4978888894	52.8559485044
	51.5072010412	52.8581797962
	51.5308140173	52.8631770496
	51.5329643944	52.8636184447
	51.5359309246	52.8641082209
	51.5366424805	52.8684180519
	51.5393151674	52.8798805808
	51.5410477169	52.8859222521
	51.5493713864	52.9131439317
	51.5510554866	52.9183654452
	51.5552014685	52.929381055
	51.5600590289	52.9401019192
	51.565607367	52.9504821297
	51.5696161364	52.9570931814
	51.5722754578	52.9618651863
	51.5784908147	52.9718602933
	51.5853465754	52.9814274961
	51.5928133823	52.9905258267
	51.6008592615	52.9991163245
	51.6094497592	53.0071622037
	51.6129791503	53.0101777173
	51.6179840331	53.0143433667
	51.6235529726	53.01879466
	51.6331201755	53.0256504206
	51.6431152824	53.0318657775
	51.6534954929	53.0374141156
	51.6642163572	53.042271676
	51.6752319669	53.0464176579
	51.6864951516	53.0498343077
	51.6979576805	53.0525069945
	51.7034779592	53.0535157899
	51.711809258	53.0549043397
	51.7179017682	53.0558128236
	51.7296150892	53.056966485
	51.7371775043	53.0572140528
	51.7376783761	53.0576558558
	51.7380660923	53.0579968594
	51.7471644228	53.0654636663
	51.7567316257	53.072319427
	51.7587570178	53.0736530891
	51.7690338122	53.0803211799
	51.7770035271	53.0852028747
	51.7873837375	53.0907512128
	51.7977840922	53.0954756514
	51.8111202739	53.1010298506
	51.8114407834	53.1011629724
	51.8224563932	53.1053089543
	51.8337195778	53.108725604
	51.8356190921	53.1092234799
	51.8583928348	53.1150599668
	51.8636100485	53.1163144142
	51.864664728	53.1171299261
	51.8742319308	53.1239856867
	51.8757028713	53.1249581422
	51.8752310858	53.1307305067
	51.8748459823	53.1424942017
	51.8752310858	53.1542578966
	51.8763847472	53.1659712177
	51.8765184019	53.1669650113
	51.8773576353	53.1730761563
	51.8791412598	53.1836951515
	51.8818139467	53.1951576805
	51.8852305964	53.2064208651
	51.8893765784	53.2174364749
	51.8942341388	53.2281573392
	51.8997824769	53.2385375496
	51.9059978338	53.2485326566
	51.9128535944	53.2580998594
	51.9203204013	53.26719819
	51.9283662805	53.2757886878
	51.9369567783	53.283834567
	51.9460551088	53.2913013739
	51.9556223117	53.2981571345
	51.9575547462	53.2994304404
	51.9595176702	53.3007058017
	51.9595991667	53.302107089
	51.9596808539	53.3034278185
	51.9608345153	53.3151411395
	51.9627517945	53.3267539284
	51.965376173	53.3380357922
	51.963919259	53.3394762048
	51.9558733798	53.3480667026
	51.9484065729	53.3571650332
	51.9415508123	53.366732236
	51.9353354554	53.376727343
	51.9297871173	53.3871075534
	51.9249295569	53.3978284177
	51.922591233	53.4040411953
	51.9186728577	53.4103424553
	51.9131245197	53.4207226657
	51.9082669592	53.43144353
	51.9041209773	53.4424591398
	51.9007043276	53.4537223244
	51.8980316407	53.4651848533
	51.8961143615	53.4767976422
	51.8949607001	53.4885109632
	51.8945755966	53.5002746582
	51.8949607001	53.5120383532
	51.8961143615	53.5237516742
	51.8962181601	53.5245270687
	51.8970497641	53.5306382137
	51.8988632447	53.5414756081
	51.9015359316	53.552938137
	51.9049525813	53.5642013217
	51.9090985632	53.5752169314
	51.9133135267	53.5846212485
	51.9151467714	53.5920998191
	51.9185634212	53.6033630038
	51.9227094031	53.6143786135
	51.9275669635	53.6250994778
	51.9331153016	53.6354796883
	51.9338382844	53.6367204658
	51.936615384	53.641443061
	51.9421077581	53.6501973904
	51.9489635187	53.6597645933
	51.9564303256	53.6688629239
	51.9644762048	53.6774534216
	51.9730667026	53.6854993008
	51.9821650332	53.6929661078
	51.991732236	53.6998218684
	52.001727343	53.7060372253
	52.0121075534	53.7115855634
	52.0228284177	53.7164431238
	52.0338440275	53.7205891057
	52.0451072121	53.7240057554
	52.056569741	53.7266784423
	52.065314895	53.7281222731
	52.0700725275	53.7347615415
	52.0775393344	53.7438598721
	52.0817323181	53.7484770495
	52.0906205627	53.7579298693
	52.0944734582	53.7619031897
	52.1008673531	53.7679906788
	52.101960385	53.7699284801
	52.1110155933	53.7857526546
	52.111585667	53.7875853258
	52.1130137996	53.7919768954
	52.1171597815	53.8029925051
	52.1220173419	53.8137133694
	52.12756568	53.8240935799
	52.1337810369	53.8340886868
	52.1406367975	53.8436558897
	52.1481036044	53.8527542202
	52.1561494836	53.861344718
	52.1647399814	53.8693905972
	52.1652532569	53.8698390102
	52.1704884853	53.8743952034
	52.1753068933	53.8794034949
	52.1815741829	53.8853761262
	52.1833188419	53.8906759018
	52.1838450984	53.8922500277
	52.1879910803	53.9032656375
	52.1903278545	53.9086563487
	52.1910392243	53.9107892377
	52.1913447932	53.9116973544
	52.1954907752	53.9227129641
	52.1959048615	53.923704273
	52.1933044679	53.9348961571
	52.1913871887	53.9465089459
	52.1907019001	53.9534667977
	52.1820023063	53.9581168275
	52.1720071994	53.9643321844
	52.1624399965	53.971187945
	52.153341666	53.9786547519
	52.1529539499	53.9789957556
	52.1482313547	53.983161405
	52.140028573	53.9908662805
	52.1319826938	53.9994567783
	52.1245158869	54.0085551088
	52.1176601263	54.0181223117
	52.1114447694	54.0281174187
	52.1058964313	54.0384976291
	52.1010388709	54.0492184934
	52.0991574299	54.0539489596
	52.0933285725	54.0692306369
	52.0926419077	54.0710606867
	52.0906964121	54.0763325983
	52.0891185359	54.080787692
	52.0857018862	54.0920508767
	52.0830291993	54.1035134056
	52.0811119201	54.1151261944
	52.0804154663	54.1212166038
	52.0793092041	54.1326072898
	52.0788519965	54.1382302015
	52.078466893	54.1499938965
	52.0785073612	54.1538091237
	52.072542081	54.160284415
	52.0650752741	54.1693827456
	52.0622979996	54.1731004982
	52.0489618179	54.1914415626
	52.0448833318	54.1972910129
	52.0386679749	54.2072861198
	52.0331196368	54.2176663303
	52.0282620764	54.2283871946
	52.0241160945	54.2394028043
	52.0206994448	54.250665989
	52.0180267579	54.2621285179
	52.0161094787	54.2737413067
	52.0149558173	54.2854546278
	52.0145707138	54.2972183228
	52.0149558173	54.3089820177
	52.0161094787	54.3206953388
	52.0180267579	54.3323081276
	52.0206994448	54.3437706565
	52.0241160945	54.3550338412
	52.0282620764	54.3660494509
	52.0331196368	54.3767703152
	52.0386679749	54.3871505257
	52.0448833318	54.3971456326
	52.0517390924	54.4067128355
	52.0592058994	54.415811166
	52.0672517786	54.4244016638
	52.0758422763	54.432447543
	52.0849406069	54.4399143499
	52.0945078098	54.4467701106
	52.1045029167	54.4529854675
	52.1148831271	54.4585338055
	52.1182897157	54.4601694871
	52.1313512392	54.4662730027
	52.1386655149	54.4694948816
	52.1496811246	54.4736408635
	52.1609443093	54.4770575132
	52.1643247339	54.4779282265
	52.1703525466	54.4794186197
	52.186777479	54.4872125311
	52.1950543699	54.4908877038
	52.2028960828	54.4939230993
	52.2098388318	54.4964255407
	52.2130127286	54.4975361272
	52.2242759133	54.5009527769
	52.2357384422	54.5036254638
	52.2473512311	54.505542743
	52.2477405139	54.5055935609
	52.256346471	54.5067074525
	52.2676705091	54.507810296
	52.269570931	54.5079247584
	52.2795730672	54.5084740748
	52.3012000353	54.5083596124
	52.3112010916	54.5074230223
	52.3225917776	54.5060344725
	52.3243040424	54.5058174012
	52.3359168312	54.503900122
	52.3367051188	54.5037414893
	52.3370596596	54.5038286294
	52.3448998192	54.5055709594
	52.356512608	54.5074882386
	52.3666106751	54.5085287266
	52.3852263977	54.5099172764
	52.3868416517	54.5100304498
	52.3969735795	54.5104081513
	52.4169244205	54.5105891569
	52.4188522251	54.5123044156
	52.4279505556	54.5197712225
	52.4375177585	54.5266269831
	52.4475128654	54.53284234
	52.4578930759	54.5383906781
	52.4686139402	54.5432482385
	52.4796295499	54.5473942204
	52.4908927346	54.5508108702
	52.5023552635	54.553483557
	52.5139680523	54.5554008362
	52.5256813734	54.5565544977
	52.5374450684	54.5569396012
	52.5492087633	54.5565544977
	52.5609220844	54.5554008362
	52.5725348732	54.553483557
	52.5839974021	54.5508108702
	52.5873886111	54.5498665349
END
END
