none
1
   1.070404E+01   5.163038E+01
   1.065799E+01   5.166716E+01
   1.063888E+01   5.171282E+01
   1.061302E+01   5.174763E+01
   1.057086E+01   5.177286E+01
   1.056917E+01   5.185384E+01
   1.063213E+01   5.188820E+01
   1.063607E+01   5.190624E+01
   1.060346E+01   5.191629E+01
   1.060290E+01   5.193605E+01
   1.061639E+01   5.195269E+01
   1.057648E+01   5.197278E+01
   1.054725E+01   5.200809E+01
   1.059728E+01   5.201985E+01
   1.061808E+01   5.201674E+01
   1.064057E+01   5.203092E+01
   1.063494E+01   5.204441E+01
   1.071477E+01   5.205858E+01
   1.080131E+01   5.205702E+01
   1.087614E+01   5.206642E+01
   1.095357E+01   5.206542E+01
   1.095812E+01   5.207801E+01
   1.092445E+01   5.208681E+01
   1.092738E+01   5.210919E+01
   1.102758E+01   5.214514E+01
   1.103864E+01   5.215991E+01
   1.100155E+01   5.217368E+01
   1.101066E+01   5.221855E+01
   1.105620E+01   5.222662E+01
   1.099212E+01   5.229193E+01
   1.101912E+01   5.230317E+01
   1.097748E+01   5.232744E+01
   1.097292E+01   5.234851E+01
   1.103994E+01   5.235328E+01
   1.105360E+01   5.236957E+01
   1.100822E+01   5.238218E+01
   1.092347E+01   5.245301E+01
   1.092250E+01   5.247898E+01
   1.093421E+01   5.250077E+01
   1.096857E+01   5.251094E+01
   1.092571E+01   5.255597E+01
   1.092506E+01   5.259307E+01
   1.082051E+01   5.269473E+01
   1.081856E+01   5.271067E+01
   1.078025E+01   5.270673E+01
   1.076531E+01   5.274921E+01
   1.074425E+01   5.278352E+01
   1.075500E+01   5.281511E+01
   1.074936E+01   5.285492E+01
   1.079977E+01   5.286617E+01
   1.087743E+01   5.286538E+01
   1.093617E+01   5.286183E+01
   1.098381E+01   5.291303E+01
   1.104189E+01   5.291932E+01
   1.110520E+01   5.291854E+01
   1.110911E+01   5.290240E+01
   1.116818E+01   5.291421E+01
   1.131828E+01   5.288941E+01
   1.146512E+01   5.294725E+01
   1.148361E+01   5.301113E+01
   1.162724E+01   5.305660E+01
   1.188596E+01   5.295601E+01
   1.186664E+01   5.293121E+01
   1.197122E+01   5.290335E+01
   1.225009E+01   5.289119E+01
   1.228873E+01   5.280089E+01
   1.224505E+01   5.271829E+01
   1.228285E+01   5.261998E+01
   1.221481E+01   5.259396E+01
   1.219968E+01   5.255761E+01
   1.236466E+01   5.249235E+01
   1.234423E+01   5.235531E+01
   1.228498E+01   5.226162E+01
   1.232890E+01   5.222378E+01
   1.227579E+01   5.216680E+01
   1.239939E+01   5.206770E+01
   1.248673E+01   5.206110E+01
   1.258663E+01   5.200749E+01
   1.266764E+01   5.204136E+01
   1.315073E+01   5.190132E+01
   1.318785E+01   5.187450E+01
   1.321028E+01   5.176650E+01
   1.321268E+01   5.169454E+01
   1.304088E+01   5.162439E+01
   1.300533E+01   5.164697E+01
   1.296400E+01   5.162747E+01
   1.286562E+01   5.164850E+01
   1.285405E+01   5.166799E+01
   1.281602E+01   5.165415E+01
   1.279287E+01   5.163465E+01
   1.271103E+01   5.165158E+01
   1.266060E+01   5.161002E+01
   1.255561E+01   5.159256E+01
   1.244401E+01   5.157484E+01
   1.231257E+01   5.154914E+01
   1.226379E+01   5.154760E+01
   1.222659E+01   5.152600E+01
   1.223403E+01   5.148844E+01
   1.218691E+01   5.145394E+01
   1.221750E+01   5.142920E+01
   1.221832E+01   5.132445E+01
   1.218939E+01   5.131386E+01
   1.222577E+01   5.125130E+01
   1.223899E+01   5.115703E+01
   1.232479E+01   5.111308E+01
   1.229157E+01   5.105527E+01
   1.233764E+01   5.103611E+01
   1.223490E+01   5.092887E+01
   1.219002E+01   5.096090E+01
   1.215216E+01   5.094931E+01
   1.209376E+01   5.097009E+01
   1.200995E+01   5.096260E+01
   1.199535E+01   5.098745E+01
   1.196236E+01   5.098984E+01
   1.187746E+01   5.104529E+01
   1.176147E+01   5.103475E+01
   1.168739E+01   5.106908E+01
   1.168307E+01   5.109337E+01
   1.165495E+01   5.110355E+01
   1.161872E+01   5.108759E+01
   1.158519E+01   5.110695E+01
   1.153274E+01   5.109065E+01
   1.145541E+01   5.109642E+01
   1.143108E+01   5.115073E+01
   1.145649E+01   5.116667E+01
   1.142675E+01   5.119853E+01
   1.138349E+01   5.118836E+01
   1.133942E+01   5.122512E+01
   1.138971E+01   5.126337E+01
   1.140972E+01   5.125660E+01
   1.145027E+01   5.130294E+01
   1.138484E+01   5.133725E+01
   1.137565E+01   5.137372E+01
   1.129454E+01   5.139262E+01
   1.123560E+01   5.138924E+01
   1.121288E+01   5.139903E+01
   1.114448E+01   5.139464E+01
   1.106012E+01   5.141690E+01
   1.102119E+01   5.140510E+01
   1.095414E+01   5.141218E+01
   1.094062E+01   5.147319E+01
   1.090276E+01   5.153781E+01
   1.087356E+01   5.154891E+01
   1.087248E+01   5.161007E+01
   1.085599E+01   5.162434E+01
   1.082409E+01   5.161158E+01
   1.074946E+01   5.163139E+01
   1.070404E+01   5.163038E+01
END
END
