none
1
   6.135044E+00   5.117355E+01
   6.134573E+00   5.117377E+01
   6.174897E+00   5.118705E+01
   6.165251E+00   5.119206E+01
   6.122410E+00   5.117801E+01
   6.116126E+00   5.117301E+01
   6.100029E+00   5.116784E+01
   6.080226E+00   5.116885E+01
   6.069050E+00   5.118185E+01
   6.064665E+00   5.122329E+01
   6.080622E+00   5.122461E+01
   6.068068E+00   5.124342E+01
   6.082926E+00   5.125031E+01
   6.118257E+00   5.127532E+01
   6.124194E+00   5.128644E+01
   6.154465E+00   5.131877E+01
   6.165717E+00   5.132951E+01
   6.166425E+00   5.133498E+01
   6.189073E+00   5.133643E+01
   6.185649E+00   5.134042E+01
   6.222893E+00   5.136130E+01
   6.208572E+00   5.138876E+01
   6.220428E+00   5.139811E+01
   6.212961E+00   5.139910E+01
   6.200320E+00   5.139736E+01
   6.210896E+00   5.143374E+01
   6.210790E+00   5.144891E+01
   6.215965E+00   5.144906E+01
   6.219206E+00   5.147506E+01
   6.209104E+00   5.149067E+01
   6.209011E+00   5.151236E+01
   6.197559E+00   5.152530E+01
   6.173289E+00   5.153670E+01
   6.153980E+00   5.156453E+01
   6.128155E+00   5.157870E+01
   6.119455E+00   5.159123E+01
   6.088354E+00   5.160514E+01
   6.091944E+00   5.162465E+01
   6.096988E+00   5.162328E+01
   6.107043E+00   5.164736E+01
   6.113993E+00   5.165539E+01
   6.098822E+00   5.165659E+01
   6.079284E+00   5.165931E+01
   6.073640E+00   5.166127E+01
   6.034528E+00   5.167049E+01
   6.026474E+00   5.167663E+01
   6.024162E+00   5.171227E+01
   6.033617E+00   5.171599E+01
   6.028595E+00   5.172330E+01
   5.989797E+00   5.173656E+01
   5.952305E+00   5.173629E+01
   5.948076E+00   5.174941E+01
   5.973721E+00   5.176142E+01
   5.987912E+00   5.176846E+01
   5.979669E+00   5.177239E+01
   5.980305E+00   5.177896E+01
   5.984578E+00   5.178189E+01
   5.972186E+00   5.178354E+01
   5.969299E+00   5.178916E+01
   5.973395E+00   5.179784E+01
   5.960827E+00   5.180586E+01
   5.946440E+00   5.180977E+01
   5.942016E+00   5.181452E+01
   5.949411E+00   5.181916E+01
   5.941466E+00   5.182345E+01
   5.963237E+00   5.183894E+01
   5.988754E+00   5.183291E+01
   6.010444E+00   5.183755E+01
   6.015196E+00   5.184317E+01
   6.029684E+00   5.184842E+01
   6.034645E+00   5.184586E+01
   6.051303E+00   5.185364E+01
   6.047777E+00   5.185808E+01
   6.056410E+00   5.185938E+01
   6.061941E+00   5.186831E+01
   6.100800E+00   5.185164E+01
   6.133771E+00   5.185031E+01
   6.162657E+00   5.184475E+01
   6.160353E+00   5.185258E+01
   6.161184E+00   5.186092E+01
   6.142531E+00   5.186709E+01
   6.134205E+00   5.188406E+01
   6.115668E+00   5.188955E+01
   6.100072E+00   5.189175E+01
   6.117180E+00   5.190485E+01
   6.125949E+00   5.190077E+01
   6.157711E+00   5.190781E+01
   6.164659E+00   5.190136E+01
   6.170508E+00   5.190439E+01
   6.193900E+00   5.189245E+01
   6.194252E+00   5.188659E+01
   6.185176E+00   5.188488E+01
   6.198779E+00   5.187624E+01
   6.215801E+00   5.186989E+01
   6.237911E+00   5.187243E+01
   6.261119E+00   5.186958E+01
   6.267824E+00   5.187567E+01
   6.276327E+00   5.187658E+01
   6.294034E+00   5.187182E+01
   6.301438E+00   5.186943E+01
   6.308141E+00   5.185261E+01
   6.352215E+00   5.185274E+01
   6.362510E+00   5.184905E+01
   6.368347E+00   5.183752E+01
   6.389029E+00   5.183623E+01
   6.400519E+00   5.183114E+01
   6.402035E+00   5.182823E+01
   6.408290E+00   5.182877E+01
   6.411168E+00   5.182668E+01
   6.414572E+00   5.182082E+01
   6.419315E+00   5.181942E+01
   6.427864E+00   5.181981E+01
   6.428116E+00   5.181676E+01
   6.422160E+00   5.181534E+01
   6.421834E+00   5.181342E+01
   6.425633E+00   5.181026E+01
   6.422158E+00   5.180832E+01
   6.423448E+00   5.180641E+01
   6.428888E+00   5.180673E+01
   6.433163E+00   5.180375E+01
   6.465759E+00   5.180577E+01
   6.485113E+00   5.181273E+01
   6.491792E+00   5.181136E+01
   6.505659E+00   5.181274E+01
   6.512196E+00   5.181403E+01
   6.517928E+00   5.181746E+01
   6.522810E+00   5.181430E+01
   6.523558E+00   5.181136E+01
   6.527993E+00   5.181052E+01
   6.541415E+00   5.180220E+01
   6.552198E+00   5.179909E+01
   6.554631E+00   5.179646E+01
   6.557935E+00   5.179610E+01
   6.559891E+00   5.179424E+01
   6.565182E+00   5.179407E+01
   6.568772E+00   5.179099E+01
   6.571116E+00   5.179259E+01
   6.569776E+00   5.179480E+01
   6.570526E+00   5.179592E+01
   6.581661E+00   5.179651E+01
   6.583933E+00   5.179440E+01
   6.587486E+00   5.180033E+01
   6.589612E+00   5.180021E+01
   6.591096E+00   5.180270E+01
   6.592927E+00   5.180314E+01
   6.601744E+00   5.180063E+01
   6.609225E+00   5.180081E+01
   6.610072E+00   5.179538E+01
   6.632066E+00   5.180021E+01
   6.639021E+00   5.179910E+01
   6.658371E+00   5.179004E+01
   6.665963E+00   5.178386E+01
   6.668828E+00   5.177812E+01
   6.697286E+00   5.177823E+01
   6.705975E+00   5.178157E+01
   6.714081E+00   5.178136E+01
   6.714834E+00   5.177779E+01
   6.713000E+00   5.177506E+01
   6.709121E+00   5.177421E+01
   6.709467E+00   5.177240E+01
   6.722520E+00   5.176943E+01
   6.746208E+00   5.177110E+01
   6.748809E+00   5.177558E+01
   6.758272E+00   5.177726E+01
   6.763543E+00   5.177403E+01
   6.770180E+00   5.176638E+01
   6.770240E+00   5.175905E+01
   6.772791E+00   5.175389E+01
   6.773584E+00   5.174703E+01
   6.787797E+00   5.174971E+01
   6.799591E+00   5.174306E+01
   6.811296E+00   5.174468E+01
   6.818972E+00   5.174377E+01
   6.820522E+00   5.173836E+01
   6.827704E+00   5.173081E+01
   6.840841E+00   5.173722E+01
   6.848593E+00   5.173777E+01
   6.850182E+00   5.173644E+01
   6.855997E+00   5.173617E+01
   6.859125E+00   5.173214E+01
   6.859106E+00   5.173015E+01
   6.911045E+00   5.174678E+01
   6.917189E+00   5.174276E+01
   6.926280E+00   5.173298E+01
   6.925861E+00   5.173070E+01
   6.922629E+00   5.172865E+01
   6.923823E+00   5.172705E+01
   6.931037E+00   5.172099E+01
   6.938310E+00   5.171952E+01
   6.941444E+00   5.171581E+01
   6.937841E+00   5.171364E+01
   6.937979E+00   5.170246E+01
   6.916267E+00   5.169899E+01
   6.915365E+00   5.169253E+01
   6.916653E+00   5.168784E+01
   6.915096E+00   5.168608E+01
   6.914022E+00   5.167741E+01
   6.912381E+00   5.167587E+01
   6.905741E+00   5.167686E+01
   6.902104E+00   5.167469E+01
   6.907576E+00   5.167175E+01
   6.902626E+00   5.166998E+01
   6.902315E+00   5.166512E+01
   6.901021E+00   5.166295E+01
   6.899589E+00   5.166297E+01
   6.899707E+00   5.166014E+01
   6.897993E+00   5.165960E+01
   6.894930E+00   5.165424E+01
   6.900652E+00   5.165373E+01
   6.900100E+00   5.164966E+01
   6.902014E+00   5.164786E+01
   6.901147E+00   5.164629E+01
   6.902920E+00   5.164382E+01
   6.901673E+00   5.163765E+01
   6.902895E+00   5.163527E+01
   6.868201E+00   5.163019E+01
   6.867598E+00   5.162825E+01
   6.872161E+00   5.162158E+01
   6.864394E+00   5.161501E+01
   6.864433E+00   5.161299E+01
   6.857388E+00   5.161168E+01
   6.857530E+00   5.160974E+01
   6.854039E+00   5.160940E+01
   6.854114E+00   5.160761E+01
   6.851908E+00   5.160739E+01
   6.863028E+00   5.160146E+01
   6.866653E+00   5.159783E+01
   6.866577E+00   5.159595E+01
   6.863505E+00   5.159448E+01
   6.860148E+00   5.158903E+01
   6.834779E+00   5.157930E+01
   6.843668E+00   5.157648E+01
   6.849108E+00   5.157205E+01
   6.857035E+00   5.156900E+01
   6.869126E+00   5.156793E+01
   6.868212E+00   5.156332E+01
   6.861424E+00   5.155758E+01
   6.869807E+00   5.155280E+01
   6.878425E+00   5.154440E+01
   6.880200E+00   5.153892E+01
   6.885912E+00   5.153715E+01
   6.886333E+00   5.152805E+01
   6.894931E+00   5.152404E+01
   6.895012E+00   5.151626E+01
   6.901686E+00   5.151336E+01
   6.901495E+00   5.151126E+01
   6.908687E+00   5.150618E+01
   6.908895E+00   5.150328E+01
   6.913445E+00   5.150277E+01
   6.926753E+00   5.150474E+01
   6.929303E+00   5.150278E+01
   6.928990E+00   5.150093E+01
   6.930939E+00   5.150053E+01
   6.930931E+00   5.149830E+01
   6.978438E+00   5.150638E+01
   6.986170E+00   5.150905E+01
   6.985362E+00   5.151346E+01
   6.994201E+00   5.152275E+01
   6.994404E+00   5.153154E+01
   6.998710E+00   5.153460E+01
   7.004673E+00   5.153506E+01
   7.014714E+00   5.153302E+01
   7.014038E+00   5.152935E+01
   7.020267E+00   5.151926E+01
   7.022496E+00   5.152000E+01
   7.025495E+00   5.151755E+01
   7.040274E+00   5.151474E+01
   7.042250E+00   5.151223E+01
   7.050994E+00   5.151267E+01
   7.052456E+00   5.150636E+01
   7.055224E+00   5.150607E+01
   7.058311E+00   5.149983E+01
   7.061221E+00   5.149769E+01
   7.067398E+00   5.149842E+01
   7.074439E+00   5.149386E+01
   7.075072E+00   5.149218E+01
   7.072133E+00   5.148872E+01
   7.071938E+00   5.148588E+01
   7.074769E+00   5.148375E+01
   7.085018E+00   5.148503E+01
   7.098305E+00   5.148356E+01
   7.104353E+00   5.148108E+01
   7.114894E+00   5.147223E+01
   7.114628E+00   5.146502E+01
   7.109426E+00   5.146147E+01
   7.113430E+00   5.146076E+01
   7.116694E+00   5.145599E+01
   7.121822E+00   5.145570E+01
   7.129573E+00   5.144717E+01
   7.129679E+00   5.144518E+01
   7.134667E+00   5.144256E+01
   7.133193E+00   5.143882E+01
   7.123660E+00   5.143358E+01
   7.123798E+00   5.143182E+01
   7.130923E+00   5.142998E+01
   7.138470E+00   5.142540E+01
   7.137632E+00   5.141998E+01
   7.127771E+00   5.140981E+01
   7.125873E+00   5.141049E+01
   7.121768E+00   5.140765E+01
   7.110939E+00   5.140667E+01
   7.113496E+00   5.140437E+01
   7.113806E+00   5.139977E+01
   7.119400E+00   5.139403E+01
   7.118560E+00   5.139010E+01
   7.120362E+00   5.138710E+01
   7.117287E+00   5.138459E+01
   7.118606E+00   5.138167E+01
   7.121621E+00   5.138157E+01
   7.124213E+00   5.137966E+01
   7.125247E+00   5.138152E+01
   7.130235E+00   5.138231E+01
   7.133725E+00   5.137855E+01
   7.138313E+00   5.138015E+01
   7.140053E+00   5.137662E+01
   7.143778E+00   5.137640E+01
   7.145797E+00   5.137819E+01
   7.150059E+00   5.137779E+01
   7.150808E+00   5.137570E+01
   7.153686E+00   5.137512E+01
   7.153643E+00   5.137277E+01
   7.160320E+00   5.136561E+01
   7.157805E+00   5.135937E+01
   7.148767E+00   5.135228E+01
   7.150063E+00   5.135078E+01
   7.153335E+00   5.135102E+01
   7.154076E+00   5.134915E+01
   7.150004E+00   5.134590E+01
   7.150828E+00   5.134369E+01
   7.146909E+00   5.134166E+01
   7.146441E+00   5.133969E+01
   7.150359E+00   5.133798E+01
   7.148845E+00   5.133492E+01
   7.154301E+00   5.133567E+01
   7.158937E+00   5.132978E+01
   7.166746E+00   5.132671E+01
   7.167745E+00   5.132487E+01
   7.166765E+00   5.132075E+01
   7.170666E+00   5.131750E+01
   7.167786E+00   5.131362E+01
   7.176268E+00   5.131076E+01
   7.178494E+00   5.130740E+01
   7.181497E+00   5.130623E+01
   7.179522E+00   5.130263E+01
   7.173910E+00   5.129919E+01
   7.182426E+00   5.130004E+01
   7.185963E+00   5.129852E+01
   7.186455E+00   5.129696E+01
   7.197833E+00   5.129554E+01
   7.205946E+00   5.130202E+01
   7.221804E+00   5.130604E+01
   7.220359E+00   5.130840E+01
   7.224577E+00   5.130986E+01
   7.225794E+00   5.130905E+01
   7.228672E+00   5.131140E+01
   7.234287E+00   5.130952E+01
   7.248436E+00   5.131578E+01
   7.251348E+00   5.131526E+01
   7.256059E+00   5.131760E+01
   7.259170E+00   5.131716E+01
   7.264308E+00   5.131888E+01
   7.265521E+00   5.131503E+01
   7.264162E+00   5.131371E+01
   7.266854E+00   5.131060E+01
   7.263712E+00   5.130562E+01
   7.261515E+00   5.129507E+01
   7.256928E+00   5.129033E+01
   7.257330E+00   5.128391E+01
   7.263434E+00   5.128681E+01
   7.267079E+00   5.128540E+01
   7.275395E+00   5.127847E+01
   7.278601E+00   5.127244E+01
   7.273729E+00   5.126984E+01
   7.271004E+00   5.126611E+01
   7.267776E+00   5.126040E+01
   7.268559E+00   5.125651E+01
   7.271139E+00   5.125599E+01
   7.271938E+00   5.126030E+01
   7.275542E+00   5.126027E+01
   7.283821E+00   5.125061E+01
   7.298728E+00   5.125099E+01
   7.302063E+00   5.125395E+01
   7.305363E+00   5.125348E+01
   7.307440E+00   5.125187E+01
   7.306733E+00   5.125035E+01
   7.297629E+00   5.124693E+01
   7.306729E+00   5.124154E+01
   7.308795E+00   5.123612E+01
   7.310024E+00   5.123673E+01
   7.314306E+00   5.123451E+01
   7.310921E+00   5.123007E+01
   7.301254E+00   5.122538E+01
   7.300202E+00   5.122371E+01
   7.300899E+00   5.122081E+01
   7.297472E+00   5.121964E+01
   7.299990E+00   5.121761E+01
   7.299312E+00   5.121535E+01
   7.302322E+00   5.121020E+01
   7.296864E+00   5.120497E+01
   7.299837E+00   5.120463E+01
   7.297949E+00   5.120086E+01
   7.299741E+00   5.119886E+01
   7.299475E+00   5.119686E+01
   7.305238E+00   5.119666E+01
   7.306695E+00   5.119453E+01
   7.299747E+00   5.118667E+01
   7.302961E+00   5.118648E+01
   7.306416E+00   5.119011E+01
   7.308793E+00   5.119021E+01
   7.309875E+00   5.118855E+01
   7.308134E+00   5.118718E+01
   7.309963E+00   5.118260E+01
   7.306144E+00   5.118011E+01
   7.306265E+00   5.117780E+01
   7.303075E+00   5.117272E+01
   7.303583E+00   5.117089E+01
   7.300169E+00   5.116722E+01
   7.301837E+00   5.116621E+01
   7.301928E+00   5.116438E+01
   7.294533E+00   5.116114E+01
   7.295790E+00   5.115884E+01
   7.294952E+00   5.115767E+01
   7.296741E+00   5.115589E+01
   7.296262E+00   5.115330E+01
   7.297831E+00   5.115151E+01
   7.296044E+00   5.114765E+01
   7.287429E+00   5.114296E+01
   7.279869E+00   5.114270E+01
   7.270511E+00   5.114543E+01
   7.268317E+00   5.114442E+01
   7.260154E+00   5.114620E+01
   7.259633E+00   5.114836E+01
   7.256117E+00   5.115099E+01
   7.256764E+00   5.115283E+01
   7.254312E+00   5.115434E+01
   7.254360E+00   5.115623E+01
   7.250114E+00   5.115770E+01
   7.233596E+00   5.115646E+01
   7.226891E+00   5.115835E+01
   7.223418E+00   5.115775E+01
   7.219660E+00   5.116011E+01
   7.213604E+00   5.115685E+01
   7.211831E+00   5.115434E+01
   7.205247E+00   5.115519E+01
   7.198268E+00   5.115019E+01
   7.191662E+00   5.115354E+01
   7.189938E+00   5.115245E+01
   7.185056E+00   5.115476E+01
   7.182647E+00   5.115254E+01
   7.179293E+00   5.115193E+01
   7.177245E+00   5.115308E+01
   7.170335E+00   5.115135E+01
   7.165960E+00   5.115276E+01
   7.164027E+00   5.114649E+01
   7.168091E+00   5.114537E+01
   7.168282E+00   5.114130E+01
   7.170521E+00   5.113876E+01
   7.161137E+00   5.113360E+01
   7.166509E+00   5.113249E+01
   7.165456E+00   5.112933E+01
   7.168658E+00   5.112987E+01
   7.169853E+00   5.112776E+01
   7.175811E+00   5.112908E+01
   7.177949E+00   5.112484E+01
   7.155032E+00   5.111830E+01
   7.148231E+00   5.111333E+01
   7.143579E+00   5.111477E+01
   7.144224E+00   5.111807E+01
   7.140536E+00   5.111735E+01
   7.139420E+00   5.111927E+01
   7.135693E+00   5.111599E+01
   7.130608E+00   5.111717E+01
   7.127756E+00   5.112057E+01
   7.119781E+00   5.112159E+01
   7.115675E+00   5.112456E+01
   7.117193E+00   5.112749E+01
   7.117037E+00   5.113144E+01
   7.111059E+00   5.113308E+01
   7.108771E+00   5.113695E+01
   7.102791E+00   5.113602E+01
   7.097139E+00   5.113772E+01
   7.097557E+00   5.113393E+01
   7.095683E+00   5.113258E+01
   7.086284E+00   5.113476E+01
   7.082757E+00   5.113732E+01
   7.076502E+00   5.113535E+01
   7.075522E+00   5.113355E+01
   7.078226E+00   5.112753E+01
   7.074025E+00   5.112514E+01
   7.062413E+00   5.112651E+01
   7.059354E+00   5.112394E+01
   7.055893E+00   5.112424E+01
   7.043310E+00   5.113132E+01
   7.025550E+00   5.112929E+01
   7.012543E+00   5.112297E+01
   7.004065E+00   5.112218E+01
   6.999100E+00   5.111910E+01
   7.001474E+00   5.111472E+01
   6.996170E+00   5.111234E+01
   6.995877E+00   5.110892E+01
   6.990524E+00   5.110847E+01
   6.989154E+00   5.110670E+01
   6.989119E+00   5.107358E+01
   6.974644E+00   5.106664E+01
   6.969028E+00   5.106955E+01
   6.964509E+00   5.106793E+01
   6.962294E+00   5.106985E+01
   6.959657E+00   5.106945E+01
   6.958873E+00   5.107131E+01
   6.957591E+00   5.106991E+01
   6.952422E+00   5.107107E+01
   6.951265E+00   5.106910E+01
   6.947369E+00   5.107093E+01
   6.942033E+00   5.107067E+01
   6.933021E+00   5.107927E+01
   6.930226E+00   5.107958E+01
   6.923936E+00   5.107232E+01
   6.916909E+00   5.107798E+01
   6.905164E+00   5.106727E+01
   6.902573E+00   5.106770E+01
   6.897652E+00   5.106386E+01
   6.886012E+00   5.106795E+01
   6.859440E+00   5.107315E+01
   6.853527E+00   5.107772E+01
   6.852161E+00   5.108333E+01
   6.847868E+00   5.108390E+01
   6.844472E+00   5.108316E+01
   6.844588E+00   5.108093E+01
   6.838712E+00   5.107961E+01
   6.838901E+00   5.107718E+01
   6.826475E+00   5.107403E+01
   6.832308E+00   5.106665E+01
   6.834540E+00   5.105941E+01
   6.817704E+00   5.105300E+01
   6.813879E+00   5.104879E+01
   6.813924E+00   5.104506E+01
   6.805576E+00   5.104640E+01
   6.800333E+00   5.105495E+01
   6.799974E+00   5.105878E+01
   6.798090E+00   5.105878E+01
   6.791518E+00   5.106379E+01
   6.789958E+00   5.106691E+01
   6.786849E+00   5.106777E+01
   6.773871E+00   5.106320E+01
   6.772930E+00   5.106452E+01
   6.765351E+00   5.106354E+01
   6.754035E+00   5.106477E+01
   6.753241E+00   5.106083E+01
   6.758521E+00   5.105774E+01
   6.762689E+00   5.104200E+01
   6.751040E+00   5.103905E+01
   6.743739E+00   5.104520E+01
   6.744435E+00   5.104315E+01
   6.741057E+00   5.103857E+01
   6.743778E+00   5.103786E+01
   6.743899E+00   5.103649E+01
   6.734934E+00   5.103195E+01
   6.730039E+00   5.103102E+01
   6.718617E+00   5.101546E+01
   6.715787E+00   5.101422E+01
   6.704088E+00   5.101687E+01
   6.677581E+00   5.101907E+01
   6.673539E+00   5.101499E+01
   6.659398E+00   5.102031E+01
   6.657524E+00   5.101882E+01
   6.650381E+00   5.102100E+01
   6.645849E+00   5.101997E+01
   6.639140E+00   5.102211E+01
   6.638894E+00   5.102348E+01
   6.640687E+00   5.102415E+01
   6.637303E+00   5.102568E+01
   6.634107E+00   5.102388E+01
   6.621949E+00   5.102387E+01
   6.608090E+00   5.102047E+01
   6.592283E+00   5.102172E+01
   6.585236E+00   5.101893E+01
   6.581345E+00   5.101756E+01
   6.581152E+00   5.102070E+01
   6.579826E+00   5.102137E+01
   6.577754E+00   5.102035E+01
   6.576879E+00   5.102217E+01
   6.572069E+00   5.102098E+01
   6.568606E+00   5.102871E+01
   6.563604E+00   5.103075E+01
   6.562229E+00   5.102984E+01
   6.556017E+00   5.103118E+01
   6.555607E+00   5.103274E+01
   6.550143E+00   5.103382E+01
   6.550019E+00   5.103759E+01
   6.552006E+00   5.103872E+01
   6.552343E+00   5.104117E+01
   6.550124E+00   5.104837E+01
   6.555683E+00   5.105125E+01
   6.548642E+00   5.105302E+01
   6.545518E+00   5.105284E+01
   6.543706E+00   5.105111E+01
   6.537298E+00   5.105130E+01
   6.534142E+00   5.105842E+01
   6.526701E+00   5.105754E+01
   6.522370E+00   5.105514E+01
   6.518551E+00   5.105732E+01
   6.492458E+00   5.104662E+01
   6.485255E+00   5.104175E+01
   6.480581E+00   5.103337E+01
   6.458803E+00   5.104221E+01
   6.458608E+00   5.104375E+01
   6.475735E+00   5.105609E+01
   6.473191E+00   5.105801E+01
   6.471290E+00   5.105696E+01
   6.459870E+00   5.106045E+01
   6.451894E+00   5.105895E+01
   6.449796E+00   5.106221E+01
   6.446517E+00   5.106192E+01
   6.443403E+00   5.106817E+01
   6.446998E+00   5.106918E+01
   6.450681E+00   5.107384E+01
   6.449437E+00   5.107473E+01
   6.449873E+00   5.107756E+01
   6.453553E+00   5.107959E+01
   6.450659E+00   5.108047E+01
   6.449716E+00   5.108917E+01
   6.423380E+00   5.108496E+01
   6.417987E+00   5.108530E+01
   6.416015E+00   5.108840E+01
   6.408247E+00   5.108747E+01
   6.405413E+00   5.108539E+01
   6.397357E+00   5.108905E+01
   6.396847E+00   5.109069E+01
   6.384806E+00   5.108943E+01
   6.385867E+00   5.109331E+01
   6.390185E+00   5.109423E+01
   6.391324E+00   5.109783E+01
   6.386820E+00   5.109676E+01
   6.372802E+00   5.109775E+01
   6.363672E+00   5.109155E+01
   6.357386E+00   5.109762E+01
   6.351313E+00   5.110067E+01
   6.352751E+00   5.110267E+01
   6.349933E+00   5.110476E+01
   6.351308E+00   5.110631E+01
   6.350575E+00   5.110782E+01
   6.353409E+00   5.110980E+01
   6.348613E+00   5.111211E+01
   6.348438E+00   5.111472E+01
   6.350654E+00   5.111678E+01
   6.349315E+00   5.112023E+01
   6.354133E+00   5.112569E+01
   6.343653E+00   5.112667E+01
   6.343263E+00   5.112799E+01
   6.345672E+00   5.113047E+01
   6.333028E+00   5.113369E+01
   6.331159E+00   5.113587E+01
   6.331158E+00   5.114180E+01
   6.322569E+00   5.114386E+01
   6.318642E+00   5.114729E+01
   6.318190E+00   5.114958E+01
   6.308403E+00   5.115167E+01
   6.301488E+00   5.115129E+01
   6.300954E+00   5.115534E+01
   6.304914E+00   5.116188E+01
   6.304941E+00   5.116445E+01
   6.293662E+00   5.116682E+01
   6.292336E+00   5.117395E+01
   6.281551E+00   5.117465E+01
   6.277884E+00   5.117800E+01
   6.269813E+00   5.117994E+01
   6.267063E+00   5.117934E+01
   6.262104E+00   5.118547E+01
   6.259887E+00   5.118631E+01
   6.250954E+00   5.118899E+01
   6.248738E+00   5.118650E+01
   6.240748E+00   5.118550E+01
   6.229976E+00   5.117671E+01
   6.230110E+00   5.117508E+01
   6.225008E+00   5.117199E+01
   6.222924E+00   5.117257E+01
   6.218312E+00   5.116850E+01
   6.211346E+00   5.116597E+01
   6.208540E+00   5.116750E+01
   6.207316E+00   5.116613E+01
   6.174235E+00   5.118379E+01
   6.135044E+00   5.117355E+01
END
END
2
   6.384436E+00   5.186198E+01
   6.383475E+00   5.186243E+01
   6.383843E+00   5.186312E+01
   6.384436E+00   5.186198E+01
END
END
