none
1
   4.280892E+00   4.615484E+01
   4.249085E+00   4.615744E+01
   4.247609E+00   4.616784E+01
   4.254017E+00   4.616928E+01
   4.258943E+00   4.617610E+01
   4.258848E+00   4.617889E+01
   4.254467E+00   4.618471E+01
   4.244428E+00   4.618644E+01
   4.233502E+00   4.617849E+01
   4.224782E+00   4.617657E+01
   4.219113E+00   4.618362E+01
   4.205866E+00   4.619312E+01
   4.187045E+00   4.618682E+01
   4.185982E+00   4.618217E+01
   4.189887E+00   4.617565E+01
   4.187003E+00   4.617313E+01
   4.164234E+00   4.617187E+01
   4.133221E+00   4.617603E+01
   4.129541E+00   4.618037E+01
   4.103287E+00   4.619678E+01
   4.094490E+00   4.619185E+01
   4.077263E+00   4.618926E+01
   4.070016E+00   4.618532E+01
   4.059952E+00   4.618688E+01
   4.052361E+00   4.618019E+01
   4.033985E+00   4.617186E+01
   4.031083E+00   4.616783E+01
   4.019539E+00   4.617096E+01
   4.002700E+00   4.616920E+01
   3.994892E+00   4.617103E+01
   3.989792E+00   4.616766E+01
   3.978547E+00   4.617742E+01
   3.976637E+00   4.618319E+01
   3.972173E+00   4.618518E+01
   3.969890E+00   4.618995E+01
   3.971556E+00   4.619277E+01
   3.971106E+00   4.619902E+01
   3.969250E+00   4.620108E+01
   3.933569E+00   4.620490E+01
   3.917679E+00   4.620138E+01
   3.911533E+00   4.620597E+01
   3.898283E+00   4.620879E+01
   3.889773E+00   4.621314E+01
   3.889243E+00   4.621527E+01
   3.896308E+00   4.622648E+01
   3.895855E+00   4.623845E+01
   3.898524E+00   4.624211E+01
   3.904564E+00   4.624223E+01
   3.906533E+00   4.624740E+01
   3.903728E+00   4.625229E+01
   3.906714E+00   4.625695E+01
   3.903918E+00   4.627132E+01
   3.892811E+00   4.627918E+01
   3.890213E+00   4.628536E+01
   3.896342E+00   4.629347E+01
   3.913610E+00   4.629810E+01
   3.930722E+00   4.629732E+01
   3.943780E+00   4.630122E+01
   3.946167E+00   4.630420E+01
   3.947996E+00   4.631287E+01
   3.944491E+00   4.632122E+01
   3.945531E+00   4.632265E+01
   3.958252E+00   4.632055E+01
   3.968894E+00   4.632314E+01
   3.983054E+00   4.632025E+01
   3.986824E+00   4.632192E+01
   3.987300E+00   4.632473E+01
   3.983537E+00   4.633038E+01
   3.984895E+00   4.633870E+01
   3.987372E+00   4.634278E+01
   3.986155E+00   4.635082E+01
   3.990463E+00   4.637052E+01
   3.989192E+00   4.637376E+01
   3.983235E+00   4.637821E+01
   3.976174E+00   4.639970E+01
   3.986599E+00   4.640785E+01
   3.986980E+00   4.641086E+01
   3.982895E+00   4.641950E+01
   3.990960E+00   4.642652E+01
   3.987046E+00   4.643435E+01
   3.987589E+00   4.643764E+01
   3.998989E+00   4.644373E+01
   3.996246E+00   4.645209E+01
   3.999744E+00   4.645892E+01
   3.999409E+00   4.646144E+01
   3.994484E+00   4.646615E+01
   3.977851E+00   4.647330E+01
   3.973993E+00   4.647771E+01
   3.957382E+00   4.647545E+01
   3.952332E+00   4.647686E+01
   3.950371E+00   4.648025E+01
   3.953992E+00   4.648835E+01
   3.950955E+00   4.649098E+01
   3.931665E+00   4.648998E+01
   3.920434E+00   4.649438E+01
   3.910179E+00   4.649444E+01
   3.902203E+00   4.649050E+01
   3.896126E+00   4.648101E+01
   3.893045E+00   4.647993E+01
   3.869263E+00   4.648679E+01
   3.863123E+00   4.649013E+01
   3.859692E+00   4.649460E+01
   3.861555E+00   4.651193E+01
   3.857815E+00   4.651393E+01
   3.847797E+00   4.651136E+01
   3.841159E+00   4.651302E+01
   3.839104E+00   4.651545E+01
   3.839138E+00   4.651946E+01
   3.843313E+00   4.652283E+01
   3.843697E+00   4.652563E+01
   3.838023E+00   4.653022E+01
   3.818418E+00   4.652361E+01
   3.812186E+00   4.651911E+01
   3.803655E+00   4.651825E+01
   3.799752E+00   4.651996E+01
   3.794926E+00   4.652577E+01
   3.779236E+00   4.652752E+01
   3.772935E+00   4.653722E+01
   3.754115E+00   4.653486E+01
   3.745420E+00   4.653632E+01
   3.738380E+00   4.654009E+01
   3.732096E+00   4.654549E+01
   3.730472E+00   4.654910E+01
   3.732964E+00   4.655529E+01
   3.739271E+00   4.656014E+01
   3.741764E+00   4.656740E+01
   3.732833E+00   4.659486E+01
   3.734767E+00   4.660065E+01
   3.732007E+00   4.660346E+01
   3.716995E+00   4.660482E+01
   3.711783E+00   4.660991E+01
   3.712705E+00   4.661425E+01
   3.721566E+00   4.662222E+01
   3.721482E+00   4.662648E+01
   3.707809E+00   4.663455E+01
   3.694977E+00   4.666044E+01
   3.670967E+00   4.667054E+01
   3.668057E+00   4.667449E+01
   3.668673E+00   4.668236E+01
   3.654281E+00   4.668686E+01
   3.648960E+00   4.670317E+01
   3.636860E+00   4.670597E+01
   3.636091E+00   4.672466E+01
   3.633494E+00   4.672837E+01
   3.624612E+00   4.673385E+01
   3.621156E+00   4.673951E+01
   3.621444E+00   4.674222E+01
   3.627241E+00   4.674723E+01
   3.626974E+00   4.675034E+01
   3.624367E+00   4.675246E+01
   3.620065E+00   4.675331E+01
   3.599932E+00   4.675016E+01
   3.590866E+00   4.675698E+01
   3.585645E+00   4.675368E+01
   3.582917E+00   4.674963E+01
   3.586263E+00   4.674458E+01
   3.586038E+00   4.674076E+01
   3.598772E+00   4.672865E+01
   3.598703E+00   4.672336E+01
   3.577229E+00   4.671372E+01
   3.559782E+00   4.671535E+01
   3.556405E+00   4.671796E+01
   3.552413E+00   4.671681E+01
   3.549371E+00   4.670677E+01
   3.562289E+00   4.668859E+01
   3.551556E+00   4.668192E+01
   3.547652E+00   4.667716E+01
   3.538699E+00   4.667914E+01
   3.535838E+00   4.668491E+01
   3.520852E+00   4.668437E+01
   3.513621E+00   4.667608E+01
   3.504623E+00   4.667170E+01
   3.490464E+00   4.665998E+01
   3.486760E+00   4.665146E+01
   3.481716E+00   4.664984E+01
   3.476364E+00   4.665250E+01
   3.457120E+00   4.665052E+01
   3.454146E+00   4.665201E+01
   3.450695E+00   4.665742E+01
   3.440828E+00   4.666177E+01
   3.444551E+00   4.666544E+01
   3.444717E+00   4.667186E+01
   3.450628E+00   4.667647E+01
   3.451230E+00   4.668707E+01
   3.445874E+00   4.669132E+01
   3.432386E+00   4.669242E+01
   3.427488E+00   4.670005E+01
   3.429831E+00   4.670773E+01
   3.417396E+00   4.670919E+01
   3.395644E+00   4.671330E+01
   3.380523E+00   4.670972E+01
   3.376605E+00   4.669943E+01
   3.366479E+00   4.668880E+01
   3.346964E+00   4.668332E+01
   3.312882E+00   4.668795E+01
   3.301786E+00   4.670284E+01
   3.298821E+00   4.671296E+01
   3.285770E+00   4.671259E+01
   3.278965E+00   4.671517E+01
   3.270882E+00   4.671531E+01
   3.260051E+00   4.670657E+01
   3.231191E+00   4.669513E+01
   3.228749E+00   4.668942E+01
   3.222567E+00   4.668390E+01
   3.204744E+00   4.667814E+01
   3.199008E+00   4.667864E+01
   3.172281E+00   4.668782E+01
   3.163850E+00   4.669284E+01
   3.139570E+00   4.671418E+01
   3.128618E+00   4.672614E+01
   3.086713E+00   4.673493E+01
   3.062787E+00   4.674645E+01
   3.046731E+00   4.675791E+01
   3.036334E+00   4.677201E+01
   3.030792E+00   4.679451E+01
   3.032371E+00   4.680242E+01
   3.044183E+00   4.681678E+01
   3.057087E+00   4.682590E+01
   3.057596E+00   4.683034E+01
   3.053620E+00   4.683725E+01
   3.054318E+00   4.684085E+01
   3.057540E+00   4.684429E+01
   3.067914E+00   4.685152E+01
   3.063976E+00   4.686526E+01
   3.065169E+00   4.688199E+01
   3.059781E+00   4.689643E+01
   3.049887E+00   4.690485E+01
   3.048618E+00   4.690982E+01
   3.054741E+00   4.692148E+01
   3.062384E+00   4.693064E+01
   3.062987E+00   4.693718E+01
   3.076568E+00   4.695402E+01
   3.076060E+00   4.695979E+01
   3.069485E+00   4.696456E+01
   3.060443E+00   4.697999E+01
   3.064820E+00   4.700316E+01
   3.072002E+00   4.701195E+01
   3.074031E+00   4.701804E+01
   3.072986E+00   4.702706E+01
   3.074264E+00   4.703430E+01
   3.067630E+00   4.704574E+01
   3.061709E+00   4.704422E+01
   3.054386E+00   4.704651E+01
   3.044623E+00   4.705195E+01
   3.041652E+00   4.705615E+01
   3.028949E+00   4.705776E+01
   3.021661E+00   4.706250E+01
   3.018457E+00   4.706678E+01
   3.018954E+00   4.707664E+01
   3.030535E+00   4.709326E+01
   3.029130E+00   4.712242E+01
   3.027531E+00   4.712748E+01
   3.015423E+00   4.714075E+01
   3.015205E+00   4.714529E+01
   3.018537E+00   4.715446E+01
   3.014907E+00   4.715945E+01
   3.012040E+00   4.717036E+01
   3.004960E+00   4.718570E+01
   2.995274E+00   4.720381E+01
   2.981812E+00   4.721947E+01
   2.977288E+00   4.722956E+01
   2.976060E+00   4.723560E+01
   2.979324E+00   4.724322E+01
   2.980664E+00   4.725387E+01
   2.977667E+00   4.726133E+01
   2.972306E+00   4.726743E+01
   2.937949E+00   4.728594E+01
   2.926707E+00   4.729686E+01
   2.912471E+00   4.730726E+01
   2.904831E+00   4.731070E+01
   2.885595E+00   4.731450E+01
   2.875211E+00   4.732190E+01
   2.871234E+00   4.733479E+01
   2.868489E+00   4.733778E+01
   2.870445E+00   4.734698E+01
   2.889334E+00   4.736597E+01
   2.905180E+00   4.739522E+01
   2.917920E+00   4.740647E+01
   2.918883E+00   4.742237E+01
   2.928905E+00   4.743249E+01
   2.930012E+00   4.743945E+01
   2.913612E+00   4.746968E+01
   2.897618E+00   4.748110E+01
   2.889639E+00   4.750559E+01
   2.857581E+00   4.753022E+01
   2.849372E+00   4.753417E+01
   2.845727E+00   4.753809E+01
   2.843279E+00   4.754474E+01
   2.859490E+00   4.755544E+01
   2.863523E+00   4.754920E+01
   2.868419E+00   4.754773E+01
   2.871941E+00   4.754953E+01
   2.873925E+00   4.755451E+01
   2.890870E+00   4.755430E+01
   2.898427E+00   4.755608E+01
   2.906656E+00   4.755962E+01
   2.914001E+00   4.756723E+01
   2.957363E+00   4.755951E+01
   2.965867E+00   4.756693E+01
   2.966720E+00   4.756986E+01
   2.961199E+00   4.757625E+01
   2.961526E+00   4.758211E+01
   2.957150E+00   4.758733E+01
   2.949957E+00   4.758738E+01
   2.942640E+00   4.759211E+01
   2.935045E+00   4.759912E+01
   2.940778E+00   4.760590E+01
   2.941140E+00   4.760864E+01
   2.933092E+00   4.762027E+01
   2.930865E+00   4.762750E+01
   2.935625E+00   4.763770E+01
   2.947291E+00   4.764462E+01
   2.947326E+00   4.764907E+01
   2.937895E+00   4.765627E+01
   2.928872E+00   4.765650E+01
   2.925333E+00   4.765845E+01
   2.916927E+00   4.766969E+01
   2.921487E+00   4.768010E+01
   2.907334E+00   4.768980E+01
   2.901082E+00   4.769503E+01
   2.877776E+00   4.770321E+01
   2.882339E+00   4.771155E+01
   2.879092E+00   4.771684E+01
   2.875290E+00   4.771727E+01
   2.860835E+00   4.770901E+01
   2.853885E+00   4.771434E+01
   2.847713E+00   4.771603E+01
   2.848387E+00   4.773298E+01
   2.852725E+00   4.773745E+01
   2.856473E+00   4.774758E+01
   2.855655E+00   4.775174E+01
   2.850720E+00   4.775821E+01
   2.855925E+00   4.776297E+01
   2.861521E+00   4.776263E+01
   2.870543E+00   4.776626E+01
   2.909631E+00   4.777052E+01
   2.915419E+00   4.777050E+01
   2.923425E+00   4.776573E+01
   2.937057E+00   4.776749E+01
   2.947577E+00   4.776731E+01
   2.953990E+00   4.777638E+01
   2.962221E+00   4.777677E+01
   2.976572E+00   4.778117E+01
   2.987536E+00   4.778730E+01
   3.022519E+00   4.778850E+01
   3.025796E+00   4.779672E+01
   3.025946E+00   4.780269E+01
   3.021266E+00   4.781115E+01
   3.013744E+00   4.781315E+01
   3.015749E+00   4.781771E+01
   3.012945E+00   4.782209E+01
   3.011003E+00   4.783443E+01
   3.028251E+00   4.783754E+01
   3.030401E+00   4.784219E+01
   3.029676E+00   4.785019E+01
   3.021623E+00   4.785907E+01
   3.010564E+00   4.786094E+01
   2.993478E+00   4.786701E+01
   2.994577E+00   4.786871E+01
   3.004173E+00   4.787140E+01
   3.009500E+00   4.787614E+01
   3.009606E+00   4.788088E+01
   3.005797E+00   4.788363E+01
   3.006300E+00   4.789599E+01
   3.008128E+00   4.790596E+01
   3.017658E+00   4.790927E+01
   3.035767E+00   4.791293E+01
   3.041119E+00   4.791003E+01
   3.047686E+00   4.791206E+01
   3.050240E+00   4.792525E+01
   3.061461E+00   4.792758E+01
   3.064596E+00   4.793161E+01
   3.083803E+00   4.794382E+01
   3.098079E+00   4.794985E+01
   3.108346E+00   4.796281E+01
   3.126850E+00   4.797173E+01
   3.126610E+00   4.798025E+01
   3.118574E+00   4.798650E+01
   3.121238E+00   4.799075E+01
   3.119479E+00   4.799603E+01
   3.119584E+00   4.800839E+01
   3.116378E+00   4.801079E+01
   3.109579E+00   4.800971E+01
   3.104174E+00   4.801177E+01
   3.098385E+00   4.801906E+01
   3.100601E+00   4.802453E+01
   3.111111E+00   4.802780E+01
   3.111526E+00   4.803170E+01
   3.093877E+00   4.803935E+01
   3.087540E+00   4.805229E+01
   3.079420E+00   4.805892E+01
   3.060205E+00   4.806340E+01
   3.050351E+00   4.807100E+01
   3.048020E+00   4.807744E+01
   3.048350E+00   4.808936E+01
   3.042404E+00   4.809233E+01
   3.037205E+00   4.809797E+01
   3.034596E+00   4.811142E+01
   3.032605E+00   4.811300E+01
   3.020485E+00   4.811347E+01
   3.014739E+00   4.811538E+01
   3.023778E+00   4.812947E+01
   3.022491E+00   4.813364E+01
   3.010433E+00   4.814389E+01
   3.005933E+00   4.814361E+01
   2.997779E+00   4.813875E+01
   2.993458E+00   4.814102E+01
   2.981111E+00   4.814836E+01
   2.963364E+00   4.815181E+01
   2.956263E+00   4.815653E+01
   2.950803E+00   4.816331E+01
   2.936169E+00   4.816233E+01
   2.933671E+00   4.816657E+01
   2.932829E+00   4.817608E+01
   2.936065E+00   4.818404E+01
   2.940103E+00   4.818472E+01
   2.953920E+00   4.819357E+01
   2.968523E+00   4.819489E+01
   2.970713E+00   4.819708E+01
   2.970405E+00   4.820428E+01
   2.972925E+00   4.820688E+01
   2.989086E+00   4.821046E+01
   2.994313E+00   4.820789E+01
   3.003974E+00   4.820918E+01
   3.006107E+00   4.821558E+01
   3.017765E+00   4.823575E+01
   3.023411E+00   4.824020E+01
   3.029716E+00   4.824890E+01
   3.035390E+00   4.825230E+01
   3.044264E+00   4.825714E+01
   3.041348E+00   4.826261E+01
   3.043841E+00   4.826665E+01
   3.043424E+00   4.826953E+01
   3.023766E+00   4.827513E+01
   3.026166E+00   4.828620E+01
   3.017524E+00   4.829445E+01
   3.019140E+00   4.830082E+01
   3.013374E+00   4.830627E+01
   3.024041E+00   4.831687E+01
   3.027278E+00   4.832249E+01
   3.035294E+00   4.832686E+01
   3.037130E+00   4.833159E+01
   3.035015E+00   4.833752E+01
   3.035864E+00   4.834295E+01
   3.045673E+00   4.835910E+01
   3.054091E+00   4.836177E+01
   3.060560E+00   4.835869E+01
   3.069045E+00   4.835914E+01
   3.079214E+00   4.836262E+01
   3.086388E+00   4.835880E+01
   3.098941E+00   4.835910E+01
   3.105422E+00   4.835551E+01
   3.114268E+00   4.836600E+01
   3.121867E+00   4.836989E+01
   3.132446E+00   4.837103E+01
   3.138542E+00   4.837371E+01
   3.145305E+00   4.837020E+01
   3.156906E+00   4.837342E+01
   3.172173E+00   4.837866E+01
   3.180199E+00   4.837655E+01
   3.195371E+00   4.837040E+01
   3.202525E+00   4.836541E+01
   3.223475E+00   4.837164E+01
   3.232703E+00   4.837152E+01
   3.260071E+00   4.837382E+01
   3.267351E+00   4.837884E+01
   3.282513E+00   4.838284E+01
   3.300141E+00   4.838007E+01
   3.311974E+00   4.837852E+01
   3.350721E+00   4.837990E+01
   3.360922E+00   4.838110E+01
   3.366368E+00   4.839514E+01
   3.374778E+00   4.839961E+01
   3.383713E+00   4.840136E+01
   3.415650E+00   4.839097E+01
   3.414455E+00   4.837804E+01
   3.422622E+00   4.837262E+01
   3.425063E+00   4.836617E+01
   3.444548E+00   4.836935E+01
   3.446489E+00   4.837391E+01
   3.452388E+00   4.837574E+01
   3.467048E+00   4.837711E+01
   3.471277E+00   4.837577E+01
   3.477329E+00   4.837056E+01
   3.498413E+00   4.837068E+01
   3.513958E+00   4.836133E+01
   3.545313E+00   4.833558E+01
   3.564063E+00   4.832242E+01
   3.580218E+00   4.830706E+01
   3.582980E+00   4.830377E+01
   3.587791E+00   4.830288E+01
   3.589646E+00   4.829648E+01
   3.584779E+00   4.828708E+01
   3.600987E+00   4.828046E+01
   3.609718E+00   4.827695E+01
   3.615253E+00   4.827444E+01
   3.624983E+00   4.825978E+01
   3.625099E+00   4.825351E+01
   3.616596E+00   4.825037E+01
   3.603723E+00   4.823852E+01
   3.606432E+00   4.823408E+01
   3.615598E+00   4.823309E+01
   3.622840E+00   4.822475E+01
   3.610182E+00   4.820892E+01
   3.600503E+00   4.820110E+01
   3.581351E+00   4.819054E+01
   3.581484E+00   4.818538E+01
   3.594167E+00   4.818053E+01
   3.621444E+00   4.819338E+01
   3.633689E+00   4.819037E+01
   3.643440E+00   4.818528E+01
   3.651846E+00   4.816946E+01
   3.661909E+00   4.815957E+01
   3.667585E+00   4.814408E+01
   3.670571E+00   4.814148E+01
   3.689864E+00   4.814643E+01
   3.691237E+00   4.814898E+01
   3.690703E+00   4.815553E+01
   3.692255E+00   4.815675E+01
   3.694848E+00   4.815620E+01
   3.700520E+00   4.814786E+01
   3.703915E+00   4.814621E+01
   3.719870E+00   4.816150E+01
   3.712650E+00   4.817150E+01
   3.713892E+00   4.817580E+01
   3.719511E+00   4.817666E+01
   3.748326E+00   4.816732E+01
   3.753312E+00   4.816176E+01
   3.755987E+00   4.814982E+01
   3.743126E+00   4.814123E+01
   3.740566E+00   4.813628E+01
   3.741826E+00   4.813294E+01
   3.755138E+00   4.812672E+01
   3.758329E+00   4.812768E+01
   3.762167E+00   4.813277E+01
   3.769005E+00   4.813452E+01
   3.777761E+00   4.812991E+01
   3.781235E+00   4.812226E+01
   3.792697E+00   4.811906E+01
   3.794304E+00   4.811405E+01
   3.802162E+00   4.810823E+01
   3.806610E+00   4.810188E+01
   3.806562E+00   4.809901E+01
   3.800320E+00   4.809273E+01
   3.801663E+00   4.808782E+01
   3.807795E+00   4.808507E+01
   3.827342E+00   4.806445E+01
   3.830678E+00   4.805819E+01
   3.831542E+00   4.804720E+01
   3.828939E+00   4.804326E+01
   3.829444E+00   4.804071E+01
   3.843385E+00   4.803734E+01
   3.871602E+00   4.801743E+01
   3.872834E+00   4.801022E+01
   3.870637E+00   4.800162E+01
   3.863374E+00   4.800519E+01
   3.846250E+00   4.800095E+01
   3.845723E+00   4.799813E+01
   3.850762E+00   4.798678E+01
   3.853938E+00   4.798523E+01
   3.866284E+00   4.798558E+01
   3.868806E+00   4.798075E+01
   3.875182E+00   4.798111E+01
   3.877009E+00   4.798328E+01
   3.876505E+00   4.798783E+01
   3.881520E+00   4.799206E+01
   3.880732E+00   4.800124E+01
   3.893618E+00   4.800271E+01
   3.901759E+00   4.799798E+01
   3.905763E+00   4.798921E+01
   3.913555E+00   4.798055E+01
   3.915921E+00   4.797579E+01
   3.914459E+00   4.796957E+01
   3.908576E+00   4.796259E+01
   3.903579E+00   4.794135E+01
   3.904409E+00   4.793802E+01
   3.899343E+00   4.793204E+01
   3.900045E+00   4.792896E+01
   3.902671E+00   4.792752E+01
   3.911912E+00   4.793146E+01
   3.918723E+00   4.793062E+01
   3.925956E+00   4.793595E+01
   3.945555E+00   4.793608E+01
   3.961648E+00   4.793730E+01
   3.976160E+00   4.793264E+01
   3.985386E+00   4.793245E+01
   4.004760E+00   4.794403E+01
   4.014928E+00   4.793788E+01
   4.015880E+00   4.793317E+01
   4.019071E+00   4.793052E+01
   4.025317E+00   4.793053E+01
   4.031694E+00   4.793457E+01
   4.045272E+00   4.792789E+01
   4.055058E+00   4.793154E+01
   4.055257E+00   4.794260E+01
   4.060713E+00   4.794705E+01
   4.090253E+00   4.794626E+01
   4.094186E+00   4.794334E+01
   4.093583E+00   4.793758E+01
   4.096535E+00   4.793176E+01
   4.112568E+00   4.792947E+01
   4.137463E+00   4.794021E+01
   4.139292E+00   4.794393E+01
   4.155248E+00   4.795699E+01
   4.166871E+00   4.796135E+01
   4.184878E+00   4.795695E+01
   4.187101E+00   4.794366E+01
   4.188977E+00   4.794131E+01
   4.192157E+00   4.794106E+01
   4.201665E+00   4.794291E+01
   4.204664E+00   4.794601E+01
   4.204329E+00   4.795335E+01
   4.201461E+00   4.796008E+01
   4.191837E+00   4.796501E+01
   4.193821E+00   4.796840E+01
   4.204048E+00   4.797481E+01
   4.227497E+00   4.797229E+01
   4.229506E+00   4.796970E+01
   4.229539E+00   4.796126E+01
   4.225611E+00   4.795090E+01
   4.237658E+00   4.794176E+01
   4.243021E+00   4.793350E+01
   4.257243E+00   4.792975E+01
   4.262469E+00   4.792631E+01
   4.275891E+00   4.792490E+01
   4.293171E+00   4.792916E+01
   4.297139E+00   4.795016E+01
   4.308203E+00   4.796218E+01
   4.312343E+00   4.796399E+01
   4.336686E+00   4.795995E+01
   4.345157E+00   4.795727E+01
   4.368781E+00   4.796327E+01
   4.417499E+00   4.797009E+01
   4.428865E+00   4.796722E+01
   4.440854E+00   4.795904E+01
   4.455242E+00   4.796097E+01
   4.484676E+00   4.796507E+01
   4.493701E+00   4.797009E+01
   4.508238E+00   4.796811E+01
   4.531928E+00   4.797122E+01
   4.553359E+00   4.796916E+01
   4.557234E+00   4.797246E+01
   4.544646E+00   4.798751E+01
   4.540038E+00   4.799149E+01
   4.534523E+00   4.800139E+01
   4.534737E+00   4.800729E+01
   4.554559E+00   4.801420E+01
   4.570713E+00   4.802582E+01
   4.583500E+00   4.803097E+01
   4.599146E+00   4.803177E+01
   4.607405E+00   4.802970E+01
   4.616640E+00   4.803239E+01
   4.647813E+00   4.802702E+01
   4.657745E+00   4.802047E+01
   4.666070E+00   4.802207E+01
   4.672501E+00   4.801689E+01
   4.700705E+00   4.802518E+01
   4.716346E+00   4.801303E+01
   4.772440E+00   4.800673E+01
   4.789974E+00   4.800922E+01
   4.794098E+00   4.800689E+01
   4.809900E+00   4.799112E+01
   4.811808E+00   4.798855E+01
   4.789408E+00   4.797213E+01
   4.790036E+00   4.796783E+01
   4.794560E+00   4.796422E+01
   4.807194E+00   4.796336E+01
   4.819379E+00   4.796582E+01
   4.845589E+00   4.796229E+01
   4.857930E+00   4.795331E+01
   4.866103E+00   4.794248E+01
   4.866823E+00   4.794011E+01
   4.864682E+00   4.793770E+01
   4.848953E+00   4.792746E+01
   4.847723E+00   4.792041E+01
   4.833709E+00   4.790868E+01
   4.857163E+00   4.789997E+01
   4.869990E+00   4.791938E+01
   4.894669E+00   4.792425E+01
   4.904207E+00   4.792181E+01
   4.915600E+00   4.790671E+01
   4.928663E+00   4.788970E+01
   4.929344E+00   4.788051E+01
   4.940980E+00   4.786825E+01
   4.954762E+00   4.786769E+01
   4.964581E+00   4.785301E+01
   4.963326E+00   4.784296E+01
   4.984890E+00   4.783014E+01
   4.995302E+00   4.782017E+01
   4.995063E+00   4.781228E+01
   4.989440E+00   4.780324E+01
   4.982951E+00   4.779873E+01
   4.956740E+00   4.778869E+01
   4.927743E+00   4.777998E+01
   4.925741E+00   4.777835E+01
   4.923820E+00   4.776991E+01
   4.930132E+00   4.776294E+01
   4.940020E+00   4.776394E+01
   4.945751E+00   4.776768E+01
   4.960277E+00   4.776271E+01
   4.966651E+00   4.774499E+01
   4.970670E+00   4.773616E+01
   4.972569E+00   4.772960E+01
   4.965749E+00   4.771368E+01
   4.957263E+00   4.770812E+01
   4.955941E+00   4.770380E+01
   4.960403E+00   4.769834E+01
   4.973010E+00   4.769257E+01
   4.975513E+00   4.768882E+01
   4.994759E+00   4.769024E+01
   5.000444E+00   4.769503E+01
   5.004042E+00   4.770206E+01
   5.013980E+00   4.770714E+01
   5.029902E+00   4.771115E+01
   5.034637E+00   4.770839E+01
   5.035367E+00   4.770125E+01
   5.052289E+00   4.769576E+01
   5.055620E+00   4.769872E+01
   5.061836E+00   4.769550E+01
   5.060236E+00   4.769082E+01
   5.054566E+00   4.768648E+01
   5.050325E+00   4.767738E+01
   5.054780E+00   4.767019E+01
   5.062734E+00   4.766882E+01
   5.069744E+00   4.766986E+01
   5.079274E+00   4.766940E+01
   5.081189E+00   4.766357E+01
   5.087060E+00   4.765979E+01
   5.103090E+00   4.766054E+01
   5.116495E+00   4.765306E+01
   5.125238E+00   4.764970E+01
   5.141822E+00   4.765747E+01
   5.153904E+00   4.766784E+01
   5.161668E+00   4.768139E+01
   5.178944E+00   4.768193E+01
   5.180323E+00   4.767990E+01
   5.177742E+00   4.765243E+01
   5.188565E+00   4.765089E+01
   5.210938E+00   4.764352E+01
   5.230411E+00   4.763100E+01
   5.232711E+00   4.762592E+01
   5.254748E+00   4.762435E+01
   5.259888E+00   4.762293E+01
   5.241826E+00   4.759777E+01
   5.249854E+00   4.758903E+01
   5.253964E+00   4.758020E+01
   5.267815E+00   4.758266E+01
   5.274158E+00   4.758209E+01
   5.276264E+00   4.758401E+01
   5.276767E+00   4.759092E+01
   5.294086E+00   4.760035E+01
   5.298204E+00   4.760565E+01
   5.306741E+00   4.760864E+01
   5.323124E+00   4.761368E+01
   5.340523E+00   4.761088E+01
   5.346308E+00   4.760518E+01
   5.344427E+00   4.759988E+01
   5.345383E+00   4.759742E+01
   5.352493E+00   4.759431E+01
   5.358155E+00   4.759558E+01
   5.366310E+00   4.760608E+01
   5.373816E+00   4.760715E+01
   5.388427E+00   4.760126E+01
   5.391606E+00   4.759656E+01
   5.394595E+00   4.759675E+01
   5.402342E+00   4.760186E+01
   5.405166E+00   4.760990E+01
   5.417260E+00   4.762642E+01
   5.425024E+00   4.763287E+01
   5.442207E+00   4.763114E+01
   5.447946E+00   4.762505E+01
   5.452749E+00   4.762325E+01
   5.458952E+00   4.761777E+01
   5.472456E+00   4.761003E+01
   5.478988E+00   4.760870E+01
   5.485553E+00   4.758352E+01
   5.490224E+00   4.757744E+01
   5.487820E+00   4.757283E+01
   5.492021E+00   4.756428E+01
   5.497901E+00   4.755530E+01
   5.497754E+00   4.754313E+01
   5.487863E+00   4.752694E+01
   5.471739E+00   4.752528E+01
   5.467282E+00   4.751663E+01
   5.453548E+00   4.750362E+01
   5.448594E+00   4.749566E+01
   5.437449E+00   4.748966E+01
   5.431316E+00   4.748989E+01
   5.424321E+00   4.749533E+01
   5.398899E+00   4.749604E+01
   5.392394E+00   4.748767E+01
   5.392046E+00   4.748443E+01
   5.399307E+00   4.747943E+01
   5.407890E+00   4.747877E+01
   5.408569E+00   4.747692E+01
   5.400312E+00   4.747173E+01
   5.387607E+00   4.746770E+01
   5.384814E+00   4.746291E+01
   5.390581E+00   4.745610E+01
   5.405671E+00   4.746307E+01
   5.410616E+00   4.746278E+01
   5.416600E+00   4.745942E+01
   5.417008E+00   4.745341E+01
   5.420287E+00   4.745083E+01
   5.430897E+00   4.745014E+01
   5.437915E+00   4.745206E+01
   5.441097E+00   4.745016E+01
   5.442138E+00   4.744561E+01
   5.435553E+00   4.744114E+01
   5.433097E+00   4.743662E+01
   5.434428E+00   4.743096E+01
   5.432321E+00   4.742277E+01
   5.435297E+00   4.741636E+01
   5.442118E+00   4.741166E+01
   5.446400E+00   4.740529E+01
   5.445242E+00   4.740246E+01
   5.438399E+00   4.740257E+01
   5.436018E+00   4.739790E+01
   5.437527E+00   4.739438E+01
   5.444489E+00   4.738967E+01
   5.453875E+00   4.738567E+01
   5.477687E+00   4.739664E+01
   5.487656E+00   4.739225E+01
   5.497999E+00   4.739108E+01
   5.498611E+00   4.738840E+01
   5.494593E+00   4.738205E+01
   5.496114E+00   4.737549E+01
   5.491129E+00   4.736993E+01
   5.489381E+00   4.736040E+01
   5.496164E+00   4.734561E+01
   5.496567E+00   4.733797E+01
   5.491063E+00   4.732714E+01
   5.485630E+00   4.732501E+01
   5.480415E+00   4.732619E+01
   5.478323E+00   4.732432E+01
   5.478123E+00   4.732040E+01
   5.480252E+00   4.731825E+01
   5.484945E+00   4.731847E+01
   5.489433E+00   4.731619E+01
   5.498472E+00   4.731659E+01
   5.504600E+00   4.731446E+01
   5.507974E+00   4.730994E+01
   5.516641E+00   4.730738E+01
   5.519639E+00   4.730486E+01
   5.519965E+00   4.730221E+01
   5.509422E+00   4.729204E+01
   5.506191E+00   4.728216E+01
   5.494432E+00   4.728635E+01
   5.490259E+00   4.728460E+01
   5.489360E+00   4.726631E+01
   5.482827E+00   4.725653E+01
   5.487500E+00   4.725058E+01
   5.487504E+00   4.724310E+01
   5.485714E+00   4.723751E+01
   5.479721E+00   4.723476E+01
   5.476602E+00   4.722912E+01
   5.481729E+00   4.721730E+01
   5.465878E+00   4.720605E+01
   5.450484E+00   4.720110E+01
   5.450518E+00   4.719700E+01
   5.456500E+00   4.719358E+01
   5.459855E+00   4.718857E+01
   5.460414E+00   4.718272E+01
   5.451967E+00   4.716139E+01
   5.440772E+00   4.715368E+01
   5.440609E+00   4.714280E+01
   5.429127E+00   4.713579E+01
   5.417730E+00   4.713204E+01
   5.413116E+00   4.712696E+01
   5.411877E+00   4.711371E+01
   5.400640E+00   4.710563E+01
   5.399911E+00   4.709489E+01
   5.393620E+00   4.709084E+01
   5.391996E+00   4.708632E+01
   5.385242E+00   4.707997E+01
   5.370350E+00   4.707631E+01
   5.359787E+00   4.707766E+01
   5.345184E+00   4.707524E+01
   5.336079E+00   4.707670E+01
   5.327284E+00   4.707397E+01
   5.319214E+00   4.706827E+01
   5.312343E+00   4.705706E+01
   5.309935E+00   4.705627E+01
   5.302922E+00   4.705973E+01
   5.299092E+00   4.705716E+01
   5.296577E+00   4.705254E+01
   5.285371E+00   4.704730E+01
   5.283702E+00   4.703946E+01
   5.278410E+00   4.703374E+01
   5.277490E+00   4.703001E+01
   5.278887E+00   4.702729E+01
   5.316828E+00   4.701728E+01
   5.319371E+00   4.701244E+01
   5.308059E+00   4.700882E+01
   5.303889E+00   4.700225E+01
   5.301141E+00   4.700086E+01
   5.278534E+00   4.699709E+01
   5.273017E+00   4.698839E+01
   5.267312E+00   4.698716E+01
   5.260167E+00   4.698203E+01
   5.257227E+00   4.697462E+01
   5.260461E+00   4.696796E+01
   5.264185E+00   4.696524E+01
   5.266326E+00   4.695823E+01
   5.261165E+00   4.694246E+01
   5.265496E+00   4.693773E+01
   5.266641E+00   4.693200E+01
   5.270736E+00   4.693159E+01
   5.278226E+00   4.693840E+01
   5.287227E+00   4.694225E+01
   5.291446E+00   4.694242E+01
   5.298631E+00   4.693894E+01
   5.304415E+00   4.694061E+01
   5.308307E+00   4.693979E+01
   5.309901E+00   4.693694E+01
   5.310035E+00   4.692361E+01
   5.312156E+00   4.692038E+01
   5.313883E+00   4.691039E+01
   5.319555E+00   4.690360E+01
   5.324550E+00   4.690241E+01
   5.329017E+00   4.689867E+01
   5.330878E+00   4.688858E+01
   5.333898E+00   4.688761E+01
   5.338999E+00   4.689160E+01
   5.350298E+00   4.689471E+01
   5.357400E+00   4.688768E+01
   5.364250E+00   4.688493E+01
   5.369683E+00   4.688903E+01
   5.374972E+00   4.688947E+01
   5.389561E+00   4.689594E+01
   5.394929E+00   4.689316E+01
   5.399618E+00   4.689375E+01
   5.404839E+00   4.689015E+01
   5.402579E+00   4.688433E+01
   5.406875E+00   4.687986E+01
   5.405759E+00   4.687492E+01
   5.410755E+00   4.686560E+01
   5.423124E+00   4.686154E+01
   5.438481E+00   4.686288E+01
   5.447406E+00   4.686135E+01
   5.450834E+00   4.685862E+01
   5.462464E+00   4.685492E+01
   5.461197E+00   4.684620E+01
   5.466674E+00   4.684070E+01
   5.461300E+00   4.683478E+01
   5.461242E+00   4.683208E+01
   5.464222E+00   4.682888E+01
   5.462927E+00   4.682615E+01
   5.456812E+00   4.682803E+01
   5.447903E+00   4.682420E+01
   5.442311E+00   4.682629E+01
   5.429036E+00   4.682477E+01
   5.420573E+00   4.682719E+01
   5.412294E+00   4.682687E+01
   5.407058E+00   4.683069E+01
   5.402644E+00   4.682894E+01
   5.397291E+00   4.682979E+01
   5.392217E+00   4.682861E+01
   5.389104E+00   4.682541E+01
   5.380251E+00   4.682650E+01
   5.374706E+00   4.682316E+01
   5.368918E+00   4.682417E+01
   5.362753E+00   4.681793E+01
   5.352045E+00   4.681266E+01
   5.346735E+00   4.681375E+01
   5.342843E+00   4.681799E+01
   5.339414E+00   4.681887E+01
   5.333622E+00   4.681677E+01
   5.331442E+00   4.681330E+01
   5.334779E+00   4.680530E+01
   5.333767E+00   4.679895E+01
   5.342053E+00   4.679235E+01
   5.345236E+00   4.679179E+01
   5.348787E+00   4.679463E+01
   5.352660E+00   4.679434E+01
   5.364149E+00   4.678633E+01
   5.371866E+00   4.678732E+01
   5.374548E+00   4.678352E+01
   5.375030E+00   4.677822E+01
   5.384974E+00   4.677673E+01
   5.391021E+00   4.677136E+01
   5.391256E+00   4.676649E+01
   5.386703E+00   4.676066E+01
   5.375344E+00   4.675281E+01
   5.373044E+00   4.674922E+01
   5.368757E+00   4.674887E+01
   5.366529E+00   4.674633E+01
   5.365303E+00   4.673482E+01
   5.368691E+00   4.673258E+01
   5.386921E+00   4.673249E+01
   5.395209E+00   4.672974E+01
   5.395114E+00   4.672508E+01
   5.398312E+00   4.671782E+01
   5.397133E+00   4.671151E+01
   5.407921E+00   4.670475E+01
   5.409829E+00   4.669843E+01
   5.408137E+00   4.669462E+01
   5.400827E+00   4.668934E+01
   5.400580E+00   4.668527E+01
   5.405823E+00   4.668027E+01
   5.411793E+00   4.667941E+01
   5.423077E+00   4.667405E+01
   5.422352E+00   4.666819E+01
   5.427878E+00   4.666430E+01
   5.428374E+00   4.665993E+01
   5.422241E+00   4.665673E+01
   5.421031E+00   4.665272E+01
   5.443022E+00   4.663786E+01
   5.438369E+00   4.662857E+01
   5.431753E+00   4.662551E+01
   5.429704E+00   4.662194E+01
   5.419582E+00   4.661521E+01
   5.410588E+00   4.661333E+01
   5.408389E+00   4.661126E+01
   5.410841E+00   4.660412E+01
   5.415581E+00   4.659979E+01
   5.414614E+00   4.659678E+01
   5.407447E+00   4.658969E+01
   5.406413E+00   4.658064E+01
   5.390992E+00   4.657739E+01
   5.384613E+00   4.657966E+01
   5.368909E+00   4.657856E+01
   5.366852E+00   4.657472E+01
   5.368940E+00   4.656657E+01
   5.362047E+00   4.655768E+01
   5.363865E+00   4.655147E+01
   5.361728E+00   4.653844E+01
   5.363359E+00   4.653256E+01
   5.360860E+00   4.652365E+01
   5.362572E+00   4.651988E+01
   5.369735E+00   4.651746E+01
   5.384862E+00   4.651698E+01
   5.392468E+00   4.651247E+01
   5.396401E+00   4.650688E+01
   5.402836E+00   4.650667E+01
   5.410001E+00   4.650186E+01
   5.419263E+00   4.650362E+01
   5.422990E+00   4.650118E+01
   5.420803E+00   4.649205E+01
   5.422743E+00   4.648719E+01
   5.421163E+00   4.648017E+01
   5.416660E+00   4.647267E+01
   5.409683E+00   4.646870E+01
   5.397922E+00   4.646530E+01
   5.384087E+00   4.646884E+01
   5.373662E+00   4.645910E+01
   5.365667E+00   4.645903E+01
   5.358381E+00   4.646148E+01
   5.346860E+00   4.645958E+01
   5.326793E+00   4.646068E+01
   5.324534E+00   4.645867E+01
   5.322804E+00   4.645240E+01
   5.315859E+00   4.645059E+01
   5.313415E+00   4.644646E+01
   5.309387E+00   4.644489E+01
   5.305748E+00   4.644434E+01
   5.291394E+00   4.644859E+01
   5.283979E+00   4.644448E+01
   5.266392E+00   4.644961E+01
   5.255995E+00   4.644891E+01
   5.253522E+00   4.645391E+01
   5.245008E+00   4.645852E+01
   5.241059E+00   4.645911E+01
   5.236515E+00   4.645605E+01
   5.223843E+00   4.646725E+01
   5.214207E+00   4.646758E+01
   5.214068E+00   4.647212E+01
   5.208819E+00   4.647841E+01
   5.208987E+00   4.648296E+01
   5.204228E+00   4.648708E+01
   5.204632E+00   4.649211E+01
   5.196397E+00   4.650604E+01
   5.181802E+00   4.650818E+01
   5.172304E+00   4.651206E+01
   5.167573E+00   4.651004E+01
   5.168430E+00   4.650446E+01
   5.166871E+00   4.650189E+01
   5.155658E+00   4.650620E+01
   5.141739E+00   4.650671E+01
   5.137612E+00   4.650125E+01
   5.118920E+00   4.649600E+01
   5.115242E+00   4.649167E+01
   5.110252E+00   4.649005E+01
   5.096111E+00   4.649650E+01
   5.076788E+00   4.648468E+01
   5.055975E+00   4.648252E+01
   5.040828E+00   4.648980E+01
   5.028484E+00   4.649079E+01
   5.024432E+00   4.649496E+01
   5.012262E+00   4.650010E+01
   5.007315E+00   4.650763E+01
   5.000208E+00   4.651053E+01
   4.990874E+00   4.651106E+01
   4.982908E+00   4.651427E+01
   4.973783E+00   4.651350E+01
   4.970329E+00   4.650471E+01
   4.960054E+00   4.650584E+01
   4.955432E+00   4.650355E+01
   4.951526E+00   4.649855E+01
   4.943113E+00   4.650415E+01
   4.941168E+00   4.651018E+01
   4.934913E+00   4.651194E+01
   4.926792E+00   4.649628E+01
   4.915964E+00   4.648636E+01
   4.917499E+00   4.647218E+01
   4.915388E+00   4.646124E+01
   4.911379E+00   4.645657E+01
   4.900652E+00   4.644961E+01
   4.893415E+00   4.644053E+01
   4.892717E+00   4.642681E+01
   4.889350E+00   4.641372E+01
   4.890249E+00   4.640384E+01
   4.873077E+00   4.638135E+01
   4.860813E+00   4.636883E+01
   4.853183E+00   4.635664E+01
   4.853964E+00   4.632775E+01
   4.834103E+00   4.629958E+01
   4.825944E+00   4.627256E+01
   4.812945E+00   4.626028E+01
   4.810229E+00   4.623847E+01
   4.802269E+00   4.622950E+01
   4.795485E+00   4.621740E+01
   4.794051E+00   4.620898E+01
   4.795123E+00   4.620209E+01
   4.781615E+00   4.618814E+01
   4.780655E+00   4.617557E+01
   4.764368E+00   4.617456E+01
   4.758231E+00   4.617080E+01
   4.726581E+00   4.617849E+01
   4.718952E+00   4.619395E+01
   4.719589E+00   4.620125E+01
   4.727579E+00   4.621104E+01
   4.727758E+00   4.621598E+01
   4.719718E+00   4.622074E+01
   4.718042E+00   4.622788E+01
   4.720623E+00   4.623070E+01
   4.728207E+00   4.623008E+01
   4.729977E+00   4.623251E+01
   4.729351E+00   4.623546E+01
   4.725307E+00   4.623944E+01
   4.720242E+00   4.623914E+01
   4.717903E+00   4.624248E+01
   4.706674E+00   4.624855E+01
   4.699171E+00   4.625007E+01
   4.693395E+00   4.624724E+01
   4.687628E+00   4.624825E+01
   4.678032E+00   4.625854E+01
   4.679509E+00   4.626922E+01
   4.686033E+00   4.626786E+01
   4.693610E+00   4.627290E+01
   4.701022E+00   4.627016E+01
   4.706921E+00   4.627505E+01
   4.706859E+00   4.627993E+01
   4.697397E+00   4.628980E+01
   4.693982E+00   4.629110E+01
   4.691012E+00   4.629865E+01
   4.688610E+00   4.630030E+01
   4.681640E+00   4.630148E+01
   4.663947E+00   4.629397E+01
   4.652874E+00   4.630242E+01
   4.639771E+00   4.629955E+01
   4.637736E+00   4.629759E+01
   4.637047E+00   4.628946E+01
   4.628871E+00   4.628739E+01
   4.622386E+00   4.628238E+01
   4.623280E+00   4.626958E+01
   4.618511E+00   4.626365E+01
   4.612218E+00   4.626569E+01
   4.582293E+00   4.626868E+01
   4.571899E+00   4.627517E+01
   4.571203E+00   4.628640E+01
   4.568218E+00   4.629171E+01
   4.560628E+00   4.629349E+01
   4.555624E+00   4.628966E+01
   4.554403E+00   4.628505E+01
   4.549539E+00   4.628254E+01
   4.546489E+00   4.627278E+01
   4.537323E+00   4.626867E+01
   4.522860E+00   4.626930E+01
   4.503685E+00   4.626593E+01
   4.498614E+00   4.627374E+01
   4.486980E+00   4.628547E+01
   4.479311E+00   4.628315E+01
   4.471856E+00   4.628422E+01
   4.458733E+00   4.629468E+01
   4.451842E+00   4.629527E+01
   4.439026E+00   4.629194E+01
   4.435405E+00   4.629815E+01
   4.431012E+00   4.630010E+01
   4.428013E+00   4.629911E+01
   4.423403E+00   4.629388E+01
   4.410066E+00   4.629379E+01
   4.399529E+00   4.628234E+01
   4.398229E+00   4.626646E+01
   4.395043E+00   4.626394E+01
   4.392134E+00   4.625786E+01
   4.393676E+00   4.625122E+01
   4.389829E+00   4.624618E+01
   4.393600E+00   4.623584E+01
   4.388368E+00   4.623044E+01
   4.390270E+00   4.621345E+01
   4.387529E+00   4.621146E+01
   4.376479E+00   4.620996E+01
   4.374708E+00   4.620370E+01
   4.370312E+00   4.620237E+01
   4.367534E+00   4.619875E+01
   4.375233E+00   4.618748E+01
   4.374719E+00   4.618565E+01
   4.362330E+00   4.618054E+01
   4.358267E+00   4.618067E+01
   4.347628E+00   4.618598E+01
   4.343239E+00   4.618487E+01
   4.336727E+00   4.617990E+01
   4.328708E+00   4.618125E+01
   4.323168E+00   4.617779E+01
   4.315777E+00   4.616921E+01
   4.305882E+00   4.617293E+01
   4.294482E+00   4.617100E+01
   4.292032E+00   4.616913E+01
   4.288194E+00   4.615957E+01
   4.280892E+00   4.615484E+01
END
END
