none
1
   -8.914346E+01   1.781342E+01
   -8.913910E+01   1.781344E+01
   -8.913973E+01   1.795423E+01
   -8.902484E+01   1.799950E+01
   -8.899783E+01   1.795056E+01
   -8.898711E+01   1.794322E+01
   -8.894982E+01   1.794975E+01
   -8.893739E+01   1.792976E+01
   -8.892410E+01   1.791508E+01
   -8.891209E+01   1.790611E+01
   -8.888123E+01   1.789264E+01
   -8.885808E+01   1.789101E+01
   -8.884036E+01   1.792890E+01
   -8.878258E+01   1.797350E+01
   -8.875998E+01   1.802208E+01
   -8.870053E+01   1.807303E+01
   -8.866034E+01   1.813192E+01
   -8.864108E+01   1.818045E+01
   -8.860090E+01   1.823771E+01
   -8.856227E+01   1.832867E+01
   -8.854260E+01   1.835952E+01
   -8.854595E+01   1.838234E+01
   -8.852891E+01   1.840783E+01
   -8.851610E+01   1.846097E+01
   -8.847518E+01   1.848961E+01
   -8.844756E+01   1.847362E+01
   -8.840121E+01   1.849327E+01
   -8.838969E+01   1.848000E+01
   -8.837981E+01   1.847636E+01
   -8.832686E+01   1.848703E+01
   -8.830162E+01   1.848182E+01
   -8.828955E+01   1.846881E+01
   -8.828926E+01   1.841987E+01
   -8.803266E+01   1.841814E+01
   -8.803614E+01   1.816812E+01
   -8.788512E+01   1.816671E+01
   -8.774311E+01   1.816960E+01
   -8.686174E+01   1.818054E+01
   -8.697776E+01   1.667244E+01
   -8.849754E+01   1.606848E+01
   -8.879336E+01   1.594091E+01
   -8.891445E+01   1.589566E+01
   -8.893391E+01   1.588866E+01
   -8.895736E+01   1.588696E+01
   -8.900515E+01   1.589303E+01
   -8.904265E+01   1.590247E+01
   -8.906911E+01   1.589778E+01
   -8.911256E+01   1.589500E+01
   -8.912758E+01   1.590079E+01
   -8.914922E+01   1.589861E+01
   -8.918996E+01   1.589091E+01
   -8.920781E+01   1.589080E+01
   -8.921639E+01   1.588802E+01
   -8.921948E+01   1.588972E+01
   -8.914642E+01   1.702090E+01
   -8.914309E+01   1.777772E+01
   -8.914346E+01   1.781342E+01
END
END
