none
1
   2.439421E+01   4.369376E+01
   2.416648E+01   4.365709E+01
   2.375764E+01   4.377564E+01
   2.361128E+01   4.376730E+01
   2.342181E+01   4.382432E+01
   2.305949E+01   4.377066E+01
   2.285223E+01   4.381694E+01
   2.281588E+01   4.388162E+01
   2.286039E+01   4.399453E+01
   2.301137E+01   4.406200E+01
   2.290532E+01   4.407936E+01
   2.266761E+01   4.419045E+01
   2.265254E+01   4.426025E+01
   2.253707E+01   4.429549E+01
   2.243291E+01   4.446515E+01
   2.245906E+01   4.450377E+01
   2.252570E+01   4.450453E+01
   2.257644E+01   4.457355E+01
   2.271821E+01   4.456056E+01
   2.244280E+01   4.468403E+01
   2.233191E+01   4.464009E+01
   2.219937E+01   4.446314E+01
   2.212899E+01   4.445022E+01
   2.201643E+01   4.453127E+01
   2.197098E+01   4.460786E+01
   2.162468E+01   4.464168E+01
   2.155963E+01   4.474062E+01
   2.137531E+01   4.476290E+01
   2.133091E+01   4.482545E+01
   2.134305E+01   4.488102E+01
   2.152109E+01   4.491526E+01
   2.140287E+01   4.494591E+01
   2.133685E+01   4.502011E+01
   2.142308E+01   4.506431E+01
   2.147964E+01   4.515302E+01
   2.140782E+01   4.519306E+01
   2.121735E+01   4.522494E+01
   2.116377E+01   4.528307E+01
   2.109219E+01   4.527179E+01
   2.100850E+01   4.530121E+01
   2.084007E+01   4.544454E+01
   2.075564E+01   4.546149E+01
   2.074865E+01   4.551272E+01
   2.078976E+01   4.554685E+01
   2.074209E+01   4.560410E+01
   2.077378E+01   4.572915E+01
   2.068751E+01   4.572937E+01
   2.061069E+01   4.583095E+01
   2.033611E+01   4.597762E+01
   2.024181E+01   4.613678E+01
   2.035430E+01   4.619388E+01
   2.044933E+01   4.617108E+01
   2.049992E+01   4.621488E+01
   2.063400E+01   4.616629E+01
   2.069141E+01   4.618759E+01
   2.076677E+01   4.629887E+01
   2.087934E+01   4.631148E+01
   2.106155E+01   4.627683E+01
   2.114717E+01   4.633047E+01
   2.119041E+01   4.642192E+01
   2.127709E+01   4.644801E+01
   2.123572E+01   4.650185E+01
   2.129597E+01   4.663322E+01
   2.139492E+01   4.665777E+01
   2.141940E+01   4.671534E+01
   2.148801E+01   4.672403E+01
   2.146247E+01   4.677857E+01
   2.150625E+01   4.685714E+01
   2.157461E+01   4.688788E+01
   2.158044E+01   4.694446E+01
   2.164403E+01   4.698077E+01
   2.163267E+01   4.705752E+01
   2.182722E+01   4.720570E+01
   2.192181E+01   4.739122E+01
   2.200225E+01   4.741318E+01
   2.198397E+01   4.749413E+01
   2.202109E+01   4.755269E+01
   2.215911E+01   4.762203E+01
   2.230687E+01   4.778764E+01
   2.240286E+01   4.777376E+01
   2.247901E+01   4.783535E+01
   2.257393E+01   4.779820E+01
   2.265721E+01   4.780994E+01
   2.273553E+01   4.786510E+01
   2.274466E+01   4.791368E+01
   2.290126E+01   4.798570E+01
   2.291374E+01   4.803919E+01
   2.306760E+01   4.803576E+01
   2.309438E+01   4.810136E+01
   2.315137E+01   4.814049E+01
   2.327812E+01   4.812222E+01
   2.331847E+01   4.806995E+01
   2.347724E+01   4.800003E+01
   2.353314E+01   4.804445E+01
   2.381056E+01   4.800979E+01
   2.386822E+01   4.796657E+01
   2.401178E+01   4.799149E+01
   2.423518E+01   4.792820E+01
   2.435573E+01   4.794749E+01
   2.442815E+01   4.799385E+01
   2.458183E+01   4.799223E+01
   2.464153E+01   4.796903E+01
   2.470929E+01   4.787561E+01
   2.484188E+01   4.784058E+01
   2.490536E+01   4.775580E+01
   2.498542E+01   4.775428E+01
   2.509159E+01   4.777852E+01
   2.523651E+01   4.792014E+01
   2.615664E+01   4.801462E+01
   2.633570E+01   4.821281E+01
   2.652443E+01   4.823972E+01
   2.663264E+01   4.828633E+01
   2.681342E+01   4.827863E+01
   2.704942E+01   4.815357E+01
   2.707243E+01   4.808682E+01
   2.718485E+01   4.801102E+01
   2.723401E+01   4.787607E+01
   2.732084E+01   4.775759E+01
   2.732151E+01   4.768248E+01
   2.744500E+01   4.760082E+01
   2.749243E+01   4.751627E+01
   2.759056E+01   4.748098E+01
   2.764123E+01   4.734424E+01
   2.774717E+01   4.731208E+01
   2.783725E+01   4.716390E+01
   2.811747E+01   4.699022E+01
   2.814977E+01   4.683301E+01
   2.826387E+01   4.667735E+01
   2.825228E+01   4.651192E+01
   2.828500E+01   4.643937E+01
   2.822316E+01   4.629684E+01
   2.814879E+01   4.622189E+01
   2.816849E+01   4.616777E+01
   2.811922E+01   4.602009E+01
   2.815714E+01   4.587750E+01
   2.813986E+01   4.582861E+01
   2.817749E+01   4.578859E+01
   2.819832E+01   4.564401E+01
   2.816006E+01   4.560038E+01
   2.820263E+01   4.550221E+01
   2.829407E+01   4.546514E+01
   2.835112E+01   4.535509E+01
   2.871240E+01   4.525178E+01
   2.879690E+01   4.536056E+01
   2.892387E+01   4.531422E+01
   2.895541E+01   4.535244E+01
   2.923073E+01   4.545566E+01
   2.942678E+01   4.546753E+01
   2.957683E+01   4.542498E+01
   2.966492E+01   4.536121E+01
   2.970992E+01   4.522089E+01
   2.996098E+01   4.519214E+01
   3.027896E+01   4.500665E+01
   2.886501E+01   4.371659E+01
   2.845148E+01   4.370789E+01
   2.822389E+01   4.373515E+01
   2.797740E+01   4.382560E+01
   2.791383E+01   4.396934E+01
   2.772617E+01   4.392942E+01
   2.764215E+01   4.401021E+01
   2.760373E+01   4.398690E+01
   2.739208E+01   4.398898E+01
   2.725125E+01   4.409087E+01
   2.705924E+01   4.412124E+01
   2.614268E+01   4.395595E+01
   2.579218E+01   4.368829E+01
   2.542563E+01   4.359703E+01
   2.497269E+01   4.370332E+01
   2.472698E+01   4.366018E+01
   2.451585E+01   4.373535E+01
   2.439421E+01   4.369376E+01
END
END
