Костромская область
1
	47.0564377994	59.7924829323
	47.0974564668	59.7905273912
	47.1017540663	59.7908608331
	47.1135177612	59.7912459366
	47.1252814562	59.7908608331
	47.1369947772	59.7897071717
	47.1486075661	59.7877898925
	47.160070095	59.7851172056
	47.1713332797	59.7817005559
	47.1823488894	59.777554574
	47.1930697537	59.7726970135
	47.2034499642	59.7671486755
	47.2134450711	59.7609333186
	47.223012274	59.754077558
	47.2321106045	59.746610751
	47.2407011023	59.7385648718
	47.2487469815	59.7299743741
	47.2562137884	59.7208760435
	47.263069549	59.7113088406
	47.2692849059	59.7013137337
	47.274833244	59.6909335232
	47.2796908044	59.680212659
	47.2838367864	59.6691970492
	47.2872534361	59.6579338645
	47.289926123	59.6464713356
	47.2918434022	59.6348585468
	47.2929970636	59.6231452257
	47.2933821671	59.6113815308
	47.2929970636	59.5996178358
	47.2918434022	59.5879045147
	47.289926123	59.5762917259
	47.2887194718	59.5706928947
	47.2857516373	59.5579136589
	47.2842856016	59.5520499611
	47.2808689519	59.5407867765
	47.2782439373	59.5335644343
	47.2875846169	59.5319610351
	47.2990471458	59.5292883482
	47.3103103305	59.5258716985
	47.3213259402	59.5217257165
	47.3320468045	59.5168681561
	47.3424270149	59.5113198181
	47.3524221219	59.5051044611
	47.3619893248	59.4982487005
	47.3710876553	59.4907818936
	47.3796781531	59.4827360144
	47.3877240323	59.4741455166
	47.3951908392	59.4650471861
	47.4020465998	59.4554799832
	47.4082619567	59.4454848763
	47.4138102948	59.4351046658
	47.4186678552	59.4243838015
	47.4228138371	59.4133681918
	47.4262304869	59.4021050071
	47.4289031737	59.3906424782
	47.4308204529	59.3790296894
	47.4319741144	59.3673163683
	47.4323592179	59.3555526733
	47.4320746951	59.3468614028
	47.4332283704	59.3469750299
	47.4449920654	59.3473601334
	47.4567557604	59.3469750299
	47.4684690814	59.3458213685
	47.4800818703	59.3439040893
	47.4915443992	59.3412314024
	47.5028075839	59.3378147527
	47.5138231936	59.3336687707
	47.5245440579	59.3288112103
	47.5349242684	59.3232628723
	47.5449193753	59.3170475153
	47.5544865782	59.3101917547
	47.5635849087	59.3027249478
	47.5721754065	59.2946790686
	47.5802212857	59.2860885708
	47.5876880926	59.2769902403
	47.5945438532	59.2674230374
	47.6007592101	59.2574279305
	47.6063075482	59.24704772
	47.6076063302	59.2443579771
	47.6108108609	59.2416134976
	47.6123210717	59.2402740114
	47.6153206778	59.2379005455
	47.6170620731	59.2372476352
	47.640400391	59.2283593906
	47.6452166262	59.22644526
	47.6559374905	59.2215876996
	47.666317701	59.2160393615
	47.6763128079	59.2098240046
	47.6858800108	59.202968244
	47.6949783413	59.1955014371
	47.7035688391	59.1874555579
	47.7116147183	59.1788650601
	47.7190815252	59.1697667295
	47.7259372859	59.1601995267
	47.7321526428	59.1502044197
	47.7377009808	59.1398242093
	47.7425585412	59.129103345
	47.7467045232	59.1180877352
	47.7501211729	59.1068245506
	47.7527938598	59.0953620217
	47.754711139	59.0837492328
	47.7558648004	59.0720359118
	47.7562499039	59.0602722168
	47.7560748402	59.0523384392
	47.7557925526	59.0459450065
	47.7555825128	59.0421150892
	47.7544288514	59.0304017682
	47.7536912739	59.0253536339
	47.7543598455	59.0244877989
	47.7612156062	59.014920596
	47.7674309631	59.0049254891
	47.7729793011	58.9945452786
	47.7778368616	58.9838244143
	47.7819828435	58.9728088046
	47.7853994932	58.9615456199
	47.7880721801	58.950083091
	47.7899894593	58.9384703021
	47.7911431207	58.9267569811
	47.7915282242	58.9149932861
	47.7911431207	58.9032295912
	47.7899894593	58.8915162701
	47.7880721801	58.8799034813
	47.7853994932	58.8684409524
	47.7819828435	58.8571777677
	47.7778368616	58.8461621579
	47.7729793011	58.8354412936
	47.7705945691	58.8307779611
	47.7680921276	58.8260553658
	47.7649285217	58.820338488
	47.7587131648	58.810343381
	47.7518574041	58.8007761782
	47.7443905972	58.7916778476
	47.736344718	58.7830873498
	47.7277542202	58.7750414706
	47.7186558897	58.7675746637
	47.7090886868	58.7607189031
	47.7057629343	58.7585494214
	47.6996517893	58.7546584302
	47.6929824349	58.750612555
	47.6826022244	58.7450642169
	47.673787047	58.7410088816
	47.668709097	58.7384037555
	47.6593536665	58.7341183712
	47.6521362593	58.731058984
	47.6507708255	58.7304868079
	47.6397552157	58.7263408259
	47.628492031	58.7229241762
	47.6170295021	58.7202514893
	47.6054167133	58.7183342101
	47.5939368228	58.717196001
	47.5856055239	58.7166390552
	47.5853720934	58.7166236029
	47.5736083984	58.7162384994
	47.5618447035	58.7166236029
	47.5529798544	58.7174253531
	47.5525606422	58.7173337403
	47.5492499611	58.7166427857
	47.5421120423	58.7153719518
	47.5312196263	58.713658394
	47.5223784929	58.7113795899
	47.5125754616	58.7091430909
	47.502922325	58.7074947751
	47.4932024763	58.7061062253
	47.4912428241	58.7058372619
	47.4795295031	58.7046836005
	47.4768471008	58.7045957877
	47.474548736	58.7008997165
	47.4676929754	58.6913325136
	47.4602261685	58.6822341831
	47.4521802893	58.6736436853
	47.4435897915	58.6655978061
	47.434491461	58.6581309992
	47.4249242581	58.6512752386
	47.421463614	58.6490199551
	47.415352469	58.6451365933
	47.4088180062	58.6411765198
	47.4073261784	58.6403246857
	47.4063321255	58.6391815097
	47.3982862464	58.6305910119
	47.3896957486	58.6225451328
	47.380597418	58.6150783258
	47.3710302151	58.6082225652
	47.3626443195	58.6029474368
	47.3565408039	58.5993387332
	47.3549315926	58.5983985047
	47.3445513821	58.5928501666
	47.3338305178	58.5879926062
	47.3228149081	58.5838466243
	47.3115517234	58.5804299746
	47.3000891945	58.5777572877
	47.2884764057	58.5758400085
	47.2767630846	58.5746863471
	47.2671806191	58.57431447
	47.2600806496	58.5727524049
	47.2484678607	58.5708351257
	47.2387568415	58.5698239276
	47.2279231013	58.5689923236
	47.2259207995	58.5688498602
	47.2141571045	58.5684647567
	47.2023934095	58.5688498602
	47.1923779794	58.5697882031
	47.1832426566	58.5709025656
	47.1825336858	58.568565402
	47.1783877038	58.5575497922
	47.1735301434	58.5468289279
	47.1679818054	58.5364487175
	47.1617664485	58.5264536105
	47.1549106878	58.5168864077
	47.1474438809	58.5077880771
	47.1393980017	58.4991975793
	47.1308075039	58.4911517001
	47.1217091734	58.4836848932
	47.1121419705	58.4768291326
	47.108816218	58.4746596509
	47.102705073	58.4707686597
	47.0960357186	58.4667227845
	47.0856555081	58.4611744464
	47.0749346438	58.456316886
	47.072305453	58.4552520508
	47.0715568888	58.4549557279
	47.0648196316	58.4514545978
	47.0540987674	58.4465970374
	47.0430831576	58.4424510554
	47.0318199729	58.4390344057
	47.03158226	58.438970885
	47.0232509611	58.4367507311
	47.0120261452	58.434141565
	47.0043036525	58.4327797529
	46.9754111355	58.4283318159
	46.9715208393	58.4277763488
	46.9598075182	58.4266226874
	46.9480438232	58.4262375839
	46.9122066853	58.4262375839
	46.9103619252	58.425456996
	46.9091021243	58.4249295569
	46.8980865145	58.420783575
	46.8868233299	58.4173669252
	46.8856769403	58.4170637978
	46.8601184687	58.4103957069
	46.8498023293	58.4080261475
	46.8429970075	58.4068079558
	46.8238319684	58.4037561979
	46.8190245014	58.4030571105
	46.807627147	58.401924438
	46.7686221134	58.3992989391
	46.7674681192	58.3939572547
	46.7653952207	58.3853858376
	46.761978571	58.3741226529
	46.7578325891	58.3631070432
	46.7529750287	58.3523861789
	46.7474266906	58.3420059685
	46.7412113337	58.3320108615
	46.7343555731	58.3224436586
	46.7268887662	58.3133453281
	46.718842887	58.3047548303
	46.7111422318	58.2974945317
	46.706137349	58.2930465947
	46.7052475064	58.2922610141
	46.6961491758	58.2847942072
	46.686581973	58.2779384466
	46.676586866	58.2717230897
	46.6722215138	58.269283033
	46.6699537268	58.2669740686
	46.661363229	58.2589281894
	46.6522648985	58.2514613825
	46.6426976956	58.2446056219
	46.6355500885	58.2401609542
	46.6306537776	58.2322870456
	46.6237980169	58.2227198427
	46.61633121	58.2136215122
	46.6082853308	58.2050310144
	46.599694833	58.1969851352
	46.594517629	58.1926145802
	46.5927901977	58.182401345
	46.5927533966	58.1822168378
	46.5913648468	58.1752740888
	46.588728961	58.1639960671
	46.5853123113	58.1527328824
	46.5811663293	58.1417172727
	46.5763087689	58.1309964084
	46.5707604308	58.1206161979
	46.5645450739	58.110621091
	46.5576893133	58.1010538881
	46.5502225064	58.0919555576
	46.5421766272	58.0833650598
	46.5335861294	58.0753191806
	46.5263472198	58.0692986011
	46.5247359985	58.0599037865
	46.5245417178	58.0589408225
	46.5217569888	58.0453299826
	46.5192785826	58.0348304177
	46.5158619328	58.023567233
	46.5117159509	58.0125516233
	46.5068583905	58.001830759
	46.5013100524	57.9914505485
	46.4973879963	57.9849759386
	46.4931689411	57.978330736
	46.4908756403	57.974810239
	46.4840198797	57.9652430361
	46.4765530728	57.9561447055
	46.4685071936	57.9475542078
	46.4599166958	57.9395083286
	46.4508183653	57.9320415216
	46.4412511624	57.925185761
	46.4312560555	57.9189704041
	46.420875845	57.913422066
	46.4101549807	57.9085645056
	46.399139371	57.9044185237
	46.3914028653	57.901985423
	46.3817440518	57.8991854352
	46.3782173728	57.8982018862
	46.3667548439	57.8955291993
	46.3628575323	57.8947985398
	46.3534123419	57.8931353317
	46.3456968646	57.8919487121
	46.3340207117	57.8907974907
	46.3129025476	57.8894089409
	46.3128653796	57.8894065009
	46.3011016846	57.8890213974
	46.2932655825	57.8891921751
	46.2860561362	57.8895065655
	46.2457852472	57.888769249
	46.2424926758	57.8887391098
	46.2410948577	57.8887445414
	46.1727829688	57.889275444
	46.1234067062	57.8878190747
	46.0953925834	57.8858484354
	46.0945349962	57.8857901679
	46.0848632821	57.8854172306
	46.0668245482	57.8852074101
	46.0196115543	57.8817263306
	46.0181494982	57.8816245184
	46.0063858032	57.8812394149
	46.0013086461	57.8813110874
	45.9865456274	57.8817279795
	45.9834145078	57.8803781266
	45.9810396853	57.8793744422
	45.9700240756	57.8752284602
	45.9587608909	57.8718118105
	45.947298362	57.8691391236
	45.9356855731	57.8672218444
	45.9239722521	57.866068183
	45.9122085571	57.8656830795
	45.9005432129	57.8656830795
	45.8887795179	57.866068183
	45.8834351348	57.8664985586
	45.8726839421	57.8675258323
	45.8649355593	57.8641003943
	45.8539199496	57.8599544124
	45.8447245462	57.8571050544
	45.8424435757	57.8544525058
	45.8343976965	57.845862008
	45.8258071988	57.8378161288
	45.8167088682	57.8303493219
	45.8071416653	57.8234935613
	45.8069174283	57.8233439738
	45.7952444547	57.8155696208
	45.7854735848	57.8095038514
	45.7773996622	57.805113491
	45.7643533976	57.7984454002
	45.7620471097	57.7972874225
	45.7564042363	57.7946253257
	45.7422364506	57.7882395224
	45.7371584597	57.7860440588
	45.72614285	57.7818980769
	45.7193606481	57.7797444807
	45.7108611727	57.7766185359
	45.7024838124	57.7740009454
	45.6616512928	57.7623279718
	45.6587654685	57.7615289126
	45.6473029396	57.7588562257
	45.6373654798	57.7571675239
	45.6079236463	57.7530095039
	45.6062483173	57.7527809264
	45.5945349963	57.751627265
	45.5827713013	57.7512421615
	45.5710913965	57.7516217928
	45.5583121607	57.7524533968
	45.5582283704	57.752458869
	45.5465150494	57.7536125305
	45.5349022606	57.7555298097
	45.5234397317	57.7582024965
	45.5199533061	57.7591743816
	45.5113397197	57.7616691936
	45.5035629606	57.7641139583
	45.4925473508	57.7682599402
	45.4818264865	57.7731175006
	45.4714462761	57.7786658387
	45.4666991281	57.781504814
	45.4608702706	57.7851135176
	45.4556223117	57.7884898992
	45.4460551088	57.7953456598
	45.4369567783	57.8028124667
	45.4283662805	57.8108583459
	45.4203204013	57.8194488437
	45.4177899358	57.8223979519
	45.4138285463	57.8253520685
	45.4047302158	57.8328188754
	45.3981528011	57.8388830423
	45.3892721859	57.8474889993
	45.3872591028	57.8494707117
	45.3792132236	57.8580612094
	45.3789761094	57.8583321329
	45.3564086177	57.8584625292
	45.3196607984	57.858240252
	45.3179188201	57.8580576151
	45.3109275133	57.857462226
	45.2991638184	57.8570771225
	45.2872161865	57.8570771225
	45.2754524915	57.857462226
	45.2637391705	57.8586158874
	45.2521263817	57.8605331666
	45.2406638528	57.8632058535
	45.2294006681	57.8666225032
	45.2183850583	57.8707684851
	45.2172308642	57.8712512777
	45.2100058276	57.8743030355
	45.2004391574	57.8786778033
	45.1910176624	57.8836765467
	45.179906533	57.8855270631
	45.1684440041	57.88819975
	45.1571808194	57.8916163997
	45.1461652097	57.8957623816
	45.1354443454	57.900619942
	45.1268845216	57.9051313677
	45.1059450392	57.9061866183
	45.1032341688	57.9063437567
	45.0937520161	57.9072178563
	45.0887935427	57.9078076878
	45.0581731496	57.9091326959
	45.0572138231	57.9091609886
	45.0513216677	57.9065961218
	45.0459124231	57.9045602263
	45.0460929749	57.90346664
	45.0472466363	57.891753319
	45.0476317398	57.879989624
	45.0472466363	57.868225929
	45.0460929749	57.856512608
	45.0441756957	57.8448998192
	45.0415030088	57.8334372903
	45.0380863591	57.8221741056
	45.0339403772	57.8111584958
	45.0290828168	57.8004376315
	45.0235344787	57.7900574211
	45.0220745488	57.7875748635
	45.0187481328	57.7820206643
	45.0139927058	57.7745081149
	45.0071369452	57.7649409121
	45.0038245012	57.7607541985
	45.0023292824	57.7578872502
	44.9993586957	57.7515561008
	44.9951453499	57.7435288546
	44.9935298383	57.7401654147
	44.9879815002	57.7297852043
	44.9830684549	57.7217671893
	44.9691829568	57.7003819964
	44.9678806452	57.6984049045
	44.9610248846	57.6888377016
	44.9535580777	57.6797393711
	44.9489770707	57.6747108212
	44.948520307	57.6741129702
	44.9410535001	57.6650146396
	44.9330076209	57.6564241418
	44.9244171231	57.6483782626
	44.9160315736	57.6414612312
	44.9118647992	57.6323849582
	44.9063164611	57.6220047478
	44.9047630778	57.6193663274
	44.9014290324	57.6138121282
	44.8967670588	57.6064554416
	44.8899112982	57.5968882387
	44.8824444913	57.5877899082
	44.8743986121	57.5791994104
	44.8658081143	57.5711535312
	44.8567097837	57.5636867243
	44.8471425809	57.5568309637
	44.8371474739	57.5506156068
	44.8267672635	57.5450672687
	44.8197445219	57.5417901871
	44.8128017729	57.5387307999
	44.8091036502	57.5371503211
	44.7980880404	57.5330043391
	44.7868248557	57.5295876894
	44.7753623268	57.5269150025
	44.763749538	57.5249977233
	44.752036217	57.5238440619
	44.740272522	57.5234589584
	44.736175551	57.5235056251
	44.7231640765	57.5238020788
	44.7170325548	57.5232947455
	44.7112270418	57.5230083543
	44.6776195588	57.5218944627
	44.671661377	57.5217957504
	44.6638299443	57.5219663245
	44.6510507084	57.5225232703
	44.6471184461	57.5227377997
	44.6354051251	57.5238914611
	44.6344418724	57.524041698
	44.6318642516	57.519229174
	44.6256488947	57.5092340671
	44.6187931341	57.4996668642
	44.6113263272	57.4905685337
	44.6071364984	57.4859547116
	44.6026961908	57.4812321164
	44.5988401404	57.4772554407
	44.5902496426	57.4692095615
	44.5811513121	57.4617427545
	44.5715841092	57.4548869939
	44.5615890022	57.448671637
	44.5580631409	57.4467870249
	44.5499740689	57.4392107822
	44.5408757383	57.4317439753
	44.5313085355	57.4248882146
	44.5311294561	57.4247687126
	44.5194641118	57.4169943595
	44.5096480843	57.4108985047
	44.4992678738	57.4053501666
	44.4947216338	57.4031867774
	44.488053543	57.4001273902
	44.4818789187	57.397433219
	44.470863309	57.3932872371
	44.469310132	57.3927678783
	44.4660193137	57.3912726327
	44.4560363289	57.3850653748
	44.4456561185	57.3795170367
	44.4349352542	57.3746594763
	44.4239196444	57.3705134944
	44.4239091393	57.3705099288
	44.416612207	57.3680334559
	44.3911510766	57.3562380004
	44.3843752566	57.3532666541
	44.3733596469	57.3491206721
	44.36615414	57.3468423878
	44.3500484882	57.3421197926
	44.3459908103	57.3409814272
	44.3345282814	57.3383087403
	44.3316200801	57.3377551036
	44.313286645	57.3344210582
	44.3045820575	57.3330574157
	44.2928687365	57.3319037543
	44.2837121685	57.3315375469
	44.2796331669	57.3294132902
	44.2760360237	57.3272803406
	44.2656558133	57.3217320026
	44.254934949	57.3168744422
	44.2439193392	57.3127284602
	44.2326561546	57.3093118105
	44.2211936257	57.3066391236
	44.2095808368	57.3047218444
	44.1978675158	57.303568183
	44.1904499662	57.3032355961
	44.1769344389	57.3029089189
	44.1703799344	57.2995075763
	44.1672246082	57.2979895433
	44.1536137684	57.2916037401
	44.1460482302	57.2882642127
	44.1350326205	57.2841182307
	44.1273969914	57.281714405
	44.1101698185	57.2767095222
	44.106542263	57.2756966982
	44.0950797341	57.2730240113
	44.0834669452	57.2711067321
	44.0717536242	57.2699530707
	44.0690466938	57.2697961309
	44.0646995807	57.2695769614
	44.057084455	57.2672729601
	44.0515495872	57.265694562
	44.0400870583	57.2630218751
	44.030424142	57.2613721625
	44.0109768154	57.2585950629
	44.0090269428	57.2583274963
	43.9973136217	57.2571738348
	43.9855499268	57.2567887313
	43.9783169212	57.256934223
	43.9660502107	57.2574279116
	43.9586966774	57.2558044679
	43.9470838886	57.2538871887
	43.9377287649	57.2529036646
	43.9271696829	57.2520720606
	43.9248114855	57.2519019232
	43.9130477905	57.2515168197
	43.9012840955	57.2519019232
	43.8903896427	57.2529496902
	43.8854154926	57.2522239806
	43.8813202839	57.2517325362
	43.8710434895	57.2506186446
	43.8634253771	57.2499564276
	43.8516616821	57.2495713241
	43.8419355021	57.2498344886
	43.8316510783	57.2503914344
	43.8296135633	57.2505133734
	43.8179002423	57.2516670348
	43.8062874534	57.253584314
	43.7948249245	57.2562570009
	43.7937851248	57.2565389548
	43.7765732107	57.26126155
	43.7663498258	57.2643962459
	43.755334216	57.2685422278
	43.754105806	57.2690563878
	43.7506749093	57.2705073636
	43.7449946946	57.2720626904
	43.7346802091	57.2752223567
	43.7319762287	57.2761643032
	43.7146071951	57.2823703685
	43.7042251784	57.2852740217
	43.7038041737	57.2853440821
	43.6982399681	57.286360193
	43.6867774392	57.2890328798
	43.6755142545	57.2924495296
	43.6644986448	57.2965955115
	43.6537777805	57.3014530719
	43.6500809527	57.3033294176
	43.6442215777	57.3063888048
	43.637538195	57.3100607972
	43.6275430881	57.3162761541
	43.6179758852	57.3231319147
	43.6088775547	57.3305987216
	43.6002870569	57.3386446008
	43.6002727483	57.338658911
	43.5896759366	57.3418956355
	43.5786603269	57.3460416174
	43.5679394626	57.3508991779
	43.5575592521	57.3564475159
	43.5526675279	57.3593760944
	43.5468386704	57.3629924274
	43.5417352878	57.3662792058
	43.5321680849	57.3731349665
	43.5230697544	57.3806017734
	43.520747642	57.3826740261
	43.4986137087	57.3859199581
	43.489621804	57.3874725587
	43.4822511208	57.389191161
	43.4782625857	57.3874310828
	43.467246976	57.3832851008
	43.4608497449	57.3812458821
	43.4604772366	57.3809963079
	43.4583010665	57.3795649205
	43.4551997601	57.3729397678
	43.4497188684	57.3626764792
	43.440273678	57.3462885397
	43.4402062316	57.3461716179
	43.4339908747	57.3361765109
	43.4271351141	57.3266093081
	43.4196683072	57.3175109775
	43.4135426492	57.3108701405
	43.4046544046	57.3017072376
	43.4027341834	57.2997575769
	43.3941436856	57.2917116977
	43.385045355	57.2842448908
	43.3786555976	57.2795617677
	43.373093769	57.2756707765
	43.3699163235	57.273498139
	43.3599212166	57.267282782
	43.3495410062	57.261734444
	43.3477041873	57.2608415537
	43.334375635	57.2544557505
	43.3254915896	57.2504910803
	43.3144759799	57.2463450984
	43.3101613469	57.2449409167
	43.3021047063	57.2424308459
	43.2951561546	57.2404183779
	43.2836936257	57.237745691
	43.2740307094	57.2360959784
	43.2545833827	57.2333188788
	43.2526335102	57.2330513122
	43.2409201891	57.2318976508
	43.2291564941	57.2315125473
	43.225229035	57.2315554317
	43.2178933722	57.231715649
	43.217782789	57.2317180983
	43.2123468454	57.2318401686
	43.2046211927	57.2321799384
	43.1929078717	57.2333335998
	43.1812950828	57.235250879
	43.1698325539	57.2379235659
	43.1665579128	57.238907094
	43.1639655373	57.2383026368
	43.1628008344	57.2380749548
	43.145779566	57.234805813
	43.1401573753	57.2332009707
	43.1286948464	57.2305282838
	43.1284132011	57.2304724947
	43.110079766	57.2268561617
	43.0987486225	57.2249946716
	43.0975730167	57.224843839
	43.0902086917	57.2215985632
	43.0791930819	57.2174525813
	43.0679298972	57.2140359316
	43.0564673683	57.2113632447
	43.0535008164	57.2107990065
	43.0443379136	57.2091357985
	43.0356916767	57.2077827575
	43.0239783556	57.2066290961
	43.0165582319	57.206296447
	42.9935022017	57.2057395012
	42.9891586304	57.2056870468
	42.9788392743	57.2059833169
	42.9598324069	57.2070755966
	42.9437337629	57.2070755966
	42.9177718825	57.2062360762
	42.9027753787	57.2048165853
	42.8975898058	57.2044013129
	42.8858261108	57.2040162094
	42.8818539556	57.2040600756
	42.8690747198	57.2043423632
	42.86128318	57.2046836005
	42.849569859	57.2058372619
	42.8379570701	57.2077545411
	42.8264945412	57.210427228
	42.8229671927	57.2114109711
	42.8143612356	57.2139057831
	42.8066253995	57.2163386897
	42.7956097898	57.2204846716
	42.7848889255	57.2253422321
	42.774508715	57.2308905701
	42.7714032179	57.2327252918
	42.7475079542	57.2471677357
	42.7406183444	57.2515483709
	42.7310511416	57.2584041315
	42.7256917998	57.2626812416
	42.7176085456	57.2682107205
	42.7096659487	57.2739680963
	42.7005676181	57.2814349033
	42.6919771203	57.2894807825
	42.6839312412	57.2980712802
	42.6764644342	57.3071696108
	42.6696086736	57.3167368137
	42.6695393818	57.3168405941
	42.6662053364	57.3218378475
	42.6600592713	57.331729174
	42.6545109332	57.3421093845
	42.6496533728	57.3528302488
	42.6460744396	57.3622015501
	42.644128944	57.3677557493
	42.6435618953	57.3694000577
	42.6401452456	57.3806632424
	42.6374725587	57.3921257713
	42.6355552795	57.4037385602
	42.634401618	57.4154518812
	42.6340165146	57.4272155762
	42.634401618	57.4389792712
	42.634914022	57.4451614327
	42.6354709678	57.450715632
	42.6355643531	57.4515211263
	42.6304527119	57.4512918183
	42.6261663586	57.4511880257
	42.6208202603	57.4506183756
	42.6108138704	57.4486179434
	42.6106436989	57.4485840089
	42.5990309101	57.4466667297
	42.5944233263	57.4461204918
	42.5838642443	57.4450066002
	42.576758507	57.4443991766
	42.568396225	57.4440462381
	42.5095049287	57.4429323465
	42.5061035156	57.4429001815
	42.5011647823	57.4429679984
	42.4908879879	57.443250286
	42.4840630262	57.4435675726
	42.4735518762	57.4445670841
	42.4725365207	57.4438306724
	42.4668630399	57.4398799749
	42.4568679329	57.433664618
	42.4464877225	57.4281162799
	42.4445753627	57.4271872191
	42.4312468105	57.4208090453
	42.4224383059	57.4168805457
	42.4114226962	57.4127345637
	42.4086690727	57.4118245253
	42.4008870903	57.4093220839
	42.3923775291	57.4068154726
	42.3814381113	57.4042476458
	42.3539417734	57.3986934465
	42.3534186623	57.3985885865
	42.3418058734	57.3966713073
	42.3416745629	57.3966540691
	42.3119504418	57.3927630779
	42.3003684313	57.3916266547
	42.2971823442	57.3914461977
	42.2906014446	57.3911320017
	42.2426015836	57.3861077171
	42.2356406481	57.3855155097
	42.2330238106	57.3853631347
	42.2205933536	57.3828529065
	42.2200797341	57.3827499635
	42.2084669452	57.3808326843
	42.1967536242	57.3796790228
	42.1849899292	57.3792939193
	42.1800489559	57.3793617978
	42.1700544491	57.379636456
	42.1632317274	57.379953681
	42.1515184064	57.3811073425
	42.1399056175	57.3830246217
	42.1284430886	57.3856973085
	42.1187283012	57.3886442571
	42.116240086	57.3888893249
	42.1046272972	57.3908066041
	42.1034308591	57.3910488139
	42.0845404783	57.3949398051
	42.0742743874	57.3973702822
	42.0630112027	57.4007869319
	42.0528891054	57.404565617
	42.0480377504	57.406544654
	42.0150922941	57.4081057248
	42.0118416517	57.4082892523
	42.0001283307	57.4094429138
	41.9885155418	57.411360193
	41.9770530129	57.4140328798
	41.9657898282	57.4174495296
	41.9556677309	57.4212282147
	41.948168036	57.4242876019
	41.9472745237	57.4246548987
	41.9365536594	57.4295124591
	41.9261734489	57.4350607972
	41.916178342	57.4412761541
	41.9098525057	57.4457022259
	41.8992713357	57.4481973085
	41.888008151	57.4516139583
	41.8769925412	57.4557599402
	41.8662716769	57.4606175006
	41.8558914665	57.4661658387
	41.8458963596	57.4723811956
	41.8363291567	57.4792369562
	41.8306565369	57.4837746102
	41.8256592835	57.4879402596
	41.8222335727	57.4908694125
	41.8136430749	57.4989152917
	41.8055971957	57.5075057895
	41.7981303888	57.5166041201
	41.7917805459	57.5254182817
	41.7916451377	57.5254291984
	41.7862528371	57.5260011491
	41.7859379912	57.5240279966
	41.7855528509	57.5183582265
	41.7844276307	57.5070710797
	41.7825103515	57.4954582908
	41.7821898958	57.4938840283
	41.7802901977	57.4824043968
	41.7776175108	57.4709418679
	41.7774334835	57.4702604199
	41.7757702755	57.4641492749
	41.7725376531	57.4535675382
	41.7683916711	57.4425519284
	41.7635341107	57.4318310642
	41.7605661323	57.4260761264
	41.7547296455	57.4152423862
	41.7521492858	57.4106171135
	41.7459339289	57.4006220065
	41.7390781683	57.3910548037
	41.7316113614	57.3819564731
	41.7235654822	57.3733659753
	41.7149749844	57.3653200961
	41.710680128	57.3616710435
	41.7069207777	57.3581924454
	41.6912514257	57.3404335277
	41.6835645667	57.3322511682
	41.6749740689	57.324205289
	41.6658757383	57.3167384821
	41.6629551633	57.3145442049
	41.6576756223	57.3106608431
	41.6510289944	57.3059993597
	41.6410338875	57.2997840027
	41.6306536771	57.2942356647
	41.6199328128	57.2893781043
	41.608917203	57.2852321223
	41.5976540183	57.2818154726
	41.5861914894	57.2791427857
	41.5745787006	57.2772255065
	41.5628653796	57.2760718451
	41.5511016846	57.2756867416
	41.5393379896	57.2760718451
	41.5343320772	57.2764702027
	41.525451462	57.2773018067
	41.5187440533	57.2780571105
	41.5071312645	57.2799743897
	41.4981587784	57.2819989248
	41.4866948322	57.284895568
	41.4810689672	57.2855429247
	41.4804317041	57.2852227123
	41.4737636133	57.2818886669
	41.4728777981	57.2814487994
	41.4621569339	57.276591239
	41.4511413241	57.2724452571
	41.4398781394	57.2690286074
	41.4305421986	57.2667922828
	41.4213792957	57.2648544166
	41.4192527077	57.2644180543
	41.4076399188	57.2625007751
	41.3959265978	57.2613471137
	41.3841629028	57.2609620102
	41.3785719531	57.2610489264
	41.3778075839	57.2607875423
	41.3763067283	57.2602854234
	41.3527013816	57.2525034409
	41.3429390525	57.2495889101
	41.3314765236	57.2469162232
	41.3198637348	57.244998944
	41.3156372998	57.2444933248
	41.3053605054	57.2433870626
	41.2978736193	57.2427390204
	41.2948938725	57.2425685336
	41.2721125004	57.241454642
	41.2633285522	57.2412400253
	41.2594637023	57.2412815532
	41.2546001122	57.2413860841
	41.2291596358	57.2396919929
	41.2289725573	57.2396796332
	41.2260373906	57.2395835458
	41.2188250247	57.2363156653
	41.21494327	57.2347604062
	41.2126684186	57.2338795163
	41.2124463223	57.2336257846
	41.2121529638	57.2332921057
	41.203821665	57.2238392858
	41.1960691443	57.215582467
	41.1874786465	57.2075365878
	41.178380316	57.2000697809
	41.175459741	57.1978755038
	41.1701801999	57.1939921419
	41.1635335721	57.1893306585
	41.1535384651	57.1831153016
	41.1431582547	57.1775669635
	41.1324373904	57.1727094031
	41.1214217807	57.1685634212
	41.110158596	57.1651467714
	41.0986960671	57.1624740846
	41.0870832782	57.1605568054
	41.0753699572	57.1594031439
	41.0686644088	57.159183627
	41.0654350852	57.1582040224
	41.0539725563	57.1555313355
	41.0423597675	57.1536140563
	41.0382645588	57.1531226118
	41.0279877644	57.1520087202
	41.020369652	57.1513465033
	41.008605957	57.1509613998
	40.9968422621	57.1513465033
	40.985128941	57.1525001647
	40.9838734138	57.1526699587
	40.9738712776	57.1540585085
	40.9679040275	57.1549892805
	40.9623579364	57.1541710021
	40.9582627277	57.1536795576
	40.9479859333	57.152565666
	40.940367821	57.1519034491
	40.928604126	57.1515183456
	40.916840431	57.1519034491
	40.9155075556	57.1519957833
	40.9041168696	57.1528273873
	40.8937364239	57.1538887145
	40.8931298894	57.1539696162
	40.882853095	57.155358166
	40.8718468406	57.1571945435
	40.8632557884	57.1591231436
	40.8511100328	57.1580430888
	40.8132313677	57.1534073404
	40.8031455309	57.1524603949
	40.801292713	57.1523485532
	40.7544291712	57.1497623522
	40.7460467044	57.1460370398
	40.7350310946	57.1418910579
	40.7237679099	57.1384744082
	40.7155305647	57.1364740134
	40.7066423201	57.1345361472
	40.7034171364	57.1338638551
	40.6918043476	57.1319465759
	40.6800910265	57.1307929144
	40.6683273315	57.1304078109
	40.6565636366	57.1307929144
	40.6448503155	57.1319465759
	40.6388236475	57.1328440986
	40.6289383893	57.1344878715
	40.6261575505	57.1323625306
	40.6168645657	57.1257167669
	40.6068694588	57.11950141
	40.5964892483	57.1139530719
	40.5857683841	57.1090955115
	40.5747527743	57.1049495296
	40.5634895896	57.1015328798
	40.5520270607	57.098860193
	40.5416883215	57.0971152801
	40.5316938147	57.0957267303
	40.530419765	57.0955543639
	40.518706444	57.0944007025
	40.506942749	57.094015599
	40.495179054	57.0944007025
	40.483465733	57.0955543639
	40.4810104709	57.0958948329
	40.4425922764	57.0964531044
	40.4334419935	57.0968192206
	40.4217286725	57.097972882
	40.4101158836	57.0998901612
	40.3986533547	57.1025628481
	40.38739017	57.1059794978
	40.3763745603	57.1101254797
	40.365653696	57.1149830402
	40.3552734855	57.1205313782
	40.3452783786	57.1267467351
	40.3357111757	57.1336024958
	40.3266128452	57.1410693027
	40.3180223474	57.1491151819
	40.3099764682	57.1577056797
	40.3025096613	57.1668040102
	40.2956539007	57.1763712131
	40.2894385438	57.18636632
	40.2847430292	57.1950400497
	40.2820269648	57.2004035141
	40.2811741412	57.2021099948
	40.2763165808	57.2128308591
	40.2721705989	57.2238464689
	40.2687539492	57.2351096535
	40.2675233	57.2399727808
	40.2639545978	57.2468335056
	40.2590970374	57.2575543699
	40.2549510554	57.2685699796
	40.2515344057	57.2798331643
	40.2488617188	57.2912956932
	40.2483051355	57.294220102
	40.2460849817	57.3064347627
	40.2459413959	57.3072350064
	40.2457195135	57.3075662814
	40.2395041566	57.3175613884
	40.2339558185	57.3279415988
	40.2290982581	57.3386624631
	40.2249522761	57.3496780729
	40.2215356264	57.3609412575
	40.2188629395	57.3724037865
	40.2169456603	57.3840165753
	40.2157919989	57.3957298963
	40.2154068954	57.4074935913
	40.2155474769	57.4146035448
	40.2158221351	57.4215462938
	40.2160017796	57.4251644333
	40.213259635	57.43144353
	40.2091136531	57.4424591398
	40.2056970034	57.4537223244
	40.2030243165	57.4651848533
	40.2011070373	57.4767976422
	40.1999533759	57.4885109632
	40.1995682724	57.5002746582
	40.1999533759	57.5120383532
	40.2011070373	57.5237516742
	40.2030243165	57.5353644631
	40.2056970034	57.546826992
	40.2091136531	57.5580901766
	40.213259635	57.5691057864
	40.2181171954	57.5798266507
	40.2236655335	57.5902068611
	40.2298808904	57.6002019681
	40.236736651	57.6097691709
	40.2442034579	57.6188675015
	40.2522493371	57.6274579993
	40.2608398349	57.6355038785
	40.2681195929	57.6415566511
	40.2734067633	57.6457223006
	40.2752253359	57.6471363348
	40.2841708594	57.6535466063
	40.2857127996	57.6560262479
	40.2925685602	57.6655934507
	40.3000353671	57.6746917813
	40.3080812463	57.6832822791
	40.3166717441	57.6913281583
	40.3257700747	57.6987949652
	40.3353372775	57.7056507258
	40.3453323845	57.7118660827
	40.3557125949	57.7174144208
	40.3664334592	57.7222719812
	40.377449069	57.7264179631
	40.3802026924	57.7273280016
	40.3879846749	57.729830443
	40.3964942361	57.7323370542
	40.4045180085	57.7342907486
	40.4198618259	57.7421262709
	40.4221112155	57.7432551801
	40.4328320798	57.7481127405
	40.4379146894	57.7500256993
	40.437906509	57.7502535964
	40.4377310858	57.7526787489
	40.4373459823	57.7644424438
	40.4374957309	57.7717804588
	40.4383349643	57.7923340477
	40.4385703192	57.7967597277
	40.439303346	57.8050203543
	40.4386784872	57.8064700815
	40.4339482626	57.81757848
	40.4332608557	57.8192151365
	40.4291148738	57.8302307462
	40.4256982241	57.8414939309
	40.4230255372	57.8529564598
	40.4217102144	57.8603786581
	40.4197647188	57.8728756063
	40.4191627624	57.8770661969
	40.418009101	57.8887795179
	40.4176239975	57.9005432129
	40.41777439	57.9078969814
	40.4183313358	57.9215078212
	40.4185660468	57.9259177477
	40.4197197082	57.9376310687
	40.4216369874	57.9492438576
	40.4243096743	57.9607063865
	40.427726324	57.9719695712
	40.4318723059	57.9829851809
	40.4367298663	57.9937060452
	40.4389049726	57.9979725772
	40.4416897016	58.0032597476
	40.4450629334	58.0093734261
	40.4512782903	58.019368533
	40.4581340509	58.0289357359
	40.4623519703	58.034223705
	40.4704086109	58.0439435536
	40.4736574985	58.0477539151
	40.4817033777	58.0563444129
	40.4902938755	58.0643902921
	40.499392206	58.071857099
	40.5015712078	58.073502977
	40.5123973186	58.0815519882
	40.5197855197	58.0867618708
	40.5297806267	58.0929772277
	40.5383579096	58.0976238651
	40.5580798944	58.1076260013
	40.559882822	58.108527702
	40.568350406	58.1124339229
	40.5772778224	58.129784538
	40.5814459901	58.1374251839
	40.5815896888	58.1376736194
	40.584649076	58.1429531605
	40.5907207342	58.1526998318
	40.5975764948	58.1622670347
	40.6034753716	58.1695532744
	40.6115320122	58.1789908355
	40.6130999423	58.1808029263
	40.6211458215	58.1893934241
	40.6297363193	58.1974393033
	40.6388346499	58.2049061102
	40.6484018527	58.2117618708
	40.6583969597	58.2179772277
	40.6678913549	58.2230856983
	40.6745594458	58.2264197437
	40.6754452609	58.2268596112
	40.6861661252	58.2317171716
	40.697181735	58.2358631536
	40.6988593071	58.2363720395
	40.7013393001	58.2444686557
	40.705485282	58.2554842654
	40.7103428424	58.2662051297
	40.7107385861	58.2670026366
	40.7135156857	58.2725644652
	40.7186682801	58.2821471688
	40.724883637	58.2921422757
	40.7317393976	58.3017094786
	40.7392062045	58.3108078091
	40.7472520837	58.3193983069
	40.7558425815	58.3274441861
	40.7649409121	58.334910993
	40.7745081149	58.3417667536
	40.7845032219	58.3479821105
	40.7940712697	58.3531273863
	40.8074074514	58.3597878477
	40.808219614	58.36019091
	40.8154733429	58.3634775318
	40.8192080356	58.3680282681
	40.8194538138	58.3683079399
	40.8236194632	58.3730381646
	40.8237146887	58.3731462088
	40.8278803381	58.377868804
	40.8355852136	58.3860715857
	40.8441757114	58.3941174649
	40.8532740419	58.4015842718
	40.8561601429	58.4037526481
	40.8545155109	58.4068295383
	40.8539561578	58.4080640568
	40.8508882983	58.4105511411
	40.8455642612	58.4150408603
	40.8369737634	58.4230867395
	40.8369618379	58.4230986661
	40.8362991813	58.4234793763
	40.8263040744	58.4296947332
	40.8167368715	58.4365504938
	40.807638541	58.4440173007
	40.7990480432	58.4520631799
	40.791002164	58.4606536777
	40.7835353571	58.4697520083
	40.7766795965	58.4793192111
	40.7704642396	58.4893143181
	40.7649159015	58.4996945285
	40.7600583411	58.5104153928
	40.7559123591	58.5214310025
	40.7524957094	58.5326941872
	40.7498230225	58.5441567161
	40.7479057433	58.555769505
	40.747506844	58.5590291222
	40.7461128356	58.5679002423
	40.7449591742	58.5796135633
	40.7445740707	58.5913772583
	40.7449591742	58.6031409533
	40.7461128356	58.6148542743
	40.7480301148	58.6264670632
	40.7507028017	58.6379295921
	40.7541194514	58.6491927767
	40.7547876409	58.6511250486
	40.7564508489	58.6558476438
	40.7599286414	58.6649309817
	40.7647862018	58.675651846
	40.7703345399	58.6860320564
	40.7765498968	58.6960271634
	40.7834056574	58.7055943663
	40.7908724643	58.7146926968
	40.7989183435	58.7232831946
	40.8075088413	58.7313290738
	40.8166071718	58.7387958807
	40.8261743747	58.7456516413
	40.8361694816	58.7518669982
	40.8465496921	58.7574153363
	40.8572705564	58.7622728967
	40.8682861661	58.7664188786
	40.8795493508	58.7698355284
	40.8910118797	58.7725082153
	40.9026246686	58.7744254944
	40.9110449471	58.7753329396
	40.9133280056	58.7755247313
	40.9186642942	58.7778368616
	40.9296799039	58.7819828435
	40.9343037238	58.7834830481
	40.9418894594	58.7896381659
	40.9440684612	58.7912840439
	40.9481054116	58.7942854411
	40.9482901679	58.814536217
	40.9494438293	58.826249538
	40.9513611085	58.8378623268
	40.9540337954	58.8493248557
	40.9574504451	58.8605880404
	40.961596427	58.8716036502
	40.9664539874	58.8823245145
	40.9701328566	58.889386046
	40.9731846144	58.8949402452
	40.974953412	58.8980802126
	40.9733314636	58.9079042096
	40.9721778021	58.9196175306
	40.9717926986	58.9313812256
	40.9719454335	58.9387920161
	40.9722200917	58.9454524776
	40.9724524603	58.949805382
	40.9736061218	58.961518703
	40.975523401	58.9731314919
	40.9781960878	58.9845940208
	40.9784351168	58.9854770996
	40.9801059542	58.9915882446
	40.983283575	59.0019683505
	40.9874295569	59.0129839602
	40.9922871173	59.0237048245
	40.995986561	59.0308037911
	41.002097706	59.0419198189
	41.0039466004	59.0452010628
	41.0101619573	59.0551961697
	41.0170177179	59.0647633726
	41.0176085178	59.065529047
	41.0242427545	59.0747655088
	41.0317095615	59.0838638394
	41.0397554407	59.0924543372
	41.0483459384	59.1005002164
	41.057444269	59.1079670233
	41.0670114719	59.1148227839
	41.0770065788	59.1210381408
	41.0873867893	59.1265864789
	41.0981076535	59.1314440393
	41.1091232633	59.1355900212
	41.120386448	59.1390066709
	41.1307890789	59.141465217
	41.1402342693	59.1434030832
	41.1412941673	59.143617224
	41.1529069562	59.1455345032
	41.1646202772	59.1466881647
	41.1763839722	59.1470732682
	41.1877521696	59.1470732682
	41.1882858609	59.1472553655
	41.1921097441	59.1485058825
	41.1954752462	59.1495649806
	41.1992200193	59.1511660242
	41.210235629	59.1553120061
	41.2146524348	59.1567479866
	41.222701446	59.1592504281
	41.2295478249	59.1612310972
	41.2410103538	59.1639037841
	41.2526231427	59.1658210633
	41.2643364637	59.1669747247
	41.2761001587	59.1673598282
	41.2878638537	59.1669747247
	41.2995771747	59.1658210633
	41.3042115971	59.1651494443
	41.3147706792	59.1634786069
	41.3217490456	59.1622329467
	41.3332115745	59.1595602598
	41.3444747592	59.1561436101
	41.3448694206	59.1560044024
	41.3890921758	59.1699104199
	41.3947769092	59.1715955597
	41.4000196119	59.175447845
	41.4114102979	59.1835044856
	41.415346738	59.1862110285
	41.4253418449	59.1924263854
	41.4347625539	59.1974979918
	41.4414230153	59.2008320372
	41.4423825168	59.2013087689
	41.4531033811	59.2061663293
	41.4641189908	59.2103123113
	41.4753821755	59.213728961
	41.4866601972	59.2163648468
	41.4963876752	59.2183103424
	41.4965721824	59.2183471435
	41.5081849713	59.2202644227
	41.5198982923	59.2214180841
	41.5210840592	59.2214918712
	41.5212780856	59.2215876996
	41.5229682011	59.2224102216
	41.5299109501	59.225744267
	41.538941699	59.2297793054
	41.5499573087	59.2339252873
	41.55381027	59.2351849524
	41.5767212875	59.2423906088
	41.583898917	59.2491131924
	41.5929972475	59.2565799994
	41.6025644504	59.26343576
	41.6125595573	59.2696511169
	41.6229397678	59.275199455
	41.6336606321	59.2800570154
	41.6446762418	59.2842029973
	41.6479782964	59.2852884259
	41.6724228764	59.2930627789
	41.6803840066	59.295394
	41.6906500974	59.2978244771
	41.7000952878	59.2997699727
	41.7012917259	59.3000121825
	41.7129045147	59.3019294617
	41.718110106	59.3025377738
	41.7289438462	59.303644036
	41.735451576	59.3041893854
	41.747215271	59.3045744889
	41.758978966	59.3041893854
	41.770692287	59.3030357239
	41.7782588499	59.3017864794
	41.7790631579	59.3116144622
	41.7800026061	59.3204206806
	41.7819198853	59.3320334694
	41.7845925722	59.3434959983
	41.7880092219	59.354759183
	41.7921552039	59.3657747927
	41.7970127643	59.376495657
	41.8025611024	59.3868758675
	41.8087764593	59.3968709744
	41.8156322199	59.4064381773
	41.8230990268	59.4155365078
	41.8245327144	59.4171516507
	41.8245934877	59.417379055
	41.8248325167	59.4182621337
	41.8265033541	59.4243732788
	41.8296809749	59.4347533847
	41.8338269568	59.4457689944
	41.8386845172	59.4564898587
	41.8442328553	59.4668700691
	41.8452992822	59.4686923888
	41.8550191308	59.4850803282
	41.8601680608	59.4932531155
	41.8670238214	59.5028203184
	41.8744906284	59.511918649
	41.8825365076	59.5205091467
	41.8832058924	59.521175027
	41.8833712436	59.5213638394
	41.8888428664	59.5273268887
	41.8896434474	59.5281609037
	41.8923000055	59.5317128355
	41.8997668124	59.540811166
	41.9039566412	59.5454249881
	41.9083969489	59.5501475833
	41.9122529993	59.554124259
	41.920843497	59.5621701382
	41.9299418276	59.5696369452
	41.9395090305	59.5764927058
	41.9495041374	59.5827080627
	41.9598843478	59.5882564008
	41.9706052121	59.5931139612
	41.9816208219	59.5972599431
	41.9928840066	59.6006765928
	42.0043465355	59.6033492797
	42.009122957	59.604232495
	42.018850435	59.605895703
	42.0256868023	59.6069297669
	42.0374001234	59.6080834283
	42.0491638184	59.6084685318
	42.0609275133	59.6080834283
	42.0654210806	59.6077323089
	42.0745839834	59.6069007049
	42.0818037372	59.6060981629
	42.0934165261	59.6041808837
	42.1001259283	59.6027125997
	42.1187416509	59.5982646627
	42.1234947776	59.5970602598
	42.1347579623	59.5936436101
	42.1400789399	59.5917436675
	42.155627646	59.5859148101
	42.1609127313	59.5838378199
	42.1749030958	59.5837369934
	42.1853705675	59.5833565607
	42.1970838886	59.5822028992
	42.2016128083	59.5815479426
	42.212164261	59.5798847346
	42.2192481301	59.578622412
	42.230710659	59.5759497251
	42.2419738436	59.5725330754
	42.2529894534	59.5683870935
	42.2637103177	59.5635295331
	42.2740905281	59.557981195
	42.2840856351	59.5517658381
	42.2936528379	59.5449100775
	42.3027511685	59.5374432706
	42.3113416663	59.5293973914
	42.3193875455	59.5208068936
	42.3268543524	59.511708563
	42.3270743361	59.5114212768
	42.3306830398	59.5066986815
	42.3373188166	59.497418765
	42.3435341735	59.487423658
	42.3477591923	59.4795192039
	42.3537834852	59.4800240411
	42.3606091995	59.4803413484
	42.417437723	59.4819021017
	42.4364867433	59.4832767083
	42.4376686781	59.4833580865
	42.449432373	59.48374319
	42.4571727633	59.4835765606
	42.4629912686	59.4833259315
	42.4666133956	59.4850113977
	42.4736645993	59.4881106042
	42.4846802091	59.4922565862
	42.4959433938	59.4956732359
	42.5071947937	59.4983037952
	42.5169146423	59.5002492908
	42.5171257713	59.5002914184
	42.5287385602	59.5022086976
	42.5404518812	59.503362359
	42.5522155762	59.5037474625
	42.5620815701	59.5034766719
	42.5873577542	59.5020881221
	42.5892554552	59.5019738092
	42.6009687763	59.5008201478
	42.6055504701	59.5001568644
	42.6163679664	59.4984484271
	42.6195669032	59.4983175289
	42.6239768297	59.498082818
	42.6356901508	59.4969291566
	42.6473029396	59.4950118774
	42.6545683641	59.4934098057
	42.6637312669	59.4911896519
	42.6679283714	59.4901190367
	42.679191556	59.4867023869
	42.6902071658	59.482556405
	42.7009280301	59.4776988446
	42.7113082405	59.4721505065
	42.7213033475	59.4659351496
	42.7308705503	59.459079389
	42.7345193289	59.4562039616
	42.7387331068	59.4538236468
	42.7402007576	59.4529854675
	42.7501958646	59.4467701106
	42.7597630674	59.4399143499
	42.768861398	59.432447543
	42.7774518958	59.4244016638
	42.785497775	59.415811166
	42.7929645819	59.4067128355
	42.7993989654	59.3977734077
	42.7996655606	59.3974701016
	42.8056897092	59.3901296552
	42.8154894534	59.3864412927
	42.8262103177	59.3815837323
	42.8365905281	59.3760353942
	42.8465856351	59.3698200373
	42.8474212014	59.369221279
	42.8476050759	59.3692770567
	42.8590676048	59.3719497436
	42.8628261637	59.372655914
	42.8722713541	59.3743267514
	42.8801255841	59.3755378602
	42.8918389051	59.3766915216
	42.9036026001	59.3770766251
	42.911495034	59.376903382
	42.9141159391	59.3778156682
	42.9253791237	59.3812323179
	42.9368416527	59.3839050048
	42.9410336635	59.3846873054
	42.9487065766	59.3909230887
	42.9487758489	59.3910344876
	42.9556316095	59.4006016905
	42.9630984164	59.409700021
	42.9711442956	59.4182905188
	42.9751209714	59.4221465692
	42.9798435666	59.4265868768
	42.9844573886	59.4307767056
	42.9935557192	59.4382435125
	43.0031229221	59.4450992732
	43.013118029	59.4513146301
	43.0234982394	59.4568629681
	43.0342191037	59.4617205286
	43.0452347135	59.4658665105
	43.0564978982	59.4692831602
	43.0679604271	59.4719558471
	43.0795732159	59.4738731263
	43.084654111	59.4744686614
	43.0954878513	59.475582553
	43.1021202772	59.4761406793
	43.1138839722	59.4765257828
	43.1256476671	59.4761406793
	43.1373609882	59.4749870179
	43.148973777	59.4730697387
	43.1562392015	59.471467667
	43.1654021043	59.4692475132
	43.1695992088	59.468176898
	43.1808623934	59.4647602483
	43.1918780032	59.4606142663
	43.2025988675	59.4557567059
	43.2129790779	59.4502083679
	43.2229741849	59.443993011
	43.2325413877	59.4371372503
	43.2416397183	59.4296704434
	43.2451271989	59.4264040614
	43.24811101	59.4282585998
	43.2584912204	59.4338069379
	43.265580649	59.4371133896
	43.2725310274	59.4401727768
	43.2761624631	59.4417238855
	43.2871780729	59.4458698674
	43.2941157649	59.4480693957
	43.3110606501	59.4530666491
	43.3153861428	59.4542837706
	43.3268486717	59.4569564574
	43.3384614605	59.4588737366
	43.3458533885	59.4596918213
	43.367520869	59.461637317
	43.3718422621	59.4619728937
	43.382298151	59.4623532425
	43.3974569041	59.4624634657
	43.3979336643	59.462699455
	43.4086545285	59.4675570154
	43.4196701383	59.4717029973
	43.430933323	59.475119647
	43.4423958519	59.4777923339
	43.4540086407	59.4797096131
	43.4657219618	59.4808632745
	43.4729303846	59.481190685
	43.4837717543	59.4814653432
	43.4855034119	59.4814306007
	43.4883270264	59.4815230362
	43.5000907213	59.4811379327
	43.5118040424	59.4799842713
	43.5234168312	59.4780669921
	43.5319153074	59.4761615423
	43.540803552	59.4739413884
	43.5437676048	59.4731741514
	43.5550307894	59.4697575017
	43.5660463992	59.4656115198
	43.5767672635	59.4607539594
	43.5871474739	59.4552056213
	43.5971425809	59.4489902644
	43.6067097837	59.4421345038
	43.6158081143	59.4346676968
	43.6243986121	59.4266218176
	43.6270878354	59.4237505632
	43.6282883024	59.4242023869
	43.639551487	59.4276190367
	43.6510140159	59.4302917236
	43.6565342946	59.4313005189
	43.657497842	59.4314611101
	43.6634422996	59.4327483886
	43.6750550885	59.4346656678
	43.6867684095	59.4358193292
	43.6955592342	59.4361798626
	43.7106290956	59.4364289773
	43.7151085594	59.4373794311
	43.7267213482	59.4392967103
	43.7384346693	59.4404503717
	43.7501983643	59.4408354752
	43.7619620592	59.4404503717
	43.7736753803	59.4392967103
	43.7852881691	59.4373794311
	43.796750698	59.4347067442
	43.8080138827	59.4312900945
	43.8190294925	59.4271441125
	43.8297503567	59.4222865521
	43.8324334342	59.4208524173
	43.8425895006	59.4205834283
	43.8543028217	59.4194297669
	43.8634397754	59.4179869501
	43.873991228	59.4160414545
	43.8764670632	59.4155669921
	43.883699202	59.4139729821
	43.8928697343	59.4117528283
	43.8971001243	59.4106741514
	43.908363309	59.4072575017
	43.9170385842	59.4040617211
	43.958224079	59.3876758721
	43.9864127869	59.39582852
	43.9898322487	59.396781024
	44.0012947777	59.3994537109
	44.0045542673	59.4000708714
	44.043166633	59.4070136204
	44.0515199322	59.4083137391
	44.0591116231	59.409149648
	44.0810537617	59.4110951436
	44.0851753919	59.4114128961
	44.0969390869	59.4117979996
	44.104444045	59.4116413568
	44.1177802266	59.411084411
	44.1220389635	59.4108559503
	44.1283007283	59.4103355463
	44.164128365	59.4067268427
	44.1695799213	59.4060935853
	44.1811927101	59.4041763061
	44.1916273574	59.4017757854
	44.2096785048	59.3970531902
	44.2107063865	59.396781024
	44.2219695712	59.3933643743
	44.2320324636	59.3896098286
	44.2395397878	59.3865504414
	44.2404925051	59.3861590051
	44.2512133694	59.3813014447
	44.2615935799	59.3757531066
	44.2715886868	59.3695377497
	44.2811558897	59.3626819891
	44.2902542202	59.3552151822
	44.292800863	59.3529386957
	44.3022460534	59.3443327387
	44.3035189122	59.3431617272
	44.3139670632	59.3414016479
	44.3254295921	59.338728961
	44.3366927767	59.3353123113
	44.3477083865	59.3311663293
	44.3498248015	59.3302738071
	44.3553987164	59.331096637
	44.3651193665	59.3321085741
	44.3759607361	59.3329401781
	44.3779534071	59.3330819025
	44.3897171021	59.333467006
	44.401480797	59.3330819025
	44.4063622422	59.3326951566
	44.4302498765	59.3304750028
	44.4370817523	59.3297080872
	44.4470605709	59.3281079725
	44.4483093114	59.327871574
	44.4836839163	59.3248569752
	44.5300376918	59.3231661996
	44.5649233788	59.3229107307
	44.5710924045	59.3227596953
	44.6377580539	59.3199825957
	44.6420356066	59.3197533502
	44.6492333802	59.3191361937
	44.6685289361	59.3170906402
	44.7028145075	59.3151192707
	44.704253319	59.315030755
	44.7114450342	59.3144142406
	44.7311675028	59.312324105
	44.7630980131	59.3103390701
	44.7637015612	59.3103005304
	44.7754148822	59.309146869
	44.7764064272	59.3090135231
	44.7926861455	59.3067780657
	44.8599751497	59.3020760571
	44.9197526913	59.2994224213
	44.9253068933	59.3052305213
	44.9300294885	59.3099531165
	44.9386199863	59.3179989957
	44.9477183169	59.3254658026
	44.9572855197	59.3323215632
	44.9672806267	59.3385369201
	44.9776608371	59.3440852582
	44.9883817014	59.3489428186
	44.9993973111	59.3530888005
	45.0106604958	59.3565054502
	45.0108982088	59.356568971
	45.0192295076	59.3587891248
	45.0304543236	59.3613982909
	45.0420671124	59.3633155701
	45.0537804334	59.3644692316
	45.0655441284	59.3648543351
	45.0706930968	59.3647806203
	45.1095877501	59.3636667287
	45.1162024767	59.36335534
	45.1233430805	59.3627442348
	45.141098016	59.3608677436
	45.2518773081	59.3564447532
	45.2615506076	59.3615870892
	45.2722714719	59.3664446496
	45.2832870817	59.3705906316
	45.2945502663	59.3740072813
	45.3060127952	59.3766799682
	45.3176255841	59.3785972474
	45.3293389051	59.3797509088
	45.3411026001	59.3801360123
	45.3528662951	59.3797509088
	45.3548333975	59.3796111439
	45.4673364492	59.3709975575
	45.4770826679	59.369983661
	45.4886954567	59.3680663818
	45.4893489735	59.367914003
	45.4910134046	59.3680779352
	45.4962916738	59.3683460772
	45.5193400747	59.3691776812
	45.5258255005	59.3692946427
	45.534817775	59.3690697188
	45.5882799335	59.3663935454
	45.5907208347	59.3676982343
	45.601441699	59.3725557947
	45.6124573087	59.3767017766
	45.6237204934	59.3801184263
	45.6351830223	59.3827911132
	45.6467958111	59.3847083924
	45.6585091322	59.3858620538
	45.6702728271	59.3862471573
	45.6814732686	59.385898084
	45.6871398536	59.3855445306
	45.6914050201	59.385642643
	45.7073050768	59.385305108
	45.7162923294	59.3844891838
	45.7282475906	59.383100634
	45.7309736591	59.3827628968
	45.7425864479	59.3808456176
	45.7540489768	59.3781729307
	45.7653121615	59.374756281
	45.7763277713	59.3706102991
	45.7870486356	59.3657527386
	45.7923260611	59.3630410841
	45.8201931157	59.3614997059
	45.8343889619	59.3614191219
	45.8375338412	59.3652511685
	45.8446517885	59.3729069141
	45.8529929512	59.3813711432
	45.8559377826	59.3855341178
	45.8600810724	59.3911565
	45.8675478793	59.4002548306
	45.8710420495	59.4041245574
	45.8725780207	59.4061558897
	45.8800448276	59.4152542202
	45.8880907068	59.423844718
	45.8937260735	59.4292407661
	45.9037205804	59.4384036689
	45.9066757114	59.4410535001
	45.9157740419	59.448520307
	45.9253412448	59.4553760676
	45.9286669973	59.4575455493
	45.9347781424	59.4614365405
	45.9414474968	59.4654824157
	45.9518277072	59.4710307538
	45.9625485715	59.4758883142
	45.9735641813	59.4800342961
	45.9848273659	59.4834509458
	45.9962898948	59.4861236327
	46.0079026837	59.4880409119
	46.0196160047	59.4891945734
	46.0278862084	59.4895457468
	46.0526491704	59.4900268064
	46.0589548312	59.4945453791
	46.0689499382	59.500760736
	46.0793301486	59.5063090741
	46.0900510129	59.5111666345
	46.1010666227	59.5153126164
	46.1123298073	59.5187292662
	46.1237923363	59.521401953
	46.1354051251	59.5233192322
	46.1471184461	59.5244728937
	46.1545980368	59.5248069694
	46.1776540671	59.5253562858
	46.1819381714	59.5254073136
	46.1875584899	59.5253070024
	46.1877502686	59.526468589
	46.1881765709	59.5285475782
	46.1953939781	59.5627196363
	46.1976403627	59.5721031761
	46.2010570125	59.5833663607
	46.2052029944	59.5943819705
	46.2100605548	59.6051028348
	46.2100950879	59.6051728227
	46.2102950975	59.6061183801
	46.2111091735	59.6134657245
	46.2130264527	59.6250785134
	46.2135672933	59.6276957303
	46.2161195983	59.6395998141
	46.2169456603	59.6470808368
	46.2188629395	59.6586936257
	46.2215356264	59.6701561546
	46.2249522761	59.6814193392
	46.2290982581	59.692434949
	46.2339558185	59.7031558133
	46.2395041566	59.7135360237
	46.2457195135	59.7235311307
	46.25055468	59.7304134834
	46.2544456712	59.735685395
	46.2564662653	59.7383702452
	46.2639330722	59.7474685757
	46.2719789514	59.7560590735
	46.2805694492	59.7641049527
	46.2896677797	59.7715717596
	46.2992349826	59.7784275202
	46.3074775928	59.7836178416
	46.3135811084	59.7872341746
	46.3153336052	59.7882592101
	46.3257138156	59.7938075482
	46.3364346799	59.7986651086
	46.3474502897	59.8028110906
	46.3587134743	59.8062277403
	46.3701760032	59.8089004272
	46.3817887921	59.8108177064
	46.3917250132	59.8118460489
	46.402841041	59.8126852822
	46.404618141	59.8128106012
	46.4163818359	59.8131957047
	46.4281455309	59.8128106012
	46.4323471754	59.8124857362
	46.4698456495	59.8091440614
	46.4773573261	59.808315265
	46.4889701149	59.8063979858
	46.4918612268	59.8057981974
	46.4926834474	59.8056205684
	46.5762511041	59.7967870415
	46.6919294446	59.7898137598
	46.6928702624	59.7897545709
	46.6944706711	59.7896425042
	46.7097233022	59.7885060774
	46.7151638889	59.7913051068
	46.7258847532	59.7961626672
	46.7369003629	59.8003086492
	46.7481635476	59.8037252989
	46.749785729	59.8041518642
	46.758391686	59.806372018
	46.7682320335	59.8086181396
	46.7798448224	59.8105354188
	46.7842065509	59.8110555502
	46.8050500567	59.8132833334
	46.8124016493	59.8139168634
	46.8241653442	59.8143019669
	46.8280956709	59.8142590198
	46.8661434614	59.8134274158
	46.8739768297	59.8130852594
	46.8778910329	59.8127857773
	46.9287256887	59.8083378403
	46.9356146828	59.8076011198
	47.0058966652	59.7987128752
	47.006806789	59.7985954163
	47.0184195778	59.7966781371
	47.0203644835	59.796280101
	47.0215693364	59.7960265853
	47.0564377994	59.7924829323
END
END
