none
1
   1.187287E+01   -3.568940E+00
   1.194651E+01   -3.624641E+00
   1.187997E+01   -3.726400E+00
   1.168526E+01   -3.711924E+00
   1.152555E+01   -3.529296E+00
   1.128677E+01   -3.736553E+00
   9.986837E+00   -5.756775E+00
   7.389727E+00   6.210590E-01
   9.708546E+00   1.137081E+00
   9.822289E+00   1.025657E+00
   1.134823E+01   1.007089E+00
   1.132818E+01   2.249118E+00
   1.136809E+01   2.315322E+00
   1.169936E+01   2.331388E+00
   1.274211E+01   2.298063E+00
   1.326351E+01   2.336986E+00
   1.337020E+01   2.216332E+00
   1.321026E+01   1.679586E+00
   1.332700E+01   1.335495E+00
   1.352524E+01   1.347755E+00
   1.379389E+01   1.502316E+00
   1.425156E+01   1.463983E+00
   1.455700E+01   9.867250E-01
   1.442722E+01   6.267040E-01
   1.427190E+01   5.087990E-01
   1.415105E+01   5.122360E-01
   1.395500E+01   2.355870E-01
   1.401928E+01   -4.670000E-03
   1.396321E+01   -1.048520E-01
   1.418339E+01   -1.993990E-01
   1.426336E+01   -3.383740E-01
   1.446184E+01   -3.924570E-01
   1.460276E+01   -5.731570E-01
   1.449457E+01   -9.970940E-01
   1.452941E+01   -1.391821E+00
   1.443972E+01   -1.909870E+00
   1.428345E+01   -1.985333E+00
   1.426812E+01   -2.244348E+00
   1.431652E+01   -2.373969E+00
   1.411256E+01   -2.562262E+00
   1.381617E+01   -2.513134E+00
   1.376156E+01   -2.250169E+00
   1.348968E+01   -2.504062E+00
   1.296752E+01   -2.380929E+00
   1.295014E+01   -2.243662E+00
   1.264810E+01   -1.884241E+00
   1.255565E+01   -1.924876E+00
   1.249125E+01   -2.332346E+00
   1.205310E+01   -2.427191E+00
   1.169089E+01   -2.461220E+00
   1.161608E+01   -2.773532E+00
   1.182794E+01   -3.006926E+00
   1.171988E+01   -3.124856E+00
   1.199722E+01   -3.298870E+00
   1.187287E+01   -3.568940E+00
END
END
