none
1
   -1.206181E+00   5.322945E+01
   -1.205971E+00   5.323143E+01
   -1.203087E+00   5.323196E+01
   -1.202149E+00   5.323550E+01
   -1.210150E+00   5.324097E+01
   -1.211910E+00   5.324775E+01
   -1.208112E+00   5.325069E+01
   -1.209114E+00   5.325129E+01
   -1.201227E+00   5.325997E+01
   -1.201852E+00   5.326114E+01
   -1.174974E+00   5.326646E+01
   -1.180842E+00   5.326934E+01
   -1.166708E+00   5.327744E+01
   -1.180070E+00   5.328742E+01
   -1.172349E+00   5.329512E+01
   -1.175497E+00   5.330488E+01
   -1.172045E+00   5.330763E+01
   -1.173344E+00   5.331018E+01
   -1.201482E+00   5.330507E+01
   -1.201840E+00   5.330704E+01
   -1.189847E+00   5.331071E+01
   -1.190813E+00   5.331288E+01
   -1.185169E+00   5.331656E+01
   -1.185021E+00   5.332060E+01
   -1.175071E+00   5.332317E+01
   -1.175591E+00   5.332548E+01
   -1.143162E+00   5.334593E+01
   -1.156258E+00   5.334464E+01
   -1.161935E+00   5.335149E+01
   -1.160577E+00   5.335882E+01
   -1.145212E+00   5.335584E+01
   -1.144163E+00   5.336110E+01
   -1.136635E+00   5.336585E+01
   -1.137313E+00   5.336979E+01
   -1.131019E+00   5.337973E+01
   -1.133549E+00   5.338157E+01
   -1.131698E+00   5.339092E+01
   -1.086207E+00   5.342547E+01
   -1.080170E+00   5.342313E+01
   -1.081217E+00   5.342712E+01
   -1.056483E+00   5.342672E+01
   -1.054061E+00   5.343727E+01
   -1.057543E+00   5.344010E+01
   -1.055016E+00   5.344137E+01
   -1.057109E+00   5.344392E+01
   -1.055801E+00   5.344761E+01
   -1.076474E+00   5.344635E+01
   -1.075723E+00   5.344477E+01
   -1.086045E+00   5.344509E+01
   -1.086909E+00   5.344673E+01
   -1.079046E+00   5.346031E+01
   -1.041694E+00   5.345436E+01
   -1.037346E+00   5.345731E+01
   -1.028099E+00   5.345487E+01
   -1.020714E+00   5.343717E+01
   -1.023289E+00   5.342626E+01
   -1.014738E+00   5.342628E+01
   -1.017270E+00   5.342901E+01
   -1.012564E+00   5.343084E+01
   -1.012813E+00   5.343249E+01
   -9.954750E-01   5.343716E+01
   -9.975290E-01   5.343843E+01
   -9.972620E-01   5.344321E+01
   -9.906840E-01   5.345134E+01
   -9.933620E-01   5.345266E+01
   -9.829670E-01   5.346780E+01
   -9.853260E-01   5.347153E+01
   -9.364900E-01   5.350315E+01
   -9.012660E-01   5.347504E+01
   -9.200980E-01   5.346606E+01
   -9.161840E-01   5.346049E+01
   -8.731670E-01   5.346148E+01
   -8.719730E-01   5.346616E+01
   -7.978820E-01   5.345510E+01
   -8.073930E-01   5.344570E+01
   -8.202020E-01   5.344137E+01
   -8.164520E-01   5.343295E+01
   -8.181270E-01   5.342847E+01
   -8.085260E-01   5.341985E+01
   -7.884270E-01   5.341493E+01
   -7.898830E-01   5.340687E+01
   -7.775810E-01   5.339753E+01
   -7.769390E-01   5.339012E+01
   -7.908420E-01   5.338598E+01
   -7.750040E-01   5.337761E+01
   -7.830610E-01   5.337598E+01
   -7.906740E-01   5.336881E+01
   -7.910440E-01   5.336364E+01
   -7.806950E-01   5.336157E+01
   -7.744120E-01   5.336467E+01
   -7.586680E-01   5.335321E+01
   -7.649510E-01   5.334612E+01
   -7.566720E-01   5.334006E+01
   -7.664930E-01   5.333069E+01
   -7.607080E-01   5.332482E+01
   -7.504610E-01   5.332468E+01
   -7.540190E-01   5.331194E+01
   -7.476860E-01   5.330497E+01
   -7.514570E-01   5.329323E+01
   -7.585730E-01   5.329316E+01
   -7.590000E-01   5.329800E+01
   -7.608500E-01   5.329942E+01
   -7.653330E-01   5.329835E+01
   -7.673250E-01   5.329138E+01
   -7.783550E-01   5.328377E+01
   -7.650480E-01   5.327387E+01
   -7.731600E-01   5.325950E+01
   -7.702430E-01   5.325345E+01
   -7.784260E-01   5.325260E+01
   -7.772870E-01   5.324648E+01
   -7.353690E-01   5.324336E+01
   -7.339200E-01   5.325384E+01
   -6.887810E-01   5.325850E+01
   -6.828380E-01   5.325147E+01
   -6.804760E-01   5.325207E+01
   -6.666510E-01   5.324094E+01
   -6.761010E-01   5.321722E+01
   -6.997060E-01   5.321991E+01
   -7.161110E-01   5.320794E+01
   -7.332230E-01   5.321104E+01
   -7.542660E-01   5.318818E+01
   -7.621300E-01   5.318807E+01
   -7.642510E-01   5.318172E+01
   -7.302420E-01   5.317995E+01
   -7.297620E-01   5.317804E+01
   -7.193750E-01   5.317727E+01
   -7.169710E-01   5.317063E+01
   -7.233570E-01   5.315469E+01
   -7.157670E-01   5.313680E+01
   -7.321190E-01   5.312752E+01
   -7.308910E-01   5.312380E+01
   -7.184020E-01   5.311974E+01
   -7.197030E-01   5.310952E+01
   -7.293870E-01   5.309766E+01
   -7.066900E-01   5.308369E+01
   -7.099030E-01   5.307937E+01
   -6.980830E-01   5.307632E+01
   -6.971440E-01   5.306494E+01
   -7.160120E-01   5.306466E+01
   -7.127800E-01   5.306276E+01
   -7.157210E-01   5.305930E+01
   -7.254790E-01   5.305757E+01
   -7.252150E-01   5.305672E+01
   -7.389060E-01   5.305507E+01
   -7.386300E-01   5.305412E+01
   -7.489930E-01   5.305488E+01
   -7.555930E-01   5.303690E+01
   -7.584730E-01   5.303629E+01
   -7.616550E-01   5.302944E+01
   -7.812580E-01   5.302447E+01
   -7.864460E-01   5.302575E+01
   -7.956480E-01   5.301040E+01
   -8.038160E-01   5.301273E+01
   -8.039420E-01   5.300605E+01
   -7.914330E-01   5.299722E+01
   -7.917400E-01   5.299633E+01
   -7.865100E-01   5.299347E+01
   -7.872120E-01   5.299220E+01
   -7.764480E-01   5.298423E+01
   -7.759010E-01   5.297954E+01
   -7.961450E-01   5.297680E+01
   -8.130180E-01   5.295761E+01
   -8.198220E-01   5.296094E+01
   -8.325610E-01   5.294960E+01
   -8.307410E-01   5.294846E+01
   -8.336690E-01   5.294569E+01
   -8.224330E-01   5.294402E+01
   -8.363160E-01   5.293915E+01
   -8.424060E-01   5.293100E+01
   -8.412860E-01   5.293058E+01
   -8.427560E-01   5.292910E+01
   -8.419160E-01   5.292864E+01
   -8.638970E-01   5.291134E+01
   -8.610970E-01   5.290999E+01
   -8.621470E-01   5.290876E+01
   -8.593440E-01   5.290639E+01
   -9.063030E-01   5.288583E+01
   -9.059310E-01   5.288486E+01
   -9.131350E-01   5.288469E+01
   -9.127840E-01   5.288337E+01
   -9.176500E-01   5.287988E+01
   -9.411030E-01   5.287731E+01
   -9.284780E-01   5.286662E+01
   -9.411900E-01   5.286062E+01
   -9.389980E-01   5.285871E+01
   -9.412340E-01   5.285410E+01
   -9.541120E-01   5.285025E+01
   -9.610920E-01   5.284365E+01
   -9.712830E-01   5.284484E+01
   -9.772120E-01   5.284082E+01
   -9.773100E-01   5.283630E+01
   -9.739660E-01   5.283376E+01
   -9.812580E-01   5.282104E+01
   -9.884300E-01   5.281776E+01
   -1.037663E+00   5.281960E+01
   -1.046674E+00   5.278153E+01
   -1.048231E+00   5.278262E+01
   -1.047423E+00   5.278332E+01
   -1.048741E+00   5.278522E+01
   -1.047253E+00   5.278766E+01
   -1.051926E+00   5.279373E+01
   -1.048485E+00   5.279915E+01
   -1.051080E+00   5.280434E+01
   -1.072697E+00   5.281387E+01
   -1.069453E+00   5.282103E+01
   -1.074569E+00   5.282412E+01
   -1.092296E+00   5.282016E+01
   -1.094578E+00   5.282182E+01
   -1.121166E+00   5.281688E+01
   -1.120290E+00   5.281280E+01
   -1.129367E+00   5.280634E+01
   -1.190605E+00   5.279496E+01
   -1.190729E+00   5.279282E+01
   -1.199105E+00   5.278959E+01
   -1.200432E+00   5.279165E+01
   -1.199520E+00   5.279307E+01
   -1.229012E+00   5.279308E+01
   -1.233638E+00   5.280131E+01
   -1.246715E+00   5.280580E+01
   -1.255859E+00   5.280421E+01
   -1.263437E+00   5.281507E+01
   -1.260346E+00   5.281948E+01
   -1.271549E+00   5.282422E+01
   -1.272382E+00   5.283248E+01
   -1.273985E+00   5.283359E+01
   -1.272193E+00   5.283699E+01
   -1.267043E+00   5.283762E+01
   -1.270978E+00   5.283952E+01
   -1.266734E+00   5.284316E+01
   -1.272459E+00   5.284924E+01
   -1.270867E+00   5.285415E+01
   -1.264380E+00   5.285857E+01
   -1.275204E+00   5.286030E+01
   -1.269761E+00   5.286754E+01
   -1.271522E+00   5.286786E+01
   -1.268405E+00   5.287298E+01
   -1.239170E+00   5.288055E+01
   -1.238998E+00   5.288362E+01
   -1.246380E+00   5.288897E+01
   -1.234878E+00   5.289279E+01
   -1.237951E+00   5.289652E+01
   -1.242413E+00   5.289477E+01
   -1.279577E+00   5.290776E+01
   -1.281263E+00   5.291023E+01
   -1.277946E+00   5.291548E+01
   -1.282796E+00   5.291804E+01
   -1.284434E+00   5.292287E+01
   -1.288092E+00   5.292283E+01
   -1.281874E+00   5.292787E+01
   -1.282390E+00   5.293062E+01
   -1.278918E+00   5.293318E+01
   -1.283030E+00   5.294542E+01
   -1.281450E+00   5.294712E+01
   -1.282231E+00   5.294751E+01
   -1.281407E+00   5.294920E+01
   -1.292889E+00   5.295642E+01
   -1.291996E+00   5.295756E+01
   -1.293151E+00   5.295804E+01
   -1.289159E+00   5.296386E+01
   -1.289690E+00   5.296640E+01
   -1.288266E+00   5.296791E+01
   -1.295509E+00   5.297281E+01
   -1.294625E+00   5.297359E+01
   -1.296949E+00   5.297533E+01
   -1.296066E+00   5.297606E+01
   -1.296763E+00   5.297631E+01
   -1.296113E+00   5.297678E+01
   -1.299413E+00   5.298289E+01
   -1.294858E+00   5.298602E+01
   -1.303132E+00   5.299777E+01
   -1.302310E+00   5.299876E+01
   -1.305518E+00   5.300283E+01
   -1.319931E+00   5.300575E+01
   -1.319428E+00   5.300656E+01
   -1.321398E+00   5.300807E+01
   -1.320685E+00   5.300868E+01
   -1.322068E+00   5.300999E+01
   -1.319889E+00   5.301190E+01
   -1.320727E+00   5.301274E+01
   -1.319227E+00   5.301348E+01
   -1.325822E+00   5.302033E+01
   -1.325102E+00   5.302575E+01
   -1.334325E+00   5.304174E+01
   -1.333333E+00   5.304242E+01
   -1.333900E+00   5.304478E+01
   -1.332436E+00   5.304609E+01
   -1.336735E+00   5.305219E+01
   -1.335872E+00   5.305313E+01
   -1.344477E+00   5.306395E+01
   -1.341968E+00   5.307126E+01
   -1.335726E+00   5.307454E+01
   -1.336499E+00   5.307516E+01
   -1.329035E+00   5.308308E+01
   -1.311074E+00   5.308711E+01
   -1.312018E+00   5.308794E+01
   -1.309185E+00   5.308885E+01
   -1.310256E+00   5.309032E+01
   -1.309248E+00   5.309123E+01
   -1.311640E+00   5.309323E+01
   -1.306352E+00   5.309463E+01
   -1.309752E+00   5.309622E+01
   -1.300371E+00   5.310178E+01
   -1.300875E+00   5.310453E+01
   -1.303456E+00   5.310325E+01
   -1.312504E+00   5.310889E+01
   -1.309438E+00   5.311310E+01
   -1.311561E+00   5.311598E+01
   -1.310545E+00   5.311883E+01
   -1.311192E+00   5.311908E+01
   -1.310361E+00   5.311955E+01
   -1.313681E+00   5.312563E+01
   -1.321462E+00   5.313019E+01
   -1.315587E+00   5.313541E+01
   -1.325502E+00   5.315695E+01
   -1.323311E+00   5.316218E+01
   -1.309065E+00   5.316626E+01
   -1.301534E+00   5.316394E+01
   -1.300580E+00   5.316792E+01
   -1.297853E+00   5.316774E+01
   -1.296631E+00   5.317076E+01
   -1.264546E+00   5.316667E+01
   -1.263880E+00   5.316398E+01
   -1.252191E+00   5.316574E+01
   -1.248776E+00   5.316918E+01
   -1.249272E+00   5.317076E+01
   -1.245580E+00   5.317192E+01
   -1.245140E+00   5.317532E+01
   -1.199794E+00   5.318359E+01
   -1.197477E+00   5.319478E+01
   -1.211467E+00   5.321415E+01
   -1.206163E+00   5.322937E+01
   -1.206181E+00   5.322945E+01
END
END
