none
1
   2.903719E+01   -2.182129E+01
   2.885463E+01   -2.177769E+01
   2.857862E+01   -2.165943E+01
   2.849514E+01   -2.169104E+01
   2.836167E+01   -2.162958E+01
   2.819093E+01   -2.162570E+01
   2.801474E+01   -2.157802E+01
   2.796670E+01   -2.151898E+01
   2.791726E+01   -2.137245E+01
   2.791431E+01   -2.132942E+01
   2.790101E+01   -2.130241E+01
   2.788216E+01   -2.129070E+01
   2.779650E+01   -2.118290E+01
   2.775670E+01   -2.116662E+01
   2.768044E+01   -2.108062E+01
   2.770316E+01   -2.052995E+01
   2.747566E+01   -2.047715E+01
   2.727819E+01   -2.051999E+01
   2.727903E+01   -2.031987E+01
   2.723321E+01   -2.012539E+01
   2.719252E+01   -2.008404E+01
   2.713973E+01   -2.008248E+01
   2.703867E+01   -2.003505E+01
   2.671687E+01   -1.996122E+01
   2.615258E+01   -1.956169E+01
   2.604894E+01   -1.928467E+01
   2.594274E+01   -1.911677E+01
   2.580542E+01   -1.884827E+01
   2.576277E+01   -1.864264E+01
   2.568902E+01   -1.858859E+01
   2.551512E+01   -1.838373E+01
   2.540098E+01   -1.815321E+01
   2.530923E+01   -1.809015E+01
   2.522290E+01   -1.790997E+01
   2.524514E+01   -1.777642E+01
   2.551271E+01   -1.783747E+01
   2.569392E+01   -1.778730E+01
   2.587795E+01   -1.789492E+01
   2.588624E+01   -1.795337E+01
   2.596575E+01   -1.797424E+01
   2.606805E+01   -1.795601E+01
   2.607816E+01   -1.791334E+01
   2.622582E+01   -1.786142E+01
   2.625641E+01   -1.789266E+01
   2.657632E+01   -1.796864E+01
   2.682823E+01   -1.796909E+01
   2.703080E+01   -1.793201E+01
   2.729587E+01   -1.758133E+01
   2.754193E+01   -1.739289E+01
   2.759731E+01   -1.732080E+01
   2.761207E+01   -1.723044E+01
   2.781509E+01   -1.694530E+01
   2.811910E+01   -1.680571E+01
   2.826201E+01   -1.669497E+01
   2.872163E+01   -1.653154E+01
   2.879235E+01   -1.647409E+01
   2.882247E+01   -1.637762E+01
   2.879743E+01   -1.630974E+01
   2.882587E+01   -1.625289E+01
   2.881593E+01   -1.616443E+01
   2.884371E+01   -1.610903E+01
   2.882366E+01   -1.604098E+01
   2.890509E+01   -1.592151E+01
   2.900903E+01   -1.591796E+01
   2.920445E+01   -1.575084E+01
   2.940669E+01   -1.566508E+01
   2.981272E+01   -1.558707E+01
   2.997648E+01   -1.561931E+01
   3.015951E+01   -1.559480E+01
   3.021679E+01   -1.563608E+01
   3.025664E+01   -1.560467E+01
   3.035136E+01   -1.562930E+01
   3.042702E+01   -1.560064E+01
   3.044915E+01   -1.562983E+01
   3.044859E+01   -1.597401E+01
   3.128630E+01   -1.598346E+01
   3.145580E+01   -1.613293E+01
   3.167216E+01   -1.616728E+01
   3.191479E+01   -1.632457E+01
   3.193717E+01   -1.639367E+01
   3.234715E+01   -1.642531E+01
   3.271680E+01   -1.657703E+01
   3.273271E+01   -1.666828E+01
   3.299430E+01   -1.668927E+01
   3.300189E+01   -1.674030E+01
   3.293487E+01   -1.690231E+01
   3.287560E+01   -1.693852E+01
   3.300796E+01   -1.716842E+01
   3.302244E+01   -1.729270E+01
   3.307576E+01   -1.733957E+01
   3.307754E+01   -1.760471E+01
   3.297165E+01   -1.802001E+01
   3.302095E+01   -1.816856E+01
   3.302452E+01   -1.828951E+01
   3.307848E+01   -1.836503E+01
   3.303368E+01   -1.848748E+01
   3.297802E+01   -1.869359E+01
   3.294646E+01   -1.878115E+01
   3.290248E+01   -1.881704E+01
   3.282770E+01   -1.880275E+01
   3.273358E+01   -1.884804E+01
   3.275848E+01   -1.893040E+01
   3.273011E+01   -1.895893E+01
   3.274215E+01   -1.900037E+01
   3.286101E+01   -1.900827E+01
   3.289981E+01   -1.909233E+01
   3.287405E+01   -1.929381E+01
   3.286300E+01   -1.946173E+01
   3.288139E+01   -1.954149E+01
   3.297846E+01   -1.963337E+01
   3.299361E+01   -1.971708E+01
   3.308541E+01   -1.978481E+01
   3.303243E+01   -2.002848E+01
   3.294258E+01   -2.006815E+01
   3.293225E+01   -2.013449E+01
   3.288620E+01   -2.013847E+01
   3.288471E+01   -2.029757E+01
   3.268772E+01   -2.056878E+01
   3.257017E+01   -2.058726E+01
   3.251317E+01   -2.063346E+01
   3.254031E+01   -2.091607E+01
   3.239880E+01   -2.113069E+01
   3.249672E+01   -2.134429E+01
   3.242022E+01   -2.133963E+01
   3.159244E+01   -2.219782E+01
   3.130962E+01   -2.244725E+01
   3.116250E+01   -2.235427E+01
   3.107989E+01   -2.237145E+01
   3.090752E+01   -2.232244E+01
   3.028201E+01   -2.237808E+01
   3.021998E+01   -2.232108E+01
   3.011341E+01   -2.233067E+01
   2.999663E+01   -2.225194E+01
   2.976271E+01   -2.216566E+01
   2.965223E+01   -2.215382E+01
   2.953028E+01   -2.220106E+01
   2.936150E+01   -2.221595E+01
   2.924549E+01   -2.209040E+01
   2.913328E+01   -2.209518E+01
   2.903372E+01   -2.203539E+01
   2.899666E+01   -2.191572E+01
   2.903719E+01   -2.182129E+01
END
END
