none
1
   -2.299652E+00   5.196560E+01
   -2.310015E+00   5.196953E+01
   -2.313450E+00   5.197499E+01
   -2.327258E+00   5.197473E+01
   -2.328067E+00   5.197674E+01
   -2.324177E+00   5.198178E+01
   -2.322872E+00   5.199150E+01
   -2.327635E+00   5.200398E+01
   -2.333977E+00   5.200626E+01
   -2.340826E+00   5.200548E+01
   -2.353648E+00   5.201302E+01
   -2.352066E+00   5.201840E+01
   -2.353307E+00   5.202524E+01
   -2.349632E+00   5.204185E+01
   -2.349814E+00   5.205034E+01
   -2.352733E+00   5.205679E+01
   -2.348648E+00   5.206222E+01
   -2.342120E+00   5.206565E+01
   -2.341745E+00   5.207891E+01
   -2.339531E+00   5.208539E+01
   -2.340263E+00   5.209259E+01
   -2.349898E+00   5.209466E+01
   -2.353319E+00   5.210297E+01
   -2.352097E+00   5.210698E+01
   -2.354947E+00   5.211288E+01
   -2.357537E+00   5.212613E+01
   -2.355871E+00   5.212960E+01
   -2.350282E+00   5.213095E+01
   -2.348778E+00   5.213448E+01
   -2.353691E+00   5.214437E+01
   -2.359489E+00   5.214973E+01
   -2.379050E+00   5.215314E+01
   -2.385080E+00   5.215188E+01
   -2.393973E+00   5.214548E+01
   -2.400730E+00   5.214683E+01
   -2.415307E+00   5.214393E+01
   -2.425513E+00   5.215250E+01
   -2.429677E+00   5.216246E+01
   -2.436187E+00   5.216753E+01
   -2.436286E+00   5.217188E+01
   -2.427861E+00   5.217444E+01
   -2.424283E+00   5.218057E+01
   -2.420158E+00   5.218283E+01
   -2.420266E+00   5.218849E+01
   -2.412005E+00   5.219480E+01
   -2.408777E+00   5.220358E+01
   -2.401942E+00   5.220935E+01
   -2.401546E+00   5.221326E+01
   -2.405306E+00   5.222124E+01
   -2.402729E+00   5.222494E+01
   -2.403172E+00   5.222777E+01
   -2.414583E+00   5.223047E+01
   -2.423189E+00   5.223540E+01
   -2.437451E+00   5.223601E+01
   -2.465097E+00   5.223313E+01
   -2.468472E+00   5.223706E+01
   -2.475945E+00   5.224112E+01
   -2.473491E+00   5.225374E+01
   -2.455482E+00   5.226393E+01
   -2.439091E+00   5.226830E+01
   -2.437163E+00   5.227161E+01
   -2.438730E+00   5.227507E+01
   -2.454299E+00   5.228343E+01
   -2.462679E+00   5.228381E+01
   -2.467605E+00   5.228212E+01
   -2.476176E+00   5.228428E+01
   -2.482217E+00   5.228288E+01
   -2.499569E+00   5.227408E+01
   -2.499194E+00   5.227023E+01
   -2.492199E+00   5.226396E+01
   -2.495432E+00   5.225562E+01
   -2.514678E+00   5.225444E+01
   -2.525634E+00   5.224686E+01
   -2.531905E+00   5.225014E+01
   -2.541253E+00   5.225095E+01
   -2.548321E+00   5.224843E+01
   -2.554917E+00   5.225070E+01
   -2.566764E+00   5.224895E+01
   -2.570619E+00   5.224991E+01
   -2.576514E+00   5.224643E+01
   -2.585028E+00   5.224695E+01
   -2.589429E+00   5.224450E+01
   -2.604119E+00   5.224154E+01
   -2.629255E+00   5.223918E+01
   -2.635467E+00   5.224695E+01
   -2.635346E+00   5.225129E+01
   -2.631948E+00   5.225809E+01
   -2.628896E+00   5.226223E+01
   -2.614597E+00   5.226732E+01
   -2.607674E+00   5.227646E+01
   -2.602108E+00   5.227921E+01
   -2.602384E+00   5.228360E+01
   -2.605964E+00   5.228547E+01
   -2.612778E+00   5.228517E+01
   -2.618753E+00   5.228096E+01
   -2.626525E+00   5.228605E+01
   -2.640321E+00   5.228524E+01
   -2.646481E+00   5.229176E+01
   -2.661569E+00   5.229922E+01
   -2.663990E+00   5.230488E+01
   -2.659485E+00   5.230661E+01
   -2.648111E+00   5.230662E+01
   -2.643421E+00   5.230946E+01
   -2.636344E+00   5.231024E+01
   -2.631720E+00   5.230786E+01
   -2.620192E+00   5.230763E+01
   -2.616392E+00   5.230928E+01
   -2.609683E+00   5.230771E+01
   -2.594827E+00   5.231522E+01
   -2.584964E+00   5.231492E+01
   -2.574803E+00   5.231887E+01
   -2.568502E+00   5.231695E+01
   -2.565791E+00   5.231938E+01
   -2.563120E+00   5.232693E+01
   -2.563010E+00   5.233408E+01
   -2.554352E+00   5.233643E+01
   -2.539022E+00   5.234543E+01
   -2.521543E+00   5.234306E+01
   -2.508175E+00   5.233600E+01
   -2.504040E+00   5.233017E+01
   -2.484576E+00   5.233242E+01
   -2.482040E+00   5.233916E+01
   -2.485572E+00   5.234410E+01
   -2.484878E+00   5.235087E+01
   -2.489550E+00   5.235547E+01
   -2.487230E+00   5.236020E+01
   -2.479084E+00   5.236208E+01
   -2.475391E+00   5.236827E+01
   -2.466825E+00   5.236670E+01
   -2.454995E+00   5.236918E+01
   -2.424494E+00   5.236760E+01
   -2.413973E+00   5.237123E+01
   -2.413369E+00   5.237388E+01
   -2.416333E+00   5.238035E+01
   -2.411049E+00   5.238832E+01
   -2.400350E+00   5.238406E+01
   -2.393914E+00   5.238562E+01
   -2.378424E+00   5.238479E+01
   -2.367066E+00   5.238936E+01
   -2.360325E+00   5.238849E+01
   -2.355550E+00   5.239005E+01
   -2.354613E+00   5.239421E+01
   -2.356728E+00   5.239626E+01
   -2.374145E+00   5.240173E+01
   -2.368145E+00   5.240739E+01
   -2.368933E+00   5.241431E+01
   -2.367161E+00   5.241894E+01
   -2.367696E+00   5.242353E+01
   -2.364806E+00   5.242754E+01
   -2.364357E+00   5.244034E+01
   -2.345816E+00   5.244053E+01
   -2.333995E+00   5.243718E+01
   -2.326696E+00   5.243945E+01
   -2.321205E+00   5.243764E+01
   -2.314557E+00   5.243837E+01
   -2.306556E+00   5.244717E+01
   -2.287471E+00   5.245650E+01
   -2.284868E+00   5.245487E+01
   -2.287449E+00   5.245070E+01
   -2.284883E+00   5.244586E+01
   -2.273484E+00   5.244120E+01
   -2.268269E+00   5.244019E+01
   -2.262621E+00   5.244193E+01
   -2.258168E+00   5.243846E+01
   -2.217537E+00   5.243655E+01
   -2.208448E+00   5.243087E+01
   -2.196801E+00   5.242894E+01
   -2.191704E+00   5.242558E+01
   -2.185387E+00   5.242747E+01
   -2.168884E+00   5.242603E+01
   -2.165088E+00   5.243140E+01
   -2.146043E+00   5.242758E+01
   -2.137968E+00   5.242776E+01
   -2.130247E+00   5.243330E+01
   -2.115801E+00   5.243649E+01
   -2.105740E+00   5.244534E+01
   -2.098800E+00   5.244650E+01
   -2.092398E+00   5.244622E+01
   -2.084606E+00   5.243441E+01
   -2.081442E+00   5.243345E+01
   -2.068346E+00   5.243644E+01
   -2.062793E+00   5.243557E+01
   -2.058348E+00   5.244210E+01
   -2.037528E+00   5.244272E+01
   -2.035868E+00   5.244053E+01
   -2.037060E+00   5.243460E+01
   -2.033485E+00   5.242943E+01
   -2.028345E+00   5.243097E+01
   -2.025130E+00   5.243605E+01
   -2.015530E+00   5.243406E+01
   -2.009915E+00   5.242948E+01
   -2.004121E+00   5.242960E+01
   -1.999430E+00   5.242115E+01
   -1.995111E+00   5.241820E+01
   -1.985047E+00   5.241761E+01
   -1.988047E+00   5.241329E+01
   -1.994014E+00   5.241186E+01
   -1.997085E+00   5.240871E+01
   -2.009955E+00   5.240742E+01
   -2.019207E+00   5.240237E+01
   -2.018020E+00   5.239713E+01
   -2.013247E+00   5.239505E+01
   -2.011120E+00   5.238945E+01
   -1.998107E+00   5.238256E+01
   -1.990878E+00   5.238366E+01
   -1.983800E+00   5.238861E+01
   -1.974626E+00   5.238882E+01
   -1.965207E+00   5.239337E+01
   -1.958107E+00   5.239103E+01
   -1.952864E+00   5.239468E+01
   -1.935152E+00   5.239023E+01
   -1.920262E+00   5.239934E+01
   -1.913855E+00   5.240867E+01
   -1.903976E+00   5.240458E+01
   -1.886262E+00   5.240598E+01
   -1.881651E+00   5.240233E+01
   -1.872791E+00   5.240577E+01
   -1.864766E+00   5.240604E+01
   -1.844649E+00   5.240128E+01
   -1.846267E+00   5.239523E+01
   -1.859031E+00   5.238377E+01
   -1.864305E+00   5.237277E+01
   -1.873422E+00   5.236389E+01
   -1.882549E+00   5.236056E+01
   -1.884013E+00   5.235840E+01
   -1.882413E+00   5.235314E+01
   -1.874871E+00   5.234566E+01
   -1.872594E+00   5.233882E+01
   -1.863608E+00   5.233304E+01
   -1.866025E+00   5.232908E+01
   -1.865576E+00   5.231773E+01
   -1.869062E+00   5.231206E+01
   -1.873722E+00   5.230969E+01
   -1.874102E+00   5.230377E+01
   -1.884277E+00   5.228999E+01
   -1.885182E+00   5.228609E+01
   -1.894438E+00   5.228167E+01
   -1.898665E+00   5.228194E+01
   -1.902722E+00   5.227861E+01
   -1.914281E+00   5.227410E+01
   -1.933754E+00   5.227511E+01
   -1.937089E+00   5.227232E+01
   -1.933173E+00   5.226476E+01
   -1.932841E+00   5.225141E+01
   -1.922803E+00   5.224062E+01
   -1.923317E+00   5.223629E+01
   -1.916386E+00   5.222443E+01
   -1.916005E+00   5.221918E+01
   -1.919230E+00   5.220941E+01
   -1.928844E+00   5.220699E+01
   -1.934319E+00   5.220311E+01
   -1.933680E+00   5.219230E+01
   -1.940982E+00   5.217422E+01
   -1.933357E+00   5.216810E+01
   -1.933143E+00   5.216467E+01
   -1.937228E+00   5.215955E+01
   -1.936196E+00   5.215580E+01
   -1.921207E+00   5.215401E+01
   -1.914793E+00   5.214705E+01
   -1.904425E+00   5.214370E+01
   -1.900173E+00   5.213811E+01
   -1.896770E+00   5.213837E+01
   -1.892017E+00   5.214183E+01
   -1.891977E+00   5.214465E+01
   -1.896414E+00   5.215044E+01
   -1.890036E+00   5.215748E+01
   -1.866621E+00   5.215417E+01
   -1.862119E+00   5.214393E+01
   -1.855251E+00   5.214059E+01
   -1.851975E+00   5.214325E+01
   -1.852530E+00   5.214901E+01
   -1.839591E+00   5.215393E+01
   -1.834182E+00   5.215010E+01
   -1.822690E+00   5.214696E+01
   -1.822559E+00   5.214205E+01
   -1.820687E+00   5.213995E+01
   -1.808757E+00   5.214117E+01
   -1.785159E+00   5.213330E+01
   -1.784510E+00   5.213141E+01
   -1.791443E+00   5.212572E+01
   -1.791165E+00   5.212279E+01
   -1.788869E+00   5.212100E+01
   -1.780380E+00   5.212134E+01
   -1.769287E+00   5.211692E+01
   -1.756496E+00   5.211677E+01
   -1.758654E+00   5.211381E+01
   -1.785587E+00   5.210551E+01
   -1.790763E+00   5.209865E+01
   -1.796315E+00   5.209866E+01
   -1.801307E+00   5.209600E+01
   -1.807239E+00   5.208895E+01
   -1.812167E+00   5.207767E+01
   -1.821077E+00   5.208017E+01
   -1.831602E+00   5.207154E+01
   -1.845294E+00   5.207687E+01
   -1.852942E+00   5.207119E+01
   -1.858078E+00   5.207280E+01
   -1.863679E+00   5.207112E+01
   -1.864301E+00   5.206816E+01
   -1.858642E+00   5.205396E+01
   -1.847581E+00   5.204782E+01
   -1.833760E+00   5.204460E+01
   -1.828633E+00   5.203955E+01
   -1.827239E+00   5.203386E+01
   -1.823991E+00   5.203159E+01
   -1.825163E+00   5.202841E+01
   -1.832944E+00   5.202248E+01
   -1.834338E+00   5.200840E+01
   -1.838830E+00   5.200556E+01
   -1.848174E+00   5.200642E+01
   -1.861859E+00   5.201142E+01
   -1.873851E+00   5.202266E+01
   -1.912208E+00   5.204212E+01
   -1.921061E+00   5.203487E+01
   -1.927285E+00   5.203363E+01
   -1.931506E+00   5.202874E+01
   -1.939501E+00   5.203084E+01
   -1.947729E+00   5.203058E+01
   -1.954340E+00   5.203586E+01
   -1.982610E+00   5.203464E+01
   -1.994260E+00   5.202560E+01
   -1.999442E+00   5.202690E+01
   -2.016814E+00   5.201888E+01
   -2.024696E+00   5.201281E+01
   -2.026304E+00   5.200957E+01
   -2.033440E+00   5.200819E+01
   -2.038678E+00   5.200322E+01
   -2.049902E+00   5.200261E+01
   -2.052496E+00   5.200682E+01
   -2.060051E+00   5.200851E+01
   -2.063320E+00   5.201220E+01
   -2.084971E+00   5.200918E+01
   -2.113406E+00   5.201349E+01
   -2.117732E+00   5.201256E+01
   -2.129871E+00   5.200457E+01
   -2.134558E+00   5.199863E+01
   -2.140936E+00   5.199820E+01
   -2.145268E+00   5.200303E+01
   -2.151872E+00   5.200604E+01
   -2.150858E+00   5.201176E+01
   -2.143762E+00   5.201982E+01
   -2.140498E+00   5.202867E+01
   -2.120857E+00   5.203355E+01
   -2.118430E+00   5.203551E+01
   -2.118360E+00   5.203863E+01
   -2.132704E+00   5.204460E+01
   -2.142068E+00   5.204435E+01
   -2.162563E+00   5.204913E+01
   -2.174959E+00   5.204518E+01
   -2.178751E+00   5.204142E+01
   -2.175603E+00   5.202255E+01
   -2.181601E+00   5.201671E+01
   -2.179560E+00   5.201330E+01
   -2.163448E+00   5.200469E+01
   -2.162301E+00   5.200010E+01
   -2.164126E+00   5.199491E+01
   -2.170143E+00   5.199336E+01
   -2.177626E+00   5.199448E+01
   -2.184910E+00   5.198926E+01
   -2.198807E+00   5.199371E+01
   -2.210566E+00   5.199497E+01
   -2.221199E+00   5.199303E+01
   -2.233547E+00   5.198443E+01
   -2.242768E+00   5.197232E+01
   -2.251000E+00   5.196540E+01
   -2.282689E+00   5.196937E+01
   -2.292289E+00   5.196854E+01
   -2.299652E+00   5.196560E+01
END
END
