Смоленская область
1
	34.2055511475	56.2642989151
	34.2173148424	56.2639138116
	34.2290281635	56.2627601502
	34.2300188556	56.2626269214
	34.2380754962	56.2615206592
	34.2486975929	56.2597366088
	34.2601601219	56.2570639219
	34.269214662	56.2543811046
	34.2803154311	56.250772401
	34.2825240756	56.2500385686
	34.2935396853	56.2458925867
	34.2995581778	56.2432699601
	34.3323493155	56.2282629411
	34.3370516873	56.2260280072
	34.3463055031	56.2211245857
	34.3668514626	56.2094592414
	34.3679778572	56.2088143249
	34.3748287819	56.2045541462
	34.3859244616	56.2041909112
	34.3976377826	56.2030372498
	34.4092505715	56.2011199706
	34.4094350787	56.2010831695
	34.4163778278	56.1996946197
	34.4276558494	56.1970587339
	34.4283372973	56.1968747066
	34.4344484424	56.1952114986
	34.4450301791	56.1919788762
	34.4560457888	56.1878328943
	34.4667666531	56.1829753339
	34.4771468636	56.1774269958
	34.4781718269	56.1768307195
	34.4862284675	56.1721081243
	34.4951986111	56.1664890437
	34.5037842704	56.1603811126
	34.5055157817	56.1598506119
	34.5184599478	56.1568178274
	34.5260536406	56.1556938373
	34.5348075173	56.1541763061
	34.5448168531	56.1518865017
	34.5759218946	56.143829861
	34.5773750877	56.1434469786
	34.5886382724	56.1400303288
	34.5996538821	56.1358843469
	34.6103747464	56.1310267865
	34.6196187799	56.1261289187
	34.6318486993	56.1191861696
	34.6329848763	56.1185356994
	34.636339901	56.1165498853
	34.6414514743	56.1200946955
	34.6514465812	56.1263100524
	34.6618267917	56.1318583905
	34.672547656	56.1367159509
	34.6835632657	56.1408619328
	34.6835997048	56.1408742979
	34.6991636696	56.1461538389
	34.7103904153	56.1495581236
	34.7218529442	56.1522308105
	34.733465733	56.1541480897
	34.745179054	56.1553017511
	34.756942749	56.1556868546
	34.7636108398	56.1556868546
	34.7753745348	56.1553017511
	34.7870878559	56.1541480897
	34.789959883	56.1537464
	34.8049516433	56.1515262461
	34.813692405	56.1500106567
	34.8175604361	56.1491969745
	34.8229051251	56.1499824403
	34.8319416223	56.1509405853
	34.8339942361	56.1515036192
	34.845456765	56.1541763061
	34.8502647691	56.1550649185
	34.8616554552	56.1570104141
	34.8684602398	56.1580390809
	34.8801735609	56.1591927423
	34.8898158811	56.1595653353
	34.9370342039	56.1601222811
	34.9391555786	56.1601347916
	34.9445339407	56.1600543609
	34.9632975366	56.1594930349
	34.968849383	56.1599009623
	34.9798638084	56.1624541991
	34.9914765973	56.1643714783
	35.0031899183	56.1655251398
	35.0072692979	56.1657460205
	35.0267166245	56.1665776245
	35.0461646349	56.1663567438
	35.0538618741	56.1656859326
	35.0691435513	56.1640227246
	35.0731596332	56.1635398743
	35.084772422	56.1616225951
	35.096234951	56.1589499082
	35.1074981356	56.1555332585
	35.1185137454	56.1513872766
	35.1242342396	56.1489007023
	35.1333971424	56.1447274235
	35.1383975125	56.1423564374
	35.1487777229	56.1368080993
	35.1501945643	56.1359814483
	35.1640840466	56.1277925566
	35.1653401449	56.1277867191
	35.1741790771	56.1280760758
	35.1850132553	56.1277494795
	35.1982884018	56.1269483931
	35.1992179186	56.1268898859
	35.2109312396	56.1257362244
	35.2225440285	56.1238189452
	35.2229148371	56.1237447815
	35.2298575861	56.1223486023
	35.2409493064	56.1197500791
	35.2522124911	56.1163334294
	35.255697293	56.1151104576
	35.2718182036	56.1092663413
	35.2793490115	56.1063433313
	35.2900698758	56.1014857709
	35.3004500862	56.0959374328
	35.3104451932	56.0897220759
	35.3148647533	56.0865550639
	35.3154589358	56.0863314294
	35.3261798001	56.081473869
	35.3365600105	56.0759255309
	35.3368584008	56.0757528737
	35.3402000756	56.0738150075
	35.3498967923	56.0677723078
	35.3594639952	56.0609165472
	35.3685623257	56.0534497403
	35.3771528235	56.0454038611
	35.3851987027	56.0368133633
	35.3926655096	56.0277150328
	35.3995212702	56.0181478299
	35.4057366271	56.0081527229
	35.4112849652	55.9977725125
	35.4161425256	55.9870516482
	35.4202885076	55.9760360385
	35.4232647598	55.9663863932
	35.4257236761	55.9632542784
	35.4286002941	55.959399765
	35.4308204479	55.9563403778
	35.4340150997	55.9517919005
	35.4377836619	55.9471798814
	35.4415989947	55.9449398186
	35.4504598416	55.9393848567
	35.4600270445	55.932529096
	35.469125375	55.9250622891
	35.4714232062	55.9230120811
	35.4744825934	55.9202349815
	35.48077526	55.9142393103
	35.4888211392	55.9056488125
	35.4962879461	55.896550482
	35.5031437068	55.8869832791
	35.5053677533	55.8835717741
	35.5073132489	55.8805123869
	35.5113045593	55.873928785
	35.5168528973	55.8635485745
	35.5217104578	55.8528277102
	35.5258564397	55.8418121005
	35.5292730894	55.8305489158
	35.5319457763	55.8190863869
	35.5338630555	55.807473598
	35.5350167169	55.795760277
	35.5354018204	55.783996582
	35.5350167169	55.7722328871
	35.5338630555	55.760519566
	35.5319457763	55.7489067772
	35.5318591182	55.7484738945
	35.5310198848	55.7443082451
	35.5304655413	55.7416597447
	35.5312008832	55.7405129973
	35.5321208852	55.739066249
	35.5352154874	55.7356277554
	35.5426822943	55.7265294248
	35.5495380549	55.716962222
	35.5557534118	55.706967115
	35.5613017499	55.6965869046
	35.5661593103	55.6858660403
	35.5703052922	55.6748504306
	35.5737219419	55.6635872459
	35.5763946288	55.652124717
	35.578311908	55.6405119281
	35.5794655695	55.6287986071
	35.5798506729	55.6170349121
	35.5798506729	55.6131515503
	35.5794655695	55.6013878553
	35.5784837586	55.5910189949
	35.5784743329	55.5894989037
	35.5787367813	55.5814819336
	35.5783516778	55.5697182386
	35.5771980164	55.5580049176
	35.5752807372	55.5463921287
	35.5726080503	55.5349295998
	35.5691914006	55.5236664151
	35.5650454187	55.5126508054
	35.5601878583	55.5019299411
	35.5546395202	55.4915497307
	35.5502860898	55.4843990226
	35.5477912778	55.4805080314
	35.5459293513	55.4776636325
	35.5390735907	55.4680964296
	35.5316067838	55.4589980991
	35.5235609046	55.4504076013
	35.5149704068	55.4423617221
	35.5110396805	55.439013154
	35.5102247229	55.4381929407
	35.5016342251	55.4301470615
	35.4952634985	55.4249187412
	35.4944496033	55.4166551251
	35.4925323241	55.4050423363
	35.4925017382	55.4048889192
	35.4908385302	55.3965652497
	35.4881964292	55.3852561379
	35.4860002166	55.3777213438
	35.4861389248	55.3775998257
	35.4947294226	55.3695539465
	35.5027753018	55.3609634488
	35.5102421087	55.3518651182
	35.5170978694	55.3422979153
	35.5180811643	55.3408104011
	35.5203013181	55.3374153206
	35.5255333801	55.3289077278
	35.5310817181	55.3185275174
	35.5359392786	55.3078066531
	35.5400852605	55.2967910433
	35.5435019102	55.2855278587
	35.5461745971	55.2740653298
	35.5480918763	55.2624525409
	35.5492455377	55.2507392199
	35.5496306412	55.2389755249
	35.5492455377	55.2272118299
	35.5492293125	55.2269668432
	35.5489546543	55.2228622289
	35.5478172181	55.2113938946
	35.5458999389	55.1997811058
	35.543227252	55.1883185769
	35.5398106023	55.1770553922
	35.5356646203	55.1660397824
	35.5308070599	55.1553189182
	35.5252587219	55.1449387077
	35.519043365	55.1349436008
	35.5129636821	55.1263952931
	35.5031372602	55.1103598683
	35.4993290095	55.1044107639
	35.4924732489	55.094843561
	35.485006442	55.0857452304
	35.4823020545	55.0827306184
	35.4792426673	55.079396573
	35.4739011756	55.0738206872
	35.4653106778	55.065774808
	35.4643650371	55.0649987408
	35.4607395319	55.0591684543
	35.4563245635	55.0530073729
	35.4556965276	55.0510406827
	35.4515505456	55.040025073
	35.4466929852	55.0293042087
	35.4411446472	55.0189239982
	35.4349292902	55.0089288913
	35.4280735296	54.9993616884
	35.4224519228	54.9924010262
	35.4193925356	54.988799952
	35.4175473355	54.9866622837
	35.4095014563	54.9780717859
	35.4009109585	54.9700259067
	35.3956569006	54.965592948
	35.3880401845	54.9570418632
	35.380914115	54.949492074
	35.3747594335	54.9436217866
	35.3689664832	54.9375520715
	35.3603759854	54.9295061923
	35.3512776548	54.9220393854
	35.341710452	54.9151836248
	35.3370370897	54.9121644784
	35.3214807543	54.9024522592
	35.3161590096	54.8992560486
	35.3122412535	54.8970869809
	35.309524101	54.8910900974
	35.3039757629	54.8807098869
	35.2994004335	54.8732139652
	35.2968979921	54.8693306034
	35.2952579646	54.8668314182
	35.2884022039	54.8572642153
	35.280935397	54.8481658847
	35.2728895178	54.8395753869
	35.26429902	54.8315295078
	35.2555463555	54.8243286061
	35.2519452813	54.8215515065
	35.2515996153	54.8212856012
	35.2420324124	54.8144298406
	35.2320373055	54.8082144837
	35.221657095	54.8026661456
	35.2109362307	54.7978085852
	35.199920621	54.7936626033
	35.1886574363	54.7902459536
	35.1834632486	54.7889367535
	35.1729041665	54.7864419414
	35.1666358254	54.7850784547
	35.1550230365	54.7831611755
	35.1502838997	54.7826011088
	35.1495517878	54.7814966403
	35.1426960272	54.7719294375
	35.1352292203	54.7628311069
	35.1271833411	54.7542406091
	35.1185928433	54.7461947299
	35.1094945127	54.738727923
	35.102338025	54.7335996564
	35.101782855	54.7312186623
	35.0983662053	54.7199554776
	35.0943527265	54.7092606337
	35.0924072309	54.7045380385
	35.0922747278	54.7042172727
	35.0874171674	54.6934964084
	35.0818688293	54.6831161979
	35.0756534724	54.673121091
	35.0687977118	54.6635538881
	35.0613309048	54.6544555576
	35.0532850256	54.6458650598
	35.0446945279	54.6378191806
	35.0355961973	54.6303523737
	35.0260289944	54.6234966131
	35.0160338875	54.6172812562
	35.0096672861	54.6137750675
	35.0019574412	54.6074910589
	34.9983411082	54.6047063299
	34.9980977232	54.6045192438
	34.9885305203	54.5976634832
	34.9785354134	54.5914481263
	34.9681552029	54.5858997882
	34.9574343386	54.5810422278
	34.9477365986	54.5773493035
	34.9473518587	54.5770406454
	34.9404091096	54.5714864462
	34.9375432188	54.5692409235
	34.9279760159	54.5623851629
	34.917980909	54.556169806
	34.9076006985	54.5506214679
	34.8968798342	54.5457639075
	34.8858642245	54.5416179256
	34.8746010398	54.5382012758
	34.8689626664	54.5367877219
	34.8475698442	54.5317904685
	34.8417456886	54.5305313355
	34.8301328998	54.5286140563
	34.8265371885	54.5281774579
	34.8241030398	54.5271481848
	34.8130874301	54.5230022029
	34.8018242454	54.5195855532
	34.7996526211	54.5190181669
	34.7843709439	54.5151271757
	34.7750800392	54.5130218751
	34.7717010179	54.5123832637
	34.7675283499	54.5100920816
	34.7633550711	54.5078719278
	34.7584307767	54.5053486407
	34.7477099124	54.5004910803
	34.7366943026	54.4963450984
	34.725431118	54.4929284487
	34.713968589	54.4902557618
	34.7131920035	54.4901030648
	34.6945839102	54.4864867317
	34.6837477069	54.4847221496
	34.6720343859	54.4835684882
	34.6654216784	54.4832571572
	34.6459819812	54.4827002114
	34.6408309937	54.4826264389
	34.6302973175	54.4829351538
	34.6245211941	54.4832740114
	34.6212822555	54.4792019643
	34.615930566	54.4645163234
	34.6131106042	54.4572690305
	34.6082530438	54.4465481662
	34.6027047057	54.4361679558
	34.5987061383	54.4295729426
	34.5985984681	54.428740086
	34.5966811889	54.4171272972
	34.594008502	54.4056647683
	34.5905918523	54.3944015836
	34.5886494848	54.3889675514
	34.5869786474	54.3845196144
	34.5847750329	54.3789380368
	34.5799174725	54.3682171726
	34.5743691345	54.3578369621
	34.5681537776	54.3478418552
	34.5612980169	54.3382746523
	34.55383121	54.3291763217
	34.5457853308	54.320585824
	34.537194833	54.3125399448
	34.5280965025	54.3050731379
	34.5185292996	54.2982173772
	34.5184430446	54.2981597795
	34.5109433498	54.2931548966
	34.5106439875	54.2929555511
	34.5083099453	54.2908724643
	34.4994114911	54.2835592505
	34.4958027875	54.2807821509
	34.4956029112	54.2806285578
	34.4860357083	54.2737727972
	34.4760406014	54.2675574402
	34.4656603909	54.2620091022
	34.4549395266	54.2571515418
	34.449104638	54.2548529901
	34.444656701	54.253189782
	34.4394759799	54.2513423518
	34.4282127952	54.2479257021
	34.4167502663	54.2452530152
	34.4051374774	54.243335736
	34.3934241564	54.2421820746
	34.3816604614	54.2417969711
	34.3768543782	54.2418611933
	34.3560185017	54.2424181391
	34.34906089	54.2427390204
	34.3373475689	54.2438926818
	34.3334960811	54.2444421788
	34.3190536372	54.2466623326
	34.3112923363	54.2480301148
	34.3096940054	54.2483555836
	34.2963654532	54.2511326832
	34.2865012551	54.2534799013
	34.2752380704	54.256896551
	34.2735333461	54.257484774
	34.2576947231	54.2630389732
	34.2483838376	54.2665967322
	34.2376629733	54.2714542926
	34.2272827629	54.2770026307
	34.2239007446	54.2790048229
	34.2161187622	54.2837274181
	34.2095056735	54.2879405828
	34.1999384707	54.2947963434
	34.1996344136	54.2950301701
	34.1884186581	54.3036743853
	34.183359332	54.3069627736
	34.1814523898	54.3082195135
	34.171885187	54.3150752741
	34.1705735857	54.3160913465
	34.1401646524	54.3354218706
	34.1367288791	54.337661347
	34.129097929	54.3430520262
	34.1162718894	54.346907722
	34.1102371549	54.3488383845
	34.0992215451	54.3529843665
	34.0885006809	54.3578419269
	34.0839609892	54.3601612048
	34.0687874525	54.3605139838
	34.0570741314	54.3616676452
	34.0454613426	54.3635849244
	34.0339988137	54.3662576113
	34.022735629	54.369674261
	34.019118493	54.370945265
	34.0171135633	54.3710654364
	34.0150387994	54.3712134767
	34.0078213922	54.3717704225
	33.9981828351	54.3727760436
	33.9865700462	54.3746933228
	33.9751075173	54.3773660097
	33.9677386197	54.3795100027
	33.9652470152	54.3798521385
	33.9546257713	54.3816360719
	33.9431632424	54.3843087587
	33.9403179535	54.3850962351
	33.9384628431	54.3856260934
	33.93571249	54.3848657045
	33.9306380635	54.3835848439
	33.9200789815	54.3810824025
	33.9136908791	54.3796905763
	33.9045968846	54.3781230342
	33.8818231419	54.3747966182
	33.8793043476	54.374446881
	33.8675910265	54.3732932196
	33.8560998062	54.372917036
	33.8576117124	54.367932949
	33.8602843993	54.3564704201
	33.8622016785	54.3448576312
	33.8632671112	54.3344208308
	33.8635493988	54.330537469
	33.8636376276	54.3292609484
	33.8640227311	54.3174972534
	33.8636376276	54.3057335584
	33.8624839661	54.2940202374
	33.8605666869	54.2824074486
	33.857894	54.2709449196
	33.8544773503	54.259681735
	33.8503313684	54.2486661252
	33.8491511098	54.2458831102
	33.839988207	54.2247725755
	33.8363109052	54.2168347263
	33.833602712	54.2115637727
	33.8313749288	54.2073981233
	33.8285347839	54.2022888664
	33.822319427	54.1922937595
	33.8154636663	54.1827265566
	33.8079968594	54.173628226
	33.8015965754	54.1667947123
	33.8013249259	54.1647629227
	33.7994552367	54.153508828
	33.7967825499	54.142046299
	33.7933659001	54.1307831144
	33.7892199182	54.1197675046
	33.7843623578	54.1090466403
	33.7788140197	54.0986664299
	33.7725986628	54.0886713229
	33.7709243574	54.0862098897
	33.7659271039	54.0789924825
	33.7607456488	54.0718867128
	33.7532788419	54.0627883823
	33.7452329627	54.0541978845
	33.7366424649	54.0461520053
	33.7275441343	54.0386851984
	33.7202186309	54.03336496
	33.7194948816	54.0314420041
	33.7146373212	54.0207211398
	33.7090889831	54.0103409294
	33.7028736262	54.0003458224
	33.6960178656	53.9907786196
	33.6885510587	53.981680289
	33.6805051795	53.9730897912
	33.6747150645	53.9676667568
	33.6717457219	53.9578781461
	33.66759974	53.9468625364
	33.6627421796	53.9361416721
	33.6571938415	53.9257614616
	33.6509784846	53.9157663547
	33.6503696726	53.9148611577
	33.6464434289	53.9044888791
	33.6415858685	53.8937680148
	33.6360375305	53.8833878044
	33.6298221735	53.8733926974
	33.6229664129	53.8638254946
	33.615499606	53.854727164
	33.6074537268	53.8461366662
	33.598863229	53.8380907871
	33.5897648985	53.8306239801
	33.5801976956	53.8237682195
	33.572560709	53.8189383351
	33.5683874302	53.8164435231
	33.5660293099	53.8150580506
	33.5556490994	53.8095097125
	33.5449282351	53.8046521521
	33.5339126254	53.8005061702
	33.5226494407	53.7970895205
	33.5111869118	53.7944168336
	33.4995741229	53.7924995544
	33.4973780262	53.792224168
	33.4889220858	53.7891154841
	33.4776589012	53.7856988344
	33.467993831	53.7833932236
	33.467858828	53.7833649353
	33.4656744566	53.7739966775
	33.4622578069	53.7627334928
	33.4581118249	53.751717883
	33.4532542645	53.7409970187
	33.4477059264	53.7306168083
	33.4414905695	53.7206217014
	33.4346348089	53.7110544985
	33.427168002	53.7019561679
	33.4191221228	53.6933656702
	33.410531625	53.685319791
	33.4014332945	53.677852984
	33.3918660916	53.6709972234
	33.3853199029	53.6668246777
	33.3775455498	53.6621020825
	33.3740966316	53.6600592713
	33.3660286734	53.6557468578
	33.3607613464	53.645892382
	33.3545459895	53.6358972751
	33.3528997748	53.6334764246
	33.3503973334	53.6298600916
	33.3451877874	53.6227137392
	33.3377209805	53.6136154087
	33.3296751013	53.6050249109
	33.3210846035	53.5969790317
	33.311986273	53.5895122248
	33.3024190701	53.5826564641
	33.2924239632	53.5764411072
	33.2870885638	53.5734802288
	33.2829229144	53.571260075
	33.2778781033	53.5686726154
	33.267157239	53.5638150549
	33.2561416293	53.559669073
	33.2464112068	53.5566703897
	33.241406324	53.5552818399
	33.2398735618	53.5548638735
	33.2284110329	53.5521911866
	33.216798244	53.5502739074
	33.2163211616	53.5502117473
	33.1991016182	53.5479915935
	33.1915155515	53.5472546741
	33.1913045682	53.5471034856
	33.1817894223	53.5411662221
	33.1698494199	53.5342234731
	33.1693694588	53.5339453797
	33.1641808103	53.5310628018
	33.1624159833	53.5294666185
	33.1615917973	53.5284034602
	33.1546689175	53.5200103672
	33.1466230383	53.5114198694
	33.1408822366	53.5059272362
	33.1375481912	53.5028754784
	33.1346984951	53.5003222324
	33.1256001646	53.4928554254
	33.1160329617	53.4859996648
	33.1060378548	53.4797843079
	33.0956576443	53.4742359698
	33.0956130401	53.4742139811
	33.0941787475	53.4660164573
	33.0915060606	53.4545539284
	33.0880894109	53.4432907438
	33.0839434289	53.432275134
	33.0790858685	53.4215542697
	33.078646001	53.4206684546
	33.0767005054	53.4167774633
	33.0715920348	53.4072830681
	33.0653766779	53.3972879611
	33.0585209173	53.3877207583
	33.0510541104	53.3786224277
	33.0430082312	53.3700319299
	33.0344177334	53.3619860507
	33.0253194029	53.3545192438
	33.0162016121	53.3479647494
	33.0120472102	53.3414484225
	33.0051914496	53.3318812197
	33.0029459268	53.3290153288
	32.9973917276	53.3220725798
	32.9921704434	53.3158401401
	32.9841245642	53.3072496423
	32.9755340664	53.2992037631
	32.9664357359	53.2917369562
	32.956868533	53.2848811956
	32.9468734261	53.2786658387
	32.9460799761	53.2782104267
	32.9421889849	53.2759902729
	32.9326022244	53.2708973468
	32.9218813601	53.2660397864
	32.9108657504	53.2618938045
	32.8996025657	53.2584771547
	32.8946795967	53.2572322579
	32.8888431099	53.2558437081
	32.88230355	53.254415918
	32.8706907611	53.2524986389
	32.8589774401	53.2513449774
	32.8472137451	53.2509598739
	32.844152603	53.2509859249
	32.8343798342	53.2465924597
	32.8233642245	53.2424464778
	32.8121010398	53.2390298281
	32.8006385109	53.2363571412
	32.7890257221	53.234439862
	32.777312401	53.2332862006
	32.7655487061	53.2329010971
	32.7537850111	53.2332862006
	32.74207169	53.234439862
	32.7304589012	53.2363571412
	32.7189963723	53.2390298281
	32.7077331876	53.2424464778
	32.6967175779	53.2465924597
	32.6859967136	53.2514500201
	32.6851108984	53.2518898876
	32.6823337988	53.2532784374
	32.6728394035	53.258386908
	32.6628442966	53.2646022649
	32.6532770937	53.2714580255
	32.6441787632	53.2789248325
	32.6355882654	53.2869707117
	32.6355137854	53.2870502332
	32.6281868675	53.2882599122
	32.6167243386	53.2909325991
	32.6054611539	53.2943492488
	32.5944455442	53.2984952307
	32.5837246799	53.3033527911
	32.5751680928	53.3079263822
	32.5734917381	53.3082031495
	32.5620292092	53.3108758364
	32.5507660245	53.3142924861
	32.5397504148	53.318438468
	32.5290295505	53.3232960284
	32.51864934	53.3288443665
	32.5086542331	53.3350597234
	32.4990870302	53.341915484
	32.4903587441	53.3490586643
	32.4851669416	53.3535867095
	32.4847968972	53.3539103362
	32.4765124249	53.3616509245
	32.4689725217	53.3645772315
	32.4582516574	53.3694347919
	32.4524955868	53.3724033806
	32.4476211558	53.3750294394
	32.4392723591	53.3769536307
	32.4331153298	53.3784875307
	32.4218521451	53.3819041804
	32.4108365354	53.3860501624
	32.4001156711	53.3909077228
	32.3897354606	53.3964560609
	32.3797403537	53.4026714178
	32.3701731508	53.4095271784
	32.3610748203	53.4169939853
	32.3524843225	53.4250398645
	32.3444384433	53.4336303623
	32.3398218383	53.4391110946
	32.3333534153	53.4445208408
	32.3247629175	53.45256672
	32.3167170383	53.4611572177
	32.3092502314	53.4702555483
	32.3057983441	53.4749073618
	32.2989624066	53.4844364755
	32.2955585332	53.4893518649
	32.2893431763	53.4993469719
	32.2837948383	53.5097271823
	32.2789372778	53.5204480466
	32.2778293888	53.5231861026
	32.2718593876	53.5382961185
	32.2688212947	53.5465736722
	32.2673068095	53.5515662609
	32.2657340264	53.5540955019
	32.2601856883	53.5644757123
	32.2553281279	53.5751965766
	32.2513993712	53.5856350326
	32.2481969175	53.5868558264
	32.2431109721	53.5890548756
	32.2304581373	53.5894377814
	32.2187448163	53.5905914428
	32.2163825862	53.5909183819
	32.2012725704	53.5931118328
	32.1920220115	53.5947021729
	32.1805594826	53.5973748598
	32.169296298	53.6007915095
	32.1582806882	53.6049374915
	32.1475598239	53.6097950519
	32.1371796135	53.61534339
	32.1299212827	53.6197658795
	32.1189216042	53.6223458681
	32.1076584195	53.6257625178
	32.1017291336	53.6278917561
	32.0833618612	53.626843414
	32.0826683792	53.6268051756
	32.0815967362	53.6267481604
	32.0705054543	53.624174524
	32.0588926654	53.6222572448
	32.0472254521	53.6211066114
	32.0442599508	53.620070994
	32.0329967661	53.6166543443
	32.0215342372	53.6139816574
	32.0099214484	53.6120643782
	31.9982081273	53.6109107168
	31.9937483761	53.6106739739
	31.9876178047	53.609342981
	31.9760050159	53.6074257018
	31.9701438417	53.6067516595
	31.9653373232	53.606278637
	31.9594851763	53.605799018
	31.9574649671	53.6056780169
	31.949163117	53.6032380601
	31.9377005881	53.6005653732
	31.9260877992	53.598648094
	31.9143744782	53.5974944326
	31.9026107832	53.5971093291
	31.8908470883	53.5974944326
	31.8791337672	53.598648094
	31.8675209784	53.6005653732
	31.8560584495	53.6032380601
	31.8447952648	53.6066547098
	31.8415744931	53.6077821992
	31.8389374473	53.6082863099
	31.829732586	53.6103697249
	31.8246375564	53.6116643339
	31.8199299215	53.6128453056
	31.8171428109	53.6135682497
	31.8058796262	53.6169848994
	31.7997752327	53.6191806086
	31.7902365954	53.6182997809
	31.7784729004	53.6179146774
	31.7684401307	53.6181947075
	31.761941082	53.6184932614
	31.7584313123	53.61868888
	31.7467179913	53.6198425414
	31.7351052025	53.6217598206
	31.7236426736	53.6244325075
	31.7123794889	53.6278491572
	31.7013638791	53.6319951392
	31.6906430148	53.6368526996
	31.6802628044	53.6424010377
	31.6702676974	53.6486163946
	31.666979935	53.6508662701
	31.663729814	53.6531436437
	31.6574503735	53.6577495288
	31.648352043	53.6652163357
	31.6397615452	53.6732622149
	31.631715666	53.6818527126
	31.6242488591	53.6909510432
	31.6173930984	53.7005182461
	31.6111777415	53.710513353
	31.6056294035	53.7208935635
	31.6007718431	53.7316144277
	31.5966258611	53.7426300375
	31.5932092114	53.7538932222
	31.5905365245	53.7653557511
	31.5886192453	53.7769685399
	31.5874655839	53.788681861
	31.5870804804	53.8004455559
	31.5874655839	53.8122092509
	31.5874872488	53.8125352569
	31.5863822089	53.8238762586
	31.5859971054	53.8356399536
	31.5863822089	53.8474036486
	31.5875358703	53.8591169696
	31.5894531495	53.8707297585
	31.5921258364	53.8821922874
	31.5955424861	53.8934554721
	31.599688468	53.9044710818
	31.6045460284	53.9151919461
	31.6100943665	53.9255721565
	31.6163097234	53.9355672635
	31.6170902029	53.9366564213
	31.6079571251	53.9415381531
	31.5979620181	53.94775351
	31.5949608555	53.9498029791
	31.5945515833	53.9498154088
	31.5941104889	53.9498009689
	31.5823467939	53.9501860724
	31.5706334729	53.9513397338
	31.559020684	53.953257013
	31.5514676771	53.9549290159
	31.5447461806	53.9565693357
	31.5446875537	53.9565836535
	31.5111601794	53.9647776232
	31.5073092843	53.9657639895
	31.4960460996	53.9691806392
	31.4850304898	53.9733266211
	31.4795749863	53.9756927632
	31.4123237809	54.0061912679
	31.4109501508	54.0068211813
	31.3905453818	54.0160708032
	31.3861257413	54.018147032
	31.371626077	54.0252004072
	31.3715957226	54.0252151767
	31.3133739055	54.053550748
	31.3125321292	54.0539631427
	31.3021519188	54.0595114808
	31.2993526499	54.0611615316
	31.2597408335	54.0849957601
	31.2596526893	54.0850488304
	31.2305141242	54.1026040672
	31.2234064304	54.107116303
	31.2138392275	54.1139720636
	31.2047408969	54.1214388705
	31.1961503992	54.1294847497
	31.18810452	54.1380752475
	31.180637713	54.1471735781
	31.1737819524	54.1567407809
	31.1675665955	54.1667358879
	31.1620182574	54.1771160983
	31.157160697	54.1878369626
	31.1530147151	54.1988525724
	31.1506011794	54.2065216362
	31.1487949202	54.2127434074
	31.1477918062	54.2163375283
	31.1451191193	54.2278000572
	31.1432018401	54.239412846
	31.1428465618	54.2422905034
	31.140684563	54.2465321445
	31.1358270026	54.2572530088
	31.1316810206	54.2682686185
	31.1290954181	54.2765342206
	31.1275592657	54.2787958347
	31.1213439088	54.2887909416
	31.1157955707	54.299171152
	31.1130160268	54.3050751526
	31.1115592385	54.3054589663
	31.1002960538	54.308875616
	31.0925601611	54.3117007099
	31.0871699939	54.3138102375
	31.0870770283	54.3138466508
	31.0809717339	54.3162399637
	31.080637659	54.3162805059
	31.07882935	54.316509259
	31.0672165611	54.3184265382
	31.0557540322	54.3210992251
	31.0444908475	54.3245158748
	31.0334752378	54.3286618567
	31.0255708508	54.3321607925
	31.0112085156	54.3389356949
	31.0083920383	54.3402943195
	30.9980118278	54.3458426575
	30.9880167209	54.3520580144
	30.978449518	54.3589137751
	30.9693511875	54.366380582
	30.9607606897	54.3744264612
	30.9527148105	54.383016959
	30.9452480036	54.3921152895
	30.938392243	54.4016824924
	30.9321768861	54.4116775993
	30.926628548	54.4220578098
	30.9217709876	54.4327786741
	30.9176250056	54.4437942838
	30.9142083559	54.4550574685
	30.911535669	54.4665199974
	30.9096183898	54.4781327862
	30.9084647284	54.4898461073
	30.9080796249	54.5016098022
	30.9084647284	54.5133734972
	30.9087387226	54.5162952197
	30.9077618126	54.516817389
	30.8977667056	54.5230327459
	30.8881995028	54.5298885065
	30.8791011722	54.5373553134
	30.8781667708	54.5381805075
	30.8771673201	54.5390693319
	30.876255085	54.5398861724
	30.8731155892	54.5427166777
	30.8663717279	54.5491205224
	30.8583258487	54.5577110202
	30.8508590418	54.5668093508
	30.8440032812	54.5763765537
	30.8380113012	54.5859858653
	30.8122659477	54.5954417463
	30.8054459867	54.5981053687
	30.7947251224	54.6029629291
	30.7854722464	54.607865817
	30.7660626627	54.6188858089
	30.7656051752	54.6189306036
	30.750493252	54.6204297796
	30.7447724957	54.6210899474
	30.7331597069	54.6230072266
	30.7216971779	54.6256799135
	30.7104339933	54.6290965632
	30.6994183835	54.6332425452
	30.6886975192	54.6381001056
	30.6783173088	54.6436484437
	30.6683222018	54.6498638006
	30.658754999	54.6567195612
	30.6496566684	54.6641863681
	30.6410661706	54.6722322473
	30.6406405419	54.6726593052
	30.6324179619	54.6809371983
	30.6247977115	54.6891006382
	30.6173309046	54.6981989687
	30.610475144	54.7077661716
	30.6042597871	54.7177612785
	30.598711449	54.728141489
	30.5938538886	54.7388623533
	30.5897079066	54.749877963
	30.5862912569	54.7611411477
	30.58361857	54.7726036766
	30.5817012908	54.7842164654
	30.5805476294	54.7959297865
	30.5801625259	54.8076934814
	30.5805476294	54.8194571764
	30.5817012908	54.8311704975
	30.58361857	54.8427832863
	30.5862912569	54.8542458152
	30.5897079066	54.8655089999
	30.5938538886	54.8765246096
	30.598711449	54.8872454739
	30.6042597871	54.8976256844
	30.610475144	54.9076207913
	30.6136068822	54.9121557885
	30.6145228837	54.9138744557
	30.6174834351	54.9192092415
	30.6181334416	54.9203258053
	30.6353835027	54.9497142331
	30.6409488531	54.9585927762
	30.6412135128	54.9589877364
	30.6504908565	54.9727931258
	30.6570819574	54.9819653685
	30.6611321366	54.9870506677
	30.6629310206	54.9926490451
	30.665717615	55.0002864803
	30.6701350345	55.011593243
	30.671494422	55.0149714175
	30.6763519824	55.0256922818
	30.6819003205	55.0360724922
	30.6881156774	55.0460675992
	30.694971438	55.055634802
	30.7024382449	55.0647331326
	30.7104841241	55.0733236304
	30.7190746219	55.0813695096
	30.7281729525	55.0888363165
	30.7377401553	55.0956920771
	30.7477352623	55.101907434
	30.7581154727	55.1074557721
	30.768836337	55.1123133325
	30.775858119	55.1149561441
	30.7764941146	55.1161460082
	30.7743297223	55.1187631166
	30.772489581	55.1193767146
	30.7614739713	55.1235226965
	30.750753107	55.128380257
	30.7403728966	55.133928595
	30.7303777896	55.1401439519
	30.7208105867	55.1469997126
	30.7117122562	55.1544665195
	30.7031217584	55.1625123987
	30.6950758792	55.1711028965
	30.6876090723	55.180201227
	30.6807533117	55.1897684299
	30.6745379548	55.1997635368
	30.6689896167	55.2101437473
	30.6641320563	55.2208646116
	30.6599860744	55.2318802213
	30.6565694246	55.243143406
	30.6538967378	55.2546059349
	30.6519794586	55.2662187237
	30.6508257971	55.2779320448
	30.6505878188	55.2824222605
	30.6502706299	55.2902595433
	30.6496234338	55.3046276679
	30.6496043449	55.3050631943
	30.6493544822	55.310926384
	30.649343129	55.3111976043
	30.6492038926	55.3145850555
	30.6490521438	55.3219718933
	30.6494372473	55.3337355883
	30.6505909087	55.3454489093
	30.6525081879	55.3570616982
	30.6551808748	55.3685242271
	30.6585975246	55.3797874118
	30.6627435065	55.3908030215
	30.6676010669	55.4015238858
	30.673149405	55.4119040962
	30.6793647619	55.4218992032
	30.6811333663	55.4244966962
	30.6922722823	55.440552757
	30.6973594385	55.4475224668
	30.7048262454	55.4566207974
	30.7128721246	55.4652112952
	30.7214626224	55.4732571744
	30.7228596495	55.4744696822
	30.7234120669	55.4795923031
	30.7246899905	55.4900369442
	30.7248973968	55.4916700702
	30.726814676	55.5032828591
	30.7294873629	55.514745388
	30.7329040126	55.5260085726
	30.7370499945	55.5370241824
	30.7419075549	55.5477450467
	30.747455893	55.5581252571
	30.7536712499	55.5681203641
	30.7605270105	55.5776875669
	30.7608190111	55.5780670625
	30.7611817751	55.5794426536
	30.763160076	55.5862814146
	30.7621860643	55.5927644405
	30.7610324029	55.6044777616
	30.7606472994	55.6162414565
	30.7610324029	55.6280051515
	30.7621860643	55.6397184725
	30.7641033435	55.6513312614
	30.7662928962	55.6609517581
	30.7666266547	55.6684180529
	30.7677803161	55.6801313739
	30.7696975953	55.6917441628
	30.7723702822	55.7032066917
	30.7757869319	55.7144698764
	30.7799329138	55.7254854861
	30.7847904742	55.7362063504
	30.7903388123	55.7465865608
	30.7965541692	55.7565816678
	30.8034099298	55.7661488706
	30.8034516573	55.7662032295
	30.8062287569	55.7698195625
	30.8136538364	55.7788635342
	30.8216997156	55.787454032
	30.8302902134	55.7954999112
	30.8393885439	55.8029667181
	30.8489557468	55.8098224787
	30.8503643172	55.8107541202
	30.8656421798	55.8207562564
	30.8742287163	55.8260399719
	30.8758549153	55.8269091934
	30.8800701678	55.8362124539
	30.884441149	55.8445218744
	30.8861813129	55.8481524564
	30.8917296509	55.8585326668
	30.8979450078	55.8685277737
	30.9048007685	55.8780949766
	30.9122675754	55.8871933072
	30.9203134546	55.8957838049
	30.9289039524	55.9038296841
	30.9380022829	55.9112964911
	30.9475694858	55.9181522517
	30.9575645927	55.9243676086
	30.9679448032	55.9299159467
	30.9786656675	55.9347735071
	30.9789864333	55.9349060102
	30.9837090285	55.9368515058
	30.9944038724	55.9408649846
	31.0056670571	55.9442816343
	31.017129586	55.9469543212
	31.0287423749	55.9488716004
	31.0404556959	55.9500252618
	31.0522193909	55.9504103653
	31.0639830858	55.9500252618
	31.0756964069	55.9488716004
	31.0873091957	55.9469543212
	31.0926365665	55.9458104921
	31.11167032	55.941421181
	31.1195090778	55.9401928135
	31.1267531655	55.93890531
	31.1337344498	55.9373718405
	31.1706797928	55.9284835959
	31.1751610374	55.9273443785
	31.1826114403	55.9251747519
	31.1845846156	55.9245536683
	31.1858351782	55.9245228597
	31.1874961853	55.9245772355
	31.1992598803	55.924192132
	31.2031146993	55.923897836
	31.2095043172	55.9233408902
	31.2173628192	55.9224815247
	31.2289756081	55.9205642455
	31.240438137	55.9178915586
	31.2488826923	55.9153299308
	31.2536307212	55.9162556771
	31.2645745892	55.9180412171
	31.2762879102	55.9191948785
	31.2806492795	55.919427596
	31.2873173703	55.9197022542
	31.2893214572	55.9196779202
	31.294719696	55.9198546402
	31.306483391	55.9194695367
	31.3181967121	55.9183158753
	31.3230223666	55.9176138908
	31.3299651156	55.9165076286
	31.3367522499	55.9152923339
	31.3457879158	55.9131855121
	31.3544425964	55.913468837
	31.3577978656	55.913437539
	31.3725187824	55.9131628808
	31.3809272082	55.9128090753
	31.3849110728	55.9125034844
	31.3964420583	55.9141548075
	31.3984628338	55.9144325135
	31.4101761549	55.9155861749
	31.4219398499	55.9159712784
	31.4337035448	55.9155861749
	31.4454168659	55.9144325135
	31.4516637848	55.913401143
	31.459574284	55.9147071717
	31.4712876051	55.9158608331
	31.4794952149	55.9162107796
	31.4933845277	55.9164854378
	31.5087043078	55.9161354913
	31.5156209874	55.9155479107
	31.5165981923	55.9154458682
	31.5289378688	55.9196047962
	31.5398314858	55.9228964415
	31.5512940147	55.9255691283
	31.56191301	55.9273527529
	31.568024155	55.9281919863
	31.5690179486	55.9283256409
	31.5807312696	55.9294793024
	31.5924949646	55.9298644059
	31.5995170441	55.9297272792
	31.6067420808	55.9294449916
	31.6114836962	55.9291970148
	31.6231970172	55.9280433533
	31.6348098061	55.9261260741
	31.646272335	55.9234533873
	31.6575355197	55.9200367375
	31.6683996344	55.915953426
	31.7002501288	55.9134903697
	31.7098593097	55.9124870179
	31.7214720986	55.9105697387
	31.7242689691	55.9099902833
	31.7340580844	55.9151988446
	31.7372802752	55.9167482318
	31.7461685198	55.9209138812
	31.7536671933	55.9242220544
	31.7646828031	55.9283680364
	31.7759459878	55.9317846861
	31.7767333186	55.931993741
	31.7872885859	55.9347708406
	31.797963784	55.9372344726
	31.8095765729	55.9391517518
	31.8106061192	55.9392842729
	31.8140561008	55.9410319745
	31.8247769651	55.9458895349
	31.8357925748	55.9500355168
	31.8470557595	55.9534521665
	31.8585182884	55.9561248534
	31.8701310772	55.9580421326
	31.8818443983	55.9591957941
	31.8936080933	55.9595808976
	31.9053717882	55.9591957941
	31.9170851093	55.9580421326
	31.9286978981	55.9561248534
	31.9289755708	55.9560693936
	31.9345297701	55.954955502
	31.9457146263	55.9523382749
	31.9569778109	55.9489216252
	31.9679934207	55.9447756433
	31.978714285	55.9399180829
	31.983759096	55.9373306232
	31.9879247454	55.9351104694
	31.9932601448	55.932149591
	31.9936059978	55.9319494001
	32.0090751712	55.9293901619
	32.0148070595	55.9283462279
	32.0179199767	55.9276983752
	32.0370850158	55.9235327258
	32.0454346275	55.9215078916
	32.0545435812	55.9188073757
	32.0656557944	55.9151910426
	32.0678100253	55.9144749089
	32.078825635	55.910328927
	32.0895464993	55.9054713666
	32.0999267098	55.8999230285
	32.1070722814	55.8955728913
	32.1120771747	55.8949851868
	32.1236899636	55.8930679076
	32.1284524425	55.8920533884
	32.1345635875	55.8906648385
	32.1412636375	55.8890066709
	32.1525268222	55.8855900212
	32.1635424319	55.8814440393
	32.1742632962	55.8765864789
	32.1803220778	55.8733479926
	32.1884223254	55.873082818
	32.2001356464	55.8719291566
	32.2117484352	55.8700118774
	32.2172110476	55.8687859146
	32.2217285637	55.8715950866
	32.2321087741	55.8771434247
	32.2428296384	55.8820009851
	32.2538452482	55.886146967
	32.2651084328	55.8895636167
	32.2765709617	55.8922363036
	32.2874083561	55.8940497842
	32.2935195011	55.8948813882
	32.2942948956	55.8949851868
	32.3060082166	55.8961388483
	32.3177719116	55.8965239518
	32.3246296725	55.8963931699
	32.3610218845	55.8950046201
	32.3659278185	55.8947502985
	32.3776411395	55.893596637
	32.3881448976	55.8918963382
	32.3953623048	55.8905077884
	32.3964713356	55.890290808
	32.4079338645	55.8876181211
	32.4099653021	55.8870610294
	32.411076507	55.8870324607
	32.4124908447	55.8870787613
	32.4190735311	55.8869582642
	32.4208501287	55.8868932006
	32.4232864713	55.887810175
	32.434549656	55.8912268248
	32.4460121849	55.8938995116
	32.4576249737	55.8958167908
	32.4693382948	55.8969704523
	32.4811019897	55.8973555558
	32.4952697754	55.8973555558
	32.5070334704	55.8969704523
	32.5187467914	55.8958167908
	32.5303595802	55.8938995116
	32.5418221092	55.8912268248
	32.5530852938	55.887810175
	32.5641009036	55.8836641931
	32.5748217679	55.8788066327
	32.5798665789	55.876219173
	32.5834405527	55.8743143629
	32.5913772583	55.8745741837
	32.6031409533	55.8741890802
	32.6057043903	55.8740026605
	32.6079166389	55.874443287
	32.6079613426	55.874452185
	32.6195741314	55.8763694642
	32.6312874525	55.8775231256
	32.6430511475	55.8779082291
	32.6569366455	55.8779082291
	32.6687003405	55.8775231256
	32.6756764873	55.8769293252
	32.6995641216	55.8744268838
	32.7043012958	55.8738670228
	32.7126255484	55.8725721244
	32.7259889286	55.8714625139
	32.7345823627	55.8705406068
	32.7347306293	55.8705210244
	32.7725037617	55.8655161416
	32.7839682839	55.8636184447
	32.7954308128	55.8609457579
	32.8066939975	55.8575291081
	32.8177096072	55.8533831262
	32.8230109091	55.8509811376
	32.8253999371	55.8513755677
	32.8371132581	55.8525292291
	32.8488769531	55.8529143326
	32.8606406481	55.8525292291
	32.8723539691	55.8513755677
	32.883966758	55.8494582885
	32.8954292869	55.8467856016
	32.9024756994	55.8447426141
	32.9069236364	55.8433540643
	32.9111404086	55.8419804021
	32.9221560183	55.8378344202
	32.9237304973	55.837121033
	32.9317725564	55.839560565
	32.9432350853	55.8422332519
	32.9538540805	55.8440168764
	32.9599652256	55.8448561098
	32.9609590191	55.8449897645
	32.9726723402	55.8461434259
	32.9844360352	55.8465285294
	32.9961997301	55.8461434259
	33.0079130512	55.8449897645
	33.0131192254	55.8442267297
	33.0200619744	55.8431052087
	33.026468589	55.8419509643
	33.037931118	55.8392782774
	33.0405447935	55.838556787
	33.043515847	55.8391738647
	33.0438665611	55.8392432638
	33.060803817	55.8425773092
	33.0720658917	55.8444251893
	33.0837792127	55.8455788507
	33.0914433041	55.8458297471
	33.0916808994	55.8460522794
	33.1007792299	55.8535190863
	33.1103464328	55.8603748469
	33.1203415397	55.8665902038
	33.1307217502	55.8721385419
	33.1414426145	55.8769961023
	33.1417633803	55.8771286054
	33.1464859755	55.879074101
	33.1571808194	55.8830875798
	33.1684440041	55.8865042295
	33.179906533	55.8891769164
	33.1915193219	55.8910941956
	33.2032326429	55.892247857
	33.2149963379	55.8926329605
	33.218484431	55.8925991352
	33.2263404078	55.8924467564
	33.2528266497	55.8937904847
	33.2619400024	55.8940215104
	33.2802814065	55.8940215104
	33.302004269	55.8961717566
	33.3049731008	55.8986124568
	33.3085894338	55.9013971858
	33.3088328188	55.9015842718
	33.3184000217	55.9084400324
	33.3283951286	55.9146553893
	33.3387753391	55.9202037274
	33.3494962033	55.9250612878
	33.3605118131	55.9292072698
	33.3717749978	55.9326239195
	33.3832375267	55.9352966064
	33.3948503155	55.9372138856
	33.4022246667	55.9380303912
	33.4083358117	55.9385797076
	33.4126747816	55.9389168634
	33.4219631442	55.9392209329
	33.4285532778	55.9446293158
	33.4362764933	55.9502363821
	33.4404345133	55.9530897757
	33.4422785007	55.9543384699
	33.4508611957	55.9596755327
	33.450865365	55.9596799841
	33.4594558628	55.9677258633
	33.4637957958	55.9712875543
	33.4646972901	55.9767478249
	33.467369977	55.9882103538
	33.4707866267	55.9994735385
	33.4749326087	56.0104891482
	33.4797901691	56.0212100125
	33.4853385071	56.0315902229
	33.4894390929	56.0383454514
	33.4913845885	56.0413972092
	33.4934993597	56.0446370877
	33.5003551203	56.0542042906
	33.5078219272	56.0633026211
	33.5158678064	56.0718931189
	33.5244583042	56.0799389981
	33.5335566347	56.087405805
	33.5431238376	56.0942615656
	33.5531189445	56.1004769225
	33.5563268065	56.1022854523
	33.5729894041	56.1114559845
	33.5801617526	56.1151957928
	33.5908826169	56.1200533533
	33.5944608243	56.1214907537
	33.5994580777	56.1234362493
	33.6068954801	56.1261448308
	33.6181586648	56.1295614805
	33.6296211937	56.1322341674
	33.6412339825	56.1341514466
	33.6529473036	56.135305108
	33.6647109985	56.1356902115
	33.6764746935	56.135305108
	33.6881880145	56.1341514466
	33.6974162143	56.1326917814
	33.6983177477	56.1328481216
	33.6995566326	56.1330597195
	33.700033761	56.1335691443
	33.7075176883	56.1406365196
	33.7177944827	56.1497994224
	33.7189010532	56.1507779263
	33.7279993837	56.1582447332
	33.7375665866	56.1651004939
	33.7386561661	56.165778038
	33.7393337102	56.1668676175
	33.7461894709	56.1764348204
	33.7536562778	56.1855331509
	33.761702157	56.1941236487
	33.7672848323	56.1994713703
	33.7739452937	56.2055825153
	33.7769531162	56.2082806729
	33.7860514467	56.2157474798
	33.7956186496	56.2226032404
	33.8056137565	56.2288185973
	33.815993967	56.2343669354
	33.8267148313	56.2392244958
	33.8270355971	56.239356999
	33.8317581923	56.2413024946
	33.8424530362	56.2453159734
	33.8537162209	56.2487326231
	33.8651787498	56.25140531
	33.8706802126	56.2524109683
	33.8823455568	56.2543564639
	33.8884568829	56.2552680848
	33.9001702039	56.2564217462
	33.908230383	56.2567687169
	33.9215665646	56.2570433751
	33.9370337755	56.2566964044
	33.9487470966	56.255542743
	33.9516060088	56.255142995
	33.9666053984	56.2529228412
	33.9753592751	56.25140531
	33.986821804	56.2487326231
	33.9876040913	56.2485211199
	34.0120486714	56.2418530291
	34.0225295687	56.2386478826
	34.0228754885	56.2385300666
	34.0343075032	56.2393703843
	34.035729286	56.2394692316
	34.047492981	56.2398543351
	34.0592566759	56.2394692316
	34.070969997	56.2383155701
	34.074743795	56.2377779986
	34.080006016	56.2369714214
	34.1130978517	56.2492243163
	34.1177368497	56.2508701726
	34.1290000344	56.2542868223
	34.1404625633	56.2569595092
	34.1480497784	56.258300443
	34.1713728375	56.2619091466
	34.1753984112	56.262485492
	34.1871117323	56.2636391534
	34.191481547	56.2638722186
	34.1981572672	56.2641468768
	34.2001618908	56.2641224891
	34.2055511475	56.2642989151
END
END
