Алтайский край
1
	85.3147999275	54.5974892064
	85.5016985206	54.3999393448
	85.5530466551	54.4153358258
	85.5581534768	54.4167852964
	85.5696160057	54.4194579833
	85.5812287945	54.4213752625
	85.5929421156	54.4225289239
	85.6047058105	54.4229140274
	85.6164695055	54.4225289239
	85.6281828266	54.4213752625
	85.6397956154	54.4194579833
	85.6512581443	54.4167852964
	85.662521329	54.4133686467
	85.6735369387	54.4092226648
	85.684257803	54.4043651044
	85.6946380135	54.3988167663
	85.7046331204	54.3926014094
	85.705867718	54.3917690654
	85.719753216	54.382323875
	85.7280858213	54.3763004583
	85.7353174682	54.3704481675
	85.7357400013	54.3700877515
	85.7436497862	54.3643528265
	85.751811701	54.357701533
	85.7554450287	54.3545592992
	85.764203375	54.3482471746
	85.772750638	54.3412616617
	85.7748099596	54.3411385431
	85.7865232807	54.3399848817
	85.7981360695	54.3380676025
	85.8095985984	54.3353949156
	85.8208617831	54.3319782659
	85.8318773928	54.3278322839
	85.8425982571	54.3229747235
	85.8529784676	54.3174263854
	85.8629735745	54.3112110285
	85.869587215	54.3065738031
	86.0102742221	54.2031409445
	86.0123372879	54.2026445462
	86.0168129539	54.2015066709
	86.020637826	54.2004363998
	86.0311291499	54.19737543
	86.0342270008	54.1968315237
	86.0550535951	54.1950154447
	86.062905727	54.1941566346
	86.0728605844	54.1925610543
	86.0743012882	54.1922885176
	86.0844997732	54.1913993981
	86.0923551898	54.1905403016
	86.0975929622	54.1897721596
	86.1078773861	54.1881089516
	86.1142524025	54.1869598144
	86.1228055722	54.1850406938
	86.1550168759	54.1769840531
	86.1579262351	54.1762304869
	86.1691894198	54.1728138371
	86.1712435603	54.1721026787
	86.1806887507	54.1687686333
	86.18965022	54.1653338098
	86.2003710843	54.1604762494
	86.2107512947	54.1549279113
	86.2141251515	54.1529306717
	86.2388443898	54.1379312821
	86.24546564	54.1337131648
	86.2550328428	54.1268574041
	86.258277197	54.1243082727
	86.2658665831	54.1187931341
	86.2729871682	54.1130354998
	86.2779668607	54.1098255305
	86.2875340635	54.1029697699
	86.2891176792	54.1017405369
	86.298642462	54.0949131292
	86.3077407925	54.0874463223
	86.3101543721	54.0852909541
	86.3193249044	54.0769520259
	86.3255018225	54.0710615149
	86.3335477017	54.0624710171
	86.3377195359	54.0575379755
	86.344741788	54.055313532
	86.3557573977	54.05116755
	86.366478262	54.0463099896
	86.3768584725	54.0407616515
	86.3868535794	54.0345462946
	86.3964207823	54.027690534
	86.4055191128	54.0202237271
	86.4141096106	54.0121778479
	86.4153388398	54.0109366217
	86.5257415552	53.8983682686
	86.5385345954	53.8862781427
	86.5421766272	53.8827375403
	86.5502225064	53.8741470425
	86.5576893133	53.865048712
	86.5645450739	53.8554815091
	86.5707604308	53.8454864021
	86.5763087689	53.8351061917
	86.5811663293	53.8243853274
	86.5853123113	53.8133697177
	86.588728961	53.802106533
	86.5914016479	53.7906440041
	86.5933189271	53.7790312152
	86.5944725885	53.7673178942
	86.5945235391	53.7662828835
	86.5999344468	53.7634639452
	86.605488646	53.7604121874
	86.608807325	53.7585427184
	86.6188024319	53.7523273615
	86.6283696348	53.7454716009
	86.6374679654	53.738004794
	86.6420564891	53.7338387467
	86.6464967967	53.7296654679
	86.6504987708	53.725785636
	86.65854465	53.7171951382
	86.6660114569	53.7080968077
	86.6728672175	53.6985296048
	86.6790825744	53.6885344979
	86.682875128	53.6816198061
	86.6894988817	53.6785736233
	86.6946567163	53.6772860281
	86.6976448631	53.6765127745
	86.7089080477	53.6730961247
	86.7126728145	53.6717713982
	86.7134187561	53.6714995826
	86.7516925908	53.6617340618
	86.7588762957	53.6604520301
	86.7711174678	53.6591972853
	86.7762541156	53.6585960267
	86.7871438294	53.6568210368
	86.7887897069	53.656500656
	86.8086452914	53.6545536106
	86.814568935	53.6538734315
	86.8163620536	53.6536281791
	86.8217459948	53.6533562555
	86.823931213	53.6531996575
	86.827543147	53.6536054427
	86.8362314599	53.6559388248
	86.8424221168	53.6582469792
	86.8474426603	53.6600346013
	86.8555712742	53.6625808879
	86.8777880711	53.6689666912
	86.8809226418	53.6698370542
	86.8903847063	53.6721000056
	86.9220619524	53.6787757258
	86.9240624168	53.6791854613
	86.9356752057	53.6811027405
	86.9374347072	53.6813255638
	86.9566747866	53.6858712968
	86.9629418114	53.6872344726
	86.9745546002	53.6891517518
	86.9862679212	53.6903054132
	86.9980316162	53.6906905167
	87.0097953112	53.6903054132
	87.0215086322	53.6891517518
	87.0285244937	53.6880869043
	87.0365963931	53.6866983545
	87.0411933205	53.6858459228
	87.0526558494	53.6831732359
	87.0639190341	53.6797565862
	87.0749346438	53.6756106042
	87.0856555081	53.6707530438
	87.0960357186	53.6652047057
	87.1060308255	53.6589893488
	87.1155980284	53.6521335882
	87.1246963589	53.6446667813
	87.1332868567	53.6366209021
	87.1413327359	53.6280304043
	87.1453291082	53.623312224
	87.1488400601	53.6194244473
	87.156306867	53.6103261167
	87.1631626277	53.6007589139
	87.1693779846	53.5907638069
	87.1749263226	53.5803835965
	87.1778142117	53.5742377151
	87.1793724914	53.5715911385
	87.1849208295	53.561210928
	87.1897783899	53.5504900637
	87.1939243718	53.539474454
	87.1973410215	53.5282112693
	87.2000137084	53.5167487404
	87.2019309876	53.5051359516
	87.203084649	53.4934226305
	87.2034697525	53.4816589355
	87.203084649	53.4698952406
	87.2019309876	53.4581819195
	87.2003512012	53.4483106611
	87.1995119678	53.4438627241
	87.199174475	53.4421211937
	87.1965017881	53.4306586648
	87.1930851384	53.4193954801
	87.1889391565	53.4083798703
	87.1840815961	53.3976590061
	87.178533258	53.3872787956
	87.1723179011	53.3772836887
	87.1672443317	53.3700790757
	87.1639103337	53.3591232633
	87.1597643518	53.3481076535
	87.1549067914	53.3373867893
	87.1493584533	53.3270065788
	87.1431430964	53.3170114719
	87.1362873358	53.307444269
	87.1288205289	53.2983459384
	87.1230130023	53.2920338991
	87.107189638	53.2756383303
	87.1049512854	53.2733598718
	87.0963607876	53.2653139926
	87.0951300838	53.2642445236
	87.0913893801	53.2610235316
	87.0951428624	53.260741478
	87.1051420551	53.2597083924
	87.1167548439	53.2577911132
	87.1282173728	53.2551184263
	87.1394805575	53.2517017766
	87.1504961673	53.2475557947
	87.1612170315	53.2426982343
	87.171597242	53.2371498962
	87.1815923489	53.2309345393
	87.1911595518	53.2240787787
	87.2002578824	53.2166119717
	87.2088483801	53.2085660925
	87.2168942593	53.1999755948
	87.2243610663	53.1908772642
	87.2312168269	53.1813100613
	87.2343957935	53.1763802311
	87.2371576344	53.1719399234
	87.2401940246	53.1668746468
	87.2457423627	53.1564944363
	87.2505999231	53.145773572
	87.254745905	53.1347579623
	87.2581625547	53.1234947776
	87.2608352416	53.1120322487
	87.2627525208	53.1004194599
	87.2639061822	53.0887061388
	87.2642912857	53.0769424438
	87.2642912857	53.0716629028
	87.2639061822	53.0598992079
	87.2627525208	53.0481858868
	87.2608352416	53.036573098
	87.2581625547	53.0251105691
	87.254745905	53.0138473844
	87.2505999231	53.0028317746
	87.2481180791	52.9971216674
	87.2480636352	52.9968468406
	87.2453909483	52.9853843117
	87.2419742986	52.9741211271
	87.2378283166	52.9631055173
	87.2329707562	52.952384653
	87.2274224181	52.9420044426
	87.2212070612	52.9320093356
	87.2143513006	52.9224421328
	87.2078050342	52.9144017693
	87.2075249567	52.9087837904
	87.2063712952	52.8970704693
	87.204454016	52.8854576805
	87.2017813291	52.8739951516
	87.1984451042	52.8629694343
	87.2146398471	52.8377587701
	87.2190758605	52.8304793831
	87.2246241986	52.8200991727
	87.2276736414	52.8135908365
	87.3323311015	52.7087557651
	87.3402691983	52.7002731411
	87.3477360052	52.6911748106
	87.3545917658	52.6816076077
	87.3608071227	52.6716125008
	87.3663554608	52.6612322903
	87.3712130212	52.650511426
	87.3753590032	52.6394958163
	87.3787756529	52.6282326316
	87.3814483398	52.6167701027
	87.383365619	52.6051573139
	87.3845192804	52.5934439928
	87.3849043839	52.5816802979
	87.3845192804	52.5699166029
	87.383365619	52.5582032818
	87.3814483398	52.546590493
	87.3787756529	52.5351279641
	87.3753590032	52.5238647794
	87.3712130212	52.5128491697
	87.3663554608	52.5021283054
	87.3608071227	52.4917480949
	87.3545917658	52.481752988
	87.3477360052	52.4721857851
	87.3402691983	52.4630874546
	87.3322233191	52.4544969568
	87.3236328213	52.4464510776
	87.3145344908	52.4389842707
	87.3049672879	52.43212851
	87.294972181	52.4259131531
	87.2845919705	52.4203648151
	87.2738711062	52.4155072547
	87.2628554965	52.4113612727
	87.2515923118	52.407944623
	87.2401297829	52.4052719361
	87.228516994	52.4033546569
	87.216803673	52.4022009955
	87.205039978	52.401815892
	87.1992899648	52.4019078254
	87.1911799184	52.4021672248
	87.1851662367	52.4024603949
	87.1783069735	52.4030419893
	87.1596912509	52.4049798555
	87.154837193	52.4055519225
	87.1432244041	52.4074692017
	87.1317618752	52.4101418886
	87.1313599705	52.4102500772
	87.1210908055	52.4130271768
	87.1102295255	52.416335638
	87.0992139158	52.4204816199
	87.0884930515	52.4253391803
	87.078112841	52.4308875184
	87.0681177341	52.4371028753
	87.0585505312	52.4439586359
	87.0494522007	52.4514254428
	87.0448636769	52.4555914901
	87.0404233693	52.4597647689
	87.0364213953	52.4636446008
	87.0346501382	52.4655357527
	86.9825832269	52.4567833219
	86.9762434345	52.4558334472
	86.9645301134	52.4546797858
	86.9527664185	52.4542946823
	86.9445521739	52.4544823487
	86.9403906259	52.4546726014
	86.9338360419	52.4444663423
	86.9320453791	52.441732999
	86.9251896185	52.4321657961
	86.9244881727	52.4313110819
	86.9283726866	52.4285274786
	86.9374710171	52.4210606717
	86.9460615149	52.4130147925
	86.9541073941	52.4044242947
	86.961574201	52.3953259642
	86.9684299616	52.3857587613
	86.9746453185	52.3757636543
	86.9801936566	52.3653834439
	86.985051217	52.3546625796
	86.989197199	52.3436469699
	86.9926138487	52.3323837852
	86.9952865356	52.3209212563
	86.9972038148	52.3093084674
	86.9983574762	52.2975951464
	86.9987425797	52.2858314514
	86.9983574762	52.2740677564
	86.9972038148	52.2623544354
	86.9952865356	52.2507416466
	86.9952332297	52.2504747158
	86.9973440733	52.2432114219
	87.0000167602	52.231748893
	87.0019340394	52.2201361041
	87.0030877008	52.2084227831
	87.003306865	52.2043834401
	87.0044054978	52.1788249685
	87.0043832704	52.1768485139
	87.0045714371	52.1711006165
	87.0041863336	52.1593369215
	87.0030326722	52.1476236004
	87.001115393	52.1360108116
	87.0000995297	52.131242418
	86.9945453305	52.1068016526
	86.9928885069	52.1001075173
	86.9894718572	52.0888443326
	86.9853258752	52.0778287229
	86.9804683148	52.0671078586
	86.9749199767	52.0567276481
	86.9687046198	52.0467325412
	86.9618488592	52.0371653383
	86.9543820523	52.0280670078
	86.9502886488	52.0235558216
	86.9377764417	52.0102272694
	86.9338239661	52.0061479578
	86.9252334683	51.9981020786
	86.9161351377	51.9906352716
	86.9065679349	51.983779511
	86.9008524047	51.9801146383
	86.856128894	51.9526144857
	86.8518493172	51.9500640015
	86.8414691067	51.9445156635
	86.8307482425	51.939658103
	86.8197326327	51.9355121211
	86.808469448	51.9320954714
	86.7970069191	51.9294227845
	86.7853941303	51.9275055053
	86.7736808092	51.9263518439
	86.7619171143	51.9259667404
	86.7501534193	51.9263518439
	86.7384400982	51.9275055053
	86.734506918	51.9280675796
	86.700345668	51.9333350626
	86.6396725731	51.9303430612
	86.6190499037	51.9305098639
	86.6073365826	51.9316635253
	86.6058495853	51.9318656065
	86.6033352907	51.9322179849
	86.6000980525	51.9270120822
	86.5932422918	51.9174448794
	86.5857754849	51.9083465488
	86.5777296057	51.899756051
	86.5691391079	51.8917101718
	86.5600407774	51.8842433649
	86.5504735745	51.8773876043
	86.5404784676	51.8711722474
	86.5300982571	51.8656239093
	86.5193773928	51.8607663489
	86.5083617831	51.856620367
	86.5078084268	51.8564335292
	86.4722554482	51.8444935267
	86.4615456199	51.8412637148
	86.450083091	51.8385910279
	86.4384703021	51.8366737487
	86.4293316329	51.8357074035
	86.3529156172	51.8295962584
	86.3503409655	51.8294089423
	86.3385772705	51.8290238388
	86.3333307532	51.8291003736
	86.2572504309	51.8313205275
	86.2507332533	51.8316290961
	86.2390199322	51.8327827575
	86.2274071434	51.8347000367
	86.2162207113	51.8372989787
	86.1525915609	51.8542400493
	86.1523154641	51.8543137941
	86.1410522794	51.8577304439
	86.1300366697	51.8618764258
	86.1193158054	51.8667339862
	86.1089355949	51.8722823243
	86.1067667711	51.8735547915
	86.0778818835	51.890774335
	86.0777130468	51.890875111
	86.0502565788	51.8936643722
	86.0491868123	51.8811136146
	86.0482978699	51.8729119916
	86.0463805907	51.8612992027
	86.0437079039	51.8498366738
	86.0402912541	51.8385734891
	86.0361452722	51.8275578794
	86.0312877118	51.8168370151
	86.0257393737	51.8064568046
	86.0195240168	51.7964616977
	86.0126682562	51.7868944948
	86.0052014493	51.7777961643
	85.9971555701	51.7692056665
	85.9885650723	51.7611597873
	85.9794667417	51.7536929804
	85.9698995389	51.7468372198
	85.9626259155	51.7422251374
	85.9492394267	51.7341797533
	85.9457451721	51.727835894
	85.9395298152	51.717840787
	85.9326740545	51.7082735842
	85.9252072476	51.6991752536
	85.921972533	51.6955852218
	85.9217391723	51.6943909385
	85.9190664854	51.6829284096
	85.9156498357	51.671665225
	85.9115038537	51.6606496152
	85.9066462933	51.6499287509
	85.9010979553	51.6395485405
	85.8948825984	51.6295534335
	85.8880268377	51.6199862307
	85.8805600308	51.6108879001
	85.8725141516	51.6022974023
	85.8639236538	51.5942515231
	85.8548253233	51.5867847162
	85.8452581204	51.5799289556
	85.8352630135	51.5737135987
	85.824882803	51.5681652606
	85.8141619387	51.5633077002
	85.803146329	51.5591617183
	85.7918831443	51.5557450686
	85.7804206154	51.5530723817
	85.7688078266	51.5511551025
	85.7570945055	51.550001441
	85.7453308105	51.5496163375
	85.7335671156	51.550001441
	85.7218537945	51.5511551025
	85.7167819865	51.5518964841
	85.6954757807	51.5553217152
	85.690547503	51.5524258779
	85.6893584725	51.5517333131
	85.678978262	51.546184975
	85.6682573977	51.5413274146
	85.6664277222	51.5405812862
	85.6658481999	51.5388450956
	85.661702218	51.5278294858
	85.6568446576	51.5171086215
	85.6512963195	51.5067284111
	85.6450809626	51.4967333041
	85.638225202	51.4871661013
	85.6319624048	51.479454905
	85.6047559839	51.4477852883
	85.6035519742	51.446398154
	85.595506095	51.4378076562
	85.5869155972	51.429761777
	85.5778172666	51.4222949701
	85.5682500638	51.4154392095
	85.5582549568	51.4092238526
	85.5478747464	51.4036755145
	85.5371538821	51.3988179541
	85.5261382724	51.3946719722
	85.5156262171	51.3914583293
	85.4850628626	51.3831270305
	85.4843117332	51.3829240236
	85.4728492043	51.3802513368
	85.4612364154	51.3783340576
	85.4495230944	51.3771803961
	85.4377593994	51.3767952926
	85.4259957044	51.3771803961
	85.4237319692	51.3774015867
	85.4188400357	51.372819791
	85.4176343985	51.3717719099
	85.4037641592	51.3598242781
	85.3958714659	51.3534053522
	85.386304263	51.3465495916
	85.3763091561	51.3403342347
	85.3721198636	51.3379895272
	85.3132209378	51.306049067
	85.3070300198	51.3028454364
	85.2963091555	51.297987876
	85.2852935458	51.2938418941
	85.2740303611	51.2904252443
	85.2625678322	51.2877525575
	85.2509550434	51.2858352783
	85.2443238863	51.2850871312
	85.2265626558	51.2834162938
	85.2214804919	51.2830107794
	85.2097167969	51.2826256759
	85.1979531019	51.2830107794
	85.1862397809	51.2841644409
	85.174626992	51.2860817201
	85.1631644631	51.2887544069
	85.1519012784	51.2921710567
	85.1408856687	51.2963170386
	85.1301648044	51.301174599
	85.1197845939	51.3067229371
	85.109789487	51.312938294
	85.1027421936	51.3178953421
	85.0781090958	51.3155180352
	85.066846719	51.303910649
	85.0649427405	51.3019777307
	85.0563522427	51.2939318515
	85.0472539122	51.2864650446
	85.0376867093	51.279609284
	85.0287109946	51.2739869379
	85.017327938	51.2673150324
	85.0163085457	51.2667220215
	85.0059283353	51.2611736835
	84.995207471	51.2563161231
	84.9841918612	51.2521701411
	84.9729286765	51.2487534914
	84.9614661476	51.2460808045
	84.9498533588	51.2441635253
	84.9381400378	51.2430098639
	84.9263763428	51.2426247604
	84.9146126478	51.2430098639
	84.9092247485	51.2434444028
	84.8828153501	51.2459742913
	84.8366368966	51.2339649632
	84.826456382	51.2316307313
	84.8148435932	51.2297134521
	84.8104932822	51.2291945414
	84.7735736433	51.2252461346
	84.749330772	51.2082559124
	84.7460302151	51.2059970708
	84.7360351082	51.1997817139
	84.7256548978	51.1942333759
	84.7149340335	51.1893758154
	84.7039184237	51.1852298335
	84.6960613447	51.1827618255
	84.6271036554	51.1628238794
	84.6216293423	51.1578196384
	84.6125310118	51.1503528315
	84.6029638089	51.1434970708
	84.592968702	51.1372817139
	84.5825884915	51.1317333759
	84.572238652	51.1270439246
	84.5744190824	51.1262280137
	84.5802141848	51.1239443445
	84.5909350491	51.1190867841
	84.6013152596	51.113538446
	84.6113103665	51.1073230891
	84.6208775694	51.1004673285
	84.6235381567	51.0983858027
	84.6385222876	51.0864343562
	84.6449600308	51.081049075
	84.6535505286	51.0730031958
	84.6615964078	51.064412698
	84.6690632147	51.0553143675
	84.6759189753	51.0457471646
	84.6821343322	51.0357520577
	84.6876826703	51.0253718472
	84.6900101669	51.0204668895
	84.6921826847	51.0157042449
	84.700581854	51.0096355719
	84.7096801846	51.002168765
	84.7182706824	50.9941228858
	84.720917927	50.9914193564
	84.7336971628	50.9780908041
	84.7390957974	50.9722038357
	84.7465626043	50.9631055052
	84.753418365	50.9535383023
	84.7596337219	50.9435431954
	84.7651820599	50.9331629849
	84.7700396203	50.9224421206
	84.7741856023	50.9114265109
	84.7742006888	50.9113820482
	84.7800448051	50.8941510607
	84.7834463682	50.8829323387
	84.7861190551	50.8714698097
	84.7880363343	50.8598570209
	84.7891899957	50.8481436999
	84.7895750992	50.8363800049
	84.7891899957	50.8246163099
	84.7886985137	50.8186440335
	84.7867453887	50.7989334928
	84.7860832093	50.7931924481
	84.7841659301	50.7815796593
	84.7814932432	50.7701171303
	84.7780765935	50.7588539457
	84.7739306116	50.7478383359
	84.7690730511	50.7371174716
	84.768680907	50.7363271741
	84.758411742	50.7157583264
	84.753255548	50.7061684135
	84.7470401911	50.6961733066
	84.7412561434	50.6880171237
	84.73943479	50.677121804
	84.7367621031	50.6656592751
	84.7333454534	50.6543960904
	84.7291994714	50.6433804807
	84.724341911	50.6326596164
	84.7187935729	50.622279406
	84.712578216	50.612284299
	84.7057224554	50.6027170961
	84.6982556485	50.5936187656
	84.6944049157	50.5893665947
	84.6741412439	50.5676952995
	84.6699460974	50.5633569726
	84.6613555996	50.5553110934
	84.6522572691	50.5478442865
	84.6426900662	50.5409885259
	84.6326949593	50.534773169
	84.6223147488	50.5292248309
	84.6115938845	50.5243672705
	84.6005782748	50.5202212886
	84.5893150901	50.5168046389
	84.5778525612	50.514131952
	84.5662397724	50.5122146728
	84.5640031084	50.5119344573
	84.5290070756	50.5077726226
	84.5195304186	50.5068991766
	84.5077667236	50.5065140731
	84.4960030287	50.5068991766
	84.4842897076	50.5080528381
	84.4726769188	50.5099701173
	84.4612143899	50.5126428042
	84.4536240911	50.5148565275
	84.4085580422	50.4983354235
	84.4044646884	50.4968906001
	84.3932015037	50.4934739504
	84.3817389748	50.4908012635
	84.3701261859	50.4888839843
	84.3700497023	50.4888739317
	84.2980968825	50.479432556
	84.2864600451	50.4782889472
	84.2746963501	50.4779038437
	84.2719836966	50.4779243005
	84.1864132943	50.4792149908
	84.1792673061	50.477330351
	84.1737802602	50.4741256459
	84.1730010506	50.4736731629
	84.1626208401	50.4681248248
	84.1518999759	50.4632672644
	84.1408843661	50.4591212825
	84.1296211814	50.4557046328
	84.1181586525	50.4530319459
	84.1065458637	50.4511146667
	84.0948325426	50.4499610053
	84.0830688477	50.4495759018
	84.0713051527	50.4499610053
	84.0595918316	50.4511146667
	84.0479790428	50.4530319459
	84.0365165139	50.4557046328
	84.0252533292	50.4591212825
	84.0142377195	50.4632672644
	84.0035168552	50.4681248248
	83.9931366447	50.4736731629
	83.9914908718	50.4746350143
	83.9804511379	50.481165776
	83.9721018039	50.4864192815
	83.962534601	50.4932750421
	83.9534362705	50.5007418491
	83.9448457727	50.5087877283
	83.9367998935	50.517378226
	83.9293330866	50.5264765566
	83.922477326	50.5360437595
	83.9210801812	50.53816706
	83.8994127546	50.551560015
	83.8986021539	50.5520532484
	83.8972531873	50.5524976256
	83.8957138343	50.5530124311
	83.8846982245	50.5571584131
	83.8739773602	50.5620159735
	83.8635971498	50.5675643116
	83.8536020428	50.5737796685
	83.84403484	50.5806354291
	83.8349365094	50.588102236
	83.8305895344	50.5920416792
	83.824951417	50.5973212153
	83.8207078943	50.6014276514
	83.8126620151	50.6100181491
	83.8051952082	50.6191164797
	83.8000164655	50.6262183319
	83.7949581769	50.6335234772
	83.793281159	50.6359888278
	83.787296747	50.6455851073
	83.7839092958	50.6514177794
	83.7836783509	50.6518166069
	83.7781300128	50.6621968173
	83.7732724524	50.6729176816
	83.7691264705	50.6839332914
	83.7657098208	50.695196476
	83.7640426185	50.7023467164
	83.7520078753	50.7109666442
	83.7158794171	50.7123872036
	83.711182472	50.7126334296
	83.699469151	50.713787091
	83.6878563621	50.7157043702
	83.6860476138	50.7160738122
	83.6725435854	50.7189043176
	83.6628898049	50.7212075625
	83.6516266202	50.7246242122
	83.6497204622	50.7252832071
	83.6343319734	50.7307000772
	83.6252225217	50.7341870642
	83.6145016574	50.7390446246
	83.604121447	50.7445929627
	83.59412634	50.7508083196
	83.5922528793	50.752077244
	83.5735608602	50.764909893
	83.5658671181	50.7704967293
	83.5656767686	50.7706429915
	83.5554894159	50.7710211873
	83.5437760949	50.7721748487
	83.532163306	50.7740921279
	83.5207007771	50.7767648148
	83.5192432212	50.7771619336
	83.5145942004	50.7767966376
	83.5115778118	50.7766243629
	83.5002176434	50.7760712318
	83.4984301877	50.7760862449
	83.4914703369	50.775858403
	83.485050701	50.7759730028
	83.4843030203	50.7759997057
	83.4789589613	50.7762702094
	83.4672456402	50.7774238708
	83.4556328514	50.77934115
	83.4441703225	50.7820138369
	83.4432051013	50.7822753451
	83.4271757434	50.7866660617
	83.4168777799	50.7898212031
	83.4058621701	50.7939671851
	83.3951413059	50.7988247455
	83.3857115601	50.8038281854
	83.3806210324	50.8053974975
	83.3757934903	50.806960638
	83.3647778806	50.8111066199
	83.3540570163	50.8159641803
	83.3436768059	50.8215125184
	83.3366741128	50.8258670728
	83.3307021202	50.8272415022
	83.3178975538	50.8282705415
	83.3088288922	50.8292312743
	83.3009662302	50.8304438749
	83.2870028262	50.8329146618
	83.2849936519	50.8325948726
	83.2848257419	50.8325682286
	83.2810978473	50.830835886
	83.269760567	50.8257241916
	83.264662427	50.8235196448
	83.2536468173	50.8193736629
	83.2423836326	50.8159570131
	83.2309211037	50.8132843263
	83.2193083148	50.8113670471
	83.2102632299	50.8104082105
	83.2044343725	50.8099390028
	83.2017661364	50.8097441779
	83.1900024414	50.8093590744
	83.185109781	50.8095192435
	83.1766790189	50.8034778448
	83.1666839119	50.7972624879
	83.1563037015	50.7917141498
	83.1556575418	50.7913971048
	83.1503858523	50.7888235693
	83.1497014798	50.7883640142
	83.1397063729	50.7821486573
	83.1293261624	50.7766003192
	83.1186052981	50.7717427588
	83.1165828391	50.7709193762
	83.114776907	50.7700161517
	83.1040560427	50.7651585913
	83.099830101	50.7635680595
	83.0927708799	50.7577747065
	83.0832036771	50.7509189458
	83.0773268297	50.7471549973
	83.0734816627	50.7447150047
	83.0670440193	50.7408164124
	83.0566638089	50.7352680743
	83.0459429446	50.7304105139
	83.0349273349	50.726264532
	83.0337868802	50.7258816484
	83.0260888212	50.7233258013
	83.0159660911	50.7202920351
	83.0045035622	50.7176193482
	82.9928907733	50.715702069
	82.9897400764	50.7153155245
	82.9811875251	50.7143427766
	82.972624901	50.7135756598
	82.9608612061	50.7131905563
	82.9490975111	50.7135756598
	82.9475509726	50.7136837209
	82.938914498	50.7143245901
	82.9287477154	50.7153701904
	82.9171349266	50.7172874696
	82.9056723977	50.7199601564
	82.894409213	50.7233768062
	82.8895827592	50.7250921902
	82.8808833248	50.7283243251
	82.8643995214	50.7308632286
	82.8634709335	50.7294477899
	82.8626331477	50.7281824313
	82.8557773871	50.7186152285
	82.8483105801	50.7095168979
	82.8402647009	50.7009264001
	82.8316742032	50.6928805209
	82.8225758726	50.685413714
	82.8211147045	50.6843043138
	82.801224873	50.6693621447
	82.7931188382	50.6636157842
	82.7831237313	50.6574004273
	82.7795981503	50.6554174526
	82.7562674618	50.6426382168
	82.7494128323	50.6390728534
	82.738691968	50.634215293
	82.7378213929	50.6338573549
	82.7263825026	50.6291891946
	82.6367728191	50.5925462831
	82.6265105868	50.5887103633
	82.6152474021	50.5852937136
	82.6037848732	50.5826210267
	82.6006977535	50.582034946
	82.5820896603	50.578670383
	82.5735639911	50.5773391845
	82.5618506701	50.5761855231
	82.5581062907	50.5759792805
	82.5573188553	50.5759441374
	82.5550384188	50.5751529292
	82.5437752342	50.5717362795
	82.5323127052	50.5690635926
	82.5206999164	50.5671463134
	82.5089865954	50.565992652
	82.5023511752	50.5656806718
	82.4887098178	50.5652915726
	82.488429067	50.565283784
	82.485316274	50.5651998607
	82.468705055	50.5655196295
	82.456991734	50.566673291
	82.4559953924	50.5668072955
	82.4474962469	50.5679745929
	82.4368797996	50.5697578675
	82.4261709036	50.572230369
	82.4181447806	50.5743437112
	82.4173911477	50.5745438967
	82.406127963	50.5779605464
	82.4054194998	50.5782026828
	82.4039959874	50.577946104
	82.395634171	50.5764736308
	82.387917934	50.5752868774
	82.3762046129	50.574133216
	82.374251484	50.5740158666
	82.3655921212	50.5735428442
	82.3557815552	50.57327509
	82.3442956296	50.5736422034
	82.3356515256	50.5741953345
	82.3353737562	50.5742133246
	82.3236604352	50.575366986
	82.3128154804	50.5771332692
	82.3045146992	50.5787468861
	82.3037468651	50.5788978822
	82.297910502	50.5801598672
	82.2966000365	50.5796917301
	82.2766873168	50.5726650577
	82.2746505404	50.5719600276
	82.2633873557	50.5685433779
	82.2519248268	50.565870691
	82.2429961569	50.5643273753
	82.2138823874	50.5600472849
	82.2111982685	50.5596733215
	82.1994849474	50.55851966
	82.1877212524	50.5581345565
	82.1826732027	50.5582054094
	82.1727549898	50.5584838823
	82.1660393446	50.5587981329
	82.1543260235	50.5599517944
	82.1427132347	50.5618690736
	82.1312507058	50.5645417605
	82.1204909765	50.5677883391
	82.1027916639	50.5680754767
	82.0910783429	50.5692291381
	82.079465554	50.5711464173
	82.0698932823	50.573323601
	82.0644764121	50.5747121508
	82.062586155	50.575207654
	82.0513229703	50.5786243037
	82.0403073606	50.5827702857
	82.0399530411	50.5829174926
	82.0136163711	50.5938923766
	82.0032498264	50.5986027301
	81.9928696159	50.6041510682
	81.982874509	50.6103664251
	81.9789122822	50.6130912104
	81.9662210884	50.6220710453
	81.9510728917	50.6230044908
	81.9508996626	50.6230152492
	81.9351066975	50.6240037243
	81.915410884	50.6251978513
	81.9034288543	50.6258216912
	81.9010170667	50.6259635077
	81.8973731344	50.6262395469
	81.8923273836	50.6237686973
	81.892073792	50.6236447629
	81.8827354131	50.6190900143
	81.8727175418	50.6145772315
	81.861701932	50.6104312495
	81.8504387473	50.6070145998
	81.8389762184	50.6043419129
	81.8273634296	50.6024246337
	81.8209131614	50.6017893378
	81.8208465243	50.6017642573
	81.8095833396	50.5983476076
	81.7981208107	50.5956749207
	81.7865080219	50.5937576415
	81.7839505479	50.5934395665
	81.7498606049	50.5894475649
	81.7400855334	50.5882937736
	81.7399990844	50.5882835909
	81.7118618774	50.5849762483
	81.702628258	50.5841315375
	81.6966248676	50.5838386969
	81.6876141012	50.5835499716
	81.649895352	50.5769739866
	81.6424803119	50.5758400085
	81.6307669909	50.5746863471
	81.6262805739	50.5744485225
	81.6002795974	50.573395666
	81.5930023193	50.5732483871
	81.5812386244	50.5736334906
	81.5737377151	50.5742830429
	81.5318420738	50.5787962905
	81.5279121028	50.5787551977
	81.5278177306	50.5787542357
	81.5166788146	50.5786436094
	81.516573661	50.5786425958
	81.4810664589	50.5783107172
	81.4802904696	50.5783324907
	81.479385376	50.578302861
	81.467621681	50.5786879645
	81.4581648429	50.5795590546
	81.4305845816	50.5828358796
	81.4283280987	50.5831184509
	81.4167153099	50.5850357301
	81.405252781	50.5877084169
	81.3939895963	50.5911250667
	81.3829739866	50.5952710486
	81.3722531223	50.600128609
	81.3618729118	50.6056769471
	81.3616002784	50.6058346705
	81.3591588721	50.6072499232
	81.3494363986	50.6133075567
	81.3398691958	50.6201633173
	81.3307708652	50.6276301242
	81.3221803674	50.6356760034
	81.3141344882	50.6442665012
	81.3066676813	50.6533648317
	81.2998119207	50.6629320346
	81.2935965638	50.6729271416
	81.2880482257	50.683307352
	81.2831906653	50.6940282163
	81.2790446834	50.705043826
	81.2756280336	50.7163070107
	81.2729553468	50.7277695396
	81.2710380676	50.7393823285
	81.2698844061	50.7510956495
	81.2694993026	50.7628593445
	81.2695694095	50.7678807524
	81.2698897463	50.7793505885
	81.267610652	50.7787867977
	81.259508445	50.7769798524
	81.2570819946	50.7765145027
	81.2038288207	50.7666802132
	81.1946424823	50.7652282836
	81.1829291613	50.7640746222
	81.1711654663	50.7636895187
	81.1677275103	50.7637223785
	81.108065645	50.764862973
	81.1080183683	50.764863883
	81.0708174405	50.7655848608
	81.0625389784	50.7659361945
	81.0508256573	50.7670898559
	81.0392128685	50.7690071351
	81.0277503396	50.771679822
	81.0164871549	50.7750964717
	81.0054715451	50.7792424536
	80.9947506809	50.784100014
	80.9843704704	50.7896483521
	80.9743753635	50.795863709
	80.9648081606	50.8027194696
	80.9557098301	50.8101862766
	80.9471193323	50.8182321557
	80.9390734531	50.8268226535
	80.9316066462	50.8359209841
	80.9247508855	50.845488187
	80.9185355286	50.8554832939
	80.9129871906	50.8658635043
	80.9081296301	50.8765843686
	80.9039836482	50.8875999784
	80.9005669985	50.8988631631
	80.8994834186	50.9031138103
	80.8963782551	50.9159464519
	80.894789148	50.9231583336
	80.8928718688	50.9347711224
	80.8917388291	50.9461739332
	80.890151915	50.9697602064
	80.8901312933	50.9700707166
	80.8897461898	50.9818344116
	80.8901312933	50.9935981066
	80.8912849548	51.0053114276
	80.893202234	51.0169242165
	80.8958749209	51.0283867454
	80.8991924908	51.0393233079
	80.8865687522	51.042260546
	80.8807776833	51.0437096987
	80.8695144986	51.0471263484
	80.8584988889	51.0512723303
	80.8501240417	51.0549940213
	80.8411823913	51.059243594
	80.8388363742	51.0603794635
	80.8284561638	51.0659278016
	80.8184610568	51.0721431585
	80.808893854	51.0789989191
	80.7997955234	51.086465726
	80.7925703186	51.0931608136
	80.7921829557	51.0932918147
	80.7811673459	51.0974377966
	80.7708697822	51.1021035621
	80.7643948697	51.0942138584
	80.7563489905	51.0856233606
	80.7477584927	51.0775774814
	80.7474001011	51.0772640186
	80.7406786045	51.0714008289
	80.7319386656	51.0642474848
	80.7223714627	51.0573917242
	80.7123763558	51.0511763673
	80.7019961453	51.0456280292
	80.691275281	51.0407704688
	80.6802596713	51.0366244868
	80.6689964866	51.0332078371
	80.6585397827	51.0307696757
	80.6581704034	51.019486305
	80.657016742	51.007772984
	80.6550994628	50.9961601951
	80.6524267759	50.9846976662
	80.6490101262	50.9734344816
	80.6486877364	50.9724933112
	80.6483132257	50.962681648
	80.6471595643	50.950968327
	80.6452422851	50.9393555382
	80.6425695982	50.9278930092
	80.6391529485	50.9166298246
	80.6350069665	50.9056142148
	80.6301494061	50.8948933505
	80.6246010681	50.8845131401
	80.6183857111	50.8745180331
	80.6115299505	50.8649508303
	80.6040631436	50.8558524997
	80.5960172644	50.8472620019
	80.5874267666	50.8392161227
	80.5783284361	50.8317493158
	80.5687612332	50.8248935552
	80.5587661263	50.8186781983
	80.5483859158	50.8131298602
	80.5376650515	50.8082722998
	80.5266494418	50.8041263179
	80.5153862571	50.8007096682
	80.5039237282	50.7980369813
	80.4924784669	50.7961418376
	80.4912847318	50.7953372808
	80.4812896248	50.7891219239
	80.4761444813	50.7862625921
	80.4665954187	50.7803443123
	80.4562152083	50.7747959742
	80.445494344	50.7699384138
	80.4344787342	50.7657924318
	80.4232155496	50.7623757821
	80.4117530206	50.7597030952
	80.4001402318	50.757785816
	80.3884269108	50.7566321546
	80.3766632158	50.7562470511
	80.3750450877	50.7562543299
	80.3688027	50.7544602785
	80.3573401711	50.7517875916
	80.3532270558	50.7511085136
	80.3484093566	50.7420952324
	80.3421939997	50.7321001254
	80.3353382391	50.7225329226
	80.3278714322	50.713434592
	80.319825553	50.7048440942
	80.3112350552	50.696798215
	80.3021367247	50.6893314081
	80.2925695218	50.6824756475
	80.2825744148	50.6762602906
	80.2721942044	50.6707119525
	80.2614733401	50.6658543921
	80.2504577304	50.6617084102
	80.2391945457	50.6582917605
	80.2277320168	50.6556190736
	80.2270687591	50.6555095693
	80.2213932318	50.6475893801
	80.2139264249	50.6384910495
	80.2058805457	50.6299005517
	80.1972900479	50.6218546725
	80.1881917173	50.6143878656
	80.1786245145	50.607532105
	80.1686294075	50.6013167481
	80.1582491971	50.59576841
	80.1475283328	50.5909108496
	80.136512723	50.5867648677
	80.1252495384	50.583348218
	80.1137870094	50.5806755311
	80.1021742206	50.5787582519
	80.0904608996	50.5776045905
	80.0786972046	50.577219487
	80.0669335096	50.5776045905
	80.0552201886	50.5787582519
	80.0436073997	50.5806755311
	80.0321448708	50.583348218
	80.0208816861	50.5867648677
	80.0098660764	50.5909108496
	79.9991452121	50.59576841
	79.9887650017	50.6013167481
	79.9787698947	50.607532105
	79.9692026919	50.6143878656
	79.9601043613	50.6218546725
	79.9515138635	50.6299005517
	79.9476380824	50.633898216
	79.9371934413	50.6450104291
	79.9330233432	50.6496032627
	79.9255565363	50.6587015932
	79.9190818178	50.6677008667
	79.8992774377	50.6970976238
	79.8935915002	50.7025400171
	79.885545621	50.7111305149
	79.8838554547	50.7130859454
	79.8631415455	50.7374017774
	79.847646217	50.7555531223
	79.8475108617	50.7557118648
	79.8315654271	50.774434399
	79.8258022028	50.7815615481
	79.8189464422	50.7911287509
	79.8127310853	50.8011238579
	79.8112855565	50.8036754005
	79.8088384098	50.8080782337
	79.8035220004	50.8138793857
	79.7960551935	50.8229777163
	79.7936639026	50.8261666571
	79.7493890415	50.8865936013
	79.748527105	50.8877608904
	79.7464733625	50.890158567
	79.7340953154	50.9045730759
	79.7278560358	50.9122568911
	79.7260749293	50.9146180181
	79.7049643946	50.9430871038
	79.7049471148	50.9431104108
	79.6951433428	50.9563359662
	79.6950908783	50.9564067786
	79.6914201468	50.9613637705
	79.6802803074	50.9763763557
	79.6772106426	50.9806420262
	79.6770962017	50.9808060581
	79.6750560613	50.983793851
	79.6688407044	50.993788958
	79.6634206047	51.0039096534
	79.6462661762	51.0227541498
	79.6440447665	51.0252403171
	79.6365779596	51.0343386477
	79.629722199	51.0439058505
	79.6293484622	51.0444674643
	79.6125500044	51.0698134106
	79.561738612	51.1370219261
	79.5385199545	51.165556076
	79.5382107916	51.1658362691
	79.531813241	51.1719270715
	79.5237673618	51.1805175693
	79.5163005548	51.1896158999
	79.5094447942	51.1991831027
	79.5032294373	51.2091782097
	79.5008742946	51.2133867478
	79.4696962587	51.2528745562
	79.4681667047	51.2548395937
	79.4613109441	51.2644067966
	79.4550955872	51.2744019035
	79.4536073572	51.2770303172
	79.4475930137	51.2878636139
	79.4461503992	51.2892900476
	79.43810452	51.2978805454
	79.430637713	51.3069788759
	79.4237819524	51.3165460788
	79.4198865688	51.3226375209
	79.4164462469	51.3282633831
	79.4115432651	51.3324107028
	79.4029527673	51.340456582
	79.3949068881	51.3490470798
	79.3874400812	51.3581454104
	79.3805843206	51.3677126132
	79.3794837242	51.3693797397
	79.3528699825	51.4101838936
	79.3048981186	51.4731162363
	79.2182504746	51.5862038465
	79.1300727277	51.700686371
	79.125486947	51.7049814233
	79.1174410678	51.7135719211
	79.1114869394	51.7207265908
	79.1034837045	51.7308660561
	79.1033447115	51.7310423754
	79.0810363619	51.7593779467
	79.0796626764	51.7611452883
	79.0728069158	51.7707124911
	79.0705282332	51.7742099677
	79.0692461826	51.7756561191
	79.0617793756	51.7847544497
	79.0609640639	51.785825256
	79.0334428436	51.8222527802
	78.9881036564	51.8745977207
	78.9778271215	51.8864507277
	78.9767791381	51.887645544
	78.9767702914	51.8876556308
	78.9693034845	51.8967539614
	78.9653100972	51.902164757
	78.9597833457	51.9099538327
	78.9409166611	51.9260878937
	78.9379480266	51.9286197466
	78.9360717685	51.9302424289
	78.9274812707	51.9382883081
	78.9194353915	51.9468788059
	78.9119685846	51.9559771364
	78.905112824	51.9655443393
	78.9019107715	51.9705112955
	78.8778334263	51.9918892186
	78.8700700769	51.9992052087
	78.8692057161	52.0000754842
	78.863094571	52.0062705526
	78.8630490703	52.0063166948
	78.8250699443	52.0448451372
	78.8179339267	52.0525192173
	78.8104671198	52.0616175478
	78.8036113592	52.0711847507
	78.7973960023	52.0811798576
	78.7930683728	52.0891311617
	78.7909894876	52.0931908714
	78.7880414751	52.0978867987
	78.7738667073	52.1148093359
	78.7733933644	52.1153768001
	78.7698380665	52.1196568904
	78.7654994684	52.1250902956
	78.7586437078	52.1346574985
	78.7583130273	52.1351541783
	78.7574889266	52.1363964338
	78.7520666366	52.144497016
	78.6610677988	52.2438873385
	78.6461821206	52.2600699578
	78.5961360527	52.3134827749
	78.5690847863	52.3422228479
	78.5684376359	52.3429140361
	78.566111548	52.3454115554
	78.5151726776	52.3995464266
	78.5151049467	52.3996184467
	78.5063841639	52.4088966012
	78.4947408371	52.4212627401
	78.4913532757	52.4249041623
	78.4771489037	52.4406027309
	78.4358602222	52.4861627867
	78.4358187758	52.4862085365
	78.4049809966	52.5202600089
	78.4009684771	52.5246715635
	78.3987978793	52.5271018894
	78.3958121747	52.5305954754
	78.3884803265	52.5393997967
	78.3883650233	52.5395383977
	78.3635200082	52.5694339874
	78.3404672239	52.5971541922
	78.3373819553	52.5991702886
	78.3278147524	52.6060260492
	78.3187164218	52.6134928561
	78.3101259241	52.6215387353
	78.3020800449	52.6301292331
	78.2946132379	52.6392275637
	78.2877574773	52.6487947665
	78.285269408	52.6526227198
	78.2712736851	52.6679038349
	78.2167263727	52.7256337293
	78.2147514833	52.7274940752
	78.2145618375	52.7276729811
	78.1843952115	52.7561725844
	78.1807313928	52.7597337732
	78.1726855136	52.768324271
	78.1687226135	52.7730015398
	78.1574808833	52.7867376796
	78.151533187	52.7923806126
	78.1481462488	52.7956796655
	78.1401003696	52.8042701633
	78.1338958844	52.8117427499
	78.1258608026	52.8216689412
	78.1219619663	52.8249911166
	78.1133714685	52.8330369958
	78.1102282718	52.8362598672
	78.0791644509	52.8689189902
	78.0538765281	52.8897802372
	78.0497421176	52.8932970859
	78.0421770454	52.9003257412
	78.0022705572	52.9395963901
	77.9772560738	52.9604128553
	77.9737152011	52.9634379245
	77.9651247034	52.9714838037
	77.961452732	52.9752649904
	77.9376413917	53.0005144716
	77.9371089262	53.0010815483
	77.9012648189	53.0394213915
	77.8547763941	53.0827348122
	77.8502031335	53.0871492395
	77.8487150808	53.0886549099
	77.8323805471	53.1053785427
	77.8323513917	53.1054083995
	77.8096462865	53.1286651473
	77.8002861461	53.1368579072
	77.7621975416	53.1635851052
	77.7124779863	53.1922079681
	77.7122833732	53.1923201661
	77.7022882663	53.198535523
	77.6927210634	53.2053912836
	77.6836227329	53.2128580905
	77.6750322351	53.2209039697
	77.6669863559	53.2294944675
	77.659519549	53.2385927981
	77.6526637884	53.2481600009
	77.6464484315	53.2581551079
	77.6409000934	53.2685353183
	77.636042533	53.2792561826
	77.631896551	53.2902717923
	77.6284799013	53.301534977
	77.6258072144	53.3129975059
	77.6238899352	53.3246102948
	77.6227362738	53.3363236158
	77.6223511703	53.3480873108
	77.6227362738	53.3598510058
	77.6238899352	53.3715643268
	77.6258072144	53.3831771156
	77.6284799013	53.3946396446
	77.631896551	53.4059028292
	77.636042533	53.416918439
	77.6409000934	53.4276393033
	77.6464484315	53.4380195137
	77.6526637884	53.4480146207
	77.659519549	53.4575818235
	77.6669863559	53.4666801541
	77.6743547677	53.4745895564
	77.6960222482	53.4964897334
	77.6966997156	53.4971708289
	77.7052902134	53.5052167081
	77.7143885439	53.512683515
	77.7156894359	53.5136723685
	77.7437350902	53.5347905325
	77.7449711301	53.5356677958
	77.7450258386	53.5380329492
	77.7456339225	53.5511702342
	77.7455084906	53.5529488294
	77.7451233871	53.5647125244
	77.7453222148	53.5731673752
	77.745596873	53.579003862
	77.7457831488	53.5823127062
	77.7462713095	53.5882514318
	77.7468206259	53.5938056311
	77.7474861266	53.5995802265
	77.7494034058	53.6111930153
	77.7520760927	53.6226555442
	77.7554927424	53.6339187289
	77.7596387244	53.6449343386
	77.7644962848	53.6556552029
	77.7700446229	53.6660354134
	77.7762599798	53.6760305203
	77.7831157404	53.6855977232
	77.7905825473	53.6946960537
	77.7986284265	53.7032865515
	77.8072189243	53.7113324307
	77.8163172548	53.7187992376
	77.8258844577	53.7256549983
	77.8358795646	53.7318703552
	77.8462597751	53.7374186932
	77.8569806394	53.7422762537
	77.8670008542	53.7460810942
	77.8742335202	53.7485835356
	77.8752289151	53.748924677
	77.8864920998	53.7523413267
	77.8979546287	53.7550140136
	77.9013898373	53.7556626795
	77.9091565609	53.7570512293
	77.9173341412	53.7583198426
	77.9276810567	53.7593787187
	77.9807358663	53.7632620805
	77.9821022718	53.7633568658
	77.9917072762	53.7637290148
	78.0347277391	53.7642453735
	78.0540623328	53.7652051768
	78.057558652	53.7676014094
	78.067553759	53.7738167663
	78.0779339694	53.7793651044
	78.0886548337	53.7842226648
	78.0996704435	53.7883686467
	78.1109336281	53.7917852964
	78.1223961571	53.7944579833
	78.1340089459	53.7963752625
	78.1457222669	53.7975289239
	78.1464005263	53.7975720926
	78.1552964003	53.798121409
	78.1559018655	53.7981202651
	78.1663818359	53.7984633438
	78.1781455309	53.7980782403
	78.1853951882	53.7974555759
	78.2062081765	53.7952430515
	78.2106718402	53.7947120545
	78.2182028598	53.7935578171
	78.2404349155	53.7896668259
	78.2445166847	53.7889037841
	78.2559792137	53.7862310972
	78.2672423983	53.7828144475
	78.2782580081	53.7786684656
	78.2871499194	53.7747000266
	78.2941079272	53.7713659812
	78.2959368802	53.7704768597
	78.3063170906	53.7649285217
	78.3163121976	53.7587131648
	78.3258794004	53.7518574041
	78.334977731	53.7443905972
	78.3435682288	53.736344718
	78.351614108	53.7277542202
	78.3590809149	53.7186558897
	78.3659366755	53.7090886868
	78.3721520324	53.6990935799
	78.3777003705	53.6887133694
	78.3794927613	53.6847574787
	78.3834250832	53.6859503355
	78.3948876121	53.6886230224
	78.3988315886	53.6893618928
	78.4146702116	53.6921466218
	78.422339024	53.6933250306
	78.4330570532	53.6944085414
	78.4332532263	53.694929761
	78.4381107867	53.7056506253
	78.4436591248	53.7160308357
	78.4498744817	53.7260259427
	78.4567302423	53.7355931456
	78.4641970493	53.7446914761
	78.4722429285	53.7532819739
	78.4808334262	53.7613278531
	78.4899317568	53.76879466
	78.4947193059	53.7723438251
	78.5005481634	53.7765171039
	78.5053278171	53.7798236994
	78.515322924	53.7860390563
	78.5257031345	53.7915873944
	78.5364239988	53.7964449548
	78.5454078263	53.7998876689
	78.5661950276	53.8100177698
	78.5761578855	53.8145037317
	78.5821457099	53.8168593913
	78.6029739569	53.8246261149
	78.6080017423	53.8264164372
	78.619264927	53.829833087
	78.6307274559	53.8325057738
	78.6423402447	53.834423053
	78.6540535658	53.8355767145
	78.6658172607	53.835961818
	78.6775809557	53.8355767145
	78.6892942768	53.834423053
	78.7009070656	53.8325057738
	78.7123695945	53.829833087
	78.7173608	53.828418241
	78.7259391213	53.8309469786
	78.7374016502	53.8336196654
	78.738339957	53.8338037149
	78.7420171132	53.8349367921
	78.7484305764	53.8367834654
	78.7596379113	53.8394051991
	78.7628332912	53.8404300385
	78.7712119485	53.8428946104
	78.7826744774	53.8455672973
	78.7872153175	53.8464100716
	78.7899771345	53.8468860666
	78.7945426369	53.8481741514
	78.8060051658	53.8508468383
	78.810546006	53.8516896127
	78.8146078294	53.8523896618
	78.8248905607	53.8556432381
	78.8325980569	53.857894
	78.8440605858	53.8605666869
	78.8556733746	53.8624839661
	78.8673866956	53.8636376276
	78.8679115877	53.8636712601
	78.8768074617	53.8642282059
	78.8998099596	53.8641945734
	78.9115232807	53.8630409119
	78.9211932125	53.8614989929
	78.9656268063	53.8531676941
	78.9675696633	53.8527923339
	78.9699995109	53.852291562
	78.9735918383	53.8515253479
	78.9756042961	53.8527047057
	78.9859845065	53.8582530438
	78.9967053708	53.8631106042
	79.0077209806	53.8672565862
	79.0189841653	53.8706732359
	79.0304466942	53.8733459228
	79.042059483	53.875263202
	79.053772804	53.8764168634
	79.0587111247	53.8766724179
	79.0659437907	53.8769470761
	79.08453286	53.8766915216
	79.0962461811	53.8755378602
	79.1078589699	53.873620581
	79.1193214988	53.8709478941
	79.1305846835	53.8675312444
	79.134770091	53.8660526459
	79.1431013898	53.8629932587
	79.149122152	53.8606588513
	79.1570012227	53.8609505184
	79.183837978	53.8613552876
	79.1872736179	53.8637088923
	79.1972687248	53.8699242492
	79.2076489352	53.8754725873
	79.2183697995	53.8803301477
	79.2293854093	53.8844761296
	79.2342543869	53.8860520384
	79.2414870529	53.8882798216
	79.24788126	53.8901205625
	79.2593437889	53.8927932494
	79.263991669	53.8936544387
	79.2720330508	53.8950353591
	79.2789979596	53.896091449
	79.2907112806	53.8972451105
	79.291189717	53.8972758285
	79.3353639113	53.9000529281
	79.3466491699	53.9004073136
	79.3558623968	53.9001711932
	79.3717961745	53.9011693332
	79.3830413818	53.9015212052
	79.3948050768	53.9011361017
	79.4065183978	53.8999824403
	79.4181311867	53.8980651611
	79.4295937156	53.8953924742
	79.4408569003	53.8919758244
	79.45187251	53.8878298425
	79.4581441421	53.884988203
	79.4596615166	53.885465298
	79.4610130583	53.8858761958
	79.4640498968	53.8907598294
	79.4709056574	53.9003270323
	79.4783724643	53.9094253628
	79.4864183435	53.9180158606
	79.4950088413	53.9260617398
	79.5041071718	53.9335285467
	79.5067697662	53.9355327121
	79.5152003115	53.9424167913
	79.5247675143	53.949272552
	79.5347626213	53.9554879089
	79.5362836403	53.9563562233
	79.5487930745	53.9634170376
	79.5599683327	53.971045832
	79.5614496432	53.9720462946
	79.5714447502	53.9782616515
	79.5776730459	53.9816951991
	79.5839416984	53.9854866882
	79.5943219089	53.9910350262
	79.5989518985	53.9932368147
	79.6122728214	53.9993403303
	79.618363696	54.0019961023
	79.6293793058	54.0061420842
	79.6352494242	54.008023175
	79.6647141458	54.0169114196
	79.6701072121	54.0184469786
	79.681569741	54.0211196654
	79.6931825299	54.0230369446
	79.7048958509	54.0241906061
	79.707265374	54.0242681762
	79.7104335638	54.0293630399
	79.7172893244	54.0389302427
	79.7247561313	54.0480285733
	79.7328020105	54.0566190711
	79.7413925083	54.0646649503
	79.7504908388	54.0721317572
	79.7600580417	54.0789875178
	79.7700531486	54.0852028747
	79.7804333591	54.0907512128
	79.7838646207	54.0923984215
	79.8302513394	54.114065902
	79.8375409421	54.1172762537
	79.8485565519	54.1214222356
	79.8518017244	54.122489563
	79.8707666274	54.1305451714
	79.8722546872	54.1311693811
	79.883270297	54.135315363
	79.8877805989	54.1367803837
	79.9082868322	54.1431435427
	79.9134563166	54.1503575498
	79.9209231235	54.1594558804
	79.9289690027	54.1680463782
	79.9375595005	54.1760922574
	79.9410888915	54.179107771
	79.9460937743	54.1832734204
	79.9516627138	54.1877247137
	79.9612299167	54.1945804743
	79.9712250236	54.2007958312
	79.9816052341	54.2063441693
	79.9863768443	54.2086107727
	79.9997282847	54.2147142883
	80.0056775388	54.2173052453
	80.0147900828	54.2207933209
	80.0252197278	54.224464425
	80.029471254	54.2266480169
	80.0592258927	54.2414337835
	80.0597149753	54.2416758954
	80.0704358396	54.2465334558
	80.0814514493	54.2506794377
	80.092714634	54.2540960874
	80.1041771629	54.2567687743
	80.1157899518	54.2586860535
	80.1275032728	54.259839715
	80.1392669678	54.2602248185
	80.1510306628	54.259839715
	80.1627439838	54.2586860535
	80.1743567726	54.2567687743
	80.1858193015	54.2540960874
	80.1970824862	54.2506794377
	80.208098096	54.2465334558
	80.2172053075	54.2424616763
	80.2194844638	54.2439751786
	80.2290527824	54.2499062438
	80.2394329929	54.2554545819
	80.2501538572	54.2603121423
	80.2611694669	54.2644581243
	80.2724326516	54.267874774
	80.2806762638	54.269876535
	80.3146973195	54.2772927303
	80.31863334	54.2784089152
	80.3194914683	54.2788012024
	80.3254407224	54.2813921594
	80.3364563321	54.2855381413
	80.337311152	54.2858259253
	80.3591158901	54.2959894891
	80.3662732419	54.2991381311
	80.3772888517	54.303284113
	80.3885520363	54.3067007627
	80.4000145653	54.3093734496
	80.4040366817	54.3100375037
	80.4040817173	54.3100796841
	80.4131800478	54.3175464911
	80.4227472507	54.3244022517
	80.4228133854	54.3244464204
	80.4286422428	54.3283374116
	80.438571215	54.3345085998
	80.4489514255	54.3400569379
	80.4543580913	54.3426123647
	80.4945803533	54.3608114018
	80.5044586662	54.3669487853
	80.5148388767	54.3724971234
	80.5255597409	54.3773546838
	80.5365753507	54.3815006658
	80.5478385354	54.3849173155
	80.549184036	54.3852722686
	80.5566761015	54.3872177642
	80.5667931297	54.389535498
	80.5784059186	54.3914527772
	80.5901192396	54.3926064386
	80.6018829346	54.3929915421
	80.6136466296	54.3926064386
	80.6216017787	54.3919073691
	80.623708294	54.3932718896
	80.6261581333	54.3954602383
	80.6277597731	54.3967746701
	80.6281276301	54.3979873324
	80.6322736121	54.4090029422
	80.6371311725	54.4197238064
	80.6420923045	54.4290791899
	80.6443048289	54.4329701811
	80.644892035	54.4339950081
	80.6511073919	54.4439901151
	80.6579631525	54.4535573179
	80.6654299594	54.4626556485
	80.6734758386	54.4712461463
	80.6820663364	54.4792920254
	80.6911646669	54.4867588324
	80.7007318698	54.493614593
	80.7107269768	54.4998299499
	80.7211071872	54.505378288
	80.7270555611	54.50817774
	80.7406816597	54.514288885
	80.7454541501	54.5163469934
	80.7564697599	54.5204929753
	80.7663637938	54.5235369676
	80.7722022419	54.5251508476
	80.7844632465	54.5299834907
	80.7926025724	54.5329670354
	80.7947027385	54.5336655649
	80.7971065631	54.5347499087
	80.8219961004	54.5486918824
	80.8303448581	54.553084892
	80.8410657224	54.5579424524
	80.8520813321	54.5620884343
	80.858889	54.5642495636
	80.8739036485	54.5686898712
	80.8783591653	54.5699453916
	80.8898216942	54.5726180785
	80.901434483	54.5745353577
	80.913147804	54.5756890192
	80.924911499	54.5760741227
	80.936675194	54.5756890192
	80.948388515	54.5745353577
	80.9600013039	54.5726180785
	80.9714638328	54.5699453916
	80.9827270175	54.5665287419
	80.9937426272	54.56238276
	81.0044634915	54.5575251996
	81.014843702	54.5519768615
	81.0248388089	54.5457615046
	81.0323213428	54.5404814394
	81.0420259327	54.5332564028
	81.0441106016	54.5316807074
	81.0532089322	54.5242139004
	81.0617994299	54.5161680213
	81.0698453091	54.5075775235
	81.0718099393	54.5052991329
	81.0904256619	54.4833417354
	81.0959278387	54.4765217955
	81.1027835993	54.4669545926
	81.1089989562	54.4569594856
	81.1145472943	54.4465792752
	81.1168184958	54.4417976059
	81.1360787695	54.3996589046
	81.1428339706	54.3970971148
	81.1478869143	54.3950930261
	81.1586077786	54.3902354657
	81.1595295286	54.3897776258
	81.1628710452	54.3884325647
	81.1735919095	54.3835750043
	81.1839721199	54.3780266662
	81.1939672269	54.3718113093
	81.2024681324	54.3657674537
	81.212767815	54.3579854712
	81.2138341123	54.3571735663
	81.2229324429	54.3497067593
	81.2315229407	54.3416608801
	81.2395688199	54.3330703824
	81.2470356268	54.3239720518
	81.2538913874	54.3144048489
	81.2601067443	54.304409742
	81.2656550824	54.2940295315
	81.2694648131	54.2856212768
	81.2697680569	54.2854838788
	81.2748054176	54.2829003897
	81.2784963718	54.2809334553
	81.2893227308	54.2819725885
	81.3010864258	54.282357692
	81.3128501208	54.2819725885
	81.3245634418	54.2808189271
	81.3361762306	54.2789016479
	81.3363374419	54.2788695044
	81.3474458404	54.2766493506
	81.358747158	54.2740088072
	81.3700103427	54.2705921575
	81.3759413654	54.2684622609
	81.3840132648	54.2654028737
	81.3890978518	54.2633867883
	81.3939341933	54.2613000285
	81.3963039236	54.2613925405
	81.3983231392	54.2613658544
	81.4033203125	54.2615294449
	81.4118755898	54.2613258632
	81.4410351357	54.2599373134
	81.4442435534	54.2597557916
	81.4559568744	54.2586021302
	81.4675696633	54.256684851
	81.467847336	54.2566293912
	81.4732375866	54.2555483794
	81.4985698318	54.2521566663
	81.5097907326	54.2502914184
	81.5212532615	54.2476187315
	81.5325164462	54.2442020818
	81.5435320559	54.2400560998
	81.5542529202	54.2351985394
	81.5646331307	54.2296502014
	81.5746282376	54.2234348444
	81.5841954405	54.2165790838
	81.5861131791	54.2150868624
	81.5913927201	54.2109212129
	81.598573312	54.2049466275
	81.6018127014	54.2020356281
	81.6094972622	54.2009908476
	81.6203559181	54.199174475
	81.6318184471	54.1965017881
	81.6430816317	54.1930851384
	81.6540972415	54.1889391565
	81.6648181058	54.1840815961
	81.6751983162	54.178533258
	81.6801830378	54.1754335589
	81.6808870144	54.1755845097
	81.6835076073	54.1761260741
	81.6951203961	54.1780433533
	81.7068337171	54.1791970148
	81.7185974121	54.1795821183
	81.7303611071	54.1791970148
	81.7420744281	54.1780433533
	81.753687217	54.1761260741
	81.7651497459	54.1734533873
	81.7680099646	54.172661646
	81.7777298132	54.1698845464
	81.7861327792	54.1672596379
	81.7971483889	54.163113656
	81.8078692532	54.1582560956
	81.8168700902	54.1534960371
	81.8210433933	54.1511354814
	81.8301705091	54.1519677057
	81.836374046	54.1522668479
	81.8452546613	54.1525415061
	81.8471756867	54.1525083345
	81.8508148193	54.1526274674
	81.8625785143	54.1522423639
	81.8742918353	54.1510887025
	81.8859046242	54.1491714233
	81.8874828389	54.1488501446
	81.8941509298	54.1474615948
	81.9040352439	54.1451101866
	81.9152984286	54.1416935369
	81.9263140384	54.1375475549
	81.9370349026	54.1326899945
	81.9474151131	54.1271416564
	81.95741022	54.1209262995
	81.9669774229	54.1140705389
	81.9760757534	54.106603732
	81.9846662512	54.0985578528
	81.9927121304	54.089967355
	82.0001789373	54.0808690245
	82.007034698	54.0713018216
	82.0132500549	54.0613067146
	82.0187983929	54.0509265042
	82.0236559534	54.0402056399
	82.0278019353	54.0291900302
	82.031218585	54.0179268455
	82.0338912719	54.0064643166
	82.0348558906	54.0012078876
	82.035695124	53.9962182636
	82.0366477845	53.9898619037
	82.0378014459	53.9781485827
	82.0381865494	53.9663848877
	82.0378014459	53.9546211927
	82.0366477845	53.9429078717
	82.0355993747	53.9359877201
	82.0336462497	53.9245970341
	82.0327773803	53.9199043968
	82.0310658019	53.9121895481
	82.0311333551	53.9112006457
	82.0315184586	53.8994369507
	82.0312381722	53.8908750865
	82.0353277745	53.8899948835
	82.0440346336	53.8878927793
	82.0481435489	53.8867393815
	82.0576039981	53.8839622819
	82.0647582675	53.88169903
	82.0757738772	53.8775530481
	82.0864947415	53.8726954877
	82.0895148096	53.8711706783
	82.0902086917	53.8708849573
	82.100929556	53.8660273969
	82.1080013855	53.862342869
	82.1150932948	53.8584456123
	82.1252819919	53.863883537
	82.1360028562	53.8687410974
	82.1470184659	53.8728870793
	82.1582816506	53.876303729
	82.1697441795	53.8789764159
	82.1813569684	53.8808936951
	82.1930702894	53.8820473566
	82.2048339844	53.8824324601
	82.2165976794	53.8820473566
	82.2283110004	53.8808936951
	82.2399237892	53.8789764159
	82.2513863181	53.876303729
	82.2626495028	53.8728870793
	82.2736651126	53.8687410974
	82.2843859769	53.863883537
	82.2947661873	53.8583351989
	82.3003495215	53.8549753593
	82.3048050879	53.8521830009
	82.3092168607	53.8493274836
	82.3187840635	53.842471723
	82.3278823941	53.8350049161
	82.3364728919	53.8269590369
	82.3435187927	53.8194991902
	82.3479896179	53.8144866779
	82.3489895963	53.8133560269
	82.3564564032	53.8042576963
	82.3633121638	53.7946904935
	82.3695275207	53.7846953865
	82.373534406	53.777367444
	82.3764335759	53.771759839
	82.3779750287	53.7687075711
	82.3828325891	53.7579867068
	82.386978571	53.7469710971
	82.3903952207	53.7357079124
	82.3930679076	53.7242453835
	82.3944660648	53.7157768703
	82.3962418527	53.7146777174
	82.4025460841	53.7122135276
	82.4125511175	53.7096067945
	82.4137550926	53.7092886534
	82.4250182772	53.7058720036
	82.4282507903	53.7046949234
	82.436174985	53.710373321
	82.4372866115	53.7111101396
	82.4491971215	53.7189413732
	82.4703080569	53.7356873376
	82.4718928889	53.7405852938
	82.4760388709	53.7516009036
	82.4808964313	53.7623217679
	82.4864447694	53.7727019783
	82.4926601263	53.7826970853
	82.4995158869	53.7922642881
	82.5069826938	53.8013626187
	82.515028573	53.8099531165
	82.5236190708	53.8179989957
	82.5240138998	53.8183442344
	82.5348476401	53.8277894248
	82.5435511416	53.834910993
	82.5504714398	53.8399638576
	82.5609030361	53.8472059613
	82.5633742408	53.8536150105
	82.5638703232	53.8549397187
	82.5658081894	53.8596623139
	82.5660352088	53.8602129641
	82.5708927692	53.8709338284
	82.5764411072	53.8813140389
	82.5826564641	53.8913091458
	82.5895122248	53.9008763487
	82.5969790317	53.9099746792
	82.6050249109	53.918565177
	82.6122925799	53.9254394209
	82.6175721209	53.9301620161
	82.6188949497	53.9313336514
	82.6279932802	53.9388004583
	82.6375604831	53.945656219
	82.6421769665	53.9486398397
	82.6607045675	53.960216699
	82.6784224602	53.9732994334
	82.6853357516	53.9781574397
	82.6911942198	53.9819101121
	82.6912140146	53.9819222583
	82.6932703798	53.9835239691
	82.7028375827	53.9903797297
	82.7128326896	53.9965950866
	82.7232129001	54.0021434247
	82.7250810282	54.0030513117
	82.7331553476	54.0080658537
	82.7381165031	54.0110375305
	82.7484609544	54.0165682291
	82.7604632771	54.0224904278
	82.7621485537	54.0237995428
	82.7717157565	54.0306553034
	82.7785670828	54.0350127934
	82.788495652	54.0410170535
	82.7899348086	54.0421329779
	82.7995020114	54.0489887385
	82.8060549068	54.053165358
	82.8124483394	54.0570487198
	82.815890551	54.0590874572
	82.8225780266	54.0627615865
	82.8296677902	54.0664631716
	82.8611683075	54.0858811206
	82.8656189445	54.0885369201
	82.8737671536	54.0929652274
	82.880569795	54.0964381549
	82.9298757962	54.1266641081
	82.933947802	54.129087152
	82.9443280124	54.1346354901
	82.9470878737	54.1359673961
	82.9570996188	54.1413035809
	82.9669558067	54.1458003393
	82.9681232565	54.1462910531
	82.9770886325	54.151031059
	82.9863875337	54.1552924697
	83.008038844	54.1644789657
	83.0222976396	54.1717583684
	83.0602578217	54.1949868045
	83.0606895658	54.1953539056
	83.0677058046	54.2010227484
	83.0763282863	54.207242932
	83.0793787783	54.2096363348
	83.0889459811	54.2164920954
	83.0989410881	54.2227074523
	83.1093212985	54.2282557904
	83.1200421628	54.2331133508
	83.1220733277	54.233940216
	83.1290160767	54.2367173156
	83.1380005216	54.2400364324
	83.1492637063	54.2434530821
	83.1607262352	54.246125769
	83.172339024	54.2480430482
	83.1840523451	54.2491967096
	83.19581604	54.2495818131
	83.207579735	54.2491967096
	83.2118105854	54.2488692395
	83.2119916257	54.2489443445
	83.2230072355	54.2530903264
	83.2342704201	54.2565069761
	83.2365029977	54.2570898709
	83.2517770456	54.2609732327
	83.2610069969	54.2630630248
	83.2726197857	54.264980304
	83.2843331068	54.2661339654
	83.2960968018	54.2665190689
	83.3078604967	54.2661339654
	83.3195738178	54.264980304
	83.3311866066	54.2630630248
	83.3426491355	54.2603903379
	83.3539123202	54.2569736882
	83.36492793	54.2528277063
	83.3756487942	54.2479701459
	83.3860290047	54.2424218078
	83.393573905	54.2377300873
	83.3953278068	54.2388207336
	83.4057080173	54.2443690717
	83.4144526937	54.2483942327
	83.4165533663	54.249293848
	83.4683372099	54.2805904557
	83.4714386467	54.2824227233
	83.4818188571	54.2879710614
	83.4833131542	54.288699402
	83.4908204784	54.292315735
	83.5000470456	54.2964449548
	83.5110626554	54.3005909368
	83.5223258401	54.3040075865
	83.5239233069	54.3044277741
	83.5314306311	54.3063656403
	83.5412956932	54.3086181396
	83.5523894257	54.3104663149
	83.5607207246	54.3115878359
	83.5612397809	54.3116569398
	83.5729531019	54.3128106012
	83.5791655559	54.313110019
	83.6060973186	54.313941623
	83.6234122546	54.3136422052
	83.6254724919	54.3134952853
	83.6447108899	54.3120122831
	83.6494293213	54.3120741837
	83.6575191107	54.3118921637
	83.694460639	54.3102289557
	83.6966601743	54.3101164289
	83.706380023	54.3095594831
	83.7078543932	54.3094689264
	83.7195677143	54.308315265
	83.7248054866	54.3075471229
	83.7268203166	54.3072212825
	83.7473471049	54.3058387334
	83.7541255072	54.3052532142
	83.7584716431	54.3069916686
	83.767456088	54.3103107854
	83.7787192727	54.3137274351
	83.7901818016	54.316400122
	83.8017945904	54.3183174012
	83.8135079115	54.3194710626
	83.8252716064	54.3198561661
	83.8370353014	54.3194710626
	83.8487486225	54.3183174012
	83.8521288992	54.3178397018
	83.8523276711	54.3178930845
	83.8637902	54.3205657714
	83.8754029889	54.3224830506
	83.8871163099	54.323636712
	83.8988800049	54.3240218155
	83.9054693856	54.3239010731
	83.9129614511	54.3236264149
	83.9181357653	54.3233620538
	83.9298490863	54.3222083924
	83.9414618752	54.3202911132
	83.9498004534	54.3183468295
	83.956619296	54.320862238
	83.9678824807	54.3242788877
	83.9793450096	54.3269515746
	83.9909577984	54.3288688538
	84.0026711195	54.3300225153
	84.0064226078	54.330229075
	84.0107190036	54.3324199139
	84.0214398679	54.3372774744
	84.0324554776	54.3414234563
	84.0343424629	54.3420523872
	84.0428454896	54.3448342971
	84.0599893785	54.3517925893
	84.0753019531	54.3591322632
	84.0842145261	54.3631106042
	84.0952301359	54.3672565862
	84.1064933205	54.3706732359
	84.1179558494	54.3733459228
	84.1295686383	54.375263202
	84.1351809321	54.3759125766
	84.1435122309	54.3767441806
	84.1496132581	54.3772484674
	84.1613769531	54.3776335709
	84.1716662779	54.3773390241
	84.1803922182	54.3768390291
	84.184561582	54.378923711
	84.1854473972	54.3793635785
	84.1961682615	54.3842211389
	84.2071838712	54.3883671208
	84.2184470559	54.3917837706
	84.2299095848	54.3944564574
	84.2415223736	54.3963737366
	84.2532356947	54.3975273981
	84.2649993896	54.3979125016
	84.2767630846	54.3975273981
	84.2884764057	54.3963737366
	84.3000891945	54.3944564574
	84.3115517234	54.3917837706
	84.3203800472	54.3891743277
	84.3298099789	54.3861225698
	84.3322448397	54.385315363
	84.3432604495	54.3811693811
	84.3442198233	54.3807687431
	84.3507244936	54.3780302644
	84.3575286532	54.3758701726
	84.3677689803	54.3720159864
	84.3697052002	54.3720793717
	84.3814688952	54.3716942682
	84.3931822162	54.3705406068
	84.3938063223	54.3704573301
	84.4040754873	54.3690687803
	84.4150641701	54.3672347778
	84.426526699	54.3645620909
	84.4275149892	54.3642942619
	84.4418052505	54.3603778708
	84.4442080356	54.3633056729
	84.4455534944	54.3648225415
	84.4505431184	54.3703843702
	84.4572435388	54.3774579993
	84.4658340366	54.3855038785
	84.4696638941	54.3887689238
	84.4810622095	54.3982141142
	84.4863306826	54.4024158758
	84.4958978854	54.4092716364
	84.5058929924	54.4154869933
	84.506982624	54.4161110313
	84.5142236911	54.4212116389
	84.515378368	54.4219767545
	84.5267458196	54.4294462613
	84.5285290545	54.4308809656
	84.5407232308	54.4415435468
	84.5441756705	54.445285886
	84.5491930017	54.4505094519
	84.5577834995	54.4585553311
	84.5634417654	54.4633153452
	84.5703882819	54.4689193611
	84.5714097986	54.4699491492
	84.5800002964	54.4779950284
	84.585543654	54.4826622637
	84.5913877702	54.4873848589
	84.5949427431	54.4901844305
	84.604509946	54.4970401911
	84.6145050529	54.503255548
	84.6248852634	54.5088038861
	84.6356061277	54.5136614465
	84.6367161055	54.5141168831
	84.6647617598	54.5255151986
	84.6746673917	54.5292057439
	84.6849650604	54.5323608046
	84.6893921232	54.5339283391
	84.7006553078	54.5373449888
	84.7066630496	54.5388444148
	84.707546586	54.5390488408
	84.711898837	54.5405888005
	84.7154935099	54.5417670185
	84.7502001164	54.5527399153
	84.7760778006	54.5619487639
	84.7785644864	54.5628132268
	84.7898276711	54.5662298765
	84.7924999272	54.5669239677
	84.8388713871	54.5785893119
	84.84766166	54.5805679076
	84.8522305691	54.5814155174
	84.8621208901	54.5831184865
	84.9019863247	54.5929110324
	84.905910769	54.5938921435
	84.9099426603	54.5953144475
	84.919806837	54.5983501838
	84.9407019361	54.6066752233
	84.9448773288	54.6088023602
	84.9543241246	54.6131264436
	84.9759916051	54.6222969759
	84.9772656736	54.6228304529
	84.9817737765	54.6246269096
	85.0151447482	54.6374061455
	85.021652255	54.6397556706
	85.0329154397	54.6431723204
	85.0443779686	54.6458450072
	85.052773788	54.6473091719
	85.0557861661	54.6483616277
	85.0670493508	54.6517782774
	85.0673379459	54.6518553494
	85.0755818488	54.655174667
	85.084945712	54.6586460515
	85.0962088967	54.6620627012
	85.1076714256	54.6647353881
	85.1192842145	54.6666526673
	85.1248965082	54.6673020419
	85.133227807	54.6681336459
	85.1393288343	54.6686379327
	85.1510925293	54.6690230362
	85.1628562243	54.6686379327
	85.1664252265	54.6683683201
	85.1761450751	54.6675367161
	85.1842893939	54.6666526673
	85.1959021828	54.6647353881
	85.2073647117	54.6620627012
	85.2186278964	54.6586460515
	85.2296435061	54.6545000696
	85.2387760321	54.6504161164
	85.2532261054	54.643465738
	85.2548144437	54.6426921307
	85.2651946541	54.6371437927
	85.275189761	54.6309284358
	85.2847569639	54.6240726751
	85.2913121099	54.6187945551
	85.3001927251	54.6112948603
	85.3027359097	54.6091061734
	85.3113264075	54.6010602942
	85.3147999275	54.5974892064
END
END
