none
1
   9.912525E+00   5.138008E+01
   9.941923E+00   5.138352E+01
   9.957194E+00   5.139774E+01
   1.000204E+01   5.141135E+01
   1.000301E+01   5.142571E+01
   1.005149E+01   5.144128E+01
   1.013658E+01   5.144158E+01
   1.015379E+01   5.145276E+01
   1.017209E+01   5.144989E+01
   1.017912E+01   5.147873E+01
   1.020554E+01   5.149111E+01
   1.023027E+01   5.147873E+01
   1.028214E+01   5.149579E+01
   1.029911E+01   5.151201E+01
   1.035995E+01   5.155725E+01
   1.036601E+01   5.159220E+01
   1.044453E+01   5.159615E+01
   1.050452E+01   5.157402E+01
   1.051652E+01   5.156007E+01
   1.056800E+01   5.156873E+01
   1.059741E+01   5.158340E+01
   1.062915E+01   5.158052E+01
   1.062799E+01   5.161850E+01
   1.066437E+01   5.163388E+01
   1.067327E+01   5.164229E+01
   1.072243E+01   5.165069E+01
   1.077391E+01   5.165237E+01
   1.086390E+01   5.163700E+01
   1.089060E+01   5.162114E+01
   1.093047E+01   5.162090E+01
   1.094711E+01   5.160901E+01
   1.094595E+01   5.158977E+01
   1.090415E+01   5.158665E+01
   1.090647E+01   5.155922E+01
   1.095834E+01   5.153949E+01
   1.095601E+01   5.152962E+01
   1.094285E+01   5.152769E+01
   1.095524E+01   5.150071E+01
   1.098350E+01   5.148047E+01
   1.097808E+01   5.146420E+01
   1.098853E+01   5.143477E+01
   1.107058E+01   5.143429E+01
   1.116715E+01   5.141256E+01
   1.122560E+01   5.141908E+01
   1.128636E+01   5.141039E+01
   1.132797E+01   5.141800E+01
   1.134229E+01   5.139868E+01
   1.140383E+01   5.138926E+01
   1.141312E+01   5.134939E+01
   1.144138E+01   5.134963E+01
   1.144428E+01   5.132848E+01
   1.149034E+01   5.130090E+01
   1.145279E+01   5.126337E+01
   1.140016E+01   5.122921E+01
   1.140790E+01   5.121612E+01
   1.145163E+01   5.121879E+01
   1.149885E+01   5.117222E+01
   1.149421E+01   5.115414E+01
   1.146750E+01   5.114309E+01
   1.149227E+01   5.111248E+01
   1.157085E+01   5.112487E+01
   1.167148E+01   5.111807E+01
   1.171212E+01   5.109498E+01
   1.171251E+01   5.107821E+01
   1.175431E+01   5.107286E+01
   1.177095E+01   5.105656E+01
   1.178837E+01   5.106021E+01
   1.188513E+01   5.106726E+01
   1.199583E+01   5.102078E+01
   1.199660E+01   5.100276E+01
   1.201441E+01   5.100252E+01
   1.203550E+01   5.098937E+01
   1.203627E+01   5.098157E+01
   1.210710E+01   5.098888E+01
   1.217213E+01   5.097475E+01
   1.219458E+01   5.098790E+01
   1.223251E+01   5.096792E+01
   1.229676E+01   5.102833E+01
   1.224877E+01   5.104074E+01
   1.225186E+01   5.105194E+01
   1.227160E+01   5.108161E+01
   1.231224E+01   5.110714E+01
   1.234630E+01   5.111005E+01
   1.237417E+01   5.110252E+01
   1.237688E+01   5.108842E+01
   1.240668E+01   5.109036E+01
   1.247674E+01   5.109304E+01
   1.252589E+01   5.106824E+01
   1.253402E+01   5.103612E+01
   1.256073E+01   5.103320E+01
   1.256653E+01   5.100861E+01
   1.262246E+01   5.100849E+01
   1.264182E+01   5.099192E+01
   1.265169E+01   5.094842E+01
   1.267491E+01   5.092671E+01
   1.265749E+01   5.090157E+01
   1.254254E+01   5.089791E+01
   1.252551E+01   5.089059E+01
   1.250035E+01   5.088986E+01
   1.247364E+01   5.086470E+01
   1.245758E+01   5.084344E+01
   1.242855E+01   5.084002E+01
   1.241965E+01   5.085078E+01
   1.238946E+01   5.085029E+01
   1.237165E+01   5.084173E+01
   1.237049E+01   5.082535E+01
   1.230624E+01   5.081411E+01
   1.231011E+01   5.078059E+01
   1.227683E+01   5.076101E+01
   1.229773E+01   5.073774E+01
   1.230005E+01   5.073370E+01
   1.228263E+01   5.072170E+01
   1.229773E+01   5.070209E+01
   1.234379E+01   5.069915E+01
   1.233837E+01   5.066996E+01
   1.228418E+01   5.063389E+01
   1.221451E+01   5.062824E+01
   1.221025E+01   5.061744E+01
   1.217039E+01   5.061523E+01
   1.216419E+01   5.059705E+01
   1.217774E+01   5.059116E+01
   1.217561E+01   5.057567E+01
   1.214155E+01   5.057567E+01
   1.212955E+01   5.056854E+01
   1.211833E+01   5.056830E+01
   1.210710E+01   5.057813E+01
   1.209317E+01   5.057788E+01
   1.209278E+01   5.056117E+01
   1.205756E+01   5.055207E+01
   1.203395E+01   5.055330E+01
   1.201847E+01   5.056756E+01
   1.201847E+01   5.057690E+01
   1.203318E+01   5.059558E+01
   1.200570E+01   5.061277E+01
   1.194532E+01   5.058587E+01
   1.194125E+01   5.055600E+01
   1.189442E+01   5.055133E+01
   1.189674E+01   5.052919E+01
   1.194164E+01   5.053510E+01
   1.194474E+01   5.051541E+01
   1.198422E+01   5.048907E+01
   1.196254E+01   5.045372E+01
   1.192732E+01   5.041797E+01
   1.187004E+01   5.039725E+01
   1.181972E+01   5.038393E+01
   1.178953E+01   5.041033E+01
   1.176785E+01   5.040132E+01
   1.167070E+01   5.038652E+01
   1.162619E+01   5.037986E+01
   1.157085E+01   5.038232E+01
   1.151550E+01   5.036850E+01
   1.151085E+01   5.038578E+01
   1.147640E+01   5.039417E+01
   1.143828E+01   5.041723E+01
   1.140461E+01   5.045372E+01
   1.141080E+01   5.050741E+01
   1.133145E+01   5.050274E+01
   1.133068E+01   5.048131E+01
   1.129585E+01   5.047121E+01
   1.126411E+01   5.046974E+01
   1.126643E+01   5.045039E+01
   1.128269E+01   5.043018E+01
   1.129314E+01   5.035443E+01
   1.127456E+01   5.027026E+01
   1.124746E+01   5.025814E+01
   1.120760E+01   5.027942E+01
   1.119018E+01   5.026358E+01
   1.116541E+01   5.026309E+01
   1.111161E+01   5.030390E+01
   1.114644E+01   5.032688E+01
   1.109729E+01   5.034887E+01
   1.103342E+01   5.033578E+01
   1.099298E+01   5.033887E+01
   1.092679E+01   5.038010E+01
   1.088925E+01   5.037393E+01
   1.087570E+01   5.038208E+01
   1.079519E+01   5.036949E+01
   1.074565E+01   5.034652E+01
   1.074101E+01   5.032033E+01
   1.081184E+01   5.029265E+01
   1.085732E+01   5.027657E+01
   1.086235E+01   5.024267E+01
   1.082713E+01   5.022708E+01
   1.079094E+01   5.023785E+01
   1.074333E+01   5.023586E+01
   1.073946E+01   5.019971E+01
   1.068411E+01   5.020342E+01
   1.059896E+01   5.022175E+01
   1.058425E+01   5.027175E+01
   1.057903E+01   5.032231E+01
   1.048343E+01   5.034702E+01
   1.044240E+01   5.038368E+01
   1.037892E+01   5.038368E+01
   1.031177E+01   5.048218E+01
   1.021771E+01   5.051221E+01
   1.022081E+01   5.052526E+01
   1.013876E+01   5.053584E+01
   1.011205E+01   5.055010E+01
   1.005341E+01   5.051197E+01
   1.002477E+01   5.051197E+01
   1.003367E+01   5.057297E+01
   1.002477E+01   5.061842E+01
   1.006735E+01   5.063733E+01
   1.004141E+01   5.066825E+01
   9.963809E+00   5.065770E+01
   9.982775E+00   5.063831E+01
   9.948714E+00   5.061646E+01
   9.866659E+00   5.063266E+01
   9.863176E+00   5.067315E+01
   9.915041E+00   5.072929E+01
   9.914654E+00   5.078500E+01
   9.945618E+00   5.083416E+01
   1.002187E+01   5.088058E+01
   9.928200E+00   5.092793E+01
   9.931297E+00   5.095293E+01
   1.002109E+01   5.095585E+01
   1.000368E+01   5.098145E+01
   1.003348E+01   5.102334E+01
   1.013411E+01   5.101823E+01
   1.017669E+01   5.100971E+01
   1.019681E+01   5.103332E+01
   1.013682E+01   5.105157E+01
   1.013256E+01   5.109438E+01
   1.010353E+01   5.114576E+01
   1.020997E+01   5.117270E+01
   1.020920E+01   5.118253E+01
   1.005670E+01   5.122279E+01
   1.002729E+01   5.126906E+01
   9.964390E+00   5.128044E+01
   9.927233E+00   5.130997E+01
   9.912525E+00   5.138008E+01
END
END
