none
1
   4.157289E+01   -1.776241E+01
   3.450233E+01   -2.683091E+01
   3.310109E+01   -2.693837E+01
   3.287968E+01   -2.689161E+01
   3.213070E+01   -2.687186E+01
   3.210419E+01   -2.652925E+01
   3.205319E+01   -2.638498E+01
   3.204503E+01   -2.605559E+01
   3.191090E+01   -2.590925E+01
   3.196548E+01   -2.546955E+01
   3.195729E+01   -2.431157E+01
   3.174517E+01   -2.388855E+01
   3.153914E+01   -2.348693E+01
   3.129443E+01   -2.242062E+01
   3.241775E+01   -2.127163E+01
   3.234489E+01   -2.115479E+01
   3.248668E+01   -2.057394E+01
   3.279162E+01   -2.032304E+01
   3.285282E+01   -2.010482E+01
   3.300377E+01   -1.980763E+01
   3.282834E+01   -1.968283E+01
   3.273450E+01   -1.935599E+01
   3.284874E+01   -1.910367E+01
   3.270675E+01   -1.903210E+01
   3.268019E+01   -1.885525E+01
   3.267200E+01   -1.876203E+01
   3.290755E+01   -1.872266E+01
   3.285894E+01   -1.850507E+01
   3.299357E+01   -1.844896E+01
   3.291547E+01   -1.800295E+01
   3.294648E+01   -1.779006E+01
   3.294869E+01   -1.746709E+01
   3.295889E+01   -1.716329E+01
   3.282222E+01   -1.692146E+01
   3.294665E+01   -1.673402E+01
   3.276510E+01   -1.671253E+01
   3.195324E+01   -1.644468E+01
   3.128295E+01   -1.609059E+01
   3.041607E+01   -1.601113E+01
   3.042181E+01   -1.562987E+01
   3.035597E+01   -1.555689E+01
   3.017823E+01   -1.500703E+01
   3.042647E+01   -1.490414E+01
   3.087196E+01   -1.474565E+01
   3.211532E+01   -1.435473E+01
   3.235942E+01   -1.430097E+01
   3.324939E+01   -1.398523E+01
   3.332908E+01   -1.403784E+01
   3.365105E+01   -1.453347E+01
   3.371597E+01   -1.448361E+01
   3.439530E+01   -1.437013E+01
   3.456642E+01   -1.461956E+01
   3.463415E+01   -1.499891E+01
   3.461527E+01   -1.528327E+01
   3.444434E+01   -1.566916E+01
   3.427459E+01   -1.589471E+01
   3.444996E+01   -1.604676E+01
   3.444993E+01   -1.609264E+01
   3.443919E+01   -1.625706E+01
   3.453651E+01   -1.627323E+01
   3.460136E+01   -1.632474E+01
   3.462454E+01   -1.640605E+01
   3.469150E+01   -1.642737E+01
   3.480370E+01   -1.654340E+01
   3.494253E+01   -1.671264E+01
   3.506775E+01   -1.680446E+01
   3.516066E+01   -1.680563E+01
   3.519687E+01   -1.687702E+01
   3.515474E+01   -1.700436E+01
   3.511291E+01   -1.707083E+01
   3.512309E+01   -1.712653E+01
   3.529366E+01   -1.712635E+01
   3.525903E+01   -1.693828E+01
   3.527134E+01   -1.692154E+01
   3.526985E+01   -1.689308E+01
   3.527670E+01   -1.687583E+01
   3.529726E+01   -1.685478E+01
   3.528536E+01   -1.678885E+01
   3.524437E+01   -1.668999E+01
   3.513622E+01   -1.659821E+01
   3.513916E+01   -1.655090E+01
   3.521300E+01   -1.649424E+01
   3.528789E+01   -1.622510E+01
   3.542421E+01   -1.610036E+01
   3.559955E+01   -1.611895E+01
   3.579526E+01   -1.602964E+01
   3.583588E+01   -1.543041E+01
   3.577148E+01   -1.517154E+01
   3.580430E+01   -1.492788E+01
   3.585686E+01   -1.467308E+01
   3.502944E+01   -1.375630E+01
   3.482197E+01   -1.356384E+01
   3.452652E+01   -1.349988E+01
   3.428566E+01   -1.227481E+01
   3.458017E+01   -1.151641E+01
   3.603877E+01   -1.138137E+01
   3.631282E+01   -1.166404E+01
   3.681478E+01   -1.153405E+01
   3.749560E+01   -1.159057E+01
   3.791592E+01   -1.119948E+01
   3.846015E+01   -1.131715E+01
   3.880755E+01   -1.118808E+01
   3.980056E+01   -1.084637E+01
   4.068919E+01   -1.025734E+01
   4.253489E+01   -9.986206E+00
   4.157289E+01   -1.776241E+01
END
END
