none
1
   2.662360E+01   4.825050E+01
   2.661889E+01   4.826505E+01
   2.665704E+01   4.831643E+01
   2.667883E+01   4.830675E+01
   2.668324E+01   4.830818E+01
   2.668244E+01   4.832576E+01
   2.669498E+01   4.835276E+01
   2.675258E+01   4.831863E+01
   2.677919E+01   4.827374E+01
   2.679158E+01   4.829121E+01
   2.682015E+01   4.829317E+01
   2.682808E+01   4.830555E+01
   2.682877E+01   4.834069E+01
   2.682014E+01   4.834882E+01
   2.678949E+01   4.835421E+01
   2.671681E+01   4.840752E+01
   2.675629E+01   4.840135E+01
   2.688870E+01   4.842217E+01
   2.690545E+01   4.838247E+01
   2.698306E+01   4.836340E+01
   2.701180E+01   4.837043E+01
   2.701639E+01   4.837843E+01
   2.705539E+01   4.839999E+01
   2.703724E+01   4.842289E+01
   2.707176E+01   4.843936E+01
   2.712435E+01   4.838750E+01
   2.715061E+01   4.838280E+01
   2.720593E+01   4.839533E+01
   2.722954E+01   4.837453E+01
   2.728478E+01   4.838408E+01
   2.732388E+01   4.844143E+01
   2.734953E+01   4.845208E+01
   2.738126E+01   4.841063E+01
   2.746419E+01   4.842337E+01
   2.747164E+01   4.844889E+01
   2.760330E+01   4.849017E+01
   2.759959E+01   4.846718E+01
   2.768260E+01   4.844354E+01
   2.774713E+01   4.845837E+01
   2.779458E+01   4.844849E+01
   2.782815E+01   4.842163E+01
   2.787266E+01   4.840975E+01
   2.789080E+01   4.837418E+01
   2.795484E+01   4.833378E+01
   2.807793E+01   4.831975E+01
   2.809649E+01   4.830175E+01
   2.808394E+01   4.824701E+01
   2.809708E+01   4.823491E+01
   2.814407E+01   4.825030E+01
   2.815123E+01   4.826379E+01
   2.818860E+01   4.825544E+01
   2.818925E+01   4.822293E+01
   2.820524E+01   4.820820E+01
   2.832565E+01   4.823496E+01
   2.834627E+01   4.824935E+01
   2.836158E+01   4.824377E+01
   2.837173E+01   4.822488E+01
   2.835766E+01   4.818509E+01
   2.831101E+01   4.815652E+01
   2.831243E+01   4.813953E+01
   2.834504E+01   4.813495E+01
   2.836907E+01   4.814762E+01
   2.837062E+01   4.816290E+01
   2.838118E+01   4.817557E+01
   2.842637E+01   4.817577E+01
   2.844122E+01   4.814743E+01
   2.842948E+01   4.812510E+01
   2.845624E+01   4.808036E+01
   2.850178E+01   4.806457E+01
   2.850091E+01   4.811095E+01
   2.853309E+01   4.812709E+01
   2.852964E+01   4.814402E+01
   2.854332E+01   4.815394E+01
   2.854460E+01   4.816168E+01
   2.857718E+01   4.817215E+01
   2.858208E+01   4.816177E+01
   2.861092E+01   4.816838E+01
   2.868502E+01   4.814304E+01
   2.868682E+01   4.813640E+01
   2.878089E+01   4.813539E+01
   2.878937E+01   4.813076E+01
   2.879008E+01   4.812313E+01
   2.882975E+01   4.812894E+01
   2.885447E+01   4.812167E+01
   2.885548E+01   4.806669E+01
   2.886494E+01   4.806057E+01
   2.885560E+01   4.803299E+01
   2.889453E+01   4.800920E+01
   2.889582E+01   4.800021E+01
   2.893730E+01   4.795620E+01
   2.898315E+01   4.798018E+01
   2.906165E+01   4.794304E+01
   2.909401E+01   4.794658E+01
   2.909401E+01   4.796427E+01
   2.911104E+01   4.795826E+01
   2.911078E+01   4.796729E+01
   2.909918E+01   4.797503E+01
   2.909825E+01   4.797974E+01
   2.914907E+01   4.798770E+01
   2.916391E+01   4.799761E+01
   2.918855E+01   4.799401E+01
   2.920927E+01   4.788752E+01
   2.927509E+01   4.789629E+01
   2.927692E+01   4.788687E+01
   2.922792E+01   4.785040E+01
   2.921725E+01   4.781949E+01
   2.924013E+01   4.779784E+01
   2.925705E+01   4.780661E+01
   2.928710E+01   4.780725E+01
   2.929010E+01   4.780106E+01
   2.926775E+01   4.775805E+01
   2.922216E+01   4.772405E+01
   2.923832E+01   4.769454E+01
   2.922197E+01   4.765287E+01
   2.924186E+01   4.763993E+01
   2.922555E+01   4.761524E+01
   2.922784E+01   4.760364E+01
   2.921149E+01   4.759377E+01
   2.920998E+01   4.758006E+01
   2.920115E+01   4.757152E+01
   2.913177E+01   4.755553E+01
   2.915981E+01   4.751358E+01
   2.917176E+01   4.750647E+01
   2.918797E+01   4.751654E+01
   2.919498E+01   4.748171E+01
   2.916901E+01   4.746718E+01
   2.919224E+01   4.746034E+01
   2.919223E+01   4.744336E+01
   2.920810E+01   4.743987E+01
   2.923596E+01   4.746078E+01
   2.924879E+01   4.746203E+01
   2.925187E+01   4.742620E+01
   2.926571E+01   4.742600E+01
   2.929718E+01   4.744322E+01
   2.932335E+01   4.744498E+01
   2.934600E+01   4.737631E+01
   2.939843E+01   4.738414E+01
   2.940758E+01   4.737207E+01
   2.938636E+01   4.734386E+01
   2.939793E+01   4.731041E+01
   2.943185E+01   4.730768E+01
   2.943477E+01   4.730040E+01
   2.949114E+01   4.731572E+01
   2.950720E+01   4.734690E+01
   2.950361E+01   4.736467E+01
   2.957916E+01   4.737817E+01
   2.960957E+01   4.727206E+01
   2.959801E+01   4.726178E+01
   2.956699E+01   4.725620E+01
   2.956068E+01   4.724401E+01
   2.959120E+01   4.714187E+01
   2.950792E+01   4.712562E+01
   2.955228E+01   4.708037E+01
   2.957785E+01   4.709836E+01
   2.961986E+01   4.710266E+01
   2.963907E+01   4.705313E+01
   2.961158E+01   4.704025E+01
   2.960511E+01   4.696949E+01
   2.957541E+01   4.695303E+01
   2.958883E+01   4.694483E+01
   2.962628E+01   4.695716E+01
   2.964300E+01   4.695252E+01
   2.965303E+01   4.692593E+01
   2.970083E+01   4.691996E+01
   2.971221E+01   4.692698E+01
   2.973461E+01   4.691969E+01
   2.974938E+01   4.686876E+01
   2.976066E+01   4.686094E+01
   2.988347E+01   4.688345E+01
   2.989317E+01   4.686407E+01
   2.988093E+01   4.684949E+01
   2.989810E+01   4.683250E+01
   2.991215E+01   4.682823E+01
   2.994283E+01   4.684242E+01
   2.996015E+01   4.682904E+01
   2.997173E+01   4.682879E+01
   2.997453E+01   4.682077E+01
   2.997226E+01   4.681720E+01
   2.994262E+01   4.681421E+01
   2.993875E+01   4.681031E+01
   2.998388E+01   4.676762E+01
   2.997286E+01   4.669187E+01
   2.994784E+01   4.665216E+01
   2.996719E+01   4.659309E+01
   2.995284E+01   4.659476E+01
   2.995084E+01   4.657374E+01
   2.995518E+01   4.657040E+01
   2.995351E+01   4.656306E+01
   2.989611E+01   4.655605E+01
   2.989378E+01   4.654371E+01
   2.991180E+01   4.652269E+01
   2.992848E+01   4.651534E+01
   2.993649E+01   4.650366E+01
   2.994617E+01   4.650133E+01
   2.996919E+01   4.651368E+01
   2.997220E+01   4.650967E+01
   2.995885E+01   4.649465E+01
   2.998021E+01   4.649465E+01
   2.998855E+01   4.650566E+01
   2.999422E+01   4.650467E+01
   3.000000E+01   4.649664E+01
   2.999622E+01   4.648965E+01
   3.001658E+01   4.648397E+01
   3.000323E+01   4.647997E+01
   3.000223E+01   4.647530E+01
   3.002592E+01   4.647463E+01
   3.002893E+01   4.647129E+01
   3.000089E+01   4.646462E+01
   3.005996E+01   4.644426E+01
   3.005863E+01   4.643592E+01
   3.007798E+01   4.643225E+01
   3.008232E+01   4.643659E+01
   3.012603E+01   4.642992E+01
   3.013404E+01   4.641890E+01
   3.015974E+01   4.643025E+01
   3.016374E+01   4.642758E+01
   3.015607E+01   4.641991E+01
   3.015723E+01   4.641857E+01
   3.014867E+01   4.640572E+01
   3.010125E+01   4.638699E+01
   3.007457E+01   4.640327E+01
   3.001037E+01   4.638240E+01
   2.994687E+01   4.640275E+01
   2.989569E+01   4.637824E+01
   2.989406E+01   4.636837E+01
   2.981634E+01   4.639142E+01
   2.981841E+01   4.641201E+01
   2.979318E+01   4.643645E+01
   2.979636E+01   4.645537E+01
   2.975419E+01   4.647519E+01
   2.974195E+01   4.646800E+01
   2.974618E+01   4.645471E+01
   2.973698E+01   4.643426E+01
   2.969523E+01   4.643506E+01
   2.968138E+01   4.644688E+01
   2.967409E+01   4.644372E+01
   2.967801E+01   4.639248E+01
   2.968705E+01   4.637992E+01
   2.969532E+01   4.637811E+01
   2.970098E+01   4.637058E+01
   2.959343E+01   4.636434E+01
   2.956053E+01   4.640868E+01
   2.953681E+01   4.641240E+01
   2.949858E+01   4.644361E+01
   2.950892E+01   4.646488E+01
   2.945276E+01   4.649722E+01
   2.940130E+01   4.646095E+01
   2.941591E+01   4.643513E+01
   2.940866E+01   4.643277E+01
   2.937740E+01   4.646052E+01
   2.937567E+01   4.647952E+01
   2.935031E+01   4.650635E+01
   2.932748E+01   4.650259E+01
   2.933869E+01   4.648095E+01
   2.931448E+01   4.647144E+01
   2.931900E+01   4.646394E+01
   2.930762E+01   4.644514E+01
   2.932164E+01   4.643584E+01
   2.931908E+01   4.643093E+01
   2.932344E+01   4.641848E+01
   2.931245E+01   4.641123E+01
   2.929967E+01   4.642134E+01
   2.926833E+01   4.641192E+01
   2.925788E+01   4.638403E+01
   2.921655E+01   4.639704E+01
   2.923420E+01   4.642648E+01
   2.923617E+01   4.645038E+01
   2.924847E+01   4.646174E+01
   2.924176E+01   4.647587E+01
   2.926260E+01   4.649205E+01
   2.925483E+01   4.651033E+01
   2.923925E+01   4.650891E+01
   2.924221E+01   4.656333E+01
   2.919510E+01   4.654919E+01
   2.917369E+01   4.655281E+01
   2.917120E+01   4.654955E+01
   2.918134E+01   4.652959E+01
   2.916666E+01   4.651908E+01
   2.905423E+01   4.651655E+01
   2.905031E+01   4.650505E+01
   2.900080E+01   4.648674E+01
   2.899671E+01   4.646864E+01
   2.893682E+01   4.646199E+01
   2.899286E+01   4.633089E+01
   2.894741E+01   4.628032E+01
   2.905595E+01   4.620625E+01
   2.905814E+01   4.619961E+01
   2.895815E+01   4.610686E+01
   2.901037E+01   4.606491E+01
   2.897810E+01   4.601251E+01
   2.879420E+01   4.597723E+01
   2.876573E+01   4.594991E+01
   2.876915E+01   4.594451E+01
   2.876508E+01   4.592227E+01
   2.879045E+01   4.584645E+01
   2.871186E+01   4.581927E+01
   2.871773E+01   4.579196E+01
   2.860573E+01   4.576879E+01
   2.860032E+01   4.573582E+01
   2.854789E+01   4.573716E+01
   2.849602E+01   4.567532E+01
   2.850059E+01   4.566826E+01
   2.852358E+01   4.566970E+01
   2.854778E+01   4.558360E+01
   2.850345E+01   4.557123E+01
   2.851629E+01   4.550547E+01
   2.842852E+01   4.548933E+01
   2.841310E+01   4.551382E+01
   2.831025E+01   4.554561E+01
   2.826891E+01   4.553106E+01
   2.821632E+01   4.546890E+01
   2.818663E+01   4.547503E+01
   2.816597E+01   4.554096E+01
   2.815204E+01   4.554355E+01
   2.815868E+01   4.555154E+01
   2.815577E+01   4.555363E+01
   2.814690E+01   4.555001E+01
   2.814530E+01   4.555323E+01
   2.815147E+01   4.556021E+01
   2.814226E+01   4.556915E+01
   2.811181E+01   4.557698E+01
   2.809626E+01   4.559933E+01
   2.808911E+01   4.560030E+01
   2.808346E+01   4.559349E+01
   2.806982E+01   4.559521E+01
   2.806934E+01   4.560529E+01
   2.811629E+01   4.562775E+01
   2.816393E+01   4.563235E+01
   2.817293E+01   4.564302E+01
   2.817309E+01   4.565149E+01
   2.816661E+01   4.565384E+01
   2.817194E+01   4.567713E+01
   2.816580E+01   4.569779E+01
   2.817095E+01   4.572887E+01
   2.815258E+01   4.575925E+01
   2.815398E+01   4.578190E+01
   2.812350E+01   4.579431E+01
   2.812868E+01   4.580960E+01
   2.811872E+01   4.581907E+01
   2.811681E+01   4.585845E+01
   2.812950E+01   4.587298E+01
   2.813003E+01   4.588442E+01
   2.811912E+01   4.589642E+01
   2.811954E+01   4.595637E+01
   2.809305E+01   4.601542E+01
   2.809846E+01   4.602452E+01
   2.809516E+01   4.604194E+01
   2.810794E+01   4.605990E+01
   2.810018E+01   4.606661E+01
   2.810620E+01   4.607250E+01
   2.809488E+01   4.608244E+01
   2.811378E+01   4.609280E+01
   2.811041E+01   4.610656E+01
   2.812267E+01   4.611240E+01
   2.813337E+01   4.614090E+01
   2.812937E+01   4.615580E+01
   2.814183E+01   4.617447E+01
   2.814038E+01   4.618319E+01
   2.814481E+01   4.618665E+01
   2.813860E+01   4.619170E+01
   2.814652E+01   4.619754E+01
   2.814530E+01   4.620016E+01
   2.812746E+01   4.620397E+01
   2.813335E+01   4.621228E+01
   2.813082E+01   4.621779E+01
   2.811607E+01   4.622090E+01
   2.811753E+01   4.624743E+01
   2.814877E+01   4.626316E+01
   2.813269E+01   4.626605E+01
   2.814154E+01   4.627317E+01
   2.814299E+01   4.628798E+01
   2.815491E+01   4.628638E+01
   2.816633E+01   4.629416E+01
   2.817229E+01   4.629281E+01
   2.817363E+01   4.629934E+01
   2.817647E+01   4.629998E+01
   2.818174E+01   4.629449E+01
   2.821082E+01   4.632808E+01
   2.819270E+01   4.633691E+01
   2.819213E+01   4.634062E+01
   2.819976E+01   4.634689E+01
   2.819857E+01   4.635190E+01
   2.818952E+01   4.635676E+01
   2.819145E+01   4.635979E+01
   2.819901E+01   4.636040E+01
   2.819688E+01   4.636608E+01
   2.821354E+01   4.636466E+01
   2.820737E+01   4.637276E+01
   2.820962E+01   4.637667E+01
   2.820620E+01   4.637931E+01
   2.821820E+01   4.638227E+01
   2.822628E+01   4.639682E+01
   2.824542E+01   4.640085E+01
   2.824353E+01   4.640567E+01
   2.822544E+01   4.640906E+01
   2.824075E+01   4.641508E+01
   2.823163E+01   4.642112E+01
   2.825564E+01   4.643277E+01
   2.825675E+01   4.645449E+01
   2.824327E+01   4.645806E+01
   2.825642E+01   4.647097E+01
   2.824416E+01   4.648527E+01
   2.823135E+01   4.648974E+01
   2.823026E+01   4.650142E+01
   2.821693E+01   4.651322E+01
   2.821736E+01   4.651779E+01
   2.822498E+01   4.651863E+01
   2.822021E+01   4.652828E+01
   2.823228E+01   4.653640E+01
   2.822126E+01   4.654771E+01
   2.823808E+01   4.656104E+01
   2.823061E+01   4.658467E+01
   2.824068E+01   4.659143E+01
   2.825548E+01   4.661873E+01
   2.823993E+01   4.666874E+01
   2.824445E+01   4.667921E+01
   2.824192E+01   4.668518E+01
   2.822769E+01   4.668739E+01
   2.822417E+01   4.669382E+01
   2.821785E+01   4.669297E+01
   2.820662E+01   4.672921E+01
   2.818314E+01   4.675116E+01
   2.818316E+01   4.676945E+01
   2.817050E+01   4.678535E+01
   2.817355E+01   4.678852E+01
   2.812514E+01   4.683150E+01
   2.812276E+01   4.684661E+01
   2.811750E+01   4.685032E+01
   2.812265E+01   4.685873E+01
   2.812867E+01   4.686028E+01
   2.810546E+01   4.688358E+01
   2.812013E+01   4.688504E+01
   2.812286E+01   4.688845E+01
   2.811478E+01   4.690224E+01
   2.810120E+01   4.690602E+01
   2.809768E+01   4.691428E+01
   2.811723E+01   4.692668E+01
   2.811632E+01   4.693172E+01
   2.810972E+01   4.693521E+01
   2.810750E+01   4.694186E+01
   2.809792E+01   4.694629E+01
   2.810474E+01   4.695491E+01
   2.808954E+01   4.696825E+01
   2.810064E+01   4.698672E+01
   2.804354E+01   4.702264E+01
   2.805698E+01   4.702779E+01
   2.803416E+01   4.704010E+01
   2.802172E+01   4.703517E+01
   2.795328E+01   4.705628E+01
   2.796206E+01   4.706307E+01
   2.794685E+01   4.707278E+01
   2.791718E+01   4.707689E+01
   2.787097E+01   4.711767E+01
   2.786354E+01   4.711178E+01
   2.786031E+01   4.712048E+01
   2.783137E+01   4.713165E+01
   2.785752E+01   4.713627E+01
   2.779382E+01   4.715040E+01
   2.780291E+01   4.715469E+01
   2.779296E+01   4.716183E+01
   2.781141E+01   4.716583E+01
   2.780145E+01   4.719835E+01
   2.779209E+01   4.719955E+01
   2.779296E+01   4.721508E+01
   2.778593E+01   4.721604E+01
   2.778568E+01   4.722221E+01
   2.779040E+01   4.722493E+01
   2.777677E+01   4.723324E+01
   2.777682E+01   4.723735E+01
   2.775351E+01   4.724983E+01
   2.776367E+01   4.725822E+01
   2.774998E+01   4.726265E+01
   2.775538E+01   4.726559E+01
   2.773263E+01   4.729863E+01
   2.771190E+01   4.730468E+01
   2.770510E+01   4.729649E+01
   2.769235E+01   4.729565E+01
   2.768250E+01   4.731581E+01
   2.767539E+01   4.730968E+01
   2.764454E+01   4.731143E+01
   2.764161E+01   4.731944E+01
   2.763555E+01   4.731810E+01
   2.762929E+01   4.732956E+01
   2.761819E+01   4.732756E+01
   2.761223E+01   4.733581E+01
   2.761937E+01   4.734560E+01
   2.761008E+01   4.735753E+01
   2.760068E+01   4.735711E+01
   2.760483E+01   4.737057E+01
   2.760220E+01   4.737653E+01
   2.759680E+01   4.737358E+01
   2.758172E+01   4.737730E+01
   2.759183E+01   4.738137E+01
   2.757741E+01   4.738418E+01
   2.757825E+01   4.740245E+01
   2.759005E+01   4.740789E+01
   2.759246E+01   4.741359E+01
   2.757581E+01   4.743148E+01
   2.756605E+01   4.743015E+01
   2.756241E+01   4.743771E+01
   2.757944E+01   4.746208E+01
   2.757549E+01   4.747261E+01
   2.755869E+01   4.747451E+01
   2.754735E+01   4.748666E+01
   2.754940E+01   4.749031E+01
   2.753528E+01   4.749288E+01
   2.753860E+01   4.748670E+01
   2.752678E+01   4.748149E+01
   2.751710E+01   4.749181E+01
   2.751239E+01   4.749183E+01
   2.750865E+01   4.748682E+01
   2.750327E+01   4.748684E+01
   2.750061E+01   4.749233E+01
   2.748378E+01   4.749125E+01
   2.746241E+01   4.751623E+01
   2.746927E+01   4.753493E+01
   2.745844E+01   4.752721E+01
   2.745444E+01   4.753339E+01
   2.745684E+01   4.754069E+01
   2.744642E+01   4.754324E+01
   2.743940E+01   4.755148E+01
   2.744110E+01   4.755513E+01
   2.742469E+01   4.757140E+01
   2.743118E+01   4.758440E+01
   2.738140E+01   4.760048E+01
   2.738441E+01   4.760715E+01
   2.731951E+01   4.764501E+01
   2.731618E+01   4.765689E+01
   2.729631E+01   4.766836E+01
   2.729872E+01   4.768251E+01
   2.727984E+01   4.769100E+01
   2.728528E+01   4.770081E+01
   2.725934E+01   4.772256E+01
   2.726003E+01   4.772758E+01
   2.727357E+01   4.773555E+01
   2.727803E+01   4.772353E+01
   2.728063E+01   4.772371E+01
   2.728165E+01   4.773124E+01
   2.729308E+01   4.772936E+01
   2.729621E+01   4.773185E+01
   2.728711E+01   4.774146E+01
   2.730203E+01   4.775239E+01
   2.730001E+01   4.775537E+01
   2.728952E+01   4.775151E+01
   2.728547E+01   4.775425E+01
   2.728921E+01   4.776019E+01
   2.728044E+01   4.776637E+01
   2.727265E+01   4.776433E+01
   2.727033E+01   4.777872E+01
   2.723792E+01   4.780321E+01
   2.724269E+01   4.781348E+01
   2.724101E+01   4.781713E+01
   2.723051E+01   4.781624E+01
   2.722206E+01   4.782287E+01
   2.722581E+01   4.783040E+01
   2.724883E+01   4.782968E+01
   2.725087E+01   4.783356E+01
   2.724310E+01   4.783905E+01
   2.723801E+01   4.783632E+01
   2.721977E+01   4.784293E+01
   2.721605E+01   4.785286E+01
   2.722054E+01   4.786087E+01
   2.721101E+01   4.788845E+01
   2.721414E+01   4.790249E+01
   2.719371E+01   4.791615E+01
   2.717162E+01   4.791840E+01
   2.716648E+01   4.792752E+01
   2.717662E+01   4.794124E+01
   2.717316E+01   4.795722E+01
   2.715442E+01   4.796745E+01
   2.716792E+01   4.799146E+01
   2.713387E+01   4.799823E+01
   2.716630E+01   4.800000E+01
   2.711939E+01   4.801808E+01
   2.710730E+01   4.800831E+01
   2.709248E+01   4.801781E+01
   2.711668E+01   4.803141E+01
   2.711447E+01   4.803466E+01
   2.709016E+01   4.803867E+01
   2.708811E+01   4.805152E+01
   2.703702E+01   4.809181E+01
   2.704823E+01   4.811099E+01
   2.704810E+01   4.812837E+01
   2.703312E+01   4.812894E+01
   2.702883E+01   4.813842E+01
   2.701303E+01   4.812963E+01
   2.696189E+01   4.814428E+01
   2.695941E+01   4.814914E+01
   2.696485E+01   4.815565E+01
   2.699533E+01   4.815084E+01
   2.699930E+01   4.815510E+01
   2.699778E+01   4.815879E+01
   2.694563E+01   4.816751E+01
   2.694275E+01   4.817123E+01
   2.695834E+01   4.818963E+01
   2.695788E+01   4.819422E+01
   2.693648E+01   4.820361E+01
   2.692459E+01   4.819793E+01
   2.692984E+01   4.818661E+01
   2.691042E+01   4.818772E+01
   2.690150E+01   4.819386E+01
   2.691660E+01   4.820245E+01
   2.688195E+01   4.821372E+01
   2.685909E+01   4.823594E+01
   2.683944E+01   4.823246E+01
   2.683863E+01   4.824437E+01
   2.681927E+01   4.825461E+01
   2.674178E+01   4.825027E+01
   2.675065E+01   4.825718E+01
   2.673375E+01   4.826163E+01
   2.673051E+01   4.825050E+01
   2.672669E+01   4.824920E+01
   2.671268E+01   4.825703E+01
   2.670867E+01   4.826694E+01
   2.670111E+01   4.826617E+01
   2.668925E+01   4.825315E+01
   2.666495E+01   4.825271E+01
   2.666642E+01   4.826297E+01
   2.665074E+01   4.825642E+01
   2.663969E+01   4.826189E+01
   2.662859E+01   4.825022E+01
   2.662360E+01   4.825050E+01
END
END
