none
1
   1.939365E+01   4.199980E+01
   1.937863E+01   4.202239E+01
   1.939502E+01   4.208294E+01
   1.940990E+01   4.210367E+01
   1.940879E+01   4.210822E+01
   1.929396E+01   4.218192E+01
   1.935766E+01   4.224131E+01
   1.936223E+01   4.225784E+01
   1.938218E+01   4.227586E+01
   1.939000E+01   4.229531E+01
   1.942254E+01   4.232040E+01
   1.942669E+01   4.232841E+01
   1.942399E+01   4.234903E+01
   1.943143E+01   4.236768E+01
   1.944633E+01   4.238494E+01
   1.948249E+01   4.239871E+01
   1.951140E+01   4.244047E+01
   1.952799E+01   4.244897E+01
   1.952818E+01   4.245554E+01
   1.954917E+01   4.247437E+01
   1.955607E+01   4.248950E+01
   1.956271E+01   4.249459E+01
   1.957293E+01   4.252036E+01
   1.962963E+01   4.255364E+01
   1.961740E+01   4.257590E+01
   1.967759E+01   4.263559E+01
   1.968939E+01   4.263718E+01
   1.971069E+01   4.265446E+01
   1.971147E+01   4.266068E+01
   1.973277E+01   4.266562E+01
   1.975164E+01   4.264842E+01
   1.976280E+01   4.264688E+01
   1.975813E+01   4.263423E+01
   1.978324E+01   4.259627E+01
   1.978259E+01   4.259314E+01
   1.977070E+01   4.259232E+01
   1.976024E+01   4.258429E+01
   1.976389E+01   4.257182E+01
   1.975346E+01   4.255531E+01
   1.977715E+01   4.250762E+01
   1.978928E+01   4.250229E+01
   1.980141E+01   4.248848E+01
   1.983565E+01   4.247272E+01
   1.984174E+01   4.247390E+01
   1.984507E+01   4.248068E+01
   1.987786E+01   4.248907E+01
   1.988184E+01   4.249897E+01
   1.989113E+01   4.249960E+01
   1.989996E+01   4.249134E+01
   1.990484E+01   4.249398E+01
   1.990784E+01   4.250767E+01
   1.994685E+01   4.252494E+01
   1.996723E+01   4.251590E+01
   1.998329E+01   4.252083E+01
   2.000770E+01   4.251707E+01
   2.002041E+01   4.254102E+01
   2.006795E+01   4.256575E+01
   2.009251E+01   4.256082E+01
   2.012273E+01   4.253469E+01
   2.017655E+01   4.251125E+01
   2.017745E+01   4.250360E+01
   2.018793E+01   4.249428E+01
   2.019135E+01   4.248294E+01
   2.020609E+01   4.247274E+01
   2.020129E+01   4.246049E+01
   2.023440E+01   4.243106E+01
   2.023417E+01   4.242411E+01
   2.022265E+01   4.241605E+01
   2.022167E+01   4.240674E+01
   2.025117E+01   4.237669E+01
   2.024931E+01   4.235270E+01
   2.025408E+01   4.233414E+01
   2.027087E+01   4.232367E+01
   2.029622E+01   4.232877E+01
   2.030842E+01   4.232647E+01
   2.030716E+01   4.231946E+01
   2.031095E+01   4.231816E+01
   2.032791E+01   4.232849E+01
   2.034412E+01   4.233184E+01
   2.035393E+01   4.232784E+01
   2.036268E+01   4.231492E+01
   2.039816E+01   4.230408E+01
   2.041652E+01   4.228869E+01
   2.045343E+01   4.227870E+01
   2.052748E+01   4.221943E+01
   2.054505E+01   4.217357E+01
   2.057039E+01   4.213665E+01
   2.056848E+01   4.207957E+01
   2.060253E+01   4.204742E+01
   2.060325E+01   4.203630E+01
   2.063682E+01   4.197525E+01
   2.063312E+01   4.195271E+01
   2.061936E+01   4.193723E+01
   2.059358E+01   4.192332E+01
   2.059162E+01   4.191782E+01
   2.060272E+01   4.189195E+01
   2.060029E+01   4.188602E+01
   2.057607E+01   4.187683E+01
   2.057292E+01   4.187278E+01
   2.057073E+01   4.183224E+01
   2.058323E+01   4.180300E+01
   2.058212E+01   4.179446E+01
   2.055151E+01   4.178755E+01
   2.053258E+01   4.175904E+01
   2.052765E+01   4.173872E+01
   2.053880E+01   4.170324E+01
   2.053273E+01   4.167015E+01
   2.053893E+01   4.165592E+01
   2.053749E+01   4.165044E+01
   2.056139E+01   4.161845E+01
   2.056867E+01   4.159147E+01
   2.049869E+01   4.156367E+01
   2.048465E+01   4.156440E+01
   2.046468E+01   4.153167E+01
   2.046994E+01   4.152312E+01
   2.048113E+01   4.151899E+01
   2.048194E+01   4.151178E+01
   2.049021E+01   4.150504E+01
   2.051073E+01   4.150392E+01
   2.051535E+01   4.150098E+01
   2.051597E+01   4.149537E+01
   2.050887E+01   4.149170E+01
   2.052433E+01   4.144910E+01
   2.057197E+01   4.141579E+01
   2.056612E+01   4.141059E+01
   2.055582E+01   4.137767E+01
   2.055183E+01   4.137500E+01
   2.054856E+01   4.136592E+01
   2.054058E+01   4.136058E+01
   2.053438E+01   4.134889E+01
   2.052933E+01   4.134615E+01
   2.051737E+01   4.134782E+01
   2.051143E+01   4.135309E+01
   2.050824E+01   4.135289E+01
   2.050364E+01   4.134614E+01
   2.050382E+01   4.133486E+01
   2.052430E+01   4.128533E+01
   2.052138E+01   4.127304E+01
   2.052457E+01   4.126357E+01
   2.053050E+01   4.125829E+01
   2.053307E+01   4.123506E+01
   2.054801E+01   4.120616E+01
   2.055844E+01   4.119875E+01
   2.056693E+01   4.119928E+01
   2.060716E+01   4.113405E+01
   2.059665E+01   4.112291E+01
   2.059770E+01   4.111329E+01
   2.060885E+01   4.109907E+01
   2.067840E+01   4.108687E+01
   2.075058E+01   4.091512E+01
   2.076661E+01   4.090925E+01
   2.082884E+01   4.091154E+01
   2.088015E+01   4.093227E+01
   2.091979E+01   4.092202E+01
   2.093670E+01   4.092802E+01
   2.096369E+01   4.092564E+01
   2.099438E+01   4.090419E+01
   2.099612E+01   4.079326E+01
   2.099271E+01   4.078807E+01
   2.097376E+01   4.078096E+01
   2.097270E+01   4.077857E+01
   2.098922E+01   4.077091E+01
   2.099384E+01   4.076421E+01
   2.099323E+01   4.074456E+01
   2.100788E+01   4.073379E+01
   2.102840E+01   4.072969E+01
   2.106539E+01   4.067503E+01
   2.106846E+01   4.063168E+01
   2.105919E+01   4.060255E+01
   2.105359E+01   4.059756E+01
   2.105243E+01   4.057025E+01
   2.101891E+01   4.056128E+01
   2.099735E+01   4.053342E+01
   2.097871E+01   4.052399E+01
   2.098414E+01   4.050072E+01
   2.096393E+01   4.048124E+01
   2.094492E+01   4.047145E+01
   2.091861E+01   4.048184E+01
   2.085795E+01   4.048747E+01
   2.084982E+01   4.048199E+01
   2.083856E+01   4.045637E+01
   2.080557E+01   4.043906E+01
   2.079711E+01   4.040364E+01
   2.079958E+01   4.038419E+01
   2.079498E+01   4.036596E+01
   2.077223E+01   4.034262E+01
   2.077369E+01   4.032875E+01
   2.074978E+01   4.031664E+01
   2.072240E+01   4.028003E+01
   2.072202E+01   4.027137E+01
   2.073135E+01   4.025700E+01
   2.073148E+01   4.023939E+01
   2.073677E+01   4.023440E+01
   2.071810E+01   4.020599E+01
   2.069318E+01   4.019579E+01
   2.068792E+01   4.017856E+01
   2.069081E+01   4.016974E+01
   2.070092E+01   4.015927E+01
   2.070155E+01   4.015331E+01
   2.069216E+01   4.013862E+01
   2.069255E+01   4.011284E+01
   2.068293E+01   4.010413E+01
   2.057314E+01   4.006777E+01
   2.056060E+01   4.006816E+01
   2.052443E+01   4.008475E+01
   2.049292E+01   4.006921E+01
   2.045803E+01   4.007745E+01
   2.043303E+01   4.006682E+01
   2.042484E+01   4.005608E+01
   2.042036E+01   4.003298E+01
   2.038829E+01   4.000000E+01
   2.032670E+01   3.998893E+01
   2.031052E+01   3.999115E+01
   2.030562E+01   3.998825E+01
   2.033160E+01   3.995340E+01
   2.033230E+01   3.992415E+01
   2.035501E+01   3.990521E+01
   2.038120E+01   3.986555E+01
   2.039479E+01   3.985569E+01
   2.040784E+01   3.983369E+01
   2.039598E+01   3.980563E+01
   2.036779E+01   3.979445E+01
   2.029353E+01   3.981220E+01
   2.028520E+01   3.980187E+01
   2.028525E+01   3.979547E+01
   2.029479E+01   3.978914E+01
   2.029813E+01   3.978239E+01
   2.028902E+01   3.976448E+01
   2.029085E+01   3.975813E+01
   2.031296E+01   3.973322E+01
   2.031074E+01   3.972491E+01
   2.028395E+01   3.971604E+01
   2.025794E+01   3.969323E+01
   2.026086E+01   3.967777E+01
   2.025783E+01   3.967355E+01
   2.022479E+01   3.968711E+01
   2.021368E+01   3.966318E+01
   2.021786E+01   3.965188E+01
   2.021509E+01   3.964836E+01
   2.001134E+01   3.959972E+01
   1.998382E+01   3.965544E+01
   1.996216E+01   3.973208E+01
   1.997621E+01   3.982763E+01
   1.985540E+01   3.989424E+01
   1.924441E+01   4.013628E+01
   1.913709E+01   4.078887E+01
   1.920600E+01   4.139671E+01
   1.938110E+01   4.186384E+01
   1.938115E+01   4.187533E+01
   1.938806E+01   4.188430E+01
   1.937624E+01   4.189037E+01
   1.937216E+01   4.189837E+01
   1.935052E+01   4.190674E+01
   1.935072E+01   4.190998E+01
   1.937662E+01   4.191914E+01
   1.937853E+01   4.192595E+01
   1.937538E+01   4.193147E+01
   1.936272E+01   4.193680E+01
   1.935934E+01   4.194162E+01
   1.936316E+01   4.195776E+01
   1.939105E+01   4.196215E+01
   1.939357E+01   4.196539E+01
   1.938564E+01   4.197220E+01
   1.938893E+01   4.199749E+01
   1.939365E+01   4.199980E+01
END
END
