none
1
   2.103406E+00   4.504886E+01
   2.112904E+00   4.504155E+01
   2.119165E+00   4.502408E+01
   2.124666E+00   4.502150E+01
   2.129898E+00   4.501434E+01
   2.143435E+00   4.500676E+01
   2.144673E+00   4.499961E+01
   2.133131E+00   4.498250E+01
   2.113680E+00   4.498200E+01
   2.102615E+00   4.497774E+01
   2.091981E+00   4.498218E+01
   2.060059E+00   4.497228E+01
   2.041192E+00   4.498003E+01
   1.990049E+00   4.497262E+01
   1.958333E+00   4.495710E+01
   1.949284E+00   4.495013E+01
   1.938342E+00   4.495150E+01
   1.938858E+00   4.496446E+01
   1.935419E+00   4.497101E+01
   1.928180E+00   4.497458E+01
   1.910415E+00   4.497494E+01
   1.891033E+00   4.496119E+01
   1.888242E+00   4.495422E+01
   1.868268E+00   4.495023E+01
   1.864140E+00   4.494549E+01
   1.849240E+00   4.494168E+01
   1.844155E+00   4.493506E+01
   1.833854E+00   4.493477E+01
   1.825550E+00   4.492559E+01
   1.809457E+00   4.492494E+01
   1.802081E+00   4.491842E+01
   1.797981E+00   4.491955E+01
   1.796782E+00   4.492616E+01
   1.792869E+00   4.492885E+01
   1.782775E+00   4.492695E+01
   1.774498E+00   4.492134E+01
   1.764238E+00   4.493147E+01
   1.747605E+00   4.493569E+01
   1.746069E+00   4.493923E+01
   1.749247E+00   4.494590E+01
   1.745668E+00   4.495486E+01
   1.732927E+00   4.495690E+01
   1.724506E+00   4.496502E+01
   1.709806E+00   4.496528E+01
   1.704508E+00   4.497207E+01
   1.703828E+00   4.498018E+01
   1.698186E+00   4.498673E+01
   1.687472E+00   4.499253E+01
   1.681277E+00   4.499981E+01
   1.672163E+00   4.500130E+01
   1.662223E+00   4.500678E+01
   1.643809E+00   4.502516E+01
   1.629947E+00   4.502988E+01
   1.612759E+00   4.502972E+01
   1.608486E+00   4.502692E+01
   1.602428E+00   4.503217E+01
   1.592283E+00   4.503238E+01
   1.574381E+00   4.503760E+01
   1.548789E+00   4.502589E+01
   1.541652E+00   4.502879E+01
   1.537994E+00   4.504084E+01
   1.531806E+00   4.504247E+01
   1.525033E+00   4.503779E+01
   1.504246E+00   4.503598E+01
   1.492647E+00   4.502733E+01
   1.485909E+00   4.502829E+01
   1.476952E+00   4.501591E+01
   1.461781E+00   4.501110E+01
   1.454453E+00   4.501252E+01
   1.424861E+00   4.503350E+01
   1.417149E+00   4.504543E+01
   1.406512E+00   4.505067E+01
   1.403750E+00   4.505666E+01
   1.397331E+00   4.505956E+01
   1.401064E+00   4.507057E+01
   1.388668E+00   4.508658E+01
   1.389067E+00   4.509551E+01
   1.384591E+00   4.509916E+01
   1.378705E+00   4.509879E+01
   1.375198E+00   4.510382E+01
   1.377335E+00   4.510845E+01
   1.394251E+00   4.510928E+01
   1.407928E+00   4.511527E+01
   1.410515E+00   4.511937E+01
   1.409082E+00   4.512331E+01
   1.382780E+00   4.513324E+01
   1.355872E+00   4.512980E+01
   1.346062E+00   4.513714E+01
   1.330912E+00   4.513516E+01
   1.321236E+00   4.514003E+01
   1.309285E+00   4.513207E+01
   1.292282E+00   4.513705E+01
   1.279755E+00   4.514663E+01
   1.260642E+00   4.515262E+01
   1.252283E+00   4.515821E+01
   1.254788E+00   4.516853E+01
   1.269204E+00   4.516827E+01
   1.285216E+00   4.518020E+01
   1.286933E+00   4.518455E+01
   1.283815E+00   4.519020E+01
   1.272467E+00   4.519768E+01
   1.231752E+00   4.519528E+01
   1.225951E+00   4.520303E+01
   1.231752E+00   4.522410E+01
   1.259630E+00   4.523207E+01
   1.272132E+00   4.524004E+01
   1.275380E+00   4.524778E+01
   1.274831E+00   4.525222E+01
   1.271717E+00   4.525413E+01
   1.259569E+00   4.525219E+01
   1.249222E+00   4.525372E+01
   1.237948E+00   4.525920E+01
   1.234577E+00   4.526738E+01
   1.224972E+00   4.527034E+01
   1.227188E+00   4.528371E+01
   1.237486E+00   4.530464E+01
   1.233250E+00   4.532276E+01
   1.239464E+00   4.532517E+01
   1.258981E+00   4.532360E+01
   1.269747E+00   4.532943E+01
   1.277789E+00   4.533821E+01
   1.282375E+00   4.535502E+01
   1.314072E+00   4.536344E+01
   1.315392E+00   4.537203E+01
   1.319655E+00   4.537770E+01
   1.317646E+00   4.538167E+01
   1.298969E+00   4.539049E+01
   1.290345E+00   4.538420E+01
   1.279810E+00   4.538136E+01
   1.271193E+00   4.539210E+01
   1.257391E+00   4.539619E+01
   1.253775E+00   4.540711E+01
   1.256270E+00   4.542066E+01
   1.283189E+00   4.541880E+01
   1.285759E+00   4.542346E+01
   1.278589E+00   4.543091E+01
   1.273714E+00   4.543188E+01
   1.264661E+00   4.544054E+01
   1.258229E+00   4.544203E+01
   1.243147E+00   4.543420E+01
   1.232793E+00   4.543789E+01
   1.230609E+00   4.545409E+01
   1.210884E+00   4.545969E+01
   1.185440E+00   4.545276E+01
   1.175238E+00   4.545563E+01
   1.171504E+00   4.546736E+01
   1.162673E+00   4.547309E+01
   1.135467E+00   4.546704E+01
   1.125220E+00   4.547338E+01
   1.118605E+00   4.547248E+01
   1.115115E+00   4.548041E+01
   1.116551E+00   4.548929E+01
   1.126698E+00   4.549671E+01
   1.133500E+00   4.550805E+01
   1.155690E+00   4.552227E+01
   1.155888E+00   4.552738E+01
   1.136351E+00   4.553750E+01
   1.116013E+00   4.554276E+01
   1.104625E+00   4.553451E+01
   1.091631E+00   4.553316E+01
   1.085610E+00   4.552887E+01
   1.080857E+00   4.553059E+01
   1.070761E+00   4.554510E+01
   1.060181E+00   4.555147E+01
   1.043939E+00   4.555548E+01
   1.042427E+00   4.556173E+01
   1.035600E+00   4.556770E+01
   1.030414E+00   4.557820E+01
   1.034083E+00   4.558607E+01
   1.030975E+00   4.559645E+01
   1.019515E+00   4.560784E+01
   9.981830E-01   4.560917E+01
   9.809770E-01   4.560066E+01
   9.739030E-01   4.560228E+01
   9.690100E-01   4.560673E+01
   9.588820E-01   4.560538E+01
   9.472300E-01   4.560850E+01
   9.341250E-01   4.560808E+01
   9.148590E-01   4.560146E+01
   9.063330E-01   4.560260E+01
   8.980290E-01   4.559763E+01
   8.810310E-01   4.560610E+01
   8.752010E-01   4.561660E+01
   8.709820E-01   4.561894E+01
   8.623900E-01   4.561226E+01
   8.506140E-01   4.558905E+01
   8.433520E-01   4.558024E+01
   8.219440E-01   4.557421E+01
   8.101860E-01   4.557366E+01
   8.009020E-01   4.559228E+01
   7.760760E-01   4.558915E+01
   7.664100E-01   4.560136E+01
   7.595760E-01   4.560274E+01
   7.489820E-01   4.561555E+01
   7.605410E-01   4.563049E+01
   7.615580E-01   4.564283E+01
   7.695340E-01   4.565202E+01
   7.715830E-01   4.566235E+01
   7.593160E-01   4.566794E+01
   7.531520E-01   4.567578E+01
   7.460690E-01   4.567960E+01
   7.425420E-01   4.568610E+01
   7.196590E-01   4.569248E+01
   7.027660E-01   4.568468E+01
   6.941350E-01   4.568612E+01
   6.690850E-01   4.568328E+01
   6.532190E-01   4.568653E+01
   6.464480E-01   4.569418E+01
   6.382270E-01   4.569645E+01
   6.270970E-01   4.571374E+01
   6.287910E-01   4.571968E+01
   6.323000E-01   4.572375E+01
   6.438220E-01   4.572242E+01
   6.462160E-01   4.572621E+01
   6.459680E-01   4.573544E+01
   6.511620E-01   4.574284E+01
   6.613280E-01   4.574446E+01
   6.648140E-01   4.575010E+01
   6.812290E-01   4.575700E+01
   6.869620E-01   4.576279E+01
   7.074890E-01   4.576711E+01
   7.082580E-01   4.577123E+01
   7.036270E-01   4.577828E+01
   7.074660E-01   4.578422E+01
   7.054420E-01   4.579528E+01
   7.108020E-01   4.580637E+01
   7.192220E-01   4.580856E+01
   7.347900E-01   4.580562E+01
   7.409960E-01   4.580823E+01
   7.486720E-01   4.580496E+01
   7.517880E-01   4.580026E+01
   7.626580E-01   4.580173E+01
   7.688410E-01   4.579566E+01
   7.736610E-01   4.579697E+01
   7.745360E-01   4.580634E+01
   7.789610E-01   4.581007E+01
   7.796980E-01   4.582249E+01
   7.947780E-01   4.583315E+01
   8.135510E-01   4.585890E+01
   8.129790E-01   4.586415E+01
   8.050380E-01   4.587092E+01
   8.213860E-01   4.588419E+01
   8.202440E-01   4.588826E+01
   8.101340E-01   4.589705E+01
   8.133260E-01   4.590346E+01
   8.128570E-01   4.591446E+01
   8.050080E-01   4.592280E+01
   8.108270E-01   4.593326E+01
   8.231740E-01   4.593462E+01
   8.364290E-01   4.592644E+01
   8.523050E-01   4.592693E+01
   8.596300E-01   4.592288E+01
   8.701150E-01   4.592586E+01
   8.796790E-01   4.592532E+01
   9.007140E-01   4.593595E+01
   9.036260E-01   4.594131E+01
   9.164680E-01   4.594028E+01
   9.209940E-01   4.595588E+01
   9.380720E-01   4.596031E+01
   9.382550E-01   4.597005E+01
   9.294320E-01   4.597748E+01
   9.288420E-01   4.598889E+01
   9.166940E-01   4.599539E+01
   9.133680E-01   4.600039E+01
   9.138820E-01   4.601179E+01
   8.973380E-01   4.601649E+01
   8.864280E-01   4.602810E+01
   8.672240E-01   4.601368E+01
   8.615500E-01   4.601411E+01
   8.559270E-01   4.601743E+01
   8.554510E-01   4.602568E+01
   8.515100E-01   4.603099E+01
   8.358400E-01   4.603883E+01
   8.300620E-01   4.603924E+01
   8.143650E-01   4.604704E+01
   8.119870E-01   4.605056E+01
   8.121610E-01   4.605842E+01
   8.211920E-01   4.606510E+01
   8.160790E-01   4.607822E+01
   8.283720E-01   4.609081E+01
   8.288250E-01   4.610128E+01
   8.254780E-01   4.610785E+01
   8.130390E-01   4.611263E+01
   8.059840E-01   4.612162E+01
   8.124360E-01   4.612958E+01
   8.327910E-01   4.613153E+01
   8.385760E-01   4.613903E+01
   8.311640E-01   4.614511E+01
   8.256470E-01   4.617827E+01
   8.168500E-01   4.618294E+01
   8.158440E-01   4.618947E+01
   8.116630E-01   4.619416E+01
   7.982880E-01   4.619975E+01
   7.966770E-01   4.620741E+01
   7.910640E-01   4.621187E+01
   7.920540E-01   4.621560E+01
   8.002600E-01   4.622062E+01
   8.052650E-01   4.622920E+01
   8.103000E-01   4.623206E+01
   8.386270E-01   4.623279E+01
   8.394760E-01   4.624091E+01
   8.458160E-01   4.625042E+01
   8.564870E-01   4.625256E+01
   8.601780E-01   4.626392E+01
   8.829880E-01   4.626820E+01
   8.899490E-01   4.627207E+01
   8.955130E-01   4.627913E+01
   8.968400E-01   4.629033E+01
   8.993380E-01   4.629220E+01
   9.100330E-01   4.628679E+01
   9.263230E-01   4.628460E+01
   9.354980E-01   4.629556E+01
   9.539660E-01   4.628787E+01
   9.620100E-01   4.628943E+01
   9.851820E-01   4.628489E+01
   9.972020E-01   4.628667E+01
   1.004672E+00   4.629950E+01
   1.006266E+00   4.630773E+01
   1.016974E+00   4.631421E+01
   1.021983E+00   4.632257E+01
   1.024964E+00   4.634489E+01
   1.045732E+00   4.635800E+01
   1.049078E+00   4.636506E+01
   1.066487E+00   4.636467E+01
   1.079747E+00   4.636136E+01
   1.101576E+00   4.636673E+01
   1.108631E+00   4.635720E+01
   1.123156E+00   4.635354E+01
   1.126174E+00   4.635668E+01
   1.126648E+00   4.636495E+01
   1.144591E+00   4.637020E+01
   1.146534E+00   4.638083E+01
   1.158398E+00   4.639282E+01
   1.177393E+00   4.638717E+01
   1.186746E+00   4.638061E+01
   1.210981E+00   4.639202E+01
   1.217932E+00   4.638695E+01
   1.215653E+00   4.637675E+01
   1.217247E+00   4.637235E+01
   1.235324E+00   4.636944E+01
   1.249577E+00   4.637918E+01
   1.259650E+00   4.638139E+01
   1.285071E+00   4.637631E+01
   1.301581E+00   4.637601E+01
   1.311155E+00   4.638699E+01
   1.310335E+00   4.639276E+01
   1.313327E+00   4.639765E+01
   1.328927E+00   4.639906E+01
   1.342611E+00   4.640364E+01
   1.355889E+00   4.640276E+01
   1.363430E+00   4.639863E+01
   1.385837E+00   4.637731E+01
   1.397317E+00   4.637425E+01
   1.410666E+00   4.636331E+01
   1.413469E+00   4.635339E+01
   1.416204E+00   4.635195E+01
   1.431888E+00   4.635803E+01
   1.432511E+00   4.636606E+01
   1.439006E+00   4.636901E+01
   1.444308E+00   4.637680E+01
   1.462487E+00   4.637963E+01
   1.476607E+00   4.639601E+01
   1.494786E+00   4.640111E+01
   1.497696E+00   4.640734E+01
   1.506637E+00   4.641441E+01
   1.509134E+00   4.642216E+01
   1.523375E+00   4.642938E+01
   1.535465E+00   4.642870E+01
   1.546228E+00   4.642034E+01
   1.548940E+00   4.640096E+01
   1.552209E+00   4.639819E+01
   1.577935E+00   4.641290E+01
   1.591879E+00   4.641112E+01
   1.597988E+00   4.642187E+01
   1.616073E+00   4.642547E+01
   1.622275E+00   4.642339E+01
   1.625679E+00   4.641757E+01
   1.618328E+00   4.640591E+01
   1.618800E+00   4.640283E+01
   1.631478E+00   4.639201E+01
   1.639543E+00   4.638857E+01
   1.652270E+00   4.639654E+01
   1.661882E+00   4.640818E+01
   1.683843E+00   4.642058E+01
   1.700273E+00   4.640871E+01
   1.710740E+00   4.639560E+01
   1.724448E+00   4.639346E+01
   1.745839E+00   4.640730E+01
   1.746525E+00   4.641429E+01
   1.756230E+00   4.642676E+01
   1.745918E+00   4.645196E+01
   1.784315E+00   4.645781E+01
   1.799689E+00   4.645686E+01
   1.806675E+00   4.644798E+01
   1.819481E+00   4.644141E+01
   1.822491E+00   4.643347E+01
   1.826439E+00   4.643171E+01
   1.839430E+00   4.643036E+01
   1.855544E+00   4.643648E+01
   1.878544E+00   4.643530E+01
   1.883921E+00   4.644326E+01
   1.901989E+00   4.644119E+01
   1.910170E+00   4.644609E+01
   1.922683E+00   4.644201E+01
   1.929209E+00   4.643482E+01
   1.978893E+00   4.644413E+01
   1.996185E+00   4.643338E+01
   2.019689E+00   4.643232E+01
   2.046161E+00   4.642383E+01
   2.073633E+00   4.642273E+01
   2.081913E+00   4.641488E+01
   2.092788E+00   4.641206E+01
   2.102050E+00   4.641313E+01
   2.115167E+00   4.642469E+01
   2.129082E+00   4.642253E+01
   2.146291E+00   4.642715E+01
   2.183198E+00   4.642569E+01
   2.197311E+00   4.643088E+01
   2.212538E+00   4.642653E+01
   2.233834E+00   4.642557E+01
   2.250087E+00   4.642886E+01
   2.275408E+00   4.642481E+01
   2.283373E+00   4.642155E+01
   2.283261E+00   4.640661E+01
   2.290125E+00   4.638611E+01
   2.298836E+00   4.638644E+01
   2.314233E+00   4.637875E+01
   2.331931E+00   4.638118E+01
   2.337176E+00   4.637544E+01
   2.339590E+00   4.636269E+01
   2.325882E+00   4.636360E+01
   2.314376E+00   4.635428E+01
   2.312042E+00   4.634899E+01
   2.314143E+00   4.634073E+01
   2.322168E+00   4.633366E+01
   2.337284E+00   4.632741E+01
   2.355530E+00   4.632815E+01
   2.368690E+00   4.631580E+01
   2.378540E+00   4.633028E+01
   2.385781E+00   4.633445E+01
   2.392320E+00   4.633261E+01
   2.421990E+00   4.631136E+01
   2.423235E+00   4.630063E+01
   2.420408E+00   4.629438E+01
   2.422301E+00   4.629115E+01
   2.426423E+00   4.629088E+01
   2.432279E+00   4.629752E+01
   2.444549E+00   4.629737E+01
   2.471297E+00   4.629018E+01
   2.475939E+00   4.628430E+01
   2.482507E+00   4.628235E+01
   2.481023E+00   4.627022E+01
   2.490810E+00   4.625371E+01
   2.504492E+00   4.624908E+01
   2.511259E+00   4.624268E+01
   2.517969E+00   4.624038E+01
   2.519056E+00   4.622450E+01
   2.528414E+00   4.620855E+01
   2.527255E+00   4.620331E+01
   2.531222E+00   4.618727E+01
   2.542152E+00   4.617916E+01
   2.552981E+00   4.617986E+01
   2.562491E+00   4.617354E+01
   2.569292E+00   4.614383E+01
   2.560258E+00   4.612294E+01
   2.552322E+00   4.611222E+01
   2.555456E+00   4.608174E+01
   2.574801E+00   4.604931E+01
   2.604939E+00   4.603439E+01
   2.604899E+00   4.601849E+01
   2.596252E+00   4.599413E+01
   2.598837E+00   4.598873E+01
   2.610409E+00   4.597951E+01
   2.613840E+00   4.597140E+01
   2.609100E+00   4.596408E+01
   2.571173E+00   4.595539E+01
   2.571560E+00   4.594579E+01
   2.558200E+00   4.594151E+01
   2.555432E+00   4.593445E+01
   2.546820E+00   4.592619E+01
   2.547158E+00   4.591972E+01
   2.555263E+00   4.591546E+01
   2.554915E+00   4.590962E+01
   2.542640E+00   4.589911E+01
   2.528843E+00   4.589543E+01
   2.515185E+00   4.588332E+01
   2.507796E+00   4.588175E+01
   2.493783E+00   4.586179E+01
   2.478784E+00   4.586207E+01
   2.471335E+00   4.586887E+01
   2.465306E+00   4.586498E+01
   2.450148E+00   4.586311E+01
   2.448199E+00   4.585951E+01
   2.451550E+00   4.585510E+01
   2.452138E+00   4.584834E+01
   2.448658E+00   4.584347E+01
   2.437454E+00   4.584247E+01
   2.431750E+00   4.583183E+01
   2.415653E+00   4.583150E+01
   2.404408E+00   4.583512E+01
   2.395330E+00   4.582667E+01
   2.396708E+00   4.582243E+01
   2.415781E+00   4.580894E+01
   2.418499E+00   4.580226E+01
   2.428881E+00   4.579673E+01
   2.434724E+00   4.578769E+01
   2.437003E+00   4.576994E+01
   2.444067E+00   4.576297E+01
   2.455245E+00   4.576384E+01
   2.469863E+00   4.575873E+01
   2.475448E+00   4.575104E+01
   2.486588E+00   4.575023E+01
   2.497311E+00   4.573683E+01
   2.510547E+00   4.572629E+01
   2.516027E+00   4.571767E+01
   2.525981E+00   4.571138E+01
   2.523028E+00   4.570095E+01
   2.529268E+00   4.569578E+01
   2.530976E+00   4.568123E+01
   2.519984E+00   4.567356E+01
   2.517690E+00   4.566817E+01
   2.523384E+00   4.566239E+01
   2.530729E+00   4.566009E+01
   2.529257E+00   4.565304E+01
   2.523376E+00   4.564799E+01
   2.522881E+00   4.564040E+01
   2.517325E+00   4.563699E+01
   2.486965E+00   4.563564E+01
   2.481937E+00   4.562138E+01
   2.482376E+00   4.560975E+01
   2.468876E+00   4.559696E+01
   2.480026E+00   4.557779E+01
   2.493568E+00   4.556965E+01
   2.495823E+00   4.556112E+01
   2.508269E+00   4.555601E+01
   2.516828E+00   4.555641E+01
   2.520193E+00   4.555191E+01
   2.522804E+00   4.551685E+01
   2.515068E+00   4.551091E+01
   2.511458E+00   4.550372E+01
   2.516584E+00   4.549290E+01
   2.510536E+00   4.548231E+01
   2.512179E+00   4.547235E+01
   2.508699E+00   4.546196E+01
   2.502481E+00   4.545600E+01
   2.504952E+00   4.544753E+01
   2.498559E+00   4.544204E+01
   2.492699E+00   4.542038E+01
   2.494902E+00   4.541673E+01
   2.506325E+00   4.541304E+01
   2.516490E+00   4.540568E+01
   2.524041E+00   4.540450E+01
   2.530694E+00   4.539161E+01
   2.523636E+00   4.538000E+01
   2.516970E+00   4.538139E+01
   2.506934E+00   4.537602E+01
   2.498320E+00   4.537862E+01
   2.488726E+00   4.537681E+01
   2.482184E+00   4.536779E+01
   2.476344E+00   4.536767E+01
   2.468049E+00   4.537253E+01
   2.465268E+00   4.538087E+01
   2.442355E+00   4.538134E+01
   2.420509E+00   4.539441E+01
   2.397371E+00   4.539780E+01
   2.391992E+00   4.540586E+01
   2.386149E+00   4.540933E+01
   2.369045E+00   4.541341E+01
   2.356049E+00   4.541216E+01
   2.354751E+00   4.540686E+01
   2.365856E+00   4.539885E+01
   2.371905E+00   4.538746E+01
   2.366857E+00   4.537763E+01
   2.369964E+00   4.536712E+01
   2.367312E+00   4.535460E+01
   2.356112E+00   4.534743E+01
   2.361068E+00   4.533993E+01
   2.361300E+00   4.533432E+01
   2.352676E+00   4.532536E+01
   2.318082E+00   4.531924E+01
   2.291016E+00   4.528549E+01
   2.272450E+00   4.528673E+01
   2.266631E+00   4.528367E+01
   2.260122E+00   4.526837E+01
   2.243899E+00   4.526245E+01
   2.242465E+00   4.524615E+01
   2.229346E+00   4.524343E+01
   2.200484E+00   4.521850E+01
   2.194100E+00   4.520632E+01
   2.202140E+00   4.519982E+01
   2.203380E+00   4.518621E+01
   2.223798E+00   4.517349E+01
   2.233218E+00   4.517418E+01
   2.235714E+00   4.516575E+01
   2.231015E+00   4.515946E+01
   2.216751E+00   4.515619E+01
   2.211686E+00   4.514370E+01
   2.203795E+00   4.513666E+01
   2.185595E+00   4.513101E+01
   2.184958E+00   4.512687E+01
   2.192976E+00   4.511479E+01
   2.184292E+00   4.510731E+01
   2.182835E+00   4.509452E+01
   2.177187E+00   4.508623E+01
   2.177381E+00   4.507964E+01
   2.166934E+00   4.507839E+01
   2.157628E+00   4.508269E+01
   2.143295E+00   4.508176E+01
   2.134157E+00   4.507830E+01
   2.121038E+00   4.506690E+01
   2.107663E+00   4.506443E+01
   2.103829E+00   4.505933E+01
   2.103406E+00   4.504886E+01
END
END
