none
1
   -1.257770E-01   5.128587E+01
   -1.382090E-01   5.129877E+01
   -1.563360E-01   5.129990E+01
   -1.594610E-01   5.130436E+01
   -1.573330E-01   5.130897E+01
   -1.635850E-01   5.131937E+01
   -1.612020E-01   5.132165E+01
   -1.660810E-01   5.132817E+01
   -1.735670E-01   5.132846E+01
   -1.762640E-01   5.133254E+01
   -1.885240E-01   5.133935E+01
   -1.970730E-01   5.134149E+01
   -2.107160E-01   5.133474E+01
   -2.158020E-01   5.132816E+01
   -2.216310E-01   5.132830E+01
   -2.302230E-01   5.133451E+01
   -2.310370E-01   5.133774E+01
   -2.196880E-01   5.134533E+01
   -2.280030E-01   5.136123E+01
   -2.467690E-01   5.136580E+01
   -2.469300E-01   5.137832E+01
   -2.600900E-01   5.137757E+01
   -2.831730E-01   5.136372E+01
   -2.917300E-01   5.135117E+01
   -3.025690E-01   5.134217E+01
   -3.047730E-01   5.133397E+01
   -3.186150E-01   5.132626E+01
   -3.291510E-01   5.132498E+01
   -3.324380E-01   5.132861E+01
   -3.296930E-01   5.134326E+01
   -3.320900E-01   5.134911E+01
   -3.212090E-01   5.136093E+01
   -3.183010E-01   5.137395E+01
   -3.095550E-01   5.137770E+01
   -3.134340E-01   5.138669E+01
   -3.183340E-01   5.138781E+01
   -3.178240E-01   5.139161E+01
   -3.285140E-01   5.139028E+01
   -3.414720E-01   5.140160E+01
   -3.595190E-01   5.141024E+01
   -3.780490E-01   5.140619E+01
   -3.898940E-01   5.140877E+01
   -3.919750E-01   5.141470E+01
   -3.882620E-01   5.141647E+01
   -3.920430E-01   5.142077E+01
   -4.064760E-01   5.142106E+01
   -4.195620E-01   5.143061E+01
   -4.292100E-01   5.142713E+01
   -4.385800E-01   5.142852E+01
   -4.418250E-01   5.143303E+01
   -4.487710E-01   5.143365E+01
   -4.487550E-01   5.143772E+01
   -4.573080E-01   5.143662E+01
   -4.593400E-01   5.144742E+01
   -4.631870E-01   5.144876E+01
   -4.606150E-01   5.145531E+01
   -5.114820E-01   5.146629E+01
   -5.005660E-01   5.148958E+01
   -4.919440E-01   5.149500E+01
   -4.855970E-01   5.150704E+01
   -4.909520E-01   5.151027E+01
   -4.939760E-01   5.151658E+01
   -4.908060E-01   5.152871E+01
   -4.971230E-01   5.153908E+01
   -4.925300E-01   5.154737E+01
   -4.785570E-01   5.155801E+01
   -4.841830E-01   5.156181E+01
   -4.871940E-01   5.157426E+01
   -5.011940E-01   5.159166E+01
   -5.025610E-01   5.160055E+01
   -4.988950E-01   5.160306E+01
   -5.009500E-01   5.160902E+01
   -4.974300E-01   5.161847E+01
   -5.018120E-01   5.162160E+01
   -5.007240E-01   5.163144E+01
   -4.910670E-01   5.163239E+01
   -4.870750E-01   5.162826E+01
   -4.570790E-01   5.161405E+01
   -4.497920E-01   5.161677E+01
   -4.462320E-01   5.162119E+01
   -4.404800E-01   5.162177E+01
   -3.997260E-01   5.161510E+01
   -3.382850E-01   5.163168E+01
   -3.171440E-01   5.164217E+01
   -2.960260E-01   5.163717E+01
   -2.755070E-01   5.164049E+01
   -2.735850E-01   5.164365E+01
   -2.634890E-01   5.164652E+01
   -2.581540E-01   5.164376E+01
   -2.534140E-01   5.164799E+01
   -2.514360E-01   5.165754E+01
   -2.289980E-01   5.166167E+01
   -2.264120E-01   5.165934E+01
   -2.118410E-01   5.166332E+01
   -2.124350E-01   5.166808E+01
   -2.036190E-01   5.167181E+01
   -1.942740E-01   5.166989E+01
   -1.913800E-01   5.166614E+01
   -1.886240E-01   5.166937E+01
   -1.731840E-01   5.167482E+01
   -1.653180E-01   5.168311E+01
   -1.637970E-01   5.168979E+01
   -1.494870E-01   5.168722E+01
   -1.093960E-01   5.169344E+01
   -8.522100E-02   5.169183E+01
   -6.182400E-02   5.168469E+01
   -4.902600E-02   5.168596E+01
   -1.016200E-02   5.168229E+01
   -9.804000E-03   5.166409E+01
   -7.249000E-03   5.166042E+01
   -1.025100E-02   5.164821E+01
   1.981000E-03   5.164336E+01
   2.334500E-02   5.164268E+01
   2.740900E-02   5.163467E+01
   2.473800E-02   5.162935E+01
   4.105500E-02   5.161787E+01
   5.434500E-02   5.161984E+01
   5.571900E-02   5.161595E+01
   5.082300E-02   5.161462E+01
   7.272100E-02   5.160646E+01
   7.916500E-02   5.160875E+01
   8.763900E-02   5.160632E+01
   9.245200E-02   5.161119E+01
   9.152700E-02   5.161511E+01
   1.191340E-01   5.161711E+01
   1.357230E-01   5.162526E+01
   1.689820E-01   5.162328E+01
   1.811040E-01   5.162752E+01
   2.031700E-01   5.162682E+01
   2.245340E-01   5.163337E+01
   2.535880E-01   5.161892E+01
   2.651880E-01   5.161016E+01
   2.655220E-01   5.160665E+01
   2.581630E-01   5.160295E+01
   2.710690E-01   5.160076E+01
   2.730100E-01   5.158956E+01
   2.880200E-01   5.157456E+01
   2.913410E-01   5.156611E+01
   3.138830E-01   5.156727E+01
   3.166820E-01   5.155936E+01
   3.290710E-01   5.155211E+01
   3.354370E-01   5.154316E+01
   3.342990E-01   5.153883E+01
   3.022270E-01   5.153717E+01
   2.978820E-01   5.153362E+01
   2.670910E-01   5.153065E+01
   2.682810E-01   5.152264E+01
   2.638730E-01   5.151618E+01
   2.529630E-01   5.151641E+01
   2.486940E-01   5.152572E+01
   2.450560E-01   5.152197E+01
   2.460590E-01   5.151754E+01
   2.404050E-01   5.151750E+01
   2.429680E-01   5.150664E+01
   2.282860E-01   5.150505E+01
   2.309440E-01   5.149800E+01
   2.153040E-01   5.149469E+01
   2.120570E-01   5.148752E+01
   2.253760E-01   5.148225E+01
   2.133570E-01   5.147424E+01
   2.117680E-01   5.146126E+01
   2.049010E-01   5.145795E+01
   2.048530E-01   5.145355E+01
   2.010570E-01   5.145112E+01
   1.937240E-01   5.145003E+01
   1.849330E-01   5.144311E+01
   1.730250E-01   5.144098E+01
   1.651890E-01   5.142714E+01
   1.570520E-01   5.142893E+01
   1.552980E-01   5.142664E+01
   1.562210E-01   5.141792E+01
   1.519190E-01   5.141312E+01
   1.552220E-01   5.141210E+01
   1.540270E-01   5.140744E+01
   1.640550E-01   5.139238E+01
   1.515010E-01   5.139088E+01
   1.520820E-01   5.138128E+01
   1.549090E-01   5.137808E+01
   1.523810E-01   5.137354E+01
   1.537230E-01   5.136953E+01
   1.470610E-01   5.136249E+01
   1.439480E-01   5.134972E+01
   1.373500E-01   5.134253E+01
   1.191500E-01   5.134255E+01
   1.233560E-01   5.133357E+01
   1.189930E-01   5.132838E+01
   1.145350E-01   5.132574E+01
   1.056090E-01   5.132573E+01
   8.719600E-02   5.131539E+01
   8.585600E-02   5.130468E+01
   9.284400E-02   5.129662E+01
   8.631900E-02   5.129152E+01
   5.858800E-02   5.128766E+01
   5.024600E-02   5.129224E+01
   4.200400E-02   5.129101E+01
   4.086500E-02   5.130096E+01
   3.306200E-02   5.130544E+01
   2.606600E-02   5.130100E+01
   2.020200E-02   5.129041E+01
   1.443300E-02   5.129018E+01
   6.740000E-03   5.130982E+01
   7.807000E-03   5.131403E+01
   4.981000E-03   5.131501E+01
   1.184000E-03   5.132732E+01
   -8.716000E-03   5.133220E+01
   -1.482800E-02   5.132817E+01
   -2.280000E-02   5.133655E+01
   -3.760300E-02   5.133689E+01
   -4.115200E-02   5.133233E+01
   -4.873700E-02   5.133104E+01
   -4.621700E-02   5.132498E+01
   -5.054700E-02   5.132094E+01
   -6.376800E-02   5.131693E+01
   -7.714600E-02   5.131817E+01
   -8.161700E-02   5.131507E+01
   -8.060400E-02   5.130962E+01
   -8.707800E-02   5.130648E+01
   -9.333500E-02   5.129799E+01
   -1.131690E-01   5.129066E+01
   -1.171090E-01   5.128554E+01
   -1.257770E-01   5.128587E+01
END
END
