none
1
   -1.090497E+02   3.132930E+01
   -1.110741E+02   3.132659E+01
   -1.148224E+02   3.249577E+01
   -1.147986E+02   3.256554E+01
   -1.148123E+02   3.261167E+01
   -1.148082E+02   3.262640E+01
   -1.147781E+02   3.263682E+01
   -1.147576E+02   3.266248E+01
   -1.147272E+02   3.271494E+01
   -1.147241E+02   3.271631E+01
   -1.147161E+02   3.273070E+01
   -1.147042E+02   3.274563E+01
   -1.146994E+02   3.274691E+01
   -1.146880E+02   3.273912E+01
   -1.146175E+02   3.272995E+01
   -1.146154E+02   3.273617E+01
   -1.145400E+02   3.275842E+01
   -1.145287E+02   3.275884E+01
   -1.145343E+02   3.277711E+01
   -1.145311E+02   3.279644E+01
   -1.145124E+02   3.281720E+01
   -1.144708E+02   3.284526E+01
   -1.144648E+02   3.290980E+01
   -1.144789E+02   3.292362E+01
   -1.144828E+02   3.293560E+01
   -1.144944E+02   3.297086E+01
   -1.145019E+02   3.300486E+01
   -1.145108E+02   3.302076E+01
   -1.145540E+02   3.303233E+01
   -1.145890E+02   3.302469E+01
   -1.146167E+02   3.302529E+01
   -1.146337E+02   3.303128E+01
   -1.146501E+02   3.303625E+01
   -1.146622E+02   3.303110E+01
   -1.146752E+02   3.304161E+01
   -1.146759E+02   3.305670E+01
   -1.146888E+02   3.307075E+01
   -1.146903E+02   3.308302E+01
   -1.147082E+02   3.308789E+01
   -1.147093E+02   3.309856E+01
   -1.147057E+02   3.311247E+01
   -1.146980E+02   3.313203E+01
   -1.146809E+02   3.317345E+01
   -1.146771E+02   3.318613E+01
   -1.146803E+02   3.320407E+01
   -1.146748E+02   3.322314E+01
   -1.146912E+02   3.324665E+01
   -1.146740E+02   3.325950E+01
   -1.146788E+02   3.326963E+01
   -1.147234E+02   3.328583E+01
   -1.147332E+02   3.330317E+01
   -1.147240E+02   3.331408E+01
   -1.147087E+02   3.332510E+01
   -1.147011E+02   3.333874E+01
   -1.146989E+02   3.335307E+01
   -1.147094E+02   3.338168E+01
   -1.147254E+02   3.339917E+01
   -1.147268E+02   3.340637E+01
   -1.147208E+02   3.340999E+01
   -1.146962E+02   3.341675E+01
   -1.146876E+02   3.341963E+01
   -1.146737E+02   3.341968E+01
   -1.146538E+02   3.341448E+01
   -1.146398E+02   3.342106E+01
   -1.146300E+02   3.343055E+01
   -1.146242E+02   3.344831E+01
   -1.146240E+02   3.345843E+01
   -1.146024E+02   3.348353E+01
   -1.145929E+02   3.350051E+01
   -1.145830E+02   3.350719E+01
   -1.145696E+02   3.351118E+01
   -1.145625E+02   3.351764E+01
   -1.145599E+02   3.353325E+01
   -1.145260E+02   3.355322E+01
   -1.145381E+02   3.356958E+01
   -1.145424E+02   3.359049E+01
   -1.145329E+02   3.360505E+01
   -1.145235E+02   3.361207E+01
   -1.145330E+02   3.362430E+01
   -1.145319E+02   3.363015E+01
   -1.145253E+02   3.363562E+01
   -1.145344E+02   3.364705E+01
   -1.145350E+02   3.365206E+01
   -1.145303E+02   3.365642E+01
   -1.145157E+02   3.365964E+01
   -1.145286E+02   3.366322E+01
   -1.145326E+02   3.366703E+01
   -1.145335E+02   3.367322E+01
   -1.145290E+02   3.368418E+01
   -1.145194E+02   3.369051E+01
   -1.145021E+02   3.369642E+01
   -1.144958E+02   3.370735E+01
   -1.144986E+02   3.371947E+01
   -1.145138E+02   3.373323E+01
   -1.145063E+02   3.375121E+01
   -1.145067E+02   3.376169E+01
   -1.145299E+02   3.381471E+01
   -1.145217E+02   3.382505E+01
   -1.145311E+02   3.384717E+01
   -1.145316E+02   3.385777E+01
   -1.145255E+02   3.386172E+01
   -1.145156E+02   3.386008E+01
   -1.145241E+02   3.389121E+01
   -1.145277E+02   3.390108E+01
   -1.145240E+02   3.390319E+01
   -1.145183E+02   3.391524E+01
   -1.145368E+02   3.392487E+01
   -1.145360E+02   3.393863E+01
   -1.145240E+02   3.395528E+01
   -1.145172E+02   3.395935E+01
   -1.145108E+02   3.395862E+01
   -1.145014E+02   3.396288E+01
   -1.144903E+02   3.397270E+01
   -1.144845E+02   3.398168E+01
   -1.144754E+02   3.398686E+01
   -1.144697E+02   3.399370E+01
   -1.144688E+02   3.400476E+01
   -1.144668E+02   3.401245E+01
   -1.144511E+02   3.401409E+01
   -1.144399E+02   3.402282E+01
   -1.144366E+02   3.403704E+01
   -1.144413E+02   3.405622E+01
   -1.144360E+02   3.408737E+01
   -1.144178E+02   3.410836E+01
   -1.144091E+02   3.411292E+01
   -1.143908E+02   3.411183E+01
   -1.143811E+02   3.411732E+01
   -1.143678E+02   3.411994E+01
   -1.143531E+02   3.413467E+01
   -1.143255E+02   3.413798E+01
   -1.143135E+02   3.414616E+01
   -1.142879E+02   3.417241E+01
   -1.142584E+02   3.417452E+01
   -1.142406E+02   3.418528E+01
   -1.142301E+02   3.418856E+01
   -1.142267E+02   3.419296E+01
   -1.142263E+02   3.420490E+01
   -1.142131E+02   3.421235E+01
   -1.141782E+02   3.424191E+01
   -1.141755E+02   3.424871E+01
   -1.141663E+02   3.425206E+01
   -1.141662E+02   3.426085E+01
   -1.141359E+02   3.425937E+01
   -1.141325E+02   3.426189E+01
   -1.141384E+02   3.427519E+01
   -1.141403E+02   3.430419E+01
   -1.141599E+02   3.431882E+01
   -1.141772E+02   3.434757E+01
   -1.142004E+02   3.435981E+01
   -1.142282E+02   3.436353E+01
   -1.142363E+02   3.437579E+01
   -1.142644E+02   3.439935E+01
   -1.142895E+02   3.440499E+01
   -1.143274E+02   3.443611E+01
   -1.143365E+02   3.444866E+01
   -1.143745E+02   3.444537E+01
   -1.143966E+02   3.446387E+01
   -1.143823E+02   3.452771E+01
   -1.144080E+02   3.457059E+01
   -1.144227E+02   3.457870E+01
   -1.144374E+02   3.459294E+01
   -1.144359E+02   3.459779E+01
   -1.144260E+02   3.460197E+01
   -1.144265E+02   3.460987E+01
   -1.144390E+02   3.461883E+01
   -1.144432E+02   3.463033E+01
   -1.144439E+02   3.464284E+01
   -1.144595E+02   3.465631E+01
   -1.144590E+02   3.466041E+01
   -1.144524E+02   3.466647E+01
   -1.144673E+02   3.469083E+01
   -1.144713E+02   3.470957E+01
   -1.144738E+02   3.471224E+01
   -1.144877E+02   3.471568E+01
   -1.144917E+02   3.472495E+01
   -1.145012E+02   3.473022E+01
   -1.145151E+02   3.473497E+01
   -1.145300E+02   3.474879E+01
   -1.145544E+02   3.476626E+01
   -1.145716E+02   3.479395E+01
   -1.145787E+02   3.481620E+01
   -1.145872E+02   3.483510E+01
   -1.145981E+02   3.484513E+01
   -1.146263E+02   3.485948E+01
   -1.146366E+02   3.487418E+01
   -1.146383E+02   3.488846E+01
   -1.146309E+02   3.490833E+01
   -1.146338E+02   3.492403E+01
   -1.146316E+02   3.493435E+01
   -1.146302E+02   3.494489E+01
   -1.146369E+02   3.496481E+01
   -1.146311E+02   3.497899E+01
   -1.146298E+02   3.498606E+01
   -1.146311E+02   3.499597E+01
   -1.146383E+02   3.500947E+01
   -1.146394E+02   3.502531E+01
   -1.146340E+02   3.503614E+01
   -1.146282E+02   3.504569E+01
   -1.146066E+02   3.505982E+01
   -1.146038E+02   3.506612E+01
   -1.146046E+02   3.507247E+01
   -1.146084E+02   3.507795E+01
   -1.146437E+02   3.509506E+01
   -1.146484E+02   3.510235E+01
   -1.146292E+02   3.512050E+01
   -1.146201E+02   3.512332E+01
   -1.145993E+02   3.512275E+01
   -1.145795E+02   3.513004E+01
   -1.145747E+02   3.513892E+01
   -1.145759E+02   3.514547E+01
   -1.145712E+02   3.516293E+01
   -1.145714E+02   3.518613E+01
   -1.145737E+02   3.519996E+01
   -1.145816E+02   3.520934E+01
   -1.145992E+02   3.529675E+01
   -1.146059E+02   3.535298E+01
   -1.146637E+02   3.544354E+01
   -1.146793E+02   3.548949E+01
   -1.146809E+02   3.549999E+01
   -1.146787E+02   3.551429E+01
   -1.146679E+02   3.557754E+01
   -1.146783E+02   3.564026E+01
   -1.146911E+02   3.565098E+01
   -1.146916E+02   3.566525E+01
   -1.147070E+02   3.570771E+01
   -1.147007E+02   3.578967E+01
   -1.147138E+02   3.580602E+01
   -1.147015E+02   3.584328E+01
   -1.146993E+02   3.585566E+01
   -1.147014E+02   3.590048E+01
   -1.147327E+02   3.594323E+01
   -1.147421E+02   3.597487E+01
   -1.147451E+02   3.598454E+01
   -1.147450E+02   3.600810E+01
   -1.147327E+02   3.602271E+01
   -1.147315E+02   3.602817E+01
   -1.147444E+02   3.604035E+01
   -1.147380E+02   3.605810E+01
   -1.147777E+02   3.609871E+01
   -1.146609E+02   3.612557E+01
   -1.146321E+02   3.614397E+01
   -1.145724E+02   3.615328E+01
   -1.145117E+02   3.615266E+01
   -1.144053E+02   3.614906E+01
   -1.143709E+02   3.614435E+01
   -1.143277E+02   3.610684E+01
   -1.143070E+02   3.608331E+01
   -1.142794E+02   3.604785E+01
   -1.141385E+02   3.606010E+01
   -1.141245E+02   3.611260E+01
   -1.141118E+02   3.612137E+01
   -1.140695E+02   3.618151E+01
   -1.140613E+02   3.619075E+01
   -1.140501E+02   3.674765E+01
   -1.140504E+02   3.687381E+01
   -1.140522E+02   3.700119E+01
   -1.112783E+02   3.700216E+01
   -1.105007E+02   3.700596E+01
   -1.104700E+02   3.699970E+01
   -1.090451E+02   3.699920E+01
   -1.090437E+02   3.478532E+01
   -1.090481E+02   3.149919E+01
   -1.090497E+02   3.133217E+01
   -1.090497E+02   3.132930E+01
END
END
