none
1
   -8.802462E+01   3.779585E+01
   -8.802744E+01   3.779603E+01
   -8.805283E+01   3.773783E+01
   -8.810802E+01   3.770865E+01
   -8.813260E+01   3.768668E+01
   -8.815136E+01   3.765787E+01
   -8.813891E+01   3.760702E+01
   -8.808512E+01   3.756094E+01
   -8.805371E+01   3.750450E+01
   -8.807398E+01   3.746765E+01
   -8.828282E+01   3.744177E+01
   -8.831917E+01   3.742835E+01
   -8.835155E+01   3.739488E+01
   -8.841279E+01   3.741348E+01
   -8.844867E+01   3.740469E+01
   -8.848020E+01   3.733395E+01
   -8.850399E+01   3.727016E+01
   -8.844055E+01   3.721755E+01
   -8.841694E+01   3.713627E+01
   -8.846207E+01   3.706128E+01
   -8.850752E+01   3.705739E+01
   -8.855138E+01   3.706456E+01
   -8.861414E+01   3.710590E+01
   -8.868552E+01   3.713260E+01
   -8.873046E+01   3.713681E+01
   -8.879390E+01   3.717333E+01
   -8.890405E+01   3.721404E+01
   -8.897008E+01   3.722398E+01
   -8.902125E+01   3.720843E+01
   -8.907148E+01   3.717052E+01
   -8.908910E+01   3.713119E+01
   -8.913404E+01   3.709465E+01
   -8.917458E+01   3.704262E+01
   -8.916861E+01   3.701647E+01
   -8.911642E+01   3.698774E+01
   -8.910714E+01   3.698009E+01
   -8.913171E+01   3.697936E+01
   -8.916969E+01   3.696731E+01
   -8.918704E+01   3.697095E+01
   -8.919497E+01   3.697913E+01
   -8.923615E+01   3.703513E+01
   -8.925735E+01   3.702469E+01
   -8.925464E+01   3.701506E+01
   -8.926073E+01   3.699898E+01
   -8.927305E+01   3.698772E+01
   -8.929349E+01   3.698952E+01
   -8.932437E+01   3.701343E+01
   -8.937981E+01   3.703703E+01
   -8.938842E+01   3.705480E+01
   -8.937870E+01   3.708100E+01
   -8.938142E+01   3.709327E+01
   -8.942787E+01   3.713630E+01
   -8.946454E+01   3.719816E+01
   -8.947050E+01   3.722195E+01
   -8.946143E+01   3.724703E+01
   -8.949119E+01   3.724860E+01
   -8.951954E+01   3.728027E+01
   -8.952130E+01   3.729011E+01
   -8.951173E+01   3.731647E+01
   -8.948550E+01   3.733836E+01
   -8.943752E+01   3.734710E+01
   -8.942407E+01   3.738778E+01
   -8.944230E+01   3.743557E+01
   -8.947795E+01   3.746962E+01
   -8.951988E+01   3.753628E+01
   -8.952490E+01   3.756038E+01
   -8.952235E+01   3.758434E+01
   -8.952047E+01   3.764002E+01
   -8.951504E+01   3.768161E+01
   -8.951872E+01   3.769053E+01
   -8.958450E+01   3.771050E+01
   -8.964967E+01   3.774250E+01
   -8.966504E+01   3.774757E+01
   -8.967098E+01   3.775979E+01
   -8.966336E+01   3.778556E+01
   -8.967184E+01   3.779777E+01
   -8.971904E+01   3.782316E+01
   -8.974112E+01   3.784394E+01
   -8.978813E+01   3.784930E+01
   -8.980308E+01   3.786735E+01
   -8.980122E+01   3.787897E+01
   -8.984364E+01   3.790232E+01
   -8.990125E+01   3.786688E+01
   -8.992400E+01   3.786778E+01
   -8.995197E+01   3.787886E+01
   -8.997624E+01   3.791616E+01
   -8.997776E+01   3.792767E+01
   -8.999832E+01   3.796048E+01
   -9.003408E+01   3.799267E+01
   -9.005327E+01   3.800128E+01
   -9.008886E+01   3.801283E+01
   -9.011190E+01   3.802389E+01
   -9.012874E+01   3.803912E+01
   -9.017309E+01   3.806676E+01
   -9.022051E+01   3.809197E+01
   -9.024537E+01   3.811069E+01
   -9.033319E+01   3.818507E+01
   -9.035888E+01   3.821620E+01
   -9.037683E+01   3.828110E+01
   -9.037362E+01   3.833464E+01
   -9.035202E+01   3.837956E+01
   -9.029771E+01   3.842863E+01
   -9.028807E+01   3.844463E+01
   -9.026278E+01   3.853006E+01
   -9.022631E+01   3.857570E+01
   -9.019811E+01   3.859427E+01
   -9.018704E+01   3.861028E+01
   -9.017986E+01   3.863406E+01
   -9.018266E+01   3.865620E+01
   -9.018770E+01   3.867421E+01
   -9.021279E+01   3.870424E+01
   -9.021427E+01   3.872226E+01
   -9.020705E+01   3.873452E+01
   -9.017908E+01   3.875588E+01
   -9.016832E+01   3.877497E+01
   -9.012543E+01   3.880013E+01
   -9.011213E+01   3.883774E+01
   -9.011534E+01   3.884694E+01
   -9.019910E+01   3.888504E+01
   -9.022458E+01   3.890480E+01
   -9.025139E+01   3.891656E+01
   -9.030998E+01   3.892117E+01
   -9.039668E+01   3.895716E+01
   -9.047977E+01   3.894301E+01
   -9.048428E+01   3.892467E+01
   -9.049782E+01   3.890847E+01
   -9.054494E+01   3.887116E+01
   -9.058370E+01   3.886605E+01
   -9.062711E+01   3.888640E+01
   -9.066589E+01   3.892641E+01
   -9.071447E+01   3.904597E+01
   -9.071633E+01   3.905678E+01
   -9.071078E+01   3.915002E+01
   -9.072002E+01   3.921305E+01
   -9.075362E+01   3.926321E+01
   -9.081859E+01   3.931805E+01
   -9.089564E+01   3.936499E+01
   -9.090656E+01   3.937688E+01
   -9.093025E+01   3.938495E+01
   -9.099506E+01   3.942024E+01
   -9.103993E+01   3.944594E+01
   -9.106205E+01   3.946738E+01
   -9.108198E+01   3.950570E+01
   -9.110195E+01   3.953593E+01
   -9.115532E+01   3.954577E+01
   -9.123115E+01   3.961848E+01
   -9.127796E+01   3.966336E+01
   -9.130395E+01   3.967701E+01
   -9.136978E+01   3.972682E+01
   -9.137295E+01   3.974506E+01
   -9.143090E+01   3.983514E+01
   -9.143859E+01   3.984391E+01
   -9.144933E+01   3.986982E+01
   -9.144987E+01   3.988357E+01
   -9.144606E+01   3.989517E+01
   -9.142321E+01   3.991680E+01
   -9.142230E+01   3.992691E+01
   -9.146770E+01   3.998218E+01
   -9.149772E+01   4.003549E+01
   -9.149276E+01   4.005719E+01
   -9.151220E+01   4.012136E+01
   -9.151474E+01   4.014731E+01
   -9.151608E+01   4.017866E+01
   -9.150873E+01   4.023961E+01
   -9.149555E+01   4.027925E+01
   -9.146922E+01   4.033593E+01
   -9.144833E+01   4.036404E+01
   -9.141501E+01   4.038271E+01
   -9.138540E+01   4.038676E+01
   -9.137667E+01   4.039192E+01
   -9.137333E+01   4.040058E+01
   -9.138476E+01   4.044281E+01
   -9.136783E+01   4.048489E+01
   -9.136716E+01   4.049940E+01
   -9.138871E+01   4.053023E+01
   -9.142133E+01   4.054541E+01
   -9.138192E+01   4.057660E+01
   -9.136176E+01   4.060414E+01
   -9.134088E+01   4.061625E+01
   -9.130711E+01   4.062917E+01
   -9.125332E+01   4.064095E+01
   -9.112578E+01   4.067154E+01
   -9.111873E+01   4.072529E+01
   -9.111333E+01   4.074629E+01
   -9.109687E+01   4.076868E+01
   -9.109218E+01   4.078512E+01
   -9.109918E+01   4.080780E+01
   -9.109279E+01   4.082361E+01
   -9.101136E+01   4.090295E+01
   -9.095446E+01   4.095104E+01
   -9.095953E+01   4.097905E+01
   -9.094653E+01   4.100975E+01
   -9.095017E+01   4.107192E+01
   -9.094944E+01   4.109540E+01
   -9.099682E+01   4.115825E+01
   -9.104276E+01   4.116503E+01
   -9.111653E+01   4.124057E+01
   -9.111671E+01   4.125165E+01
   -9.108134E+01   4.130700E+01
   -9.106946E+01   4.136583E+01
   -9.105275E+01   4.139111E+01
   -9.104846E+01   4.141564E+01
   -9.102543E+01   4.142589E+01
   -9.098008E+01   4.143594E+01
   -9.093019E+01   4.142446E+01
   -9.089291E+01   4.143690E+01
   -9.084708E+01   4.145810E+01
   -9.074052E+01   4.145075E+01
   -9.065242E+01   4.146589E+01
   -9.060476E+01   4.149938E+01
   -9.060304E+01   4.150701E+01
   -9.059178E+01   4.151358E+01
   -9.056890E+01   4.151790E+01
   -9.055640E+01   4.152505E+01
   -9.053978E+01   4.152691E+01
   -9.050236E+01   4.151911E+01
   -9.046247E+01   4.152362E+01
   -9.041433E+01   4.156709E+01
   -9.038332E+01   4.157748E+01
   -9.034374E+01   4.158842E+01
   -9.034129E+01   4.160148E+01
   -9.034465E+01   4.164730E+01
   -9.033482E+01   4.168142E+01
   -9.031282E+01   4.174435E+01
   -9.027997E+01   4.177004E+01
   -9.018388E+01   4.181016E+01
   -9.018456E+01   4.183893E+01
   -9.017101E+01   4.187610E+01
   -9.015435E+01   4.190618E+01
   -9.015258E+01   4.193070E+01
   -9.016559E+01   4.194593E+01
   -9.016501E+01   4.195825E+01
   -9.014156E+01   4.200047E+01
   -9.016501E+01   4.204114E+01
   -9.016948E+01   4.207567E+01
   -9.016203E+01   4.210462E+01
   -9.016439E+01   4.211646E+01
   -9.017121E+01   4.212473E+01
   -9.019327E+01   4.212514E+01
   -9.020204E+01   4.213011E+01
   -9.021207E+01   4.215330E+01
   -9.025021E+01   4.217076E+01
   -9.027504E+01   4.217478E+01
   -9.031791E+01   4.219357E+01
   -9.035666E+01   4.220443E+01
   -9.038607E+01   4.222047E+01
   -9.041995E+01   4.225386E+01
   -9.043266E+01   4.228087E+01
   -9.041903E+01   4.232248E+01
   -9.042124E+01   4.232644E+01
   -9.045010E+01   4.235517E+01
   -9.047854E+01   4.238103E+01
   -9.055683E+01   4.241375E+01
   -9.064874E+01   4.246968E+01
   -9.065676E+01   4.247727E+01
   -9.065944E+01   4.248990E+01
   -9.064110E+01   4.250941E+01
   -8.969026E+01   4.250820E+01
   -8.878687E+01   4.249499E+01
   -8.811550E+01   4.249923E+01
   -8.779230E+01   4.249488E+01
   -8.753249E+01   4.249823E+01
   -8.752052E+01   4.176140E+01
   -8.752311E+01   4.049137E+01
   -8.752996E+01   3.988294E+01
   -8.752980E+01   3.934659E+01
   -8.753194E+01   3.934476E+01
   -8.755285E+01   3.933759E+01
   -8.759699E+01   3.931222E+01
   -8.759441E+01   3.929533E+01
   -8.758004E+01   3.924509E+01
   -8.757071E+01   3.921727E+01
   -8.758586E+01   3.919522E+01
   -8.761804E+01   3.917218E+01
   -8.763936E+01   3.912993E+01
   -8.759372E+01   3.908198E+01
   -8.757049E+01   3.905706E+01
   -8.756848E+01   3.901899E+01
   -8.757590E+01   3.898921E+01
   -8.752791E+01   3.897236E+01
   -8.750840E+01   3.895537E+01
   -8.751501E+01   3.892197E+01
   -8.752210E+01   3.884974E+01
   -8.749264E+01   3.877921E+01
   -8.749398E+01   3.874256E+01
   -8.751507E+01   3.871578E+01
   -8.751776E+01   3.869694E+01
   -8.753231E+01   3.868054E+01
   -8.759113E+01   3.866449E+01
   -8.761624E+01   3.863799E+01
   -8.762003E+01   3.859288E+01
   -8.765082E+01   3.851773E+01
   -8.765453E+01   3.850560E+01
   -8.769209E+01   3.848524E+01
   -8.772717E+01   3.844605E+01
   -8.774433E+01   3.840873E+01
   -8.777964E+01   3.837032E+01
   -8.781533E+01   3.835270E+01
   -8.782970E+01   3.832427E+01
   -8.782904E+01   3.830660E+01
   -8.783594E+01   3.829183E+01
   -8.785325E+01   3.828627E+01
   -8.788594E+01   3.828298E+01
   -8.790512E+01   3.827288E+01
   -8.791473E+01   3.827612E+01
   -8.792407E+01   3.828943E+01
   -8.793719E+01   3.828867E+01
   -8.795149E+01   3.827388E+01
   -8.794511E+01   3.825617E+01
   -8.795017E+01   3.824619E+01
   -8.795980E+01   3.823623E+01
   -8.796801E+01   3.823609E+01
   -8.797904E+01   3.822700E+01
   -8.798257E+01   3.821028E+01
   -8.797377E+01   3.819758E+01
   -8.792277E+01   3.816487E+01
   -8.791979E+01   3.814881E+01
   -8.794501E+01   3.812592E+01
   -8.797405E+01   3.812143E+01
   -8.799842E+01   3.810058E+01
   -8.798217E+01   3.806783E+01
   -8.798872E+01   3.805390E+01
   -8.801841E+01   3.804398E+01
   -8.802668E+01   3.802487E+01
   -8.800963E+01   3.797763E+01
   -8.801000E+01   3.796589E+01
   -8.802871E+01   3.790254E+01
   -8.803046E+01   3.789337E+01
   -8.804026E+01   3.783689E+01
   -8.802759E+01   3.780600E+01
   -8.802513E+01   3.779847E+01
   -8.802462E+01   3.779585E+01
END
END
