none
1
   -7.151053E+01   4.502486E+01
   -7.150152E+01   4.502700E+01
   -7.150552E+01   4.504680E+01
   -7.149551E+01   4.507931E+01
   -7.147750E+01   4.509344E+01
   -7.144749E+01   4.512592E+01
   -7.143948E+01   4.515698E+01
   -7.141147E+01   4.520635E+01
   -7.145949E+01   4.523595E+01
   -7.144549E+01   4.525145E+01
   -7.139546E+01   4.524440E+01
   -7.136144E+01   4.527821E+01
   -7.128139E+01   4.531340E+01
   -7.125538E+01   4.529932E+01
   -7.122136E+01   4.526412E+01
   -7.114932E+01   4.525004E+01
   -7.109529E+01   4.530918E+01
   -7.108909E+01   4.531157E+01
   -7.108403E+01   4.530725E+01
   -7.107558E+01   4.525187E+01
   -7.103175E+01   4.469635E+01
   -7.100405E+01   4.420270E+01
   -7.098734E+01   4.379027E+01
   -7.097110E+01   4.357124E+01
   -7.096573E+01   4.357081E+01
   -7.096177E+01   4.356471E+01
   -7.095578E+01   4.356229E+01
   -7.094892E+01   4.355124E+01
   -7.095231E+01   4.353936E+01
   -7.095228E+01   4.352263E+01
   -7.095481E+01   4.351336E+01
   -7.095307E+01   4.350872E+01
   -7.095615E+01   4.350704E+01
   -7.095736E+01   4.349855E+01
   -7.096266E+01   4.349577E+01
   -7.096628E+01   4.348876E+01
   -7.096609E+01   4.348003E+01
   -7.097129E+01   4.347685E+01
   -7.096365E+01   4.347474E+01
   -7.095876E+01   4.346735E+01
   -7.096491E+01   4.345125E+01
   -7.095931E+01   4.343808E+01
   -7.096762E+01   4.343335E+01
   -7.096686E+01   4.342891E+01
   -7.096982E+01   4.342437E+01
   -7.098032E+01   4.341945E+01
   -7.098533E+01   4.341297E+01
   -7.098060E+01   4.339816E+01
   -7.098121E+01   4.339370E+01
   -7.098615E+01   4.339035E+01
   -7.098427E+01   4.338041E+01
   -7.098095E+01   4.337874E+01
   -7.097921E+01   4.337122E+01
   -7.097344E+01   4.336525E+01
   -7.096521E+01   4.334934E+01
   -7.096584E+01   4.334499E+01
   -7.095736E+01   4.334127E+01
   -7.095542E+01   4.333582E+01
   -7.093764E+01   4.333923E+01
   -7.093012E+01   4.333788E+01
   -7.092955E+01   4.333068E+01
   -7.090993E+01   4.332054E+01
   -7.091023E+01   4.330855E+01
   -7.090297E+01   4.330781E+01
   -7.089482E+01   4.329930E+01
   -7.089680E+01   4.329532E+01
   -7.090436E+01   4.329393E+01
   -7.089674E+01   4.329432E+01
   -7.089462E+01   4.329243E+01
   -7.089578E+01   4.328691E+01
   -7.088269E+01   4.328487E+01
   -7.088189E+01   4.327431E+01
   -7.087381E+01   4.327349E+01
   -7.086915E+01   4.326758E+01
   -7.086186E+01   4.326615E+01
   -7.085664E+01   4.325731E+01
   -7.084180E+01   4.325558E+01
   -7.083790E+01   4.325173E+01
   -7.083715E+01   4.324417E+01
   -7.082692E+01   4.324500E+01
   -7.081673E+01   4.323944E+01
   -7.081385E+01   4.323399E+01
   -7.081507E+01   4.323074E+01
   -7.080835E+01   4.322672E+01
   -7.081107E+01   4.321702E+01
   -7.081524E+01   4.321408E+01
   -7.081767E+01   4.319247E+01
   -7.082658E+01   4.318745E+01
   -7.082191E+01   4.317388E+01
   -7.082623E+01   4.316961E+01
   -7.083191E+01   4.314624E+01
   -7.082438E+01   4.312711E+01
   -7.080346E+01   4.311582E+01
   -7.077865E+01   4.309758E+01
   -7.076474E+01   4.309283E+01
   -7.075610E+01   4.308055E+01
   -7.074142E+01   4.307834E+01
   -7.073774E+01   4.307420E+01
   -7.070567E+01   4.307572E+01
   -7.048692E+01   4.284488E+01
   -7.073086E+01   4.287650E+01
   -7.081992E+01   4.287016E+01
   -7.084787E+01   4.285918E+01
   -7.088627E+01   4.288128E+01
   -7.090410E+01   4.288579E+01
   -7.092942E+01   4.288436E+01
   -7.096648E+01   4.286806E+01
   -7.103072E+01   4.285851E+01
   -7.104428E+01   4.284831E+01
   -7.106407E+01   4.280568E+01
   -7.113252E+01   4.282056E+01
   -7.116619E+01   4.280843E+01
   -7.118547E+01   4.279100E+01
   -7.118127E+01   4.273671E+01
   -7.122371E+01   4.274591E+01
   -7.124511E+01   4.274152E+01
   -7.126693E+01   4.272573E+01
   -7.127760E+01   4.271140E+01
   -7.129433E+01   4.269669E+01
   -7.199959E+01   4.271214E+01
   -7.245878E+01   4.272527E+01
   -7.247455E+01   4.274486E+01
   -7.247835E+01   4.275978E+01
   -7.249156E+01   4.277136E+01
   -7.249696E+01   4.277182E+01
   -7.249861E+01   4.276742E+01
   -7.250988E+01   4.276322E+01
   -7.251540E+01   4.276414E+01
   -7.251802E+01   4.276982E+01
   -7.251072E+01   4.277595E+01
   -7.251075E+01   4.277967E+01
   -7.254212E+01   4.280677E+01
   -7.254713E+01   4.282554E+01
   -7.254895E+01   4.283892E+01
   -7.255880E+01   4.285351E+01
   -7.255598E+01   4.286071E+01
   -7.255711E+01   4.287470E+01
   -7.255410E+01   4.288589E+01
   -7.254205E+01   4.288959E+01
   -7.253269E+01   4.289824E+01
   -7.253190E+01   4.291179E+01
   -7.252613E+01   4.291576E+01
   -7.252859E+01   4.294094E+01
   -7.253572E+01   4.294811E+01
   -7.253539E+01   4.295320E+01
   -7.251875E+01   4.296479E+01
   -7.249335E+01   4.296913E+01
   -7.248196E+01   4.297561E+01
   -7.247457E+01   4.297359E+01
   -7.246339E+01   4.298338E+01
   -7.246711E+01   4.298946E+01
   -7.246375E+01   4.299861E+01
   -7.245913E+01   4.300251E+01
   -7.245020E+01   4.300184E+01
   -7.244490E+01   4.300803E+01
   -7.245910E+01   4.301695E+01
   -7.246416E+01   4.302507E+01
   -7.246214E+01   4.304149E+01
   -7.246766E+01   4.304669E+01
   -7.246954E+01   4.305286E+01
   -7.243674E+01   4.308233E+01
   -7.243609E+01   4.308588E+01
   -7.244621E+01   4.310268E+01
   -7.243346E+01   4.311332E+01
   -7.243362E+01   4.312006E+01
   -7.244305E+01   4.312940E+01
   -7.244286E+01   4.313200E+01
   -7.244109E+01   4.313413E+01
   -7.244176E+01   4.313664E+01
   -7.244763E+01   4.313673E+01
   -7.245279E+01   4.313845E+01
   -7.245830E+01   4.314757E+01
   -7.245381E+01   4.315368E+01
   -7.245432E+01   4.317350E+01
   -7.244566E+01   4.317976E+01
   -7.245215E+01   4.319305E+01
   -7.243992E+01   4.320316E+01
   -7.244273E+01   4.321839E+01
   -7.243588E+01   4.323176E+01
   -7.244116E+01   4.324391E+01
   -7.244020E+01   4.325300E+01
   -7.243745E+01   4.325833E+01
   -7.242258E+01   4.326474E+01
   -7.241743E+01   4.327123E+01
   -7.240968E+01   4.328453E+01
   -7.240439E+01   4.330303E+01
   -7.239696E+01   4.331320E+01
   -7.241222E+01   4.333150E+01
   -7.240193E+01   4.334721E+01
   -7.240336E+01   4.335607E+01
   -7.241376E+01   4.336099E+01
   -7.241685E+01   4.336510E+01
   -7.241772E+01   4.337720E+01
   -7.241466E+01   4.338461E+01
   -7.240509E+01   4.339224E+01
   -7.239745E+01   4.343796E+01
   -7.239205E+01   4.345118E+01
   -7.239423E+01   4.346726E+01
   -7.238434E+01   4.347623E+01
   -7.238316E+01   4.348043E+01
   -7.238255E+01   4.349321E+01
   -7.238630E+01   4.349948E+01
   -7.239866E+01   4.350798E+01
   -7.240057E+01   4.351260E+01
   -7.239575E+01   4.352822E+01
   -7.238885E+01   4.353085E+01
   -7.238232E+01   4.354088E+01
   -7.238468E+01   4.356359E+01
   -7.238159E+01   4.356735E+01
   -7.238188E+01   4.357385E+01
   -7.237325E+01   4.358147E+01
   -7.235046E+01   4.358933E+01
   -7.232979E+01   4.360204E+01
   -7.233010E+01   4.360648E+01
   -7.233481E+01   4.360977E+01
   -7.233648E+01   4.361836E+01
   -7.232949E+01   4.363021E+01
   -7.233065E+01   4.363631E+01
   -7.231613E+01   4.364276E+01
   -7.231517E+01   4.365766E+01
   -7.230483E+01   4.366926E+01
   -7.230434E+01   4.367895E+01
   -7.230772E+01   4.368325E+01
   -7.230680E+01   4.369565E+01
   -7.230088E+01   4.370735E+01
   -7.227682E+01   4.372837E+01
   -7.227216E+01   4.373525E+01
   -7.226484E+01   4.373557E+01
   -7.223507E+01   4.374742E+01
   -7.221968E+01   4.376673E+01
   -7.220709E+01   4.377179E+01
   -7.220695E+01   4.378553E+01
   -7.219744E+01   4.379207E+01
   -7.219241E+01   4.380142E+01
   -7.218571E+01   4.380682E+01
   -7.219065E+01   4.382121E+01
   -7.218416E+01   4.383419E+01
   -7.218469E+01   4.384408E+01
   -7.218973E+01   4.385515E+01
   -7.218590E+01   4.386531E+01
   -7.217000E+01   4.387004E+01
   -7.217526E+01   4.387934E+01
   -7.217319E+01   4.388629E+01
   -7.216086E+01   4.388897E+01
   -7.215857E+01   4.389590E+01
   -7.215120E+01   4.390373E+01
   -7.212172E+01   4.392070E+01
   -7.211861E+01   4.393395E+01
   -7.212010E+01   4.394688E+01
   -7.210583E+01   4.395189E+01
   -7.210065E+01   4.395811E+01
   -7.210234E+01   4.396361E+01
   -7.211582E+01   4.396715E+01
   -7.211374E+01   4.398579E+01
   -7.211849E+01   4.399190E+01
   -7.211817E+01   4.399558E+01
   -7.210542E+01   4.400354E+01
   -7.210718E+01   4.401335E+01
   -7.209736E+01   4.401691E+01
   -7.209518E+01   4.402468E+01
   -7.209084E+01   4.402603E+01
   -7.208260E+01   4.402951E+01
   -7.208107E+01   4.404014E+01
   -7.207972E+01   4.404434E+01
   -7.206483E+01   4.405091E+01
   -7.207044E+01   4.405349E+01
   -7.206943E+01   4.405842E+01
   -7.205829E+01   4.405974E+01
   -7.204997E+01   4.407020E+01
   -7.205379E+01   4.407354E+01
   -7.205404E+01   4.407753E+01
   -7.204360E+01   4.408094E+01
   -7.204698E+01   4.408732E+01
   -7.204405E+01   4.409050E+01
   -7.204300E+01   4.409516E+01
   -7.204878E+01   4.409514E+01
   -7.205355E+01   4.409921E+01
   -7.205702E+01   4.411034E+01
   -7.205435E+01   4.412071E+01
   -7.204576E+01   4.412627E+01
   -7.204255E+01   4.412981E+01
   -7.204325E+01   4.415232E+01
   -7.204018E+01   4.415605E+01
   -7.204379E+01   4.415650E+01
   -7.204520E+01   4.416123E+01
   -7.204703E+01   4.416114E+01
   -7.205236E+01   4.416647E+01
   -7.205955E+01   4.418123E+01
   -7.206651E+01   4.418974E+01
   -7.206471E+01   4.419805E+01
   -7.205835E+01   4.420487E+01
   -7.206045E+01   4.421010E+01
   -7.205299E+01   4.421824E+01
   -7.205458E+01   4.422507E+01
   -7.204840E+01   4.423968E+01
   -7.206131E+01   4.425582E+01
   -7.206336E+01   4.426339E+01
   -7.206174E+01   4.426773E+01
   -7.206706E+01   4.426750E+01
   -7.206949E+01   4.427113E+01
   -7.206027E+01   4.428732E+01
   -7.203944E+01   4.429788E+01
   -7.203432E+01   4.430309E+01
   -7.203384E+01   4.432005E+01
   -7.202975E+01   4.432270E+01
   -7.201587E+01   4.432102E+01
   -7.198780E+01   4.433082E+01
   -7.198462E+01   4.433652E+01
   -7.198141E+01   4.433780E+01
   -7.193124E+01   4.433793E+01
   -7.191704E+01   4.434752E+01
   -7.190713E+01   4.434930E+01
   -7.187025E+01   4.433777E+01
   -7.183335E+01   4.435052E+01
   -7.181325E+01   4.435614E+01
   -7.181797E+01   4.436713E+01
   -7.181601E+01   4.438255E+01
   -7.180159E+01   4.438544E+01
   -7.180460E+01   4.439215E+01
   -7.179348E+01   4.440024E+01
   -7.177669E+01   4.440129E+01
   -7.176241E+01   4.440843E+01
   -7.175428E+01   4.440614E+01
   -7.174437E+01   4.440142E+01
   -7.173738E+01   4.441056E+01
   -7.172523E+01   4.441180E+01
   -7.170765E+01   4.441286E+01
   -7.168614E+01   4.442513E+01
   -7.168382E+01   4.442922E+01
   -7.167702E+01   4.442844E+01
   -7.168152E+01   4.443399E+01
   -7.167993E+01   4.443685E+01
   -7.166678E+01   4.443876E+01
   -7.166222E+01   4.444210E+01
   -7.165536E+01   4.446059E+01
   -7.165017E+01   4.446613E+01
   -7.164677E+01   4.447641E+01
   -7.163233E+01   4.448582E+01
   -7.161735E+01   4.448772E+01
   -7.159529E+01   4.450203E+01
   -7.159168E+01   4.450316E+01
   -7.158849E+01   4.450829E+01
   -7.159581E+01   4.452168E+01
   -7.159238E+01   4.452426E+01
   -7.157357E+01   4.453751E+01
   -7.159974E+01   4.455354E+01
   -7.159847E+01   4.456027E+01
   -7.159087E+01   4.456626E+01
   -7.156071E+01   4.456434E+01
   -7.155868E+01   4.457179E+01
   -7.154960E+01   4.457173E+01
   -7.155648E+01   4.457905E+01
   -7.155343E+01   4.458571E+01
   -7.155744E+01   4.459849E+01
   -7.156357E+01   4.460027E+01
   -7.156288E+01   4.460442E+01
   -7.155523E+01   4.460715E+01
   -7.155822E+01   4.461747E+01
   -7.155772E+01   4.463104E+01
   -7.156643E+01   4.463783E+01
   -7.156017E+01   4.464252E+01
   -7.156813E+01   4.464849E+01
   -7.157702E+01   4.464855E+01
   -7.158926E+01   4.465881E+01
   -7.158753E+01   4.466390E+01
   -7.158984E+01   4.466998E+01
   -7.159873E+01   4.467771E+01
   -7.159607E+01   4.468297E+01
   -7.160203E+01   4.469966E+01
   -7.160074E+01   4.470354E+01
   -7.161997E+01   4.472233E+01
   -7.162013E+01   4.472619E+01
   -7.162767E+01   4.472723E+01
   -7.162792E+01   4.474456E+01
   -7.163341E+01   4.474754E+01
   -7.163429E+01   4.475187E+01
   -7.163144E+01   4.475497E+01
   -7.161718E+01   4.475839E+01
   -7.161258E+01   4.476666E+01
   -7.159732E+01   4.477645E+01
   -7.159565E+01   4.478253E+01
   -7.158038E+01   4.478655E+01
   -7.157453E+01   4.479207E+01
   -7.157479E+01   4.479981E+01
   -7.157070E+01   4.480644E+01
   -7.157806E+01   4.481153E+01
   -7.157878E+01   4.481582E+01
   -7.157414E+01   4.482246E+01
   -7.156317E+01   4.482529E+01
   -7.155869E+01   4.483538E+01
   -7.155284E+01   4.483814E+01
   -7.155783E+01   4.484859E+01
   -7.154986E+01   4.485625E+01
   -7.155117E+01   4.486312E+01
   -7.154656E+01   4.486773E+01
   -7.153387E+01   4.487180E+01
   -7.152978E+01   4.487901E+01
   -7.152421E+01   4.488086E+01
   -7.151392E+01   4.489027E+01
   -7.151526E+01   4.489565E+01
   -7.150149E+01   4.490629E+01
   -7.150497E+01   4.491712E+01
   -7.151722E+01   4.492601E+01
   -7.151789E+01   4.493415E+01
   -7.152446E+01   4.493940E+01
   -7.152116E+01   4.494948E+01
   -7.151812E+01   4.496198E+01
   -7.152472E+01   4.496391E+01
   -7.152399E+01   4.496773E+01
   -7.154215E+01   4.498435E+01
   -7.153721E+01   4.499398E+01
   -7.152959E+01   4.500060E+01
   -7.150951E+01   4.500795E+01
   -7.150467E+01   4.500877E+01
   -7.150270E+01   4.501316E+01
   -7.151053E+01   4.502486E+01
END
END
