none
1
   -7.604840E-01   5.110214E+01
   -7.666860E-01   5.110084E+01
   -7.702060E-01   5.110350E+01
   -7.603120E-01   5.110653E+01
   -7.501930E-01   5.110523E+01
   -7.475560E-01   5.111093E+01
   -7.699930E-01   5.111570E+01
   -7.718400E-01   5.111992E+01
   -7.845070E-01   5.112837E+01
   -7.822500E-01   5.113341E+01
   -7.926540E-01   5.113827E+01
   -7.970740E-01   5.115099E+01
   -8.049560E-01   5.115329E+01
   -8.167240E-01   5.114634E+01
   -8.279880E-01   5.114386E+01
   -8.354750E-01   5.114668E+01
   -8.273260E-01   5.118185E+01
   -8.467750E-01   5.119965E+01
   -8.505930E-01   5.121079E+01
   -8.306290E-01   5.122657E+01
   -8.273130E-01   5.123585E+01
   -8.224890E-01   5.123582E+01
   -8.213560E-01   5.124050E+01
   -8.054710E-01   5.124663E+01
   -8.005730E-01   5.124106E+01
   -7.901740E-01   5.124443E+01
   -7.757520E-01   5.124362E+01
   -7.688570E-01   5.123800E+01
   -7.484210E-01   5.123236E+01
   -7.428090E-01   5.123262E+01
   -7.382320E-01   5.123803E+01
   -7.402110E-01   5.124113E+01
   -7.377210E-01   5.124930E+01
   -7.315000E-01   5.125610E+01
   -7.353410E-01   5.126016E+01
   -7.321310E-01   5.127015E+01
   -7.414920E-01   5.129497E+01
   -7.410920E-01   5.130025E+01
   -7.461240E-01   5.130812E+01
   -7.635410E-01   5.131623E+01
   -7.673380E-01   5.132436E+01
   -7.734030E-01   5.132649E+01
   -7.769200E-01   5.133278E+01
   -7.604200E-01   5.134195E+01
   -7.606610E-01   5.134460E+01
   -7.324330E-01   5.136799E+01
   -6.975250E-01   5.137599E+01
   -6.635920E-01   5.138757E+01
   -6.403450E-01   5.138902E+01
   -6.253660E-01   5.138453E+01
   -6.212430E-01   5.138679E+01
   -6.250920E-01   5.139010E+01
   -6.179220E-01   5.139649E+01
   -6.197030E-01   5.140016E+01
   -6.062040E-01   5.141795E+01
   -6.058630E-01   5.143059E+01
   -5.967180E-01   5.143892E+01
   -5.746540E-01   5.145099E+01
   -5.667650E-01   5.145175E+01
   -5.552870E-01   5.144316E+01
   -5.498730E-01   5.144500E+01
   -5.276450E-01   5.143735E+01
   -5.331570E-01   5.144190E+01
   -5.295310E-01   5.144773E+01
   -5.412010E-01   5.145559E+01
   -5.418030E-01   5.145850E+01
   -5.338980E-01   5.146457E+01
   -5.310710E-01   5.147133E+01
   -5.258440E-01   5.147288E+01
   -4.591470E-01   5.145840E+01
   -4.569640E-01   5.145622E+01
   -4.588920E-01   5.145085E+01
   -4.559210E-01   5.144976E+01
   -4.541110E-01   5.144016E+01
   -4.454200E-01   5.144145E+01
   -4.455390E-01   5.143662E+01
   -4.387200E-01   5.143595E+01
   -4.383500E-01   5.143197E+01
   -4.306580E-01   5.143058E+01
   -4.168630E-01   5.143356E+01
   -4.053330E-01   5.142426E+01
   -3.949030E-01   5.142502E+01
   -3.856400E-01   5.142144E+01
   -3.844770E-01   5.141395E+01
   -3.881730E-01   5.141202E+01
   -3.782390E-01   5.140958E+01
   -3.586840E-01   5.141354E+01
   -3.396510E-01   5.140447E+01
   -3.270950E-01   5.139337E+01
   -3.167130E-01   5.139504E+01
   -3.094530E-01   5.138713E+01
   -3.057150E-01   5.137808E+01
   -3.077270E-01   5.137405E+01
   -3.156720E-01   5.137179E+01
   -3.183040E-01   5.135911E+01
   -3.285600E-01   5.134824E+01
   -3.257840E-01   5.134390E+01
   -3.279960E-01   5.132824E+01
   -3.198630E-01   5.132943E+01
   -3.069340E-01   5.133663E+01
   -3.054330E-01   5.134404E+01
   -2.944810E-01   5.135341E+01
   -2.864830E-01   5.136561E+01
   -2.618250E-01   5.138117E+01
   -2.479690E-01   5.138187E+01
   -2.434150E-01   5.138049E+01
   -2.431290E-01   5.136824E+01
   -2.324460E-01   5.136753E+01
   -2.212200E-01   5.135797E+01
   -2.156520E-01   5.134293E+01
   -2.265670E-01   5.133616E+01
   -2.202380E-01   5.133153E+01
   -2.151590E-01   5.133181E+01
   -2.140550E-01   5.133692E+01
   -1.970760E-01   5.134528E+01
   -1.865840E-01   5.134228E+01
   -1.718760E-01   5.133178E+01
   -1.623440E-01   5.133179E+01
   -1.619050E-01   5.132639E+01
   -1.548500E-01   5.132192E+01
   -1.591640E-01   5.131874E+01
   -1.559800E-01   5.131212E+01
   -1.527380E-01   5.131088E+01
   -1.544980E-01   5.130319E+01
   -1.366550E-01   5.130234E+01
   -1.236250E-01   5.128851E+01
   -1.189930E-01   5.128876E+01
   -1.156660E-01   5.129393E+01
   -9.861200E-02   5.129926E+01
   -9.814100E-02   5.130265E+01
   -9.278500E-02   5.130280E+01
   -8.997300E-02   5.130850E+01
   -8.353000E-02   5.131187E+01
   -8.619300E-02   5.131688E+01
   -7.961800E-02   5.132131E+01
   -7.079100E-02   5.132292E+01
   -6.434200E-02   5.132034E+01
   -5.517400E-02   5.132299E+01
   -4.991800E-02   5.132699E+01
   -5.279600E-02   5.133065E+01
   -5.107200E-02   5.133415E+01
   -4.288700E-02   5.133538E+01
   -3.815400E-02   5.134039E+01
   -2.214300E-02   5.133989E+01
   -1.453900E-02   5.133296E+01
   -7.861000E-03   5.133553E+01
   3.564000E-03   5.133024E+01
   7.779000E-03   5.131754E+01
   1.194600E-02   5.131664E+01
   1.015300E-02   5.131044E+01
   1.596400E-02   5.129353E+01
   1.808000E-02   5.129344E+01
   2.367200E-02   5.130342E+01
   3.226200E-02   5.130910E+01
   4.269100E-02   5.130421E+01
   4.592700E-02   5.129896E+01
   4.425000E-02   5.129300E+01
   4.982200E-02   5.128596E+01
   4.807600E-02   5.127408E+01
   5.989700E-02   5.124805E+01
   5.448100E-02   5.123584E+01
   4.445400E-02   5.122813E+01
   4.246700E-02   5.121560E+01
   3.623200E-02   5.121419E+01
   4.040500E-02   5.119975E+01
   4.417800E-02   5.119435E+01
   4.917500E-02   5.119274E+01
   4.851300E-02   5.118753E+01
   5.420200E-02   5.118109E+01
   4.792400E-02   5.117035E+01
   5.287600E-02   5.115251E+01
   5.647500E-02   5.114943E+01
   5.079600E-02   5.114116E+01
   3.858900E-02   5.113861E+01
   -6.769000E-03   5.113588E+01
   -1.780800E-02   5.113939E+01
   -2.460300E-02   5.113688E+01
   -4.177200E-02   5.113788E+01
   -5.636600E-02   5.113507E+01
   -6.362000E-02   5.113951E+01
   -8.507100E-02   5.114106E+01
   -9.345200E-02   5.113675E+01
   -1.163070E-01   5.113963E+01
   -1.313220E-01   5.113781E+01
   -1.392390E-01   5.114172E+01
   -1.360400E-01   5.115802E+01
   -1.627280E-01   5.115840E+01
   -1.783850E-01   5.116551E+01
   -1.849060E-01   5.116312E+01
   -1.862550E-01   5.116009E+01
   -1.953370E-01   5.116071E+01
   -2.032730E-01   5.115424E+01
   -2.097840E-01   5.115373E+01
   -2.101870E-01   5.114947E+01
   -2.137180E-01   5.114685E+01
   -2.538500E-01   5.114238E+01
   -2.538470E-01   5.113755E+01
   -2.754060E-01   5.112870E+01
   -2.868940E-01   5.112914E+01
   -3.009200E-01   5.112311E+01
   -3.263260E-01   5.112432E+01
   -3.302910E-01   5.112090E+01
   -3.438500E-01   5.111734E+01
   -3.591300E-01   5.111845E+01
   -3.920200E-01   5.111401E+01
   -3.984790E-01   5.110715E+01
   -4.368810E-01   5.109664E+01
   -4.563720E-01   5.109873E+01
   -4.917990E-01   5.109250E+01
   -5.038950E-01   5.108722E+01
   -5.341230E-01   5.109137E+01
   -5.323610E-01   5.108502E+01
   -5.403620E-01   5.108069E+01
   -5.765760E-01   5.108522E+01
   -6.043930E-01   5.107860E+01
   -6.215130E-01   5.108651E+01
   -6.293790E-01   5.108717E+01
   -6.642820E-01   5.107950E+01
   -6.707890E-01   5.107559E+01
   -6.977030E-01   5.107150E+01
   -7.074750E-01   5.107714E+01
   -7.233960E-01   5.107627E+01
   -7.333450E-01   5.108174E+01
   -7.576330E-01   5.108584E+01
   -7.602940E-01   5.109154E+01
   -7.562500E-01   5.109619E+01
   -7.604840E-01   5.110214E+01
END
END
