none
1
   3.536332E+01   3.304845E+01
   3.535883E+01   3.304988E+01
   3.535726E+01   3.305529E+01
   3.534705E+01   3.305833E+01
   3.533721E+01   3.306717E+01
   3.533290E+01   3.307481E+01
   3.532471E+01   3.307646E+01
   3.532521E+01   3.307959E+01
   3.531908E+01   3.308818E+01
   3.531817E+01   3.309599E+01
   3.531528E+01   3.310218E+01
   3.530021E+01   3.309881E+01
   3.529821E+01   3.310397E+01
   3.529371E+01   3.310634E+01
   3.528092E+01   3.309929E+01
   3.523839E+01   3.309055E+01
   3.523106E+01   3.309196E+01
   3.522579E+01   3.309699E+01
   3.521271E+01   3.309816E+01
   3.520772E+01   3.308585E+01
   3.518912E+01   3.308183E+01
   3.518731E+01   3.308783E+01
   3.517715E+01   3.309071E+01
   3.515843E+01   3.308267E+01
   3.514861E+01   3.308550E+01
   3.514493E+01   3.309022E+01
   3.510281E+01   3.309260E+01
   3.476799E+01   3.312833E+01
   3.569707E+01   3.461863E+01
   3.597626E+01   3.463568E+01
   3.597422E+01   3.464384E+01
   3.597973E+01   3.464573E+01
   3.597876E+01   3.464950E+01
   3.598099E+01   3.465154E+01
   3.599168E+01   3.465189E+01
   3.599136E+01   3.464535E+01
   3.599575E+01   3.464428E+01
   3.600811E+01   3.464712E+01
   3.601232E+01   3.464091E+01
   3.602476E+01   3.463636E+01
   3.602914E+01   3.463148E+01
   3.603460E+01   3.463276E+01
   3.603798E+01   3.463038E+01
   3.605130E+01   3.462989E+01
   3.605312E+01   3.463342E+01
   3.606354E+01   3.463766E+01
   3.607532E+01   3.463260E+01
   3.608012E+01   3.463598E+01
   3.608947E+01   3.463165E+01
   3.609729E+01   3.463815E+01
   3.611329E+01   3.463567E+01
   3.612122E+01   3.464355E+01
   3.612718E+01   3.464409E+01
   3.616199E+01   3.463550E+01
   3.617108E+01   3.463038E+01
   3.618938E+01   3.463930E+01
   3.620551E+01   3.463748E+01
   3.622485E+01   3.462850E+01
   3.622754E+01   3.463157E+01
   3.623568E+01   3.462953E+01
   3.623533E+01   3.463385E+01
   3.623998E+01   3.463345E+01
   3.624378E+01   3.463817E+01
   3.624723E+01   3.463515E+01
   3.626179E+01   3.463233E+01
   3.627100E+01   3.463148E+01
   3.628385E+01   3.463439E+01
   3.629584E+01   3.463625E+01
   3.630635E+01   3.465602E+01
   3.630107E+01   3.466900E+01
   3.630958E+01   3.468387E+01
   3.632057E+01   3.469143E+01
   3.633838E+01   3.469405E+01
   3.635698E+01   3.468455E+01
   3.635713E+01   3.467609E+01
   3.635262E+01   3.467076E+01
   3.635166E+01   3.466266E+01
   3.636683E+01   3.464440E+01
   3.637169E+01   3.464366E+01
   3.638204E+01   3.463538E+01
   3.642936E+01   3.462672E+01
   3.645118E+01   3.463580E+01
   3.646095E+01   3.463669E+01
   3.646165E+01   3.462487E+01
   3.645577E+01   3.459582E+01
   3.645269E+01   3.459197E+01
   3.644865E+01   3.458997E+01
   3.640188E+01   3.458058E+01
   3.640667E+01   3.457005E+01
   3.640478E+01   3.455883E+01
   3.639826E+01   3.455292E+01
   3.634327E+01   3.452659E+01
   3.634087E+01   3.452130E+01
   3.634294E+01   3.451375E+01
   3.634820E+01   3.450533E+01
   3.635553E+01   3.450087E+01
   3.636576E+01   3.450242E+01
   3.638020E+01   3.450948E+01
   3.644326E+01   3.451075E+01
   3.645004E+01   3.451131E+01
   3.645384E+01   3.450858E+01
   3.645609E+01   3.449189E+01
   3.646404E+01   3.448350E+01
   3.649339E+01   3.445720E+01
   3.651032E+01   3.445396E+01
   3.652808E+01   3.443964E+01
   3.653243E+01   3.443913E+01
   3.653603E+01   3.443211E+01
   3.654882E+01   3.442941E+01
   3.655509E+01   3.442453E+01
   3.655975E+01   3.441518E+01
   3.655886E+01   3.440259E+01
   3.654812E+01   3.434511E+01
   3.659271E+01   3.431746E+01
   3.660204E+01   3.431027E+01
   3.660475E+01   3.430211E+01
   3.660187E+01   3.429385E+01
   3.662669E+01   3.420370E+01
   3.662074E+01   3.419625E+01
   3.660692E+01   3.419460E+01
   3.656822E+01   3.413554E+01
   3.654303E+01   3.412812E+01
   3.651083E+01   3.407216E+01
   3.650464E+01   3.406226E+01
   3.647657E+01   3.404903E+01
   3.646767E+01   3.404664E+01
   3.645350E+01   3.404696E+01
   3.640434E+01   3.403305E+01
   3.638170E+01   3.401402E+01
   3.635134E+01   3.399589E+01
   3.632938E+01   3.397663E+01
   3.630982E+01   3.395138E+01
   3.630141E+01   3.393572E+01
   3.631004E+01   3.389785E+01
   3.635602E+01   3.388308E+01
   3.636782E+01   3.387875E+01
   3.638671E+01   3.386257E+01
   3.639257E+01   3.385532E+01
   3.639113E+01   3.384254E+01
   3.638808E+01   3.383767E+01
   3.637035E+01   3.382592E+01
   3.635316E+01   3.382525E+01
   3.633651E+01   3.383058E+01
   3.632258E+01   3.383142E+01
   3.630086E+01   3.384219E+01
   3.628703E+01   3.383920E+01
   3.627052E+01   3.385394E+01
   3.625692E+01   3.385305E+01
   3.623958E+01   3.385171E+01
   3.623578E+01   3.384238E+01
   3.622187E+01   3.384001E+01
   3.621632E+01   3.383476E+01
   3.619917E+01   3.383136E+01
   3.617351E+01   3.383747E+01
   3.616242E+01   3.385209E+01
   3.615561E+01   3.385469E+01
   3.613993E+01   3.383866E+01
   3.611464E+01   3.383512E+01
   3.610392E+01   3.382318E+01
   3.609535E+01   3.381925E+01
   3.608885E+01   3.381805E+01
   3.607743E+01   3.382591E+01
   3.607090E+01   3.382572E+01
   3.605722E+01   3.379984E+01
   3.603797E+01   3.377196E+01
   3.601836E+01   3.376845E+01
   3.600200E+01   3.374937E+01
   3.599431E+01   3.373302E+01
   3.597239E+01   3.371775E+01
   3.597008E+01   3.371452E+01
   3.597363E+01   3.369309E+01
   3.596843E+01   3.368057E+01
   3.595969E+01   3.367724E+01
   3.594067E+01   3.366160E+01
   3.593565E+01   3.365436E+01
   3.593662E+01   3.364686E+01
   3.594643E+01   3.363911E+01
   3.597429E+01   3.364307E+01
   3.597504E+01   3.363148E+01
   3.599474E+01   3.362281E+01
   3.601571E+01   3.361807E+01
   3.602424E+01   3.360911E+01
   3.602723E+01   3.359870E+01
   3.603616E+01   3.359465E+01
   3.603675E+01   3.359105E+01
   3.604938E+01   3.358926E+01
   3.605551E+01   3.359187E+01
   3.606232E+01   3.358897E+01
   3.606037E+01   3.357824E+01
   3.602952E+01   3.354759E+01
   3.601306E+01   3.354477E+01
   3.599602E+01   3.353637E+01
   3.597201E+01   3.354033E+01
   3.594074E+01   3.352104E+01
   3.595376E+01   3.350753E+01
   3.595698E+01   3.350005E+01
   3.595473E+01   3.348709E+01
   3.594086E+01   3.347040E+01
   3.577804E+01   3.332847E+01
   3.566139E+01   3.327993E+01
   3.563904E+01   3.328113E+01
   3.563501E+01   3.327963E+01
   3.563478E+01   3.327555E+01
   3.562315E+01   3.327119E+01
   3.562498E+01   3.326051E+01
   3.562274E+01   3.325506E+01
   3.562740E+01   3.324635E+01
   3.562502E+01   3.324088E+01
   3.559773E+01   3.325269E+01
   3.559275E+01   3.325972E+01
   3.558271E+01   3.326472E+01
   3.558304E+01   3.328082E+01
   3.556722E+01   3.328747E+01
   3.556580E+01   3.327290E+01
   3.555858E+01   3.326359E+01
   3.555703E+01   3.325732E+01
   3.554980E+01   3.325369E+01
   3.555172E+01   3.324950E+01
   3.554793E+01   3.324948E+01
   3.554929E+01   3.323707E+01
   3.553893E+01   3.323009E+01
   3.553980E+01   3.320696E+01
   3.554413E+01   3.319456E+01
   3.553922E+01   3.317912E+01
   3.554188E+01   3.317662E+01
   3.553751E+01   3.316949E+01
   3.553777E+01   3.316429E+01
   3.553431E+01   3.316193E+01
   3.552967E+01   3.314527E+01
   3.552932E+01   3.313976E+01
   3.553474E+01   3.312938E+01
   3.552748E+01   3.312392E+01
   3.552974E+01   3.312125E+01
   3.552774E+01   3.311766E+01
   3.552359E+01   3.311866E+01
   3.552040E+01   3.311464E+01
   3.550480E+01   3.311265E+01
   3.550488E+01   3.308848E+01
   3.549588E+01   3.308957E+01
   3.549338E+01   3.308694E+01
   3.548292E+01   3.309075E+01
   3.546303E+01   3.309144E+01
   3.544681E+01   3.308916E+01
   3.543232E+01   3.306398E+01
   3.539131E+01   3.305698E+01
   3.538301E+01   3.305979E+01
   3.537893E+01   3.305299E+01
   3.538066E+01   3.304646E+01
   3.536855E+01   3.305261E+01
   3.536714E+01   3.304834E+01
   3.536332E+01   3.304845E+01
END
END
