none
1
   -2.685442E+00   9.472243E+00
   -2.739535E+00   9.388015E+00
   -2.763743E+00   9.384107E+00
   -2.786793E+00   9.396540E+00
   -2.927184E+00   9.566359E+00
   -3.053577E+00   9.712260E+00
   -3.076793E+00   9.720707E+00
   -3.099949E+00   9.759955E+00
   -3.148021E+00   9.835278E+00
   -3.173240E+00   9.824062E+00
   -3.190265E+00   9.838621E+00
   -3.264148E+00   9.836111E+00
   -3.310744E+00   9.852395E+00
   -3.334465E+00   9.880811E+00
   -3.365421E+00   9.905707E+00
   -3.554364E+00   9.920497E+00
   -3.596352E+00   9.906421E+00
   -3.661185E+00   9.926132E+00
   -3.755061E+00   9.924330E+00
   -3.791590E+00   9.890983E+00
   -3.932748E+00   9.853742E+00
   -3.966540E+00   9.816864E+00
   -4.022873E+00   9.812307E+00
   -4.038285E+00   9.789705E+00
   -4.181244E+00   9.754203E+00
   -4.247035E+00   9.740424E+00
   -4.242113E+00   9.727098E+00
   -4.273782E+00   9.688145E+00
   -4.273269E+00   9.649615E+00
   -4.304388E+00   9.590462E+00
   -4.323572E+00   9.590873E+00
   -4.358640E+00   9.616163E+00
   -4.366211E+00   9.591558E+00
   -4.380707E+00   9.584083E+00
   -4.412446E+00   9.600547E+00
   -4.436092E+00   9.652305E+00
   -4.506192E+00   9.636900E+00
   -4.595564E+00   9.685602E+00
   -4.611764E+00   9.706421E+00
   -4.625489E+00   9.692035E+00
   -4.649111E+00   9.698588E+00
   -4.660581E+00   9.680240E+00
   -4.695256E+00   9.667516E+00
   -4.716218E+00   9.682350E+00
   -4.779486E+00   9.726582E+00
   -4.817776E+00   9.761989E+00
   -4.828016E+00   9.786146E+00
   -4.804521E+00   9.794289E+00
   -4.824356E+00   9.833057E+00
   -4.839387E+00   9.855827E+00
   -4.883272E+00   9.861140E+00
   -4.915828E+00   9.882453E+00
   -4.935105E+00   9.863522E+00
   -4.974144E+00   9.884669E+00
   -4.982583E+00   9.908885E+00
   -4.966406E+00   9.952161E+00
   -4.996671E+00   9.979698E+00
   -4.999529E+00   1.000584E+01
   -4.993134E+00   1.001930E+01
   -5.001598E+00   1.005337E+01
   -5.064162E+00   1.007080E+01
   -5.074896E+00   1.008270E+01
   -5.069611E+00   1.009742E+01
   -5.088172E+00   1.010327E+01
   -5.155440E+00   1.027415E+01
   -5.188370E+00   1.027482E+01
   -5.200951E+00   1.029598E+01
   -5.327692E+00   1.028358E+01
   -5.353045E+00   1.029158E+01
   -5.367352E+00   1.027530E+01
   -5.411270E+00   1.028642E+01
   -5.447885E+00   1.031292E+01
   -5.496032E+00   1.037180E+01
   -5.527409E+00   1.042192E+01
   -5.519080E+00   1.046466E+01
   -5.468437E+00   1.056157E+01
   -5.470118E+00   1.059753E+01
   -5.487759E+00   1.062477E+01
   -5.476944E+00   1.068472E+01
   -5.465870E+00   1.074912E+01
   -5.420000E+00   1.084768E+01
   -5.455534E+00   1.089924E+01
   -5.495447E+00   1.097114E+01
   -5.498112E+00   1.107848E+01
   -5.482872E+00   1.109251E+01
   -5.363037E+00   1.111177E+01
   -5.307930E+00   1.114510E+01
   -5.306264E+00   1.121057E+01
   -5.257407E+00   1.125520E+01
   -5.260694E+00   1.139866E+01
   -5.221377E+00   1.145034E+01
   -5.211667E+00   1.153943E+01
   -5.224036E+00   1.157372E+01
   -5.245724E+00   1.159624E+01
   -5.288771E+00   1.160050E+01
   -5.301575E+00   1.162004E+01
   -5.279834E+00   1.167634E+01
   -5.273911E+00   1.175109E+01
   -5.363046E+00   1.178585E+01
   -5.378177E+00   1.180533E+01
   -5.409922E+00   1.181912E+01
   -5.410782E+00   1.183468E+01
   -5.380924E+00   1.184888E+01
   -5.353172E+00   1.183434E+01
   -5.288573E+00   1.186074E+01
   -5.252904E+00   1.187345E+01
   -5.192960E+00   1.191575E+01
   -5.154714E+00   1.195971E+01
   -5.075480E+00   1.199282E+01
   -4.937682E+00   1.201936E+01
   -4.841607E+00   1.203361E+01
   -4.704273E+00   1.207102E+01
   -4.640833E+00   1.207762E+01
   -4.635080E+00   1.211686E+01
   -4.622214E+00   1.213304E+01
   -4.602446E+00   1.214560E+01
   -4.550777E+00   1.214685E+01
   -4.578914E+00   1.220432E+01
   -4.484227E+00   1.228478E+01
   -4.481728E+00   1.233075E+01
   -4.450016E+00   1.234497E+01
   -4.414003E+00   1.237228E+01
   -4.447777E+00   1.243428E+01
   -4.408853E+00   1.250626E+01
   -4.427334E+00   1.261597E+01
   -4.482981E+00   1.265361E+01
   -4.478512E+00   1.272855E+01
   -4.468889E+00   1.273583E+01
   -4.436944E+00   1.272864E+01
   -4.402776E+00   1.274718E+01
   -4.346837E+00   1.275777E+01
   -4.328529E+00   1.275445E+01
   -4.298806E+00   1.272557E+01
   -4.260633E+00   1.272869E+01
   -4.228472E+00   1.274206E+01
   -4.204768E+00   1.282855E+01
   -4.220515E+00   1.285326E+01
   -4.220459E+00   1.295683E+01
   -4.276752E+00   1.300299E+01
   -4.298092E+00   1.305369E+01
   -4.343243E+00   1.310434E+01
   -4.346360E+00   1.312573E+01
   -4.301285E+00   1.318858E+01
   -4.251792E+00   1.323978E+01
   -4.199739E+00   1.328348E+01
   -4.081853E+00   1.340837E+01
   -4.037669E+00   1.342292E+01
   -3.969094E+00   1.351271E+01
   -3.943773E+00   1.350402E+01
   -3.930000E+00   1.346867E+01
   -3.898461E+00   1.346693E+01
   -3.891141E+00   1.345300E+01
   -3.897940E+00   1.343460E+01
   -3.885099E+00   1.339886E+01
   -3.823894E+00   1.336670E+01
   -3.784487E+00   1.336951E+01
   -3.719951E+00   1.330416E+01
   -3.666397E+00   1.328193E+01
   -3.579588E+00   1.320878E+01
   -3.547846E+00   1.321162E+01
   -3.535688E+00   1.318806E+01
   -3.441210E+00   1.317904E+01
   -3.433056E+00   1.320321E+01
   -3.454159E+00   1.326012E+01
   -3.445026E+00   1.328450E+01
   -3.242536E+00   1.329763E+01
   -3.262541E+00   1.337339E+01
   -3.283316E+00   1.354969E+01
   -3.258333E+00   1.358440E+01
   -3.254511E+00   1.367618E+01
   -3.280697E+00   1.370002E+01
   -3.269839E+00   1.372207E+01
   -3.248174E+00   1.372997E+01
   -3.212509E+00   1.371950E+01
   -3.092509E+00   1.369311E+01
   -3.017307E+00   1.365438E+01
   -2.891107E+00   1.366276E+01
   -2.913979E+00   1.372029E+01
   -2.913889E+00   1.382361E+01
   -2.890487E+00   1.385873E+01
   -2.893543E+00   1.388126E+01
   -2.863889E+00   1.400528E+01
   -2.849987E+00   1.403333E+01
   -2.836913E+00   1.405022E+01
   -2.682832E+00   1.413616E+01
   -2.605395E+00   1.422088E+01
   -2.476147E+00   1.429903E+01
   -2.293544E+00   1.425224E+01
   -2.106320E+00   1.416283E+01
   -2.015500E+00   1.419574E+01
   -1.977728E+00   1.454841E+01
   -1.370846E+00   1.477321E+01
   -1.095913E+00   1.481813E+01
   -7.214830E-01   1.509013E+01
   -4.279640E-01   1.509271E+01
   -3.872550E-01   1.502063E+01
   -2.377660E-01   1.508804E+01
   6.281600E-02   1.498442E+01
   1.684130E-01   1.498244E+01
   2.319610E-01   1.501047E+01
   2.471910E-01   1.488672E+01
   2.513420E-01   1.475125E+01
   1.772580E-01   1.452334E+01
   1.978210E-01   1.447066E+01
   3.012430E-01   1.437651E+01
   3.280320E-01   1.437000E+01
   4.201210E-01   1.424954E+01
   4.044230E-01   1.422380E+01
   4.029150E-01   1.417847E+01
   4.023030E-01   1.408853E+01
   4.254860E-01   1.402869E+01
   4.325690E-01   1.399003E+01
   4.795130E-01   1.396098E+01
   4.741690E-01   1.391876E+01
   5.015150E-01   1.390096E+01
   5.234390E-01   1.386037E+01
   5.715150E-01   1.382568E+01
   5.901180E-01   1.379563E+01
   6.250390E-01   1.378353E+01
   6.274800E-01   1.376452E+01
   6.069440E-01   1.371877E+01
   6.254120E-01   1.369558E+01
   7.741020E-01   1.369825E+01
   8.674680E-01   1.364250E+01
   9.070110E-01   1.363156E+01
   9.787950E-01   1.358036E+01
   1.002414E+00   1.357506E+01
   1.026827E+00   1.353259E+01
   1.174440E+00   1.340600E+01
   1.204373E+00   1.339735E+01
   1.247983E+00   1.340241E+01
   1.294625E+00   1.335355E+01
   1.283202E+00   1.333698E+01
   1.249444E+00   1.332917E+01
   1.196937E+00   1.331401E+01
   1.179207E+00   1.330334E+01
   1.001529E+00   1.336249E+01
   9.990280E-01   1.305424E+01
   1.017966E+00   1.303322E+01
   1.123575E+00   1.301883E+01
   1.582299E+00   1.263977E+01
   1.866378E+00   1.261945E+01
   1.920833E+00   1.270747E+01
   1.947592E+00   1.270391E+01
   1.987423E+00   1.274100E+01
   2.037150E+00   1.272754E+01
   2.077990E+00   1.272569E+01
   2.098265E+00   1.273532E+01
   2.149571E+00   1.270152E+01
   2.163518E+00   1.265850E+01
   2.206842E+00   1.263883E+01
   2.230087E+00   1.259740E+01
   2.235082E+00   1.252061E+01
   2.273174E+00   1.247705E+01
   2.274083E+00   1.241732E+01
   2.257427E+00   1.240379E+01
   2.160290E+00   1.240401E+01
   2.117584E+00   1.237527E+01
   2.083169E+00   1.237748E+01
   2.071534E+00   1.235614E+01
   2.405841E+00   1.190059E+01
   2.412483E+00   1.186900E+01
   2.380759E+00   1.178770E+01
   2.349983E+00   1.177848E+01
   2.313206E+00   1.173080E+01
   2.319647E+00   1.167878E+01
   2.263548E+00   1.163988E+01
   2.211910E+00   1.159274E+01
   2.191354E+00   1.158893E+01
   2.014836E+00   1.141437E+01
   1.955552E+00   1.141025E+01
   1.869995E+00   1.143550E+01
   1.806824E+00   1.142632E+01
   1.774267E+00   1.140930E+01
   1.717938E+00   1.141412E+01
   1.703141E+00   1.139857E+01
   1.622200E+00   1.138370E+01
   1.582459E+00   1.140085E+01
   1.531654E+00   1.144119E+01
   1.484739E+00   1.144347E+01
   1.429277E+00   1.144552E+01
   1.406640E+00   1.140527E+01
   1.391771E+00   1.138477E+01
   1.331672E+00   1.135267E+01
   1.350920E+00   1.130808E+01
   1.330885E+00   1.128171E+01
   1.283759E+00   1.128577E+01
   1.282763E+00   1.125517E+01
   1.253654E+00   1.123545E+01
   1.222868E+00   1.125005E+01
   1.166054E+00   1.122645E+01
   1.160260E+00   1.118932E+01
   1.168817E+00   1.115956E+01
   1.150100E+00   1.115137E+01
   1.122867E+00   1.116240E+01
   1.102128E+00   1.113882E+01
   1.095428E+00   1.111807E+01
   1.104876E+00   1.107170E+01
   1.124945E+00   1.104372E+01
   1.115413E+00   1.102188E+01
   1.065910E+00   1.104828E+01
   1.032221E+00   1.103992E+01
   1.006497E+00   1.107572E+01
   9.805540E-01   1.107529E+01
   9.776840E-01   1.105170E+01
   9.157220E-01   1.098681E+01
   6.585470E-01   1.098743E+01
   4.965070E-01   1.092117E+01
   4.846950E-01   1.093046E+01
   4.958640E-01   1.097235E+01
   4.801550E-01   1.098431E+01
   4.878960E-01   1.100147E+01
   -9.612100E-02   1.111806E+01
   -2.706690E-01   1.116271E+01
   -2.681790E-01   1.111376E+01
   -3.311300E-01   1.109572E+01
   -3.598590E-01   1.105817E+01
   -3.963170E-01   1.111023E+01
   -4.232880E-01   1.109249E+01
   -4.308650E-01   1.102222E+01
   -4.553990E-01   1.100941E+01
   -4.776080E-01   1.101487E+01
   -5.167360E-01   1.097454E+01
   -5.342620E-01   1.097783E+01
   -5.508650E-01   1.096281E+01
   -5.655040E-01   1.097144E+01
   -5.852520E-01   1.094100E+01
   -5.874090E-01   1.090678E+01
   -6.196330E-01   1.089230E+01
   -6.409320E-01   1.093066E+01
   -6.798080E-01   1.094636E+01
   -6.808380E-01   1.096540E+01
   -6.987370E-01   1.098074E+01
   -8.102620E-01   1.098286E+01
   -8.201880E-01   1.099281E+01
   -8.557740E-01   1.097942E+01
   -8.792750E-01   1.094911E+01
   -9.264520E-01   1.096494E+01
   -9.372450E-01   1.098421E+01
   -1.110755E+00   1.099086E+01
   -1.122265E+00   1.097279E+01
   -1.397225E+00   1.098024E+01
   -1.435384E+00   1.100809E+01
   -1.578827E+00   1.100892E+01
   -1.589981E+00   1.097867E+01
   -1.658104E+00   1.098703E+01
   -1.741377E+00   1.096615E+01
   -2.157818E+00   1.096786E+01
   -2.505181E+00   1.097345E+01
   -2.824777E+00   1.099406E+01
   -2.830635E+00   1.096811E+01
   -2.810072E+00   1.094502E+01
   -2.808810E+00   1.091926E+01
   -2.832073E+00   1.088531E+01
   -2.854282E+00   1.085553E+01
   -2.886462E+00   1.075986E+01
   -2.903039E+00   1.070576E+01
   -2.895791E+00   1.068831E+01
   -2.931184E+00   1.063386E+01
   -2.930511E+00   1.061828E+01
   -2.890488E+00   1.054909E+01
   -2.890114E+00   1.052600E+01
   -2.865956E+00   1.049437E+01
   -2.858592E+00   1.046074E+01
   -2.763741E+00   1.042391E+01
   -2.772638E+00   1.040158E+01
   -2.823283E+00   1.038219E+01
   -2.828186E+00   1.030426E+01
   -2.759658E+00   1.027326E+01
   -2.746671E+00   1.024981E+01
   -2.751747E+00   1.022213E+01
   -2.787513E+00   1.019094E+01
   -2.776734E+00   1.014278E+01
   -2.780120E+00   1.007177E+01
   -2.732390E+00   9.958698E+00
   -2.717098E+00   9.826363E+00
   -2.726330E+00   9.807088E+00
   -2.749725E+00   9.794422E+00
   -2.779739E+00   9.742776E+00
   -2.777052E+00   9.698765E+00
   -2.748287E+00   9.685134E+00
   -2.735776E+00   9.643209E+00
   -2.684722E+00   9.508131E+00
   -2.673887E+00   9.483604E+00
   -2.685442E+00   9.472243E+00
END
END
