Свердловская область
1
	59.678977812	62.1219569415
	59.6807238982	62.1213919402
	59.6832379028	62.1221384286
	59.6878837014	62.1234503355
	59.6937881589	62.1249258322
	59.7129608274	62.1293737692
	59.7185188988	62.1305709594
	59.7301316876	62.1324882386
	59.7418450086	62.1336419
	59.7536087036	62.1340270035
	59.7683258057	62.1340270035
	59.7800895006	62.1336419
	59.7918028217	62.1324882386
	59.7926051441	62.1323807736
	59.8273265186	62.1276505489
	59.838136985	62.1258407348
	59.8409315363	62.1252617792
	59.9517637506	62.1013817743
	59.9604317283	62.099288043
	59.96981886	62.0964967471
	59.979047451	62.0942831602
	59.9850214677	62.0925712831
	59.9950159745	62.0895195253
	59.999066197	62.0882303048
	60.0418442121	62.0740548898
	60.0430831576	62.0736393376
	60.0540987674	62.0694933557
	60.0648196316	62.0646357953
	60.065501398	62.0642977905
	60.0727264346	62.0606967163
	60.0824248787	62.055486383
	60.0924199857	62.0492710261
	60.1019871885	62.0424152655
	60.1110855191	62.0349484586
	60.1196760169	62.0269025794
	60.1277218961	62.0183120816
	60.135188703	62.009213751
	60.1420444636	61.9996465482
	60.1482598205	61.9896514412
	60.1538081586	61.9792712308
	60.1565191052	61.9735198814
	60.1590215467	61.9679580528
	60.1611681604	61.9629885379
	60.1653141423	61.9519729281
	60.168730792	61.9407097434
	60.1714034789	61.9292472145
	60.1733207581	61.9176344257
	60.1739027302	61.9117255638
	60.1795909161	61.9119682508
	60.2210500213	61.9161636385
	60.2273949354	61.9166924371
	60.2352722815	61.9170355494
	60.2412292356	61.9171642919
	60.2588781635	61.9189455263
	60.2651756971	61.9194695367
	60.2683362069	61.9196487708
	60.3258779404	61.9224042323
	60.3312337373	61.9230417438
	60.3407295912	61.9239174737
	60.3461355356	61.9241901769
	60.463910499	61.9283558264
	60.4702682495	61.9284682267
	60.4737347567	61.9284348187
	60.5026272738	61.9278778729
	60.5109244616	61.9275261774
	60.5119730735	61.9274543701
	60.5508600974	61.9246772705
	60.5615248065	61.9235954163
	60.5624784113	61.9234672761
	60.5969251276	61.9187446809
	60.6048419409	61.9174789411
	60.6792895727	61.9038681012
	60.6820319435	61.9033447021
	60.6833132326	61.9030849935
	60.7269046626	61.8940842548
	60.7309626445	61.8936015407
	60.7331938129	61.8933219788
	60.7448066017	61.8914046996
	60.7496831129	61.8903642314
	60.7950925988	61.8800154165
	60.8782783138	61.882198202
	60.9243446248	61.8852871966
	60.924614784	61.885305108
	60.9354802909	61.8856879689
	60.9904805961	61.8859626271
	60.9909119016	61.8859495856
	60.9913787842	61.8859648697
	60.99479692	61.8859323877
	61.0092469933	61.8856577295
	61.0175925524	61.885305108
	61.0237567521	61.8847945043
	61.0853717423	61.8786223241
	61.0879236316	61.8783482895
	61.1238046741	61.8742360458
	61.1268019061	61.8738670228
	61.1356872459	61.872470414
	61.1781906028	61.864696061
	61.1809180519	61.8641753905
	61.1848179411	61.8633546373
	61.2048145842	61.8589143297
	61.2123772239	61.857062396
	61.2236404086	61.8536457463
	61.2346560183	61.8494997644
	61.2418787692	61.8463206228
	61.2420558589	61.8462379918
	61.2502169969	61.8433830882
	61.2596575442	61.8397799158
	61.2703784085	61.8349223553
	61.2738487544	61.8331640593
	61.2756670397	61.8322179515
	61.2818819705	61.8297777795
	61.2911035551	61.8256509597
	61.3198098206	61.8155810586
	61.3280759625	61.8136016614
	61.3428448345	61.8107375054
	61.3436911843	61.8105712646
	61.3551537132	61.8078985777
	61.3664168978	61.804481928
	61.3705772993	61.80301251
	61.3826770784	61.7985713096
	61.4060758555	61.7913932241
	61.4100733955	61.7901156791
	61.6320601784	61.7163073705
	61.6868062258	61.6988667478
	61.6894025746	61.6980178511
	61.9101838495	61.6239712782
	61.9645550986	61.6065644136
	61.9675292636	61.6055836125
	61.9785448733	61.6014376306
	61.9892657376	61.5965800702
	61.999645948	61.5910317321
	62.009641055	61.5848163752
	62.0192082579	61.5779606146
	62.0283065884	61.5704938077
	62.0328051023	61.5664122991
	62.0412285807	61.5644582555
	62.0432943217	61.5639264164
	62.079114112	61.5579930001
	62.084810569	61.5569549316
	62.0921812382	61.5553273257
	62.1021895756	61.5528959439
	62.1264561963	61.5497110183
	62.1265272479	61.5497016785
	62.1381400368	61.5477843993
	62.1431023216	61.5467243613
	62.1459659907	61.5460702579
	62.1675586117	61.5428862942
	62.1749529915	61.5422458013
	62.1829084735	61.5413780091
	62.1945212624	61.5394607299
	62.1969840241	61.5389529345
	62.1974505077	61.5389125523
	62.2054151874	61.5380439637
	62.2167585926	61.5361800545
	62.2336590545	61.5328451603
	62.251913238	61.530140149
	62.2606375954	61.5286269897
	62.2703927043	61.5264028356
	62.2709665993	61.5262550824
	62.284131055	61.524304958
	62.2928641579	61.5227905028
	62.2997488022	61.5212802546
	62.3404318418	61.5115165806
	62.3437591979	61.5110307375
	62.3528617165	61.5094619506
	62.3643242454	61.5067892637
	62.3755874301	61.503372614
	62.3800787582	61.5017813618
	62.4563636326	61.482335005
	62.4584862327	61.4817801084
	62.4697494174	61.4783634587
	62.473499218	61.477044185
	62.506275097	61.4651041826
	62.513540906	61.4622774744
	62.5206274361	61.4591618249
	62.5409139962	61.4497166345
	62.5445483304	61.4479747235
	62.5549285408	61.4424263854
	62.5649236478	61.4362110285
	62.5667888825	61.4349477513
	62.6973435055	61.3762654519
	62.7031558133	61.3735270917
	62.7135360237	61.3679787536
	62.7235311307	61.3617633967
	62.7330983335	61.3549076361
	62.7421966641	61.3474408292
	62.7462173274	61.3438061852
	62.7828841975	61.3096417564
	62.787454032	61.3052305213
	62.7886927419	61.3039796276
	62.7943925825	61.2981671048
	62.7954549113	61.2973336582
	62.8030258267	61.2910519742
	62.8079047662	61.2866123687
	62.8201481043	61.2750540597
	62.9492352721	61.1630889482
	62.9499755948	61.1624432706
	62.952549444	61.1601419898
	62.9839367731	61.1315317603
	62.9899534216	61.1257871619
	62.9979993008	61.1171966641
	63.0054661078	61.1080983335
	63.0123218684	61.0985311307
	63.0185372253	61.0885360237
	63.0240855634	61.0781558133
	63.0289431238	61.067434949
	63.0330891057	61.0564193392
	63.0365057554	61.0451561546
	63.0391784423	61.0336936257
	63.0410957215	61.0220808368
	63.0422493829	61.0103675158
	63.0426344864	60.9986038208
	63.0422493829	60.9868401258
	63.0410957215	60.9751268048
	63.0391784423	60.9635140159
	63.0365057554	60.952051487
	63.0330891057	60.9407883024
	63.0289431238	60.9297726926
	63.0240855634	60.9190518283
	63.0185372253	60.9086716179
	63.0123218684	60.8986765109
	63.0054661078	60.8891093081
	62.9979993008	60.8800109775
	62.9899534216	60.8714204797
	62.9813629239	60.8633746005
	62.9801903882	60.8623552397
	62.9807582318	60.8612139798
	62.9856157922	60.8504931155
	62.9883081811	60.8435947763
	62.9892362948	60.8410641891
	62.990657066	60.8385741777
	62.9957499921	60.8289874173
	63.0000754136	60.8195374598
	63.0035319745	60.8128817654
	63.0041160552	60.8116862394
	63.0090861737	60.802315054
	63.0139437341	60.7915941897
	63.0168602627	60.7840812579
	63.0202179008	60.7748223164
	63.0204827209	60.7743651863
	63.026031059	60.7639849759
	63.0308886194	60.7532641116
	63.0317313017	60.7511933902
	63.0339514555	60.745639191
	63.0372547551	60.7366943026
	63.0395924758	60.7292856548
	63.0417073423	60.7276874823
	63.0502308649	60.7207226152
	63.0821844575	60.6929390155
	63.083531741	60.6920475153
	63.0911038932	60.6867006864
	63.0987922686	60.6809692869
	63.1063131131	60.6762088923
	63.115483693	60.6696565973
	63.121688906	60.6649224851
	63.1363579216	60.6567239476
	63.1385390755	60.6554848571
	63.1485341824	60.6492695002
	63.1581013853	60.6424137396
	63.1671997158	60.6349469327
	63.1681913742	60.6340707974
	63.1731886276	60.6296228604
	63.1806604295	60.6225800272
	63.1831029112	60.6207386297
	63.1921444999	60.613321563
	63.2168637382	60.5916617119
	63.21692048	60.5916119717
	63.2255109778	60.5835660925
	63.233556857	60.5749755948
	63.2410236639	60.5658772642
	63.2416184731	60.5650977031
	63.2455044888	60.5608078091
	63.2529712957	60.5517094786
	63.2578823099	60.544993202
	63.275094224	60.5202739637
	63.2770389704	60.5174230374
	63.2832543273	60.5074279305
	63.2877140669	60.4992181238
	63.2954238085	60.4881924098
	63.3034195039	60.4811974241
	63.3035827725	60.4810544156
	63.3121732703	60.4730085364
	63.3195924892	60.4651288219
	63.3566926083	60.4324323632
	63.3649534216	60.424676322
	63.3729993008	60.4160858242
	63.3804661078	60.4069874937
	63.3873218684	60.3974202908
	63.3935372253	60.3874251839
	63.3990855634	60.3770449734
	63.4039431238	60.3663241092
	63.4074495873	60.3570076591
	63.4086916005	60.3565560358
	63.4322969472	60.347393133
	63.4360415164	60.3458910608
	63.4467623807	60.3410335004
	63.4517208265	60.3384920404
	63.4529320335	60.3381720152
	63.4537662751	60.3379463313
	63.4541099063	60.3378524836
	63.4584531653	60.3371291169
	63.4695547988	60.3363343285
	63.527836011	60.3346614662
	63.5710736375	60.3361391566
	63.5730613257	60.3361080595
	63.5772171021	60.3362441056
	63.5845708705	60.336093713
	63.5981817104	60.3355367672
	63.6025916369	60.3353020563
	63.6143049579	60.3341483948
	63.6226190031	60.3328553298
	63.6334527433	60.3309098342
	63.636751487	60.33028562
	63.6482140159	60.3276129332
	63.6594772006	60.3241962834
	63.6704928103	60.3200503015
	63.6812136746	60.3151927411
	63.6915938851	60.309644403
	63.6941457499	60.3081429437
	63.7066426982	60.3006508783
	63.7140859402	60.2959369807
	63.7236531431	60.2890812201
	63.7327514737	60.2816144131
	63.7334243731	60.2810213214
	63.7406997796	60.2745764929
	63.749486273	60.2682453436
	63.7585846035	60.2607785367
	63.7671751013	60.2527326575
	63.7752209805	60.2441421597
	63.7826877874	60.2350438291
	63.7895435481	60.2254766263
	63.795758905	60.2154815193
	63.801307243	60.2051013089
	63.8061648035	60.1943804446
	63.8103107854	60.1833648349
	63.8137274351	60.1721016502
	63.816400122	60.1606391213
	63.8183174012	60.1490263324
	63.8194710626	60.1373130114
	63.8196811024	60.133483094
	63.8198044208	60.1306900984
	63.8255094519	60.1252302161
	63.8335553311	60.1166397183
	63.841022138	60.1075413877
	63.8459166124	60.1008488611
	63.8503645494	60.0944630579
	63.8523258357	60.0915883817
	63.8585411926	60.0815932747
	63.862385765	60.0745785262
	63.867621887	60.0644992681
	63.8901875722	60.0257107977
	63.8904854675	60.0251967903
	63.8943280022	60.0181859641
	63.9022450794	60.0029469245
	63.9077050109	59.9940917488
	63.913253349	59.9837115384
	63.9181109094	59.9729906741
	63.9222568913	59.9619750643
	63.9235439858	59.9580348112
	63.9253865631	59.9521657442
	63.9397690855	59.9182279296
	63.9403353357	59.9168764773
	63.9444813176	59.9058608676
	63.9448242008	59.9048407499
	63.94733842	59.8972858874
	63.9624166751	59.8614952459
	63.9628344202	59.8604952517
	63.9666515476	59.8504395127
	63.9686632776	59.8457705203
	63.9728092595	59.8347549105
	63.9762259092	59.8234917259
	63.9788985961	59.8120291969
	63.9808158753	59.8004164081
	63.9819695367	59.7887030871
	63.9823546402	59.7769393921
	63.9819695367	59.7651756971
	63.9808158753	59.7534623761
	63.980008527	59.7479832132
	63.9791118834	59.7424862643
	63.9777518263	59.7231830922
	63.9767509565	59.7130659178
	63.9744969455	59.6953953836
	63.9770436076	59.6769852474
	63.9786239379	59.6698096535
	63.9803420001	59.6596634171
	63.9822874957	59.6457702896
	63.9824867127	59.6443037372
	63.9824993565	59.6442074973
	63.9888404162	59.5958406807
	63.9929330382	59.594312862
	64.000432733	59.5912534748
	64.0013262454	59.590886178
	64.0120471097	59.5860286176
	64.0189167898	59.5824550093
	64.0217531004	59.5813272405
	64.0410462943	59.5753102255
	64.0453109408	59.5739216252
	64.0526339317	59.5712575407
	64.0606402658	59.569074298
	64.0657426524	59.5676016678
	64.070780291	59.5680480187
	64.0748909681	59.5683648004
	64.0866546631	59.5687499039
	64.0910167485	59.5687499039
	64.1054033056	59.5700097157
	64.109330055	59.570310296
	64.1178864876	59.570666802
	64.1224344955	59.5714450325
	64.1292939801	59.5724830506
	64.1313152179	59.5727375152
	64.1686389883	59.5772218363
	64.1937860704	59.5814890225
	64.2003999371	59.5824851868
	64.2064476032	59.5831774843
	64.2431580851	59.5867516503
	64.2471315052	59.5874128759
	64.2531800885	59.5883140443
	64.2648934095	59.5894677057
	64.2679775512	59.5896432665
	64.2910335815	59.5907571581
	64.2997131348	59.5909667008
	64.3007229797	59.5909638659
	64.3510006897	59.5906815783
	64.3617545397	59.5902993097
	64.3734678607	59.5891456483
	64.3847461277	59.58729458
	64.6637596669	59.5571501931
	64.6646162573	59.5570555712
	65.063221604	59.5120574023
	65.06652206	59.511653888
	65.0781348488	59.5097366088
	65.0895973777	59.5070639219
	65.1008605624	59.5036472722
	65.1118761721	59.4995012903
	65.1206759989	59.495576943
	65.1270541728	59.4925251852
	65.1289752103	59.491591972
	65.1393554207	59.486043634
	65.1493505276	59.4798282771
	65.1589177305	59.4729725164
	65.1680160611	59.4655057095
	65.1766065589	59.4574598303
	65.184652438	59.4488693325
	65.192119245	59.439771002
	65.1989750056	59.4302037991
	65.2029907597	59.4239152343
	65.2060425175	59.4189103515
	65.2082421203	59.4152038094
	65.2137904584	59.4048235989
	65.2152572421	59.4017774116
	65.2220099709	59.4005676025
	65.2334724998	59.3978949156
	65.2356262589	59.397303461
	65.2445221329	59.3948010196
	65.2536315585	59.3919758244
	65.2646471682	59.3878298425
	65.2753680325	59.3829722821
	65.285748243	59.377423944
	65.2957433499	59.3712085871
	65.3053105528	59.3643528265
	65.3144088833	59.3568860196
	65.3229448077	59.3488946904
	65.3318406817	59.3400064458
	65.3318952551	59.3399518958
	65.3399411343	59.331361398
	65.3474079413	59.3222630674
	65.3542637019	59.3126958646
	65.3581676464	59.3065904216
	65.3673381786	59.2915910319
	65.369649591	59.287701368
	65.3751979291	59.2773211575
	65.3800554895	59.2666002932
	65.3840235773	59.2560573369
	65.4088975236	59.2175102329
	65.4135338683	59.2099196907
	65.4153954589	59.2066153488
	65.4202137902	59.1978478755
	65.4538147878	59.1455302891
	65.4582421203	59.1382644173
	65.4595715484	59.1359214334
	65.4649388996	59.1262947639
	65.4986408935	59.0737160084
	65.5029808898	59.0665862557
	65.5056248136	59.0618428893
	65.5102197604	59.0532984549
	65.5369686978	59.0113669363
	65.5896641317	58.9688086008
	65.5903607539	58.9682431121
	65.7548047236	58.8340725799
	65.7561121351	58.8329955631
	65.7950995326	58.8273834859
	65.817898848	58.8249583103
	65.8223509174	58.8244285462
	65.8328373649	58.8227315769
	65.888124155	58.8121006252
	65.9111872017	58.8083348083
	65.9172919533	58.8072295898
	65.9287544822	58.8045569029
	65.9360731024	58.8024287011
	65.9884717841	58.7859797265
	65.9924163485	58.7846912786
	66.0034319583	58.7805452966
	66.0141528226	58.7756877362
	66.024533033	58.7701393981
	66.03452814	58.7639240412
	66.0440953428	58.7570682806
	66.0531936734	58.7496014737
	66.0617841712	58.7415555945
	66.0698300504	58.7329650967
	66.0772968573	58.7238667662
	66.0841526179	58.7142995633
	66.086676678	58.710414645
	66.1006689876	58.6882588833
	66.1043602844	58.6821486946
	66.1081842836	58.6751735364
	66.1156916078	58.6607310926
	66.1174159467	58.6573260403
	66.1222735071	58.646605176
	66.126419489	58.6355895663
	66.1298361387	58.6243263816
	66.1325088256	58.6128638527
	66.1344261048	58.6012510639
	66.1344799093	58.6008386946
	66.140873342	58.5513925886
	66.1419731988	58.5400916369
	66.1420424567	58.5389824718
	66.1424853438	58.5315190052
	66.1472006142	58.4956687008
	66.1483513727	58.4839774401
	66.1484088565	58.4830648696
	66.1488611928	58.4755807593
	66.1535735738	58.4399919261
	66.1535911439	58.439858852
	66.1543641174	58.432961667
	66.1586829597	58.3863086775
	66.1595908046	58.3826157776
	66.1622471257	58.3753127719
	66.1656637754	58.3640495872
	66.1659230168	58.3630710794
	66.1660505854	58.3625840395
	66.1663295022	58.3618853818
	66.1684269099	58.3588155545
	66.1744198234	58.3492046351
	66.1746326727	58.3489278013
	66.1814884333	58.3393605984
	66.1877037902	58.3293654915
	66.1887807936	58.3274737208
	66.1965440977	58.3136433842
	66.2019210904	58.309110751
	66.2105115881	58.3010648718
	66.2144592006	58.2969907405
	66.2316711146	58.2786573055
	66.2357693814	58.274140939
	66.2432361883	58.2650426084
	66.2462670991	58.2609751513
	66.247152438	58.2599731533
	66.254619245	58.2508748228
	66.2602419964	58.2431287469
	66.261561994	58.2414296324
	66.2684177546	58.2318624295
	66.2746331115	58.2218673226
	66.2748069758	58.2215655063
	66.2820811823	58.2089096744
	66.2902389615	58.2021695279
	66.2988294592	58.1941236487
	66.3019104498	58.1909661453
	66.3349762457	58.1562371414
	66.3399411343	58.150804147
	66.3474079413	58.1417058165
	66.3542637019	58.1321386136
	66.3604790588	58.1221435066
	66.3660273969	58.1117632962
	66.3708849573	58.1010424319
	66.3750309392	58.0900268222
	66.3784475889	58.0787636375
	66.3811202758	58.0673011086
	66.383037555	58.0556883197
	66.3841912164	58.0439749987
	66.3845763199	58.0322113037
	66.3841912164	58.0204476087
	66.383037555	58.0087342877
	66.3811202758	57.9971214989
	66.3784475889	57.9856589699
	66.3750309392	57.9743957853
	66.3708849573	57.9633801755
	66.3660273969	57.9526593112
	66.3604790588	57.9422791008
	66.3542637019	57.9322839938
	66.3474079413	57.922716791
	66.3399411343	57.9136184604
	66.3318952551	57.9050279626
	66.3233047574	57.8969820834
	66.3142064268	57.8895152765
	66.3046392239	57.8826595159
	66.294644117	57.876444159
	66.2842639065	57.8708958209
	66.2735430423	57.8660382605
	66.2625274325	57.8618922786
	66.2512642478	57.8584756289
	66.2398017189	57.855802942
	66.2349479064	57.8549065117
	66.1546318874	57.8412101276
	66.1533065884	57.8400362827
	66.1442082579	57.8325694757
	66.134641055	57.8257137151
	66.124645948	57.8194983582
	66.1142657376	57.8139500201
	66.1035448733	57.8090924597
	66.0925292636	57.8049464778
	66.0812660789	57.8015298281
	66.06980355	57.7988571412
	66.0581907611	57.796939862
	66.0544408199	57.796486178
	65.9547419449	57.7854850896
	65.9510403775	57.781126395
	65.9429944983	57.7725358972
	65.9344040005	57.764490018
	65.92530567	57.7570232111
	65.9157384671	57.7501674505
	65.9057433602	57.7439520936
	65.8953631497	57.7384037555
	65.8846422854	57.7335461951
	65.8783384029	57.7310730167
	65.8558469478	57.7227340885
	65.8511352206	57.7210612849
	65.842365871	57.718332115
	65.8257032733	57.7136095198
	65.8232094383	57.71292204
	65.8117469094	57.7102493531
	65.8001341205	57.7083320739
	65.7884207995	57.7071784125
	65.7822057717	57.7069749535
	65.7794731393	57.7044098051
	65.7749649136	57.7003191806
	65.7658665831	57.6928523737
	65.7562993802	57.6859966131
	65.7463042732	57.6797812562
	65.7359240628	57.6742329181
	65.7270324434	57.6701449058
	65.6789823343	57.6496178992
	65.668498374	57.6436914567
	65.6595385648	57.6389545978
	65.6569404744	57.6376991685
	65.6563437966	57.6373251033
	65.6507384773	57.6339514832
	65.6403582669	57.6284031451
	65.6387815004	57.6276351043
	65.6376922127	57.6270011048
	65.6273120023	57.6214527667
	65.6190306489	57.6176267935
	65.6048704927	57.6115156485
	65.6024309817	57.6104840613
	65.591415372	57.6063380794
	65.5862672109	57.6046764255
	65.5758666659	57.6007838801
	65.5646034812	57.5973672304
	65.5643657683	57.5973037097
	65.5560344694	57.5950835559
	65.5448096535	57.5924743897
	65.5331968646	57.5905571105
	65.5298175189	57.5901447081
	65.5100726458	57.5879245543
	65.5017386706	57.5871832953
	65.4899749756	57.5867981918
	65.4782112806	57.5871832953
	65.4664979596	57.5883369567
	65.4566219164	57.589917646
	65.4463527513	57.5918555122
	65.4446160057	57.5921921021
	65.4331534768	57.594864789
	65.4218902921	57.5982814387
	65.4108746824	57.6024274207
	65.4001538181	57.6072849811
	65.3897736076	57.6128333192
	65.3797785007	57.6190486761
	65.3751290919	57.6222621079
	65.368395444	57.6265483709
	65.3595330448	57.6328660717
	65.1905524166	57.5742580636
	65.1894340394	57.5629029889
	65.1875167602	57.5512902
	65.1848440733	57.5398276711
	65.1814274236	57.5285644864
	65.1772814416	57.5175488767
	65.1724238812	57.5068280124
	65.1668755431	57.496447802
	65.1606601862	57.486452695
	65.1538044256	57.4768854921
	65.1463376187	57.4677871616
	65.1382917395	57.4591966638
	65.1297012417	57.4511507846
	65.1206029112	57.4436839777
	65.1110357083	57.4368282171
	65.1106534487	57.4365735048
	65.1048093325	57.432690143
	65.0951964852	57.4267294984
	65.0848162747	57.4211811603
	65.0818961936	57.4197737048
	65.0817475101	57.4194090164
	65.0792450687	57.413290242
	65.0789385461	57.4125455198
	65.0751141239	57.40410484
	65.0824096199	57.4002053161
	65.0924047269	57.3939899592
	65.1019719297	57.3871341986
	65.1110702603	57.3796673917
	65.1196607581	57.3716215125
	65.1277066373	57.3630310147
	65.1351734442	57.3539326841
	65.1420292048	57.3443654813
	65.1482445617	57.3343703743
	65.1537928998	57.3239901639
	65.1586504602	57.3132692996
	65.1627964421	57.3022536898
	65.1662130918	57.2909905052
	65.1688857787	57.2795279762
	65.1708030579	57.2679151874
	65.1719567194	57.2562018664
	65.1722959813	57.2484987676
	65.1728605565	57.2234972417
	65.1725212945	57.2076729505
	65.1723070813	57.2047658479
	65.1717925064	57.1984781655
	65.1717925064	57.1641540527
	65.1714074029	57.1523903578
	65.1708998736	57.1462568754
	65.1703009169	57.1402673086
	65.1702574503	57.1364842204
	65.1746579312	57.1316467373
	65.1821247381	57.1225484068
	65.1889804987	57.1129812039
	65.1936094473	57.1055372492
	65.1956166753	57.1059908098
	65.2001702049	57.1069579833
	65.2117829938	57.1088752625
	65.2234963148	57.1100289239
	65.2352600098	57.1104140274
	65.2470237047	57.1100289239
	65.2587370258	57.1088752625
	65.2675519075	57.1074915268
	65.2736554231	57.1063776352
	65.2764533302	57.1058440917
	65.2879158592	57.1031714048
	65.2991790438	57.0997547551
	65.3101946536	57.0956087732
	65.3209155179	57.0907512128
	65.3312957283	57.0852028747
	65.3412908353	57.0789875178
	65.3508580381	57.0721317572
	65.3599563687	57.0646649503
	65.3685468665	57.0566190711
	65.3765927457	57.0480285733
	65.3840595526	57.0389302427
	65.3909153132	57.0293630399
	65.3971306701	57.0193679329
	65.4026790082	57.0089877225
	65.4075365686	56.9982668582
	65.4116825505	56.9872512484
	65.4150992002	56.9759880638
	65.4177718871	56.9645255348
	65.4196891663	56.952912746
	65.4208428278	56.941199425
	65.4212279313	56.92943573
	65.4208428278	56.917672035
	65.4196891663	56.905958714
	65.4182980691	56.8971035208
	65.4172254314	56.8912336263
	65.4177910699	56.8845282824
	65.4181761734	56.8727645874
	65.4177910699	56.8610008924
	65.4166374085	56.8492875714
	65.4147201293	56.8376747825
	65.414675862	56.8374529645
	65.4132873122	56.8305178449
	65.4106588926	56.819277134
	65.4072422429	56.8080139493
	65.403096261	56.7969983396
	65.3982387006	56.7862774753
	65.3926903625	56.7758972648
	65.3864750056	56.7659021579
	65.379619245	56.756334955
	65.372152438	56.7472366245
	65.3642124126	56.7387520686
	65.3550571392	56.7295815364
	65.3549512854	56.7294755945
	65.3463607876	56.7214297153
	65.3463124174	56.7213883036
	65.3441929265	56.7144012784
	65.3400469446	56.7033856687
	65.3351893842	56.6926648044
	65.3296410461	56.6822845939
	65.3234256892	56.672289487
	65.3165699286	56.6627222841
	65.3091031216	56.6536239536
	65.3010572424	56.6450334558
	65.2924667447	56.6369875766
	65.2833684141	56.6295207697
	65.2738012112	56.6226650091
	65.2737350765	56.6226208404
	65.2679062191	56.6187298492
	65.2579772469	56.612558661
	65.2475970364	56.6070103229
	65.2368761721	56.6021527625
	65.2258605624	56.5980067805
	65.2145973777	56.5945901308
	65.2031348488	56.5919174439
	65.19152206	56.5900001647
	65.1825416606	56.589046547
	65.1722572367	56.588214943
	65.1695243151	56.5880148993
	65.1586479404	56.5876319845
	65.1014274814	56.5873496969
	65.1005401611	56.5873475082
	65.0887764662	56.5877326117
	65.0884884996	56.5877517181
	65.0831239028	56.5881119779
	65.0674903981	56.5879182607
	65.0652618408	56.587904454
	65.0600662769	56.5879795092
	65.0180617521	56.5891933586
	65.0024224953	56.5885935419
	65.0004023727	56.5886209318
	64.9955291748	56.5884613998
	64.986632276	56.5886815748
	64.9641408209	56.5897954664
	64.9612740247	56.5899603949
	64.9507282859	56.5909642265
	64.9396198874	56.5923527763
	64.9384523053	56.5925026061
	64.9268395164	56.5944198853
	64.9196073776	56.5960138953
	64.9012663131	56.6004542029
	64.8978139708	56.6013262676
	64.8714315245	56.6082690166
	64.8706534768	56.6084756289
	64.8593902921	56.6118922786
	64.8586463815	56.6121466167
	64.8577202878	56.6123185328
	64.8554589012	56.6127533204
	64.8439963723	56.6154260073
	64.8354006645	56.6179603445
	64.8267794487	56.6207374441
	64.8241119718	56.6216197566
	64.813096362	56.6257657385
	64.8023754977	56.630623299
	64.7919952873	56.636171637
	64.791544263	56.636452102
	64.7875769875	56.6355270631
	64.7845845621	56.6349581304
	64.7754140299	56.6332949224
	64.7667936664	56.6319465759
	64.7579669802	56.6310054538
	64.7476978152	56.6301662204
	64.7448111803	56.629953681
	64.7330474854	56.6295685775
	64.7212837904	56.629953681
	64.7103548077	56.6310058361
	64.652189809	56.6384033627
	64.6468727602	56.6386352293
	64.6463024904	56.6386610044
	64.6399549475	56.6319795618
	64.6313644497	56.6239336826
	64.6222661192	56.6164668756
	64.6126989163	56.609611115
	64.6027038094	56.6033957581
	64.5923235989	56.59784742
	64.5816027346	56.5929898596
	64.5705871249	56.5888438777
	64.5593239402	56.585427228
	64.5478614113	56.5827545411
	64.5362486225	56.5808372619
	64.5245353014	56.5796836005
	64.5244197802	56.5796778703
	64.5207362592	56.5715481662
	64.5151879211	56.5611679558
	64.5089725642	56.5511728488
	64.5021168036	56.541605646
	64.4946499966	56.5325073154
	64.4866041174	56.5239168176
	64.4803957884	56.5179977509
	64.4776004939	56.5136820041
	64.4707447332	56.5041148012
	64.4632779263	56.4950164707
	64.4552320471	56.4864259729
	64.4466415493	56.4783800937
	64.4375432188	56.4709132868
	64.4279760159	56.4640575262
	64.417980909	56.4578421693
	64.4168766097	56.4572097998
	64.4085029584	56.4524539418
	64.404067558	56.4426648044
	64.3985192199	56.4322845939
	64.3963363432	56.4286054882
	64.3960870556	56.4281964921
	64.3953211125	56.4264079549
	64.3912959515	56.4176632785
	64.3885300091	56.41228443
	64.3777986809	56.3922511049
	64.3750574407	56.3858500936
	64.3710322797	56.3771054172
	64.3654839416	56.3667252067
	64.3592685847	56.3567300998
	64.3524128241	56.3471628969
	64.3449460171	56.3380645664
	64.336900138	56.3294740686
	64.3283096402	56.3214281894
	64.3192113096	56.3139613825
	64.3096441068	56.3071056219
	64.2996489998	56.300890265
	64.2892687894	56.2953419269
	64.2785479251	56.2904843665
	64.2675323153	56.2863383845
	64.2562691306	56.2829217348
	64.2448066017	56.2802490479
	64.2331938129	56.2783317687
	64.2214804919	56.2771781073
	64.2097167969	56.2767930038
	64.1979531019	56.2771781073
	64.194779871	56.2774142989
	64.0981001835	56.2854709396
	64.0936732357	56.285895022
	64.0603480403	56.2895037256
	64.056234898	56.289997113
	64.0446221092	56.2919143922
	64.0331595803	56.2945870791
	64.0279703709	56.2960612747
	64.019639072	56.2985637161
	64.0135650968	56.3005061702
	64.0132349152	56.3006186089
	64.0076576805	56.2990273867
	63.9961951515	56.2963546998
	63.9845823627	56.2944374206
	63.9728690417	56.2932837592
	63.9611053467	56.2928986557
	63.9493416517	56.2932837592
	63.9376283307	56.2944374206
	63.9282223168	56.2959300588
	63.9087749901	56.2995463918
	63.9065682152	56.2999710328
	63.8951056862	56.3026437197
	63.8907801936	56.3038608411
	63.8797774748	56.3071056771
	63.8734945128	56.3068441182
	63.8621114562	56.30656946
	63.8604318164	56.3066041712
	63.8577728271	56.3065171249
	63.8460091322	56.3069022284
	63.8342958111	56.3080558898
	63.8229710637	56.3099161184
	63.8032414494	56.3138071096
	63.802953408	56.3138641602
	63.7914908791	56.3165368471
	63.7904706904	56.3168134213
	63.7463361779	56.3289176585
	63.7342887344	56.3311220843
	63.7315727928	56.3316406495
	63.7201102639	56.3343133364
	63.7149210545	56.3357875321
	63.7065897556	56.3382899735
	63.7005157804	56.3402324275
	63.6895001706	56.3443784094
	63.6787793063	56.3492359698
	63.6699532463	56.3539535972
	63.6646202772	56.3541281805
	63.6529069562	56.355281842
	63.6412941673	56.3571991212
	63.6381000414	56.3578646448
	63.6100467577	56.3639757898
	63.6017783547	56.3659829531
	63.5983535632	56.3669369986
	63.561149304	56.3776983389
	63.5479162709	56.3807050955
	63.5412162209	56.3823632631
	63.5299530362	56.3857799129
	63.5189374265	56.3899258948
	63.5082165622	56.3947834552
	63.5011650197	56.3985525832
	63.4968930386	56.3933471592
	63.4888471594	56.3847566614
	63.4802566616	56.3767107822
	63.4711583311	56.3692439753
	63.4615911282	56.3623882146
	63.4515960213	56.3561728577
	63.442101626	56.3510643871
	63.4354335352	56.3477303417
	63.43454772	56.3472904742
	63.4238268557	56.3424329138
	63.412811246	56.3382869319
	63.4015480613	56.3348702822
	63.3900855324	56.3321975953
	63.3784727436	56.3302803161
	63.3667594225	56.3291266547
	63.3605463576	56.328827218
	63.3516504835	56.3285525598
	63.3497308254	56.3285857587
	63.3460998535	56.328466893
	63.3343361585	56.3288519965
	63.3226228375	56.3300056579
	63.3110100487	56.3319229371
	63.2995475197	56.334595624
	63.2882843351	56.3380122737
	63.2772687253	56.3421582556
	63.2760517665	56.3426675731
	63.2688343593	56.345719331
	63.2593304538	56.3500675739
	63.2489502434	56.3556159119
	63.2389551364	56.3618312688
	63.2356826666	56.36407043
	63.2301284674	56.3679614212
	63.2238337343	56.3725780207
	63.2147354038	56.3800448276
	63.206144906	56.3880907068
	63.1998598895	56.3947028986
	63.1987057484	56.3959804954
	63.1916587554	56.3968315412
	63.1814193392	56.3930049495
	63.1701561546	56.3895882998
	63.1586936257	56.3869156129
	63.1470808368	56.3849983337
	63.1429856281	56.3845068892
	63.1327088337	56.3833929976
	63.1250907213	56.3827307806
	63.1133270264	56.3823456771
	63.1015633314	56.3827307806
	63.0898500104	56.3838844421
	63.0782372215	56.3858017213
	63.0667746926	56.3884744082
	63.0615854832	56.3899486038
	63.0532541843	56.3924510453
	63.0471802091	56.3943934993
	63.0361645993	56.3985394812
	63.0344413667	56.3992637811
	63.0082385648	56.4104377671
	63.0013377497	56.4124729017
	62.9944000577	56.4146724299
	62.9911112934	56.4158244633
	62.9874740689	56.4125460483
	62.9783757383	56.4050792414
	62.9688085355	56.3982234807
	62.9588134285	56.3920081238
	62.9484332181	56.3864597858
	62.9377123538	56.3816022254
	62.926696744	56.3774562434
	62.9154335594	56.3740395937
	62.9039710304	56.3713669068
	62.8923582416	56.3694496276
	62.8806449206	56.3682959662
	62.8734504806	56.3679689105
	62.8623420821	56.3676866229
	62.8460091322	56.3680136786
	62.8435475522	56.3681919881
	62.8282664514	56.3694043509
	62.8269856626	56.3684123712
	62.8206909296	56.3637957718
	62.8151367304	56.3599047806
	62.8118642606	56.3576656194
	62.8018691536	56.3514502625
	62.7914889432	56.3459019244
	62.7807680789	56.341044364
	62.7697524691	56.3368983821
	62.7670478102	56.3360040968
	62.7592734571	56.3335016554
	62.7507149314	56.330979291
	62.7392524025	56.3283066041
	62.7276396137	56.3263893249
	62.7239206059	56.3259390569
	62.7139108403	56.3248327947
	62.705916527	56.3241294013
	62.694152832	56.3237442978
	62.6861399635	56.323922871
	62.6766164277	56.3243475614
	62.6734902	56.3234795961
	62.6620276711	56.3208069093
	62.6504148822	56.3188896301
	62.6387015612	56.3177359686
	62.6269378662	56.3173508651
	62.6151741712	56.3177359686
	62.6094324839	56.3182047515
	62.5980417978	56.3193186431
	62.5920701642	56.3200035217
	62.5851546736	56.3210511323
	62.5657073469	56.3243851777
	62.5610100487	56.3252548463
	62.5495475197	56.3279275332
	62.5382843351	56.3313441829
	62.5272687253	56.3354901648
	62.516547861	56.3403477252
	62.5082600047	56.3447776767
	62.5060897915	56.3428133823
	62.496991461	56.3353465754
	62.4874242581	56.3284908147
	62.4774291512	56.3222754578
	62.4678611875	56.3171302241
	62.4611854673	56.3137961787
	62.4603732205	56.3133930743
	62.4496523562	56.3085355139
	62.4386367465	56.304389532
	62.4273735618	56.3009728823
	62.4255880631	56.3005042662
	62.4250612878	56.2992184934
	62.4202037274	56.2884976291
	62.4146553893	56.2781174187
	62.4145116906	56.2778689831
	62.4114523034	56.2725894421
	62.4053806452	56.2628427707
	62.3985248846	56.2532755678
	62.3910580777	56.2441772373
	62.3830121985	56.2355867395
	62.3744217007	56.2275408603
	62.3653233702	56.2200740534
	62.3557561673	56.2132182928
	62.3457610604	56.2070029359
	62.3354973442	56.2015120987
	62.3069704508	56.1874185674
	62.2986500914	56.1806300837
	62.2890828885	56.173774323
	62.2790877815	56.1675589661
	62.2687075711	56.1620106281
	62.2668679117	56.1611163769
	62.2663434973	56.1605897912
	62.2608572786	56.1554513866
	62.2609724991	56.1519317627
	62.2605873956	56.1401680677
	62.2603952827	56.1375335616
	62.2598383369	56.1305984419
	62.2588767884	56.1215196271
	62.2569595092	56.1099068382
	62.2542868223	56.0984443093
	62.2519401444	56.0904346028
	62.2499946488	56.0843234578
	62.248924677	56.0810699796
	62.2447786951	56.0700543699
	62.2399211346	56.0593335056
	62.2343727966	56.0489532951
	62.2281574397	56.0389581882
	62.221301679	56.0293909853
	62.2138348721	56.0202926548
	62.2057889929	56.011702157
	62.1971984951	56.0036562778
	62.1902562832	55.9978701052
	62.1835881924	55.9925905642
	62.1814320738	55.9909099298
	62.1718648709	55.9840541692
	62.161869764	55.9778388123
	62.1514895535	55.9722904742
	62.1407686892	55.9674329138
	62.1297530795	55.9632869319
	62.1184898948	55.9598702822
	62.1070273659	55.9571975953
	62.095414577	55.9552803161
	62.083701256	55.9541266547
	62.071937561	55.9537415512
	62.0666514251	55.9538192466
	62.019425473	55.9552077964
	62.0129479139	55.9555152045
	62.0012345929	55.9566688659
	62.0009400599	55.9567078894
	61.9801118128	55.959484989
	61.968793557	55.9613632447
	61.9576083089	55.9639618715
	61.9570933146	55.9640989834
	61.9553529113	55.9643981579
	61.9507347801	55.9652542359
	61.9392722512	55.9679269228
	61.9357858256	55.9688988079
	61.9271722392	55.9713936199
	61.9193954801	55.9738383845
	61.9170239083	55.9746619269
	61.886464138	55.9855135651
	61.850844688	55.9945929106
	61.8487189675	55.9951486025
	61.8374557828	55.9985652522
	61.8279857165	56.0020794376
	61.8228441275	56.0041534471
	61.8155753346	56.0061801961
	61.8060684537	56.0091167048
	61.795052844	56.0132626868
	61.7926456906	56.0142803131
	61.7784779049	56.0203914581
	61.770164194	56.0242313922
	61.7597839836	56.0297797303
	61.7497888766	56.0359950872
	61.7402216738	56.0428508478
	61.7311233432	56.0503176547
	61.7225328454	56.0583635339
	61.7221023563	56.0587940231
	61.711898837	56.0618892268
	61.7008832273	56.0660352088
	61.690162363	56.0708927692
	61.6839345254	56.0741164266
	61.6809565896	56.0753425412
	61.6806042966	56.0754880286
	61.6698834323	56.080345589
	61.6611560939	56.0849512628
	61.6568295383	56.0870136798
	61.6464493278	56.0925620179
	61.6364542209	56.0987773748
	61.626887018	56.1056331354
	61.6177886875	56.1130999423
	61.6091981897	56.1211458215
	61.6044166554	56.1262510138
	61.6016997958	56.1252284602
	61.5904366111	56.1218118105
	61.5789740822	56.1191391236
	61.5673612934	56.1172218444
	61.5556479723	56.116068183
	61.5549791922	56.1160255999
	61.5460909475	56.1154762835
	61.5232323377	56.1155188666
	61.5115190167	56.116672528
	61.4999062279	56.1185898072
	61.4884436989	56.1212624941
	61.4771805143	56.1246791438
	61.4661649045	56.1288251257
	61.4626849357	56.1303096455
	61.4557345573	56.1333614033
	61.4484936618	56.136734444
	61.4381134514	56.142282782
	61.4346539485	56.1443320235
	61.4335030287	56.1444037543
	61.431839174	56.1445205594
	61.4207307756	56.1453521634
	61.4106813092	56.1463890197
	61.3990685203	56.1483062989
	61.3876059914	56.1509789858
	61.3763428067	56.1543956355
	61.365327197	56.1585416174
	61.3546063327	56.1633991779
	61.3502575693	56.1656176222
	61.3424364749	56.1621579505
	61.3350161618	56.1593651424
	61.3325548791	56.1528256711
	61.3276973187	56.1421048068
	61.3221489806	56.1317245964
	61.3159336237	56.1217294894
	61.3090778631	56.1121622866
	61.3016110562	56.103063956
	61.293565177	56.0944734582
	61.2849746792	56.086427579
	61.2758763487	56.0789607721
	61.2663091458	56.0721050115
	61.2563140389	56.0658896546
	61.2459338284	56.0603413165
	61.2352129641	56.0554837561
	61.2241973544	56.0513377742
	61.2222860413	56.0507008859
	61.207004364	56.0457036325
	61.1976524925	56.042923871
	61.1861899636	56.0402511842
	61.1745771747	56.038333905
	61.171022766	56.0379019049
	61.1694665355	56.0377284624
	61.1435932561	56.0323398922
	61.1418882276	56.0317211221
	61.1341138746	56.0289440225
	61.1314239169	56.0280070857
	61.1201607322	56.024590436
	61.1086982033	56.0219177491
	61.0970854145	56.0200004699
	61.0853720934	56.0188468085
	61.0781745194	56.0185196731
	61.0670584915	56.0182373856
	61.0507286756	56.0185645209
	61.0390153546	56.0197181823
	61.0274025657	56.0216354615
	61.0211996747	56.0229834972
	61.0154370428	56.0223422287
	61.0073081286	56.0216239081
	60.9955444336	56.0212388046
	60.9936430925	56.0212488544
	60.9930801058	56.0210567073
	60.9818169212	56.0176400576
	60.9815792082	56.0175765368
	60.9649166106	56.0131362292
	60.9536917946	56.0105270631
	60.9420790058	56.0086097839
	60.9303656847	56.0074561224
	60.9186019897	56.0070710189
	60.913521507	56.0071427854
	60.9038016584	56.0074174436
	60.8971184461	56.0077307806
	60.8854051251	56.0088844421
	60.8737923363	56.0108017213
	60.8623298073	56.0134744082
	60.8622626637	56.0134924131
	60.8280906056	56.0226629454
	60.8168945646	56.0260615901
	60.8058789548	56.030207572
	60.8022565853	56.0317546903
	60.7963247406	56.0343653538
	60.7931433947	56.0341284857
	60.7813796997	56.0337433822
	60.7696160047	56.0341284857
	60.7579026837	56.0352821472
	60.7462898948	56.0371994263
	60.7348273659	56.0398721132
	60.7235641813	56.043288763
	60.7167883597	56.0457412837
	60.7095709525	56.0485183833
	60.7053311643	56.0502118445
	60.6946103	56.0550694049
	60.6941089091	56.0553176337
	60.6869735385	56.052726324
	60.6757103538	56.0493096743
	60.6717708159	56.0483016679
	60.6376063872	56.0399703691
	60.6300833962	56.0383056886
	60.6184706073	56.0363884094
	60.6147664884	56.0359397875
	60.6047643522	56.0348335253
	60.5967551501	56.0341284857
	60.5849914551	56.0337433822
	60.5732277601	56.0341284857
	60.5615144391	56.0352821472
	60.5499016502	56.0371994263
	60.5384391213	56.0398721132
	60.5271759366	56.043288763
	60.5161603269	56.0474347449
	60.5054394626	56.0522923053
	60.497231859	56.0566063301
	60.4920385237	56.0548787405
	60.4818169212	56.0518121157
	60.4703543923	56.0491394288
	60.4587416034	56.0472221496
	60.4470282824	56.0460684882
	60.4352645874	56.0456833847
	60.4235008924	56.0460684882
	60.4196352086	56.0463637315
	60.4136042382	56.0468897845
	60.4105453491	56.0467896469
	60.3987816541	56.0471747504
	60.3932605985	56.047622095
	60.3846470121	56.048453699
	60.3784547467	56.0491600158
	60.3714016263	56.0502312766
	60.3499295209	56.0539296129
	60.344591947	56.051203114
	60.3423235989	56.0500645221
	60.3316027346	56.0452069617
	60.3205871249	56.0410609798
	60.3195455427	56.0407109548
	60.3120458479	56.0382161428
	60.3018242454	56.035149518
	60.2903617165	56.0324768311
	60.2787489276	56.0305595519
	60.2751795087	56.0301258796
	60.2651773724	56.029011988
	60.2570334704	56.0282919989
	60.246637815	56.0279120981
	60.2105278906	56.0276374399
	60.2091598511	56.0276322372
	60.2051650832	56.0276766043
	60.1804382155	56.0282259208
	60.1726692884	56.0285666571
	60.1609559674	56.0297203185
	60.1493431785	56.0316375977
	60.1378806496	56.0343102846
	60.126617465	56.0377269343
	60.121918747	56.0393949152
	60.1144266816	56.0421720148
	60.1081097898	56.0446500159
	60.1073596725	56.0449627119
	60.1008300781	56.0448441513
	60.09677072	56.0448899649
	60.0842661424	56.0451722525
	60.0765618055	56.0455115424
	60.0648484845	56.0466652038
	60.0635744349	56.0468375701
	60.053579928	56.0482261199
	60.0432411888	56.0499710328
	60.0331933706	56.0522708092
	59.9731881826	56.0678271447
	59.9717734719	56.0682000551
	59.9647872119	56.0702242759
	59.9545539284	56.0726479921
	59.9465596801	56.0749897497
	59.9309906641	56.0799446316
	59.9172694073	56.0751599958
	59.9158630038	56.0746760921
	59.9045998191	56.0712594423
	59.9010322291	56.0703425584
	59.8759963058	56.0641808236
	59.8741988803	56.0635600642
	59.8629356956	56.0601434145
	59.8514731667	56.0574707276
	59.8398603778	56.0555534484
	59.8387179375	56.0554067631
	59.8187212945	56.0529043217
	59.8081504137	56.0518973456
	59.7963867187	56.0515122421
	59.7913124745	56.0515838324
	59.7813103383	56.0518661199
	59.7746208875	56.0521796332
	59.7673271253	56.0528069917
	59.7464912488	56.0550271455
	59.74207169	56.0555534484
	59.7331101722	56.056964008
	59.6766001703	56.0611816528
	59.6665101666	56.0622215392
	59.6627853424	56.0627516111
	59.6427886993	56.0658109983
	59.6349007347	56.0671982056
	59.6234382058	56.0698708925
	59.6121750211	56.0732875423
	59.6054586221	56.0757172106
	59.5982335854	56.0784943102
	59.5939343747	56.0802106238
	59.5832135104	56.0850681842
	59.5728333	56.0906165223
	59.5628381931	56.0968318792
	59.5532709902	56.1036876398
	59.5441726596	56.1111544467
	59.5355821619	56.1192003259
	59.5275362827	56.1277908237
	59.5203119229	56.1365937316
	59.4789074347	56.1393914735
	59.4714682839	56.1377472169
	59.4676526051	56.1370309515
	59.4487698536	56.1336969061
	59.4409727436	56.1324958923
	59.4292594225	56.1313422308
	59.4174957275	56.1309571273
	59.415442488	56.1309688471
	59.3907156203	56.1312511347
	59.3830221949	56.1315036899
	59.3369101344	56.1340061313
	59.3348931043	56.1341269598
	59.3231797833	56.1352806213
	59.3115669945	56.1371979005
	59.3065193347	56.1383748497
	59.3055822821	56.1362876217
	59.3030798407	56.1310080806
	59.3018641888	56.128493967
	59.2963158508	56.1181137565
	59.2901004939	56.1081186496
	59.2832447332	56.0985514467
	59.2824667199	56.0975449105
	59.2785757287	56.0925476571
	59.2718869351	56.0844558628
	59.2638410559	56.075865365
	59.2552505581	56.0678194858
	59.2461522276	56.0603526789
	59.2365850247	56.0534969182
	59.2265899178	56.0472815613
	59.2162097073	56.0417332233
	59.205488843	56.0368756629
	59.1944732333	56.0327296809
	59.1832100486	56.0293130312
	59.1717475197	56.0266403443
	59.1699462599	56.0263429551
	59.16853289	56.0232235812
	59.1629845519	56.0128433708
	59.156769195	56.0028482639
	59.1531118037	55.9975803763
	59.1495031001	55.9925754935
	59.1463047308	55.9882761782
	59.1388379239	55.9791778476
	59.1307920447	55.9705873498
	59.1222015469	55.9625414706
	59.1131032164	55.9550746637
	59.1035360135	55.9482189031
	59.0935409065	55.9420035462
	59.0831606961	55.9364552081
	59.0724398318	55.9315976477
	59.0643889705	55.9284870129
	59.056315376	55.9219418271
	59.0525410826	55.9189647394
	59.0429738797	55.9121089788
	59.0329787728	55.9058936219
	59.0225985623	55.9003452838
	59.011877698	55.8954877234
	59.0008620883	55.8913417415
	58.9895989036	55.8879250918
	58.9820970665	55.8860866706
	58.9646028649	55.8821956793
	58.960642173	55.8813614137
	58.9490293842	55.8794441345
	58.9373160631	55.878290473
	58.9360324553	55.8782109486
	58.9026996306	55.876265453
	58.8922195435	55.8759598739
	58.8902217899	55.8759709688
	58.8654949223	55.876245627
	58.8637892404	55.8762726633
	58.8526396137	55.874446881
	58.8409262926	55.8732932196
	58.8381692115	55.8731337583
	58.8270608131	55.8725768125
	58.8180541992	55.8723511703
	58.8062905042	55.8727362738
	58.7945771832	55.8738899352
	58.7829643944	55.8758072144
	58.7715018654	55.8784799013
	58.763266548	55.8808985666
	58.7556449206	55.8802359686
	58.7438812256	55.8798508651
	58.7321175306	55.8802359686
	58.7204042096	55.8813896301
	58.7191486824	55.881559424
	58.7091465461	55.8829479739
	58.6987892845	55.8846954591
	58.6873267556	55.887368146
	58.6760635709	55.8907847957
	58.6650479612	55.8949307776
	58.6543270969	55.899788338
	58.6477368246	55.9032091891
	58.6416256796	55.9065432345
	58.6378357414	55.9086707215
	58.6278406345	55.9148860784
	58.6182734316	55.921741839
	58.6127044921	55.9261931323
	58.6076996092	55.9303587817
	58.6041702182	55.9333742954
	58.5955797204	55.9414201745
	58.5929981321	55.9440552615
	58.583495798	55.94840284
	58.575911302	55.9523701837
	58.5667939801	55.9533348205
	58.5551811912	55.9552520997
	58.5437186623	55.9579247866
	58.5324554776	55.9613414363
	58.5285602304	55.962713766
	58.5283787901	55.9625743586
	58.5238899292	55.9592395069
	58.5212971014	55.9557749575
	58.5138302945	55.9466766269
	58.5057844153	55.9380861291
	58.4971939175	55.9300402499
	58.4937682067	55.927111097
	58.4887709533	55.9229454476
	58.4830983335	55.9184077936
	58.4735311307	55.911552033
	58.4635360237	55.9053366761
	58.4531558133	55.899788338
	58.442434949	55.8949307776
	58.4314193392	55.8907847957
	58.4201561546	55.887368146
	58.4086936257	55.8846954591
	58.3970808368	55.8827781799
	58.3929371605	55.8822814887
	58.3620991478	55.8789474433
	58.3545295031	55.878290473
	58.3470083577	55.877955412
	58.323403011	55.8773984662
	58.3217476245	55.8774331187
	58.3191604614	55.8773484237
	58.3073967664	55.8777335272
	58.2956834454	55.8788871887
	58.2840706566	55.8808044679
	58.2726081277	55.8834771547
	58.261344943	55.8868938045
	58.2546285439	55.8893234728
	58.2474035073	55.8921005724
	58.2431042966	55.893816886
	58.2323834323	55.8986744464
	58.2220032219	55.9042227845
	58.2120081149	55.9104381414
	58.2024409121	55.917293902
	58.1933425815	55.9247607089
	58.1879012963	55.9298570287
	58.1643600637	55.9370200405
	58.1430993305	55.9422187649
	58.1392691994	55.9432000551
	58.1280060148	55.9466167048
	58.1236787175	55.9481474752
	58.1151437646	55.9496184614
	58.1113268557	55.9479855872
	58.100311246	55.9438396052
	58.0890480613	55.9404229555
	58.0777079129	55.9377746558
	58.0693766141	55.9361114478
	58.0692542336	55.9360870606
	58.0576414447	55.9341697814
	58.0459281237	55.93301612
	58.0447434206	55.9329423956
	58.0352906008	55.9323854498
	58.0263894624	55.9320818967
	57.9969476289	55.9318072385
	57.9952697754	55.9317994125
	57.9897219876	55.9318849916
	57.9177767972	55.9341051454
	57.91156089	55.9344046698
	57.9015598337	55.9353412599
	57.8787784616	55.9381183595
	57.8770661969	55.9383354308
	57.865453408	55.94025271
	57.8539908791	55.9429253969
	57.8427276944	55.9463420466
	57.8317120847	55.9504880286
	57.8209912204	55.955345589
	57.81061101	55.9608939271
	57.8074955885	55.9627346475
	57.7993723417	55.9611129736
	57.7992499611	55.9610885865
	57.7876371723	55.9591713073
	57.7759238512	55.9580176459
	57.7693091247	55.9577062571
	57.749861798	55.9571493113
	57.7498544247	55.9571491003
	57.7426961697	55.9521098943
	57.7327010628	55.9458945374
	57.7267771216	55.9426213839
	57.72150521	55.9398366549
	57.7170489407	55.9375614703
	57.7063280764	55.9327039099
	57.6953124667	55.928557928
	57.684049282	55.9251412783
	57.6725867531	55.9224685914
	57.6609739643	55.9205513122
	57.6492606432	55.9193976508
	57.6374969482	55.9190125473
	57.629506016	55.9191901437
	57.606733779	55.920202858
	57.5775804651	55.9187013239
	57.5759502124	55.9187127282
	57.5683288574	55.9184632309
	57.5658929941	55.9184797258
	57.5456140634	55.918754384
	57.5362862318	55.9191229926
	57.5301040702	55.9196353965
	57.5189956717	55.9207492881
	57.5134645123	55.9213905456
	57.5018517235	55.9233078248
	57.4989875323	55.9239017995
	57.4887031085	55.9261219533
	57.4801047707	55.9282006655
	57.4727636227	55.9303359408
	57.4197088131	55.9469985385
	57.4157867765	55.9482799129
	57.4047711667	55.9524258948
	57.3982067637	55.9552994635
	57.3837643198	55.9619675543
	57.3796078586	55.963951546
	57.3692276481	55.9694998841
	57.3592325412	55.975715241
	57.3496653383	55.9825710016
	57.3437787903	55.9872872647
	57.3396632021	55.990352984
	57.3305648716	55.997819791
	57.3219743738	56.0058656702
	57.3139284946	56.0144561679
	57.3064616877	56.0235544985
	57.299605927	56.0331217014
	57.294113553	56.0418760307
	57.2913364534	56.046598626
	57.2906134705	56.0478394035
	57.2850651324	56.058219614
	57.280207572	56.0689404783
	57.2760615901	56.079956088
	57.2726449404	56.0912192727
	57.2699722535	56.1026818016
	57.2680549743	56.1142945904
	57.266962151	56.1251138351
	57.2631267267	56.1299387758
	57.2562709661	56.1395059787
	57.2507785921	56.1482603081
	57.2480014924	56.1529829033
	57.2472785096	56.1542236809
	57.2417301715	56.1646038913
	57.2368726111	56.1753247556
	57.2327266292	56.1863403653
	57.2293099794	56.19760355
	57.2274769525	56.2050811422
	57.2263630609	56.210086025
	57.226054452	56.2115506499
	57.2197900974	56.215446076
	57.2102228945	56.2223018366
	57.2011245639	56.2297686435
	57.1968882896	56.2336045141
	57.1924403526	56.2377625341
	57.1880861291	56.2419725427
	57.1800402499	56.2505630405
	57.172573443	56.259661371
	57.1657176824	56.2692285739
	57.1602253084	56.2779829033
	57.1574482087	56.2827054985
	57.1567252259	56.2839462761
	57.1511768878	56.2943264865
	57.1463193274	56.3050473508
	57.1421733455	56.3160629606
	57.1387566958	56.3273261452
	57.1360840089	56.3387886741
	57.1341667297	56.350401463
	57.1330130682	56.362114784
	57.1326279647	56.373878479
	57.1330130682	56.385642174
	57.1341667297	56.397355495
	57.1360840089	56.4089682839
	57.1387566958	56.4204308128
	57.1421733455	56.4316939975
	57.1463167825	56.442703463
	57.1452545411	56.4476753929
	57.1433372619	56.4592881817
	57.1421836005	56.4710015028
	57.141798497	56.4827651978
	57.1421836005	56.4945288927
	57.1433372619	56.5062422138
	57.1452545411	56.5178550026
	57.147927228	56.5293175315
	57.1513438777	56.5405807162
	57.1554898596	56.5515963259
	57.16034742	56.5623171902
	57.1658957581	56.5726974007
	57.1718521954	56.582303916
	57.1710684882	56.5910118788
	57.1706833847	56.6027755737
	57.1707527927	56.6077718983
	57.1642421442	56.6157709902
	57.1573863836	56.6253381931
	57.1511710267	56.6353333
	57.1456226886	56.6457135104
	57.1407651282	56.6564343747
	57.1366191463	56.6674499845
	57.1356659226	56.6703380846
	57.1342433649	56.6721674746
	57.132588115	56.6743590829
	57.1270090305	56.6779399724
	57.1174418276	56.6847957331
	57.108343497	56.69226254
	57.0997529993	56.7003084192
	57.0917071201	56.708898917
	57.0842403131	56.7179972475
	57.0773845525	56.7275644504
	57.0711691956	56.7375595573
	57.0656208575	56.7479397678
	57.0642815421	56.7507153244
	57.0573311637	56.7654400558
	57.0538129187	56.7733853635
	57.0496669368	56.7844009733
	57.0462502871	56.7956641579
	57.0443731712	56.8033403777
	57.043266909	56.8083376311
	57.042471338	56.8121239403
	57.0405540588	56.8237367291
	57.0394003973	56.8354500501
	57.0390152938	56.8472137451
	57.0390152938	56.8530502319
	57.0394003973	56.8648139269
	57.0405540588	56.8765272479
	57.042471338	56.8881400368
	57.0451440249	56.8996025657
	57.0485606746	56.9108657504
	57.0527066565	56.9218813601
	57.0575642169	56.9326022244
	57.0594384257	56.9362949592
	57.0627724711	56.9426807625
	57.0664466004	56.9493682381
	57.0726619573	56.959363345
	57.0795177179	56.9689305479
	57.0869845248	56.9780288784
	57.095030404	56.9866193762
	57.1036209018	56.9946652554
	57.1127192324	57.0021320623
	57.1207802031	57.0079703445
	57.1268913481	57.0121436233
	57.1283975803	57.0131611018
	57.1383926872	57.0193764587
	57.1487728977	57.0249247968
	57.1520030557	57.0264779177
	57.1522288031	57.0265837052
	57.159452811	57.0332776212
	57.1685511416	57.0407444281
	57.1781183444	57.0476001887
	57.1881134514	57.0538155456
	57.1935198124	57.0568142239
	57.2009003166	57.0613152404
	57.211280527	57.0668635785
	57.2125514864	57.0674841459
	57.2539333224	57.0874884184
	57.2633832273	57.0917254114
	57.274398837	57.0958713933
	57.2856620217	57.099288043
	57.2971245506	57.1019607299
	57.2981140011	57.1021546624
	57.3067275875	57.1038178704
	57.3173509259	57.1055412171
	57.3290642469	57.1066948785
	57.3408279419	57.107079982
	57.350062298	57.1068427767
	57.3609072291	57.1062852556
	57.3716202115	57.1103062077
	57.3748736898	57.1113761795
	57.3809848348	57.1133216751
	57.3889945412	57.1156683531
	57.4004570701	57.11834104
	57.412069859	57.1202583192
	57.42378318	57.1214119806
	57.435546875	57.1217970841
	57.44731057	57.1214119806
	57.459023891	57.1202583192
	57.4706366799	57.11834104
	57.4820992088	57.1156683531
	57.4933623934	57.1122517034
	57.5043780032	57.1081057214
	57.5150988675	57.103248161
	57.5254790779	57.0976998229
	57.5354741849	57.091484466
	57.5450413877	57.0846287054
	57.5516759826	57.0791838341
	57.5587898948	57.0808425658
	57.5624295336	57.0815276584
	57.5761261108	57.0839600443
	57.5797907077	57.0864872126
	57.5897858146	57.0927025695
	57.597686177	57.0970041027
	57.6025574211	57.0999199767
	57.6129376315	57.1054683148
	57.6236584958	57.1103258752
	57.6346741056	57.1144718572
	57.6459372903	57.1178885069
	57.6573998192	57.1205611938
	57.6616960236	57.1213192852
	57.6642417355	57.1230545645
	57.6656213962	57.1239856867
	57.6756165031	57.1302010436
	57.6859967136	57.1357493817
	57.6967175779	57.1406069421
	57.7077331876	57.1447529241
	57.7107725428	57.1456749024
	57.7113187764	57.1467231681
	57.7150595765	57.1535384651
	57.7212749334	57.1635335721
	57.7276795854	57.1725103577
	57.732119893	57.1783468445
	57.7325710016	57.1789372618
	57.7400378085	57.1880355923
	57.7480836877	57.1966260901
	57.7566741855	57.2046719693
	57.7657725161	57.2121387762
	57.7753397189	57.2189945368
	57.7813964184	57.2227608346
	57.7804822302	57.2247784909
	57.7763362483	57.2357941007
	57.7729195986	57.2470572854
	57.7712088433	57.2539894898
	57.7699307776	57.2569974241
	57.7657847957	57.2680130338
	57.762368146	57.2792762185
	57.7596954591	57.2907387474
	57.7577781799	57.3023515362
	57.7566245184	57.3140648573
	57.7562394149	57.3258285522
	57.7564589288	57.3347120909
	57.756733587	57.3402662901
	57.7568991766	57.3431464464
	57.7580528381	57.3548597675
	57.7599701173	57.3664725563
	57.7626428042	57.3779350852
	57.7660594539	57.3891982699
	57.7670439636	57.3920212408
	57.7679188204	57.3950487779
	57.7734730196	57.4136568712
	57.7755046443	57.4200286532
	57.7796506262	57.431044263
	57.7845081866	57.4417651273
	57.7872558291	57.4471098044
	57.7911264105	57.4543391778
	57.7921552039	57.4568773928
	57.7970127643	57.4675982571
	57.798329709	57.4702148251
	57.7993430227	57.4735220251
	57.7981957827	57.4776099587
	57.7959008937	57.4872238963
	57.7947946315	57.4924958079
	57.7944168336	57.4943443992
	57.7924995544	57.5059571881
	57.791345893	57.5176705091
	57.7909607895	57.5294342041
	57.7911797025	57.5383055865
	57.7914543608	57.5438674151
	57.7916205512	57.5467597277
	57.7927742126	57.5584730487
	57.7946914918	57.5700858376
	57.7973641787	57.5815483665
	57.8007808284	57.5928115512
	57.8049268103	57.6038271609
	57.8097843707	57.6145480252
	57.811914608	57.6187293122
	57.8146917076	57.6240088532
	57.8181098084	57.6302077767
	57.8243251653	57.6402028836
	57.8311809259	57.6497700865
	57.8386477329	57.658868417
	57.846693612	57.6674589148
	57.8552841098	57.675504794
	57.8643824404	57.6829716009
	57.8739496432	57.6898273615
	57.8760276425	57.6911951447
	57.8818279119	57.7004751004
	57.8883227252	57.7095702953
	57.8927706622	57.7154067821
	57.8931316095	57.7158787901
	57.9005984164	57.7249771206
	57.9086442956	57.7335676184
	57.9172347934	57.7416134976
	57.926333124	57.7490803045
	57.9359003268	57.7559360652
	57.9458954338	57.7621514221
	57.9562756442	57.7676997601
	57.9669965085	57.7725573205
	57.9780121183	57.7767033025
	57.9807657418	57.7776133409
	57.9885477242	57.7801157823
	57.9970572854	57.7826223936
	58.0059555307	57.7846971734
	58.0111812311	57.7919896299
	58.018648038	57.8010879605
	58.0266939172	57.8096784583
	58.035284415	57.8177243375
	58.0443827456	57.8251911444
	58.0539499484	57.832046905
	58.0639450554	57.8382622619
	58.0743252658	57.8438106
	58.0850461301	57.8486681604
	58.0960617399	57.8528141423
	58.1073249245	57.856230792
	58.1130701009	57.8576692603
	58.129740328	57.8615526221
	58.1354576805	57.8627868407
	58.1470704693	57.8647041199
	58.1529987954	57.8653847582
	58.1813267373	57.8681618578
	58.1871117323	57.868634881
	58.1988754272	57.8690199845
	58.2024167858	57.8689851181
	58.2446454846	57.8681535141
	58.252867821	57.867803277
	58.264581142	57.8666496155
	58.2761939308	57.8647323363
	58.283701111	57.8630715107
	58.2904242635	57.8638709015
	58.2998970716	57.8647438898
	58.3116607666	57.8651289933
	58.3133348497	57.8651212024
	58.3453020127	57.864823656
	58.3553916247	57.8644463434
	58.3580521128	57.864252142
	58.4474762461	57.857057623
	58.456529079	57.8560981629
	58.4613434379	57.8553979779
	58.4735580986	57.8534524823
	58.4803565285	57.8522353881
	58.4858044058	57.8509651213
	58.4825381137	57.8544525058
	58.4750713068	57.8635508364
	58.4729370692	57.866389834
	58.4678538996	57.8727137392
	58.467391021	57.873319629
	58.4606288629	57.8816096132
	58.4537731023	57.8911768161
	58.4475577454	57.901171923
	58.4420094073	57.9115521335
	58.4371518469	57.9222729978
	58.433005865	57.9332886075
	58.4295892153	57.9445517922
	58.4274366457	57.9534938883
	58.4241102297	57.9690502238
	58.4235901124	57.9715706566
	58.4216728332	57.9831834454
	58.4205191718	57.9948967664
	58.4201340683	58.0066604614
	58.4203328959	58.0151153122
	58.4206075541	58.020951799
	58.42079383	58.0242606432
	58.4219474914	58.0359739643
	58.4238647706	58.0475867531
	58.4265374575	58.059049282
	58.4299541072	58.0703124667
	58.4341000891	58.0813280764
	58.4389576495	58.0920489407
	58.4445059876	58.1024291512
	58.4466757561	58.1060867474
	58.4505667473	58.1124725506
	58.4546123357	58.1188100613
	58.4614680963	58.1283772642
	58.4689349033	58.1374755948
	58.4769807825	58.1460660925
	58.4855712802	58.1541119717
	58.4941739558	58.1611720051
	58.4978413165	58.1692660428
	58.498281184	58.1701518579
	58.5010582836	58.1757060572
	58.5061667542	58.1852004524
	58.5123821111	58.1951955594
	58.5192378717	58.2047627623
	58.5230264754	58.2095308076
	58.5269174666	58.2142610322
	58.5305956699	58.2185913174
	58.5386415491	58.2271818152
	58.5472320468	58.2352276944
	58.5544126388	58.2412022798
	58.5596921798	58.2453679292
	58.5616099184	58.2468601507
	58.5711771213	58.2537159113
	58.5811722282	58.2599312682
	58.5906666235	58.2650397388
	58.5973347143	58.2683737842
	58.5982205295	58.2688136517
	58.6089413938	58.2736712121
	58.6172670459	58.2768802573
	58.6250413989	58.2796573569
	58.6277313566	58.2805942937
	58.6389945412	58.2840109434
	58.6461907495	58.2857811086
	58.6593652063	58.2903759686
	58.6607818937	58.2908634587
	58.6699385552	58.2937019346
	58.675358172	58.3011525328
	58.6791272417	58.3058968268
	58.6830106035	58.310619422
	58.6867083408	58.3149734585
	58.69475422	58.3235639563
	58.7033447177	58.3316098355
	58.7124430483	58.3390766424
	58.7220102512	58.345932403
	58.7320053581	58.3521477599
	58.7388445194	58.355900993
	58.7521730716	58.362843742
	58.7557141208	58.364638847
	58.7664349851	58.3694964075
	58.7774505948	58.3736423894
	58.7887137795	58.3770590391
	58.8001763084	58.379731726
	58.8117890973	58.3816490052
	58.8141007802	58.3819381262
	58.8352189443	58.3844405676
	58.8446205824	58.385305108
	58.8563842773	58.3856902115
	58.857645715	58.3856857881
	58.8968073971	58.3854111299
	58.9073096545	58.3850304498
	58.9190229755	58.3838767884
	58.9251374303	58.3829646457
	58.9309488126	58.3819953432
	58.9312430386	58.3822185511
	58.9367972378	58.3863842005
	58.9447885715	58.3920444636
	58.9547836784	58.3982598205
	58.9636845239	58.4030701449
	58.9733917717	58.4090935607
	58.9758625704	58.4104941839
	58.9964681825	58.4219608847
	59.0006204807	58.4248203425
	59.0106155876	58.4310356994
	59.0201099829	58.43614417
	59.0334461645	58.4428122608
	59.0343319797	58.4432521283
	59.045052844	58.4481096887
	59.0550760945	58.4519155796
	59.0631251057	58.4547003086
	59.064117465	58.4550403996
	59.0753806496	58.4584570494
	59.0868431785	58.4611297362
	59.0984559674	58.4630470154
	59.1031913858	58.4636066926
	59.1041943472	58.4637117716
	59.1071696834	58.473358121
	59.1113156653	58.4843737307
	59.1161732257	58.495094595
	59.1217215638	58.5054748055
	59.1279369207	58.5154699124
	59.1347926813	58.5250371153
	59.1397564261	58.5310854559
	59.138008151	58.5316157893
	59.1353708085	58.5325339405
	59.1275888261	58.5353110401
	59.1192105588	58.5385388709
	59.1084896945	58.5433964313
	59.0981094841	58.5489447694
	59.0881143771	58.5551601263
	59.0785471743	58.5620158869
	59.0694488437	58.5694826938
	59.0609456825	58.5774467734
	59.057401345	58.5780319459
	59.0459388161	58.5807046328
	59.0346756315	58.5841212825
	59.0266267603	58.5870692029
	59.0188524073	58.5901285901
	59.0158856687	58.5913266516
	59.0051648044	58.596184212
	58.9947845939	58.6017325501
	58.984789487	58.607947907
	58.9752222841	58.6148036676
	58.9661239536	58.6222704746
	58.9575334558	58.6303163537
	58.9494875766	58.6389068515
	58.9420207697	58.6480051821
	58.9351650091	58.6575723849
	58.9289496522	58.6675674919
	58.9234013141	58.6779477023
	58.9207283129	58.6836147735
	58.9182258715	58.6891689727
	58.9160413123	58.6942227658
	58.9118953303	58.7052383756
	58.9084786806	58.7165015603
	58.9058059937	58.7279640892
	58.9038887145	58.739576878
	58.9036682787	58.7413167605
	58.9035640315	58.7416229581
	58.9001473818	58.7528861428
	58.8993878017	58.7558195531
	58.8965386782	58.765383091
	58.8938659913	58.7768456199
	58.8919487121	58.7884584088
	58.8907950507	58.8001717298
	58.8906812665	58.8020598095
	58.889089284	58.8104852294
	58.8875007751	58.8204026837
	58.8863471137	58.8321160047
	58.8859620102	58.8438796997
	58.8861116478	58.8512149964
	58.8862077866	58.8535703963
	58.8857901679	58.8587807386
	58.8854050644	58.8705444336
	58.8855481534	58.8777174924
	58.8863797574	58.8985533688
	58.8866217719	58.903144005
	58.8877754333	58.9148573261
	58.8896927125	58.9264701149
	58.8923653994	58.9379326438
	58.8936165308	58.9423733172
	58.89501271	58.9470959125
	58.8971782283	58.9539184237
	58.9013242102	58.9649340335
	58.9061817706	58.9756548978
	58.9074971816	58.9781158586
	58.9058342101	58.9881883282
	58.9046805487	58.9999016493
	58.9042954452	59.0116653442
	58.9046805487	59.0234290392
	58.9058342101	59.0351423603
	58.9077514893	59.0467551491
	58.9104241762	59.058217678
	58.9124287764	59.0651409693
	58.9037911156	59.0666412598
	58.8970184481	59.0681246722
	58.8851848309	59.0696408414
	58.8845658917	59.0697212341
	58.8729531029	59.0716385133
	58.8655905879	59.0732641383
	58.8210914407	59.0792305396
	58.8162221527	59.0799513667
	58.78538414	59.0849486201
	58.7790657738	59.0860885865
	58.7754080633	59.0868557385
	58.7635700433	59.0894672775
	58.7384976786	59.0929226685
	58.7279640892	59.0946945435
	58.7237907259	59.095576246
	58.6393409578	59.1144666268
	58.6320517922	59.1162576113
	58.6207886075	59.119674261
	58.6199898563	59.1199474927
	58.6119332156	59.1227245923
	58.6017163572	59.1265973425
	58.5909954929	59.131454903
	58.586633773	59.1336801806
	58.5666295006	59.1442316332
	58.56061101	59.1475546937
	58.550615903	59.1537700506
	58.5410487002	59.1606258112
	58.5407857662	59.1608279529
	58.5299596554	59.1691668811
	58.5211242588	59.1764315463
	58.512533761	59.1844774255
	58.5044878818	59.1930679233
	58.5009002263	59.1972882196
	58.4970092351	59.2020108148
	58.4931300837	59.2068888491
	58.486274323	59.2164560519
	58.4850032799	59.2183850039
	58.4794717453	59.22126315
	58.4725601677	59.2250540833
	58.4625650607	59.2312694402
	58.4611171276	59.2322471233
	58.4607912357	59.2324168781
	58.4539520744	59.2361701111
	58.4439569675	59.2423854681
	58.4343897646	59.2492412287
	58.4252914341	59.2567080356
	58.4167009363	59.2647539148
	58.4151589257	59.2663148521
	58.4016951019	59.2670825263
	58.4001702039	59.2671759711
	58.3946881544	59.2676195541
	58.3748042397	59.2695348865
	58.3413106513	59.2715698694
	58.3404549329	59.2716239081
	58.3381034187	59.2717935192
	58.3028250984	59.2745706188
	58.2934632916	59.2755546691
	58.2818505028	59.2774719483
	58.2703879738	59.2801446352
	58.2591247892	59.2835612849
	58.2583260379	59.2838345166
	58.2502693973	59.2866116162
	58.2400525388	59.2904843665
	58.2293316745	59.2953419269
	58.2189514641	59.300890265
	58.2089563571	59.3071056219
	58.1993891543	59.3139613825
	58.1902908237	59.3214281894
	58.1817003259	59.3294740686
	58.1736544467	59.3380645664
	58.1661876398	59.3471628969
	58.1593318792	59.3567300998
	58.1531165223	59.3667252067
	58.1475681842	59.3771054172
	58.1427106238	59.3878262815
	58.1385646419	59.3988418912
	58.1351479921	59.4101050759
	58.1324753053	59.4215676048
	58.1319346455	59.4244045293
	58.1308207539	59.4305156744
	58.1294441345	59.4392915387
	58.128290473	59.4510048597
	58.1279053695	59.4627685547
	58.128290473	59.4745322497
	58.1294441345	59.4862455707
	58.1313614137	59.4978583595
	58.1340341005	59.5093208885
	58.1374507503	59.5205840731
	58.1415967322	59.5315996829
	58.1437812914	59.5366534761
	58.1462837328	59.5422076753
	58.148956734	59.5478747464
	58.1545050721	59.5582549568
	58.160720429	59.5682500638
	58.1647842578	59.5740793532
	58.1758926562	59.5893610304
	58.178684588	59.5930989439
	58.186151395	59.6021972744
	58.1866004719	59.6027074011
	58.1907737507	59.6074299963
	58.198370553	59.6155103674
	58.2069610508	59.6235562466
	58.20703715	59.623622946
	58.207808114	59.6243986121
	58.2163986118	59.6324444913
	58.2185544542	59.6343051296
	58.2261184604	59.6413327359
	58.235216791	59.6487995428
	58.2447839938	59.6556553034
	58.2491697888	59.6584945371
	58.2504866758	59.662173158
	58.2509774599	59.6640450096
	58.2543941096	59.6753081942
	58.2562421621	59.6804905795
	58.2582727068	59.6890931876
	58.2595910463	59.6943260764
	58.2630076961	59.7055892611
	58.2644302891	59.7096219416
	58.2651452456	59.7123772239
	58.2685563156	59.7236239689
	58.2694435241	59.7318052631
	58.2713608033	59.7434180519
	58.2740334902	59.7548805808
	58.2774501399	59.7661437655
	58.2815961218	59.7771593753
	58.2864536823	59.7878802396
	58.2920020203	59.79826045
	58.2982173772	59.8082555569
	58.3050731379	59.8178227598
	58.3125399448	59.8269210904
	58.320585824	59.8355115881
	58.3291763217	59.8435574673
	58.3382746523	59.8510242743
	58.3478418552	59.8578800349
	58.3578369621	59.8640953918
	58.3682171726	59.8696437299
	58.3789380368	59.8745012903
	58.3899536466	59.8786472722
	58.4012168313	59.8820639219
	58.4066125578	59.8834206175
	58.4160577482	59.8856407713
	58.4221245506	59.8869567626
	58.4337373395	59.8888740418
	58.4454506605	59.8900277032
	58.4556022814	59.8904055823
	58.4827971987	59.8906493325
	58.4845764759	59.8939897973
	58.487558661	59.8993651863
	58.4937740179	59.9093602933
	58.4978106486	59.9151521565
	58.5002351486	59.9189201367
	58.5013226843	59.9216067019
	58.5061802448	59.9323275662
	58.5117285828	59.9427077767
	58.5179439397	59.9527028836
	58.5247997004	59.9622700865
	58.5322665073	59.971368417
	58.5403123865	59.9799589148
	58.5489028842	59.988004794
	58.5510587266	59.9898654323
	58.5586227329	59.9968930386
	58.5677210634	60.0043598455
	58.5692969327	60.005555343
	58.5748511319	60.0097209925
	58.5828424655	60.0153812556
	58.5928375725	60.0215966125
	58.6032177829	60.0271449506
	58.6139386472	60.032002511
	58.6249542569	60.0361484929
	58.6362174416	60.0395651426
	58.6476019742	60.0422222972
	58.6573218229	60.0441601634
	58.6573998192	60.0441756957
	58.669012608	60.0460929749
	58.680725929	60.0472466363
	58.692489624	60.0476317398
	58.704253319	60.0472466363
	58.7112675171	60.0466488457
	58.714995578	60.051112977
	58.7178210117	60.0544143765
	58.7258668909	60.0630048743
	58.7344573886	60.0710507535
	58.7435557192	60.0785175604
	58.7531229221	60.085373321
	58.763118029	60.0915886779
	58.7734982394	60.097137016
	58.7842191037	60.1019945764
	58.7952347135	60.1061405583
	58.80214673	60.1082372956
	58.8028453546	60.1092122251
	58.8103121616	60.1183105557
	58.8183580408	60.1269010535
	58.8269485385	60.1349469327
	58.8360468691	60.1424137396
	58.845614072	60.1492695002
	58.8556091789	60.1554848571
	58.8659893894	60.1610331952
	58.867640025	60.1618367523
	58.8682274884	60.1621190399
	58.8682465014	60.1621275379
	58.8683465063	60.1621761766
	58.8695798189	60.1627676934
	58.8732169711	60.1723263584
	58.8735652522	60.1733626986
	58.8777112341	60.1843783084
	58.8825687946	60.1950991727
	58.8881171326	60.2054793831
	58.8943324895	60.2154744901
	58.9011882502	60.2250416929
	58.9086550571	60.2341400235
	58.9167009363	60.2427305213
	58.9252914341	60.2507764004
	58.9343897646	60.2582432074
	58.9407936545	60.2629362163
	58.9410428381	60.263540906
	58.9459003986	60.2742617703
	58.9488433132	60.2799701681
	58.9546798	60.2908115378
	58.9572852235	60.2954833504
	58.9635005804	60.3054784573
	58.970356341	60.3150456602
	58.9778231479	60.3241439908
	58.9789163208	60.3253790461
	58.9782889472	60.3326729505
	58.9779038437	60.3444366455
	58.9780542362	60.351790414
	58.978611182	60.3654012538
	58.978845893	60.3698111803
	58.9799995544	60.3815245014
	58.9819168336	60.3931372902
	58.9845895205	60.4045998191
	58.9847735478	60.4052812671
	58.9864367558	60.4113924121
	58.9896693782	60.4219741488
	58.9938153601	60.4329897586
	58.9986729205	60.4437106229
	59.0042212586	60.4540908333
	59.0104366155	60.4640859402
	59.0172923761	60.4736531431
	59.024759183	60.4827514737
	59.025285523	60.4833489761
	59.0380647588	60.49779142
	59.0455842981	60.5057844153
	59.0481449912	60.5082945595
	59.0495843325	60.5140434837
	59.0530009822	60.5253066683
	59.0571469641	60.5363222781
	59.0620045245	60.5470431424
	59.065774814	60.5542708512
	59.0688342012	60.5598250504
	59.0706122498	60.5629775521
	59.0768276067	60.572972659
	59.0836833673	60.5825398619
	59.0911501743	60.5916381924
	59.0991960535	60.6002286902
	59.1077865512	60.6082745694
	59.1168848818	60.6157413763
	59.1264520847	60.6225971369
	59.1364471916	60.6288124938
	59.1418092916	60.6317875999
	59.1492264274	60.6363121887
	59.1596066379	60.6418605267
	59.1625644586	60.6432857498
	59.1767322443	60.6499538406
	59.1844952878	60.653386178
	59.1955108976	60.6575321599
	59.1956203951	60.65756929
	59.1994722072	60.6593831283
	59.2072690305	60.6628313684
	59.2152389332	60.6659129137
	59.2152824523	60.6662458759
	59.2171997315	60.6778586647
	59.2198724184	60.6893211936
	59.2200564457	60.6900026416
	59.2217196537	60.6961137866
	59.2249522761	60.7066955233
	59.2290982581	60.7177111331
	59.2310144346	60.7221663354
	59.2338208533	60.7293764773
	59.2386784137	60.7400973416
	59.2442267518	60.7504775521
	59.2462872092	60.7539555134
	59.2463982367	60.7573252954
	59.2466805243	60.7639933863
	59.2469046698	60.7681494982
	59.2480583312	60.7798628192
	59.2499756104	60.7914756081
	59.2523264127	60.8017197912
	59.2539896207	60.8081055945
	59.2543115053	60.8093239402
	59.257728155	60.8205871249
	59.2597677499	60.8260061984
	59.2541717441	60.8305987216
	59.2455812463	60.8386446008
	59.2375353671	60.8472350986
	59.2307415309	60.8554619331
	59.226858169	60.8604591865
	59.2261851984	60.8613306826
	59.2193294378	60.8708978854
	59.2131140809	60.8808929924
	59.2075657428	60.8912732028
	59.2027081824	60.9019940671
	59.1985622005	60.9130096769
	59.1951455507	60.9242728615
	59.1924728639	60.9357353905
	59.1905555847	60.9473481793
	59.1894019232	60.9590615003
	59.1890168197	60.9708251953
	59.1894019232	60.9825888903
	59.1894105076	60.9827191382
	59.1861670594	60.9881165031
	59.1810585888	60.9976108984
	59.1782814892	61.0031650976
	59.1778416217	61.0040509128
	59.1729840613	61.0147717771
	59.1688380794	61.0257873868
	59.1654214296	61.0370505715
	59.1627487428	61.0485131004
	59.1611326167	61.0579419183
	59.152510062	61.0650423862
	59.1439195642	61.0730882654
	59.135873685	61.0816787632
	59.1325713873	61.0855535912
	59.1245223761	61.0952734398
	59.1203578669	61.1004969423
	59.1135021062	61.1100641452
	59.1072867493	61.1200592521
	59.1021782787	61.1295536474
	59.0994011791	61.1351078466
	59.0989613116	61.1359936618
	59.0941037512	61.1467145261
	59.0899577693	61.1577301359
	59.0867691808	61.1681503749
	59.0863414363	61.1693954801
	59.0829247866	61.1806586648
	59.0802520997	61.1921211937
	59.0783348205	61.2037339825
	59.0771811591	61.2154473036
	59.0767960556	61.2272109985
	59.0768797289	61.2326966797
	59.0772459319	61.2446981533
	59.0769065009	61.2490624159
	59.0765213974	61.2608261108
	59.076668439	61.2680975261
	59.077500043	61.288651115
	59.0777381049	61.2931433947
	59.0788917663	61.3048567157
	59.0808090455	61.3164695046
	59.0834243741	61.3277174395
	59.0867584195	61.3402220171
	59.0868157778	61.3404366111
	59.0902324275	61.3516997958
	59.0943784094	61.3627154055
	59.0968763615	61.3684608758
	59.0991010047	61.3740984622
	59.1039585651	61.3848193265
	59.1095069031	61.3951995369
	59.11572226	61.4051946439
	59.1225780207	61.4147618467
	59.1300448276	61.4238601773
	59.1362164431	61.4305483747
	59.136874137	61.4321581546
	59.1417316974	61.4428790189
	59.1454105665	61.4499405503
	59.1484623243	61.4554947496
	59.1503317933	61.4588134285
	59.1565471502	61.4688085355
	59.1634029108	61.4783757383
	59.1708697177	61.4874740689
	59.1789155969	61.4960645667
	59.1836381921	61.5007871619
	59.1922286899	61.5088330411
	59.2013270205	61.516299848
	59.2064222195	61.520068792
	59.2122663357	61.5242344414
	59.2161607805	61.5269337281
	59.2082464855	61.5361513837
	59.2020152765	61.5438257998
	59.1951595159	61.5533930026
	59.188944159	61.5633881096
	59.1833958209	61.57376832
	59.1806007461	61.5797069348
	59.1781059341	61.5852687634
	59.1760434485	61.5900510129
	59.1718974666	61.6010666227
	59.1684808168	61.6123298073
	59.16580813	61.6237923363
	59.1638908508	61.6354051251
	59.1627371893	61.6471184461
	59.1623520858	61.6588821411
	59.162595688	61.668240099
	59.1628703462	61.6735120107
	59.1630118475	61.6759177477
	59.164165509	61.6876310687
	59.1660827882	61.6992438576
	59.1686981168	61.7104917925
	59.1720321622	61.7229963701
	59.1720895205	61.7232109641
	59.1741638894	61.7303577976
	59.1714273923	61.7361155141
	59.1677045203	61.7444928464
	59.1635585383	61.7555084562
	59.1601418886	61.7667716408
	59.1574692017	61.7782341698
	59.1568826933	61.7813236552
	59.1557764311	61.7874424296
	59.1544456603	61.795965733
	59.1532919989	61.807679054
	59.1529068954	61.819442749
	59.1530682219	61.8270590307
	59.1533505095	61.8337194922
	59.1535742865	61.8378669054
	59.1547279479	61.8495802265
	59.1566452271	61.8611930153
	59.159317914	61.8726555442
	59.1594035852	61.8729741046
	59.1677272546	61.9038121173
	59.1710582332	61.9147567416
	59.1752042151	61.9257723513
	59.1800617755	61.9364932156
	59.1856101136	61.9468734261
	59.1918254705	61.956868533
	59.1986812311	61.9664357359
	59.206148038	61.9755340664
	59.2117856074	61.9816697624
	59.2256787348	61.9961045769
	59.2280870447	61.9985593787
	59.2366775425	62.0066052579
	59.2446743234	62.0132200205
	59.245333014	62.0143706795
	59.2515483709	62.0243657864
	59.2584041315	62.0339329893
	59.2658709384	62.0430313199
	59.2739168176	62.0516218176
	59.2825073154	62.0596676968
	59.291605646	62.0671345038
	59.3011728488	62.0739902644
	59.3111679558	62.0802056213
	59.3215481662	62.0857539594
	59.3269020743	62.0882855051
	59.3351968048	62.0920417717
	59.335998139	62.0932515897
	59.3428538996	62.1028187925
	59.3503207065	62.1119171231
	59.3583665857	62.1205076209
	59.3669570835	62.1285535001
	59.376055414	62.136020307
	59.3856226169	62.1428760676
	59.3956177238	62.1490914245
	59.4059979343	62.1546397626
	59.4167187986	62.159497323
	59.4277344083	62.1636433049
	59.438997593	62.1670599546
	59.4504601219	62.1697326415
	59.4620729107	62.1716499207
	59.4737862318	62.1728035821
	59.4855499268	62.1731886856
	59.4973136217	62.1728035821
	59.5090269428	62.1716499207
	59.5206397316	62.1697326415
	59.5272308559	62.1682925759
	59.5330597134	62.1669040261
	59.537931118	62.1656714048
	59.5491943026	62.1622547551
	59.5602099124	62.1581087732
	59.5709307767	62.1532512128
	59.5813109871	62.1477028747
	59.5913060941	62.1414875178
	59.5975163884	62.1371459688
	59.6039484773	62.1324446026
	59.6139542837	62.1323477385
	59.6239768297	62.1319710626
	59.6356901508	62.1308174012
	59.638200421	62.1304689089
	59.6495911071	62.1288057009
	59.6586936257	62.127236914
	59.6701561546	62.1245642271
	59.678977812	62.1219569415
END
END
