none
1
   1.213324E+01   5.030163E+01
   1.213246E+01   5.029486E+01
   1.215057E+01   5.027734E+01
   1.212056E+01   5.026056E+01
   1.210805E+01   5.025271E+01
   1.212140E+01   5.023957E+01
   1.213550E+01   5.023656E+01
   1.214998E+01   5.024025E+01
   1.220808E+01   5.019258E+01
   1.222306E+01   5.016848E+01
   1.220086E+01   5.013155E+01
   1.221849E+01   5.010527E+01
   1.223264E+01   5.010459E+01
   1.223719E+01   5.010052E+01
   1.225070E+01   5.009820E+01
   1.225868E+01   5.008932E+01
   1.226276E+01   5.008504E+01
   1.228119E+01   5.007786E+01
   1.226382E+01   5.006344E+01
   1.230137E+01   5.006183E+01
   1.232263E+01   5.005555E+01
   1.232154E+01   5.004671E+01
   1.232936E+01   5.003951E+01
   1.233901E+01   5.004379E+01
   1.235488E+01   5.003656E+01
   1.238765E+01   5.001615E+01
   1.240446E+01   5.001739E+01
   1.241028E+01   5.000930E+01
   1.242406E+01   5.000564E+01
   1.243362E+01   5.000613E+01
   1.244251E+01   4.999762E+01
   1.243830E+01   4.998966E+01
   1.246202E+01   4.999683E+01
   1.247277E+01   4.999111E+01
   1.247822E+01   4.998272E+01
   1.248987E+01   4.998300E+01
   1.250399E+01   4.997411E+01
   1.248307E+01   4.994348E+01
   1.252224E+01   4.992872E+01
   1.254689E+01   4.992698E+01
   1.255345E+01   4.989588E+01
   1.253748E+01   4.988639E+01
   1.250322E+01   4.982727E+01
   1.248329E+01   4.983281E+01
   1.247471E+01   4.977966E+01
   1.240898E+01   4.975493E+01
   1.241679E+01   4.973527E+01
   1.243525E+01   4.973088E+01
   1.245625E+01   4.970461E+01
   1.252345E+01   4.968699E+01
   1.253134E+01   4.966899E+01
   1.252808E+01   4.964334E+01
   1.253836E+01   4.962447E+01
   1.256733E+01   4.961970E+01
   1.257237E+01   4.959439E+01
   1.258554E+01   4.958252E+01
   1.258408E+01   4.956453E+01
   1.261336E+01   4.953222E+01
   1.263946E+01   4.953342E+01
   1.264639E+01   4.952217E+01
   1.264577E+01   4.948268E+01
   1.263882E+01   4.947963E+01
   1.264870E+01   4.946848E+01
   1.266345E+01   4.945358E+01
   1.266826E+01   4.943209E+01
   1.270937E+01   4.942515E+01
   1.276478E+01   4.939642E+01
   1.276741E+01   4.936962E+01
   1.278624E+01   4.936125E+01
   1.278387E+01   4.934958E+01
   1.281028E+01   4.934408E+01
   1.285236E+01   4.934845E+01
   1.287811E+01   4.933709E+01
   1.287456E+01   4.935427E+01
   1.292278E+01   4.935055E+01
   1.297792E+01   4.933761E+01
   1.301466E+01   4.930781E+01
   1.303330E+01   4.930749E+01
   1.303397E+01   4.926499E+01
   1.305669E+01   4.926606E+01
   1.306677E+01   4.925036E+01
   1.308170E+01   4.924806E+01
   1.308634E+01   4.924279E+01
   1.309064E+01   4.923819E+01
   1.309236E+01   4.922686E+01
   1.311642E+01   4.922086E+01
   1.311347E+01   4.920367E+01
   1.314400E+01   4.919208E+01
   1.317529E+01   4.917479E+01
   1.318396E+01   4.913569E+01
   1.320898E+01   4.912287E+01
   1.323885E+01   4.911528E+01
   1.326470E+01   4.912099E+01
   1.327817E+01   4.912226E+01
   1.328882E+01   4.911899E+01
   1.332938E+01   4.910054E+01
   1.334120E+01   4.909197E+01
   1.334636E+01   4.908784E+01
   1.334849E+01   4.908268E+01
   1.335840E+01   4.907681E+01
   1.340114E+01   4.905057E+01
   1.339795E+01   4.903931E+01
   1.340669E+01   4.902880E+01
   1.341086E+01   4.900263E+01
   1.341104E+01   4.898576E+01
   1.347638E+01   4.895733E+01
   1.349770E+01   4.894801E+01
   1.350614E+01   4.897760E+01
   1.351951E+01   4.898239E+01
   1.354328E+01   4.897896E+01
   1.355362E+01   4.897120E+01
   1.357091E+01   4.897518E+01
   1.358541E+01   4.897401E+01
   1.360272E+01   4.895538E+01
   1.363089E+01   4.895826E+01
   1.363474E+01   4.894806E+01
   1.363103E+01   4.893985E+01
   1.364819E+01   4.891558E+01
   1.366799E+01   4.889922E+01
   1.368450E+01   4.888518E+01
   1.372102E+01   4.888265E+01
   1.373125E+01   4.888841E+01
   1.374007E+01   4.888674E+01
   1.375044E+01   4.887093E+01
   1.376967E+01   4.884364E+01
   1.378607E+01   4.883833E+01
   1.382259E+01   4.879740E+01
   1.381835E+01   4.878202E+01
   1.384947E+01   4.877171E+01
   1.383021E+01   4.875108E+01
   1.382308E+01   4.873193E+01
   1.380484E+01   4.872046E+01
   1.380951E+01   4.871897E+01
   1.382383E+01   4.871758E+01
   1.382979E+01   4.870640E+01
   1.384709E+01   4.870275E+01
   1.384305E+01   4.869716E+01
   1.383441E+01   4.869057E+01
   1.382239E+01   4.869003E+01
   1.383313E+01   4.863579E+01
   1.382488E+01   4.860994E+01
   1.381222E+01   4.860059E+01
   1.381139E+01   4.858081E+01
   1.377373E+01   4.854915E+01
   1.375224E+01   4.855811E+01
   1.376021E+01   4.854969E+01
   1.375148E+01   4.852823E+01
   1.373748E+01   4.852335E+01
   1.372734E+01   4.850779E+01
   1.365439E+01   4.853349E+01
   1.364750E+01   4.854753E+01
   1.362305E+01   4.855145E+01
   1.359644E+01   4.856559E+01
   1.357749E+01   4.855429E+01
   1.355185E+01   4.856431E+01
   1.351659E+01   4.858697E+01
   1.350935E+01   4.858393E+01
   1.351170E+01   4.857356E+01
   1.349098E+01   4.856128E+01
   1.346677E+01   4.855087E+01
   1.344953E+01   4.855935E+01
   1.344108E+01   4.855482E+01
   1.345935E+01   4.853496E+01
   1.345044E+01   4.852699E+01
   1.346336E+01   4.850848E+01
   1.343183E+01   4.845435E+01
   1.344554E+01   4.843281E+01
   1.342823E+01   4.840494E+01
   1.341784E+01   4.837232E+01
   1.332637E+01   4.831573E+01
   1.326537E+01   4.829023E+01
   1.318270E+01   4.829121E+01
   1.314149E+01   4.827787E+01
   1.308493E+01   4.827246E+01
   1.302157E+01   4.825047E+01
   1.300220E+01   4.823255E+01
   1.295525E+01   4.820247E+01
   1.287323E+01   4.819743E+01
   1.285028E+01   4.816219E+01
   1.283376E+01   4.815090E+01
   1.280605E+01   4.814434E+01
   1.278837E+01   4.811772E+01
   1.276824E+01   4.812270E+01
   1.275538E+01   4.810814E+01
   1.276559E+01   4.807570E+01
   1.285832E+01   4.801956E+01
   1.287696E+01   4.796667E+01
   1.291032E+01   4.795998E+01
   1.292464E+01   4.795859E+01
   1.292435E+01   4.794355E+01
   1.294043E+01   4.794740E+01
   1.294796E+01   4.792990E+01
   1.299583E+01   4.786452E+01
   1.300632E+01   4.785452E+01
   1.301197E+01   4.785009E+01
   1.300195E+01   4.783558E+01
   1.299528E+01   4.782991E+01
   1.298799E+01   4.782370E+01
   1.296354E+01   4.779163E+01
   1.294411E+01   4.775675E+01
   1.291567E+01   4.772520E+01
   1.298931E+01   4.771869E+01
   1.302024E+01   4.773236E+01
   1.305648E+01   4.771600E+01
   1.308628E+01   4.768766E+01
   1.310973E+01   4.763938E+01
   1.308662E+01   4.761659E+01
   1.308393E+01   4.758983E+01
   1.306011E+01   4.758182E+01
   1.307103E+01   4.756221E+01
   1.304555E+01   4.753387E+01
   1.306140E+01   4.752016E+01
   1.305811E+01   4.749190E+01
   1.301750E+01   4.746649E+01
   1.300242E+01   4.746090E+01
   1.298350E+01   4.747866E+01
   1.296788E+01   4.746820E+01
   1.292283E+01   4.748669E+01
   1.287799E+01   4.751233E+01
   1.283233E+01   4.754025E+01
   1.278485E+01   4.755199E+01
   1.277731E+01   4.758711E+01
   1.279467E+01   4.761848E+01
   1.280370E+01   4.761956E+01
   1.274895E+01   4.764473E+01
   1.275571E+01   4.766150E+01
   1.273171E+01   4.767488E+01
   1.260890E+01   4.766673E+01
   1.257830E+01   4.763055E+01
   1.252419E+01   4.762771E+01
   1.250095E+01   4.762061E+01
   1.245798E+01   4.765009E+01
   1.243809E+01   4.767622E+01
   1.243379E+01   4.769226E+01
   1.239049E+01   4.768271E+01
   1.236250E+01   4.768290E+01
   1.233097E+01   4.769244E+01
   1.227836E+01   4.768815E+01
   1.226292E+01   4.767455E+01
   1.224829E+01   4.767659E+01
   1.223192E+01   4.770739E+01
   1.224308E+01   4.772556E+01
   1.220889E+01   4.770365E+01
   1.217217E+01   4.768680E+01
   1.218735E+01   4.766854E+01
   1.220713E+01   4.763555E+01
   1.221348E+01   4.761305E+01
   1.220884E+01   4.760321E+01
   1.217546E+01   4.759888E+01
   1.217594E+01   4.761086E+01
   1.215352E+01   4.760764E+01
   1.214061E+01   4.760314E+01
   1.208329E+01   4.760848E+01
   1.202081E+01   4.761016E+01
   1.200686E+01   4.761849E+01
   1.198252E+01   4.761534E+01
   1.197719E+01   4.761110E+01
   1.196405E+01   4.761294E+01
   1.186054E+01   4.759953E+01
   1.185147E+01   4.757720E+01
   1.178195E+01   4.758583E+01
   1.173641E+01   4.758440E+01
   1.172483E+01   4.758672E+01
   1.165935E+01   4.757990E+01
   1.163482E+01   4.759225E+01
   1.163820E+01   4.758069E+01
   1.161048E+01   4.757688E+01
   1.159424E+01   4.755506E+01
   1.159050E+01   4.752527E+01
   1.157745E+01   4.751574E+01
   1.157088E+01   4.751242E+01
   1.150567E+01   4.750270E+01
   1.146780E+01   4.750635E+01
   1.144516E+01   4.750415E+01
   1.143523E+01   4.751377E+01
   1.141188E+01   4.749198E+01
   1.139048E+01   4.747765E+01
   1.141355E+01   4.747312E+01
   1.141720E+01   4.746201E+01
   1.142561E+01   4.744322E+01
   1.133762E+01   4.744453E+01
   1.133168E+01   4.743629E+01
   1.130951E+01   4.742809E+01
   1.129503E+01   4.740890E+01
   1.127474E+01   4.739619E+01
   1.125500E+01   4.739812E+01
   1.122624E+01   4.739352E+01
   1.121982E+01   4.739775E+01
   1.124496E+01   4.742894E+01
   1.122636E+01   4.742866E+01
   1.120587E+01   4.743291E+01
   1.120060E+01   4.742649E+01
   1.115241E+01   4.741775E+01
   1.111692E+01   4.739344E+01
   1.106393E+01   4.739487E+01
   1.102425E+01   4.739130E+01
   1.096756E+01   4.739777E+01
   1.096261E+01   4.741843E+01
   1.097799E+01   4.742743E+01
   1.095719E+01   4.744667E+01
   1.091905E+01   4.747160E+01
   1.092945E+01   4.747841E+01
   1.090964E+01   4.748054E+01
   1.089387E+01   4.747927E+01
   1.087783E+01   4.747682E+01
   1.086039E+01   4.748783E+01
   1.086091E+01   4.750310E+01
   1.089796E+01   4.751889E+01
   1.088474E+01   4.752579E+01
   1.087591E+01   4.753663E+01
   1.081801E+01   4.751827E+01
   1.076906E+01   4.751118E+01
   1.074171E+01   4.753637E+01
   1.069152E+01   4.753818E+01
   1.068138E+01   4.755459E+01
   1.062368E+01   4.755645E+01
   1.060404E+01   4.756591E+01
   1.059094E+01   4.755051E+01
   1.057461E+01   4.753257E+01
   1.049749E+01   4.753323E+01
   1.045379E+01   4.755245E+01
   1.044973E+01   4.752595E+01
   1.047372E+01   4.748376E+01
   1.048173E+01   4.742940E+01
   1.043726E+01   4.739769E+01
   1.043883E+01   4.737823E+01
   1.040182E+01   4.737570E+01
   1.038819E+01   4.735499E+01
   1.033550E+01   4.729986E+01
   1.031537E+01   4.730161E+01
   1.023339E+01   4.726543E+01
   1.020630E+01   4.727276E+01
   1.017121E+01   4.726603E+01
   1.016597E+01   4.728120E+01
   1.017640E+01   4.730106E+01
   1.019147E+01   4.729851E+01
   1.020801E+01   4.731714E+01
   1.019574E+01   4.732624E+01
   1.020375E+01   4.735190E+01
   1.022684E+01   4.737874E+01
   1.021380E+01   4.737801E+01
   1.017295E+01   4.738243E+01
   1.017264E+01   4.736831E+01
   1.014605E+01   4.736483E+01
   1.011991E+01   4.737176E+01
   1.010091E+01   4.735114E+01
   1.008006E+01   4.738546E+01
   1.007789E+01   4.740241E+01
   1.006870E+01   4.740827E+01
   1.006915E+01   4.741717E+01
   1.009800E+01   4.743033E+01
   1.008153E+01   4.745287E+01
   1.007032E+01   4.745577E+01
   1.004272E+01   4.747110E+01
   1.003818E+01   4.748609E+01
   1.000388E+01   4.747645E+01
   9.963095E+00   4.752054E+01
   9.964060E+00   4.753336E+01
   9.955680E+00   4.753393E+01
   9.920061E+00   4.752883E+01
   9.912427E+00   4.753307E+01
   9.883375E+00   4.754520E+01
   9.874799E+00   4.752678E+01
   9.811570E+00   4.754853E+01
   9.823461E+00   4.756066E+01
   9.819965E+00   4.757092E+01
   9.823333E+00   4.758247E+01
   9.804215E+00   4.759309E+01
   9.777392E+00   4.759338E+01
   9.754127E+00   4.757006E+01
   9.748009E+00   4.755547E+01
   9.740318E+00   4.754851E+01
   9.736837E+00   4.753271E+01
   9.606187E+00   4.752526E+01
   9.573045E+00   4.753278E+01
   9.512461E+00   4.753246E+01
   9.512623E+00   4.753560E+01
   9.599312E+00   4.758426E+01
   9.617389E+00   4.758961E+01
   9.631169E+00   4.759795E+01
   9.639479E+00   4.760685E+01
   9.658363E+00   4.761381E+01
   9.688431E+00   4.760912E+01
   9.693283E+00   4.761177E+01
   9.702914E+00   4.760551E+01
   9.718957E+00   4.761001E+01
   9.734882E+00   4.761725E+01
   9.758649E+00   4.761804E+01
   9.793415E+00   4.764817E+01
   9.817055E+00   4.766667E+01
   9.833313E+00   4.767370E+01
   9.839973E+00   4.767795E+01
   9.851278E+00   4.767953E+01
   9.874921E+00   4.767692E+01
   9.900109E+00   4.766284E+01
   9.964295E+00   4.765609E+01
   9.995436E+00   4.768184E+01
   1.001501E+01   4.768782E+01
   1.002912E+01   4.768835E+01
   1.003533E+01   4.767977E+01
   1.004846E+01   4.768211E+01
   1.006289E+01   4.768132E+01
   1.007972E+01   4.765178E+01
   1.009012E+01   4.767481E+01
   1.011154E+01   4.766904E+01
   1.012788E+01   4.767862E+01
   1.012545E+01   4.770746E+01
   1.011183E+01   4.772066E+01
   1.011318E+01   4.776007E+01
   1.008152E+01   4.777055E+01
   1.006249E+01   4.778523E+01
   1.009092E+01   4.780515E+01
   1.010877E+01   4.780515E+01
   1.011344E+01   4.781188E+01
   1.013136E+01   4.781492E+01
   1.011547E+01   4.783080E+01
   1.009847E+01   4.784443E+01
   1.009315E+01   4.784312E+01
   1.009033E+01   4.784582E+01
   1.010361E+01   4.786288E+01
   1.008052E+01   4.785379E+01
   1.007596E+01   4.786933E+01
   1.009598E+01   4.787407E+01
   1.009422E+01   4.789130E+01
   1.010653E+01   4.791878E+01
   1.010324E+01   4.792362E+01
   1.010980E+01   4.793532E+01
   1.008562E+01   4.794849E+01
   1.008325E+01   4.796011E+01
   1.008779E+01   4.797035E+01
   1.011432E+01   4.798155E+01
   1.011472E+01   4.799117E+01
   1.011914E+01   4.800515E+01
   1.013173E+01   4.801767E+01
   1.012712E+01   4.803373E+01
   1.012888E+01   4.805642E+01
   1.012973E+01   4.806500E+01
   1.012882E+01   4.807429E+01
   1.011852E+01   4.810354E+01
   1.010026E+01   4.813213E+01
   1.008551E+01   4.816279E+01
   1.007172E+01   4.820247E+01
   1.005988E+01   4.822864E+01
   1.005392E+01   4.825547E+01
   1.004431E+01   4.827921E+01
   1.002805E+01   4.830256E+01
   1.000933E+01   4.832353E+01
   9.997294E+00   4.833867E+01
   9.983551E+00   4.835274E+01
   9.969093E+00   4.836587E+01
   9.966416E+00   4.837037E+01
   9.967437E+00   4.837709E+01
   9.970106E+00   4.838074E+01
   9.984335E+00   4.838734E+01
   9.988433E+00   4.839358E+01
   9.993036E+00   4.839575E+01
   1.000263E+01   4.839876E+01
   1.001195E+01   4.840297E+01
   1.001638E+01   4.840992E+01
   1.001598E+01   4.841785E+01
   1.002710E+01   4.842480E+01
   1.003359E+01   4.842834E+01
   1.002708E+01   4.843647E+01
   1.002993E+01   4.845728E+01
   1.003709E+01   4.846006E+01
   1.007109E+01   4.846016E+01
   1.010489E+01   4.847867E+01
   1.012119E+01   4.847523E+01
   1.013412E+01   4.845665E+01
   1.016376E+01   4.846155E+01
   1.018122E+01   4.847623E+01
   1.021741E+01   4.849016E+01
   1.022778E+01   4.851134E+01
   1.023734E+01   4.851817E+01
   1.025572E+01   4.852479E+01
   1.027416E+01   4.852854E+01
   1.028836E+01   4.853711E+01
   1.029409E+01   4.854874E+01
   1.029574E+01   4.856135E+01
   1.029426E+01   4.857520E+01
   1.029048E+01   4.859046E+01
   1.028881E+01   4.860890E+01
   1.028044E+01   4.862604E+01
   1.025919E+01   4.864923E+01
   1.025577E+01   4.865439E+01
   1.025377E+01   4.866004E+01
   1.025556E+01   4.868394E+01
   1.026739E+01   4.870537E+01
   1.028761E+01   4.870468E+01
   1.030713E+01   4.869907E+01
   1.032660E+01   4.869578E+01
   1.034125E+01   4.868951E+01
   1.036321E+01   4.866224E+01
   1.038259E+01   4.867047E+01
   1.038634E+01   4.868821E+01
   1.040428E+01   4.870039E+01
   1.042180E+01   4.870354E+01
   1.043505E+01   4.869960E+01
   1.044066E+01   4.869371E+01
   1.042393E+01   4.866630E+01
   1.046111E+01   4.867397E+01
   1.048199E+01   4.868891E+01
   1.046679E+01   4.870475E+01
   1.046549E+01   4.871368E+01
   1.045917E+01   4.872447E+01
   1.043259E+01   4.872852E+01
   1.041873E+01   4.874040E+01
   1.041289E+01   4.874928E+01
   1.040985E+01   4.875995E+01
   1.041018E+01   4.877542E+01
   1.041767E+01   4.880060E+01
   1.044368E+01   4.881237E+01
   1.044335E+01   4.882918E+01
   1.042367E+01   4.883673E+01
   1.042754E+01   4.884951E+01
   1.044596E+01   4.885280E+01
   1.044111E+01   4.889356E+01
   1.041523E+01   4.890561E+01
   1.045243E+01   4.891795E+01
   1.043345E+01   4.893545E+01
   1.038586E+01   4.898371E+01
   1.034786E+01   4.900356E+01
   1.030250E+01   4.902394E+01
   1.027977E+01   4.902997E+01
   1.026466E+01   4.903233E+01
   1.025043E+01   4.903805E+01
   1.024438E+01   4.904834E+01
   1.023891E+01   4.906127E+01
   1.023361E+01   4.906899E+01
   1.022491E+01   4.907785E+01
   1.020956E+01   4.908892E+01
   1.020216E+01   4.909713E+01
   1.021362E+01   4.911533E+01
   1.025063E+01   4.913791E+01
   1.021581E+01   4.915871E+01
   1.020108E+01   4.915108E+01
   1.012269E+01   4.919741E+01
   1.010738E+01   4.926148E+01
   1.013316E+01   4.929252E+01
   1.012512E+01   4.931760E+01
   1.010954E+01   4.932445E+01
   1.010212E+01   4.933575E+01
   1.009995E+01   4.934295E+01
   1.009954E+01   4.935050E+01
   1.010143E+01   4.936827E+01
   1.010402E+01   4.937669E+01
   1.011075E+01   4.938613E+01
   1.014715E+01   4.939503E+01
   1.013493E+01   4.940370E+01
   1.014493E+01   4.940712E+01
   1.012766E+01   4.942954E+01
   1.009321E+01   4.944710E+01
   1.009281E+01   4.945502E+01
   1.011091E+01   4.947285E+01
   1.009585E+01   4.948139E+01
   1.009803E+01   4.950818E+01
   1.008449E+01   4.950571E+01
   1.007677E+01   4.951402E+01
   1.007555E+01   4.952447E+01
   1.008480E+01   4.953759E+01
   1.006886E+01   4.954316E+01
   1.005935E+01   4.951167E+01
   1.005178E+01   4.950239E+01
   1.004629E+01   4.949781E+01
   1.001225E+01   4.947898E+01
   9.970232E+00   4.947950E+01
   9.931619E+00   4.947907E+01
   9.912249E+00   4.949227E+01
   9.910049E+00   4.950240E+01
   9.920201E+00   4.953707E+01
   9.913476E+00   4.955841E+01
   9.892444E+00   4.955988E+01
   9.881062E+00   4.957703E+01
   9.868586E+00   4.954789E+01
   9.852150E+00   4.954299E+01
   9.807619E+00   4.955405E+01
   9.810568E+00   4.956150E+01
   9.838428E+00   4.959756E+01
   9.846372E+00   4.962367E+01
   9.818006E+00   4.966612E+01
   9.829140E+00   4.969835E+01
   9.789794E+00   4.971850E+01
   9.760532E+00   4.970858E+01
   9.748918E+00   4.968961E+01
   9.738738E+00   4.968671E+01
   9.727538E+00   4.968774E+01
   9.724191E+00   4.969732E+01
   9.702889E+00   4.971520E+01
   9.682850E+00   4.971422E+01
   9.677698E+00   4.969280E+01
   9.664696E+00   4.968501E+01
   9.649884E+00   4.968414E+01
   9.635451E+00   4.968823E+01
   9.625613E+00   4.970196E+01
   9.622318E+00   4.971123E+01
   9.621009E+00   4.973140E+01
   9.638562E+00   4.974732E+01
   9.633242E+00   4.975888E+01
   9.645748E+00   4.978724E+01
   9.561533E+00   4.977483E+01
   9.574055E+00   4.974725E+01
   9.565484E+00   4.974236E+01
   9.560599E+00   4.974094E+01
   9.550427E+00   4.974428E+01
   9.543437E+00   4.976268E+01
   9.519545E+00   4.975905E+01
   9.503372E+00   4.977053E+01
   9.507191E+00   4.978386E+01
   9.483009E+00   4.978578E+01
   9.467984E+00   4.976832E+01
   9.444345E+00   4.976866E+01
   9.431568E+00   4.978699E+01
   9.419163E+00   4.978577E+01
   9.395262E+00   4.976652E+01
   9.364964E+00   4.977059E+01
   9.319044E+00   4.976257E+01
   9.330967E+00   4.973556E+01
   9.379961E+00   4.973307E+01
   9.401669E+00   4.973231E+01
   9.412684E+00   4.972499E+01
   9.419094E+00   4.971808E+01
   9.423381E+00   4.971036E+01
   9.425870E+00   4.969647E+01
   9.414799E+00   4.967602E+01
   9.422861E+00   4.966519E+01
   9.419045E+00   4.965457E+01
   9.411410E+00   4.964723E+01
   9.406512E+00   4.964582E+01
   9.406144E+00   4.964545E+01
   9.405594E+00   4.964555E+01
   9.384799E+00   4.963954E+01
   9.365016E+00   4.965208E+01
   9.342842E+00   4.964257E+01
   9.308761E+00   4.964941E+01
   9.275859E+00   4.962815E+01
   9.288136E+00   4.961398E+01
   9.269042E+00   4.960510E+01
   9.256300E+00   4.958378E+01
   9.232185E+00   4.957734E+01
   9.187591E+00   4.957217E+01
   9.123278E+00   4.957250E+01
   9.098379E+00   4.957640E+01
   9.082628E+00   4.959742E+01
   9.064000E+00   4.960266E+01
   9.062013E+00   4.961576E+01
   9.067430E+00   4.962530E+01
   9.095553E+00   4.965178E+01
   9.082560E+00   4.967697E+01
   9.083895E+00   4.968472E+01
   9.088936E+00   4.969728E+01
   9.112846E+00   4.970450E+01
   9.142453E+00   4.974372E+01
   9.105089E+00   4.975788E+01
   9.105514E+00   4.977239E+01
   9.103677E+00   4.977819E+01
   9.096633E+00   4.978496E+01
   9.085253E+00   4.979289E+01
   9.066613E+00   4.981791E+01
   9.055683E+00   4.982731E+01
   9.041523E+00   4.983702E+01
   9.030896E+00   4.985250E+01
   9.028847E+00   4.986167E+01
   9.028444E+00   4.987344E+01
   9.026982E+00   4.988450E+01
   9.017602E+00   4.992152E+01
   9.010944E+00   4.997685E+01
   9.012453E+00   4.999218E+01
   9.032197E+00   5.000466E+01
   9.029205E+00   5.002160E+01
   9.028827E+00   5.002764E+01
   9.031012E+00   5.003636E+01
   9.024765E+00   5.004248E+01
   9.007865E+00   5.004419E+01
   8.983772E+00   5.003919E+01
   8.977890E+00   5.004402E+01
   8.974646E+00   5.004969E+01
   8.976147E+00   5.005430E+01
   8.989679E+00   5.006675E+01
   8.990230E+00   5.006950E+01
   8.997731E+00   5.007020E+01
   8.996395E+00   5.009377E+01
   9.015416E+00   5.011224E+01
   9.051064E+00   5.011762E+01
   9.097362E+00   5.012605E+01
   9.121111E+00   5.012825E+01
   9.154767E+00   5.011828E+01
   9.168474E+00   5.011292E+01
   9.182475E+00   5.013892E+01
   9.222066E+00   5.015072E+01
   9.258980E+00   5.014054E+01
   9.280213E+00   5.014400E+01
   9.309850E+00   5.013623E+01
   9.327027E+00   5.014312E+01
   9.381631E+00   5.013137E+01
   9.393189E+00   5.011702E+01
   9.413499E+00   5.008820E+01
   9.470050E+00   5.009652E+01
   9.507876E+00   5.010069E+01
   9.502760E+00   5.014064E+01
   9.501817E+00   5.015841E+01
   9.497198E+00   5.017169E+01
   9.493802E+00   5.018597E+01
   9.505461E+00   5.020020E+01
   9.492552E+00   5.022260E+01
   9.498845E+00   5.024344E+01
   9.507533E+00   5.024392E+01
   9.548722E+00   5.023076E+01
   9.579663E+00   5.023445E+01
   9.617969E+00   5.022587E+01
   9.637367E+00   5.024042E+01
   9.635849E+00   5.025685E+01
   9.654795E+00   5.027312E+01
   9.704674E+00   5.028439E+01
   9.710502E+00   5.029168E+01
   9.720145E+00   5.029546E+01
   9.744294E+00   5.031266E+01
   9.741298E+00   5.032771E+01
   9.731985E+00   5.035081E+01
   9.731641E+00   5.035823E+01
   9.741037E+00   5.036353E+01
   9.745738E+00   5.040747E+01
   9.758848E+00   5.042733E+01
   9.776326E+00   5.043135E+01
   9.794574E+00   5.043084E+01
   9.806631E+00   5.042799E+01
   9.818034E+00   5.042276E+01
   9.857441E+00   5.040335E+01
   9.873613E+00   5.041313E+01
   9.917183E+00   5.041458E+01
   9.970269E+00   5.043797E+01
   9.995218E+00   5.046245E+01
   1.001620E+01   5.047085E+01
   1.002655E+01   5.048426E+01
   1.003820E+01   5.051799E+01
   1.009009E+01   5.055978E+01
   1.009920E+01   5.056522E+01
   1.010822E+01   5.056779E+01
   1.017504E+01   5.055315E+01
   1.019479E+01   5.055870E+01
   1.021856E+01   5.054927E+01
   1.024109E+01   5.052979E+01
   1.026092E+01   5.051805E+01
   1.028977E+01   5.050774E+01
   1.031945E+01   5.050120E+01
   1.033365E+01   5.049492E+01
   1.034457E+01   5.048545E+01
   1.034679E+01   5.046714E+01
   1.036938E+01   5.044534E+01
   1.039388E+01   5.043497E+01
   1.040576E+01   5.042547E+01
   1.040586E+01   5.041794E+01
   1.039165E+01   5.040177E+01
   1.042827E+01   5.039574E+01
   1.044099E+01   5.040660E+01
   1.045638E+01   5.040325E+01
   1.046488E+01   5.038119E+01
   1.047992E+01   5.037973E+01
   1.049228E+01   5.037746E+01
   1.050598E+01   5.035940E+01
   1.053055E+01   5.037020E+01
   1.054792E+01   5.036588E+01
   1.055513E+01   5.036189E+01
   1.055907E+01   5.034176E+01
   1.060239E+01   5.033543E+01
   1.060927E+01   5.030096E+01
   1.061725E+01   5.022625E+01
   1.066078E+01   5.023344E+01
   1.072208E+01   5.021945E+01
   1.072593E+01   5.023211E+01
   1.072317E+01   5.024788E+01
   1.073188E+01   5.025505E+01
   1.076731E+01   5.024569E+01
   1.078271E+01   5.025515E+01
   1.081228E+01   5.025428E+01
   1.082941E+01   5.024278E+01
   1.084747E+01   5.025889E+01
   1.084172E+01   5.027059E+01
   1.080746E+01   5.027532E+01
   1.078049E+01   5.028553E+01
   1.075301E+01   5.029550E+01
   1.071418E+01   5.031870E+01
   1.070997E+01   5.032952E+01
   1.070869E+01   5.034098E+01
   1.071260E+01   5.036403E+01
   1.075498E+01   5.036597E+01
   1.077576E+01   5.038098E+01
   1.079157E+01   5.038998E+01
   1.084151E+01   5.039901E+01
   1.087066E+01   5.040081E+01
   1.090248E+01   5.038884E+01
   1.093512E+01   5.039431E+01
   1.096311E+01   5.037769E+01
   1.097521E+01   5.036276E+01
   1.098754E+01   5.035115E+01
   1.099239E+01   5.036735E+01
   1.103586E+01   5.036321E+01
   1.105273E+01   5.034849E+01
   1.107439E+01   5.035641E+01
   1.108970E+01   5.036806E+01
   1.111104E+01   5.037001E+01
   1.113878E+01   5.035423E+01
   1.114473E+01   5.034447E+01
   1.115963E+01   5.033181E+01
   1.116082E+01   5.032648E+01
   1.115835E+01   5.032112E+01
   1.113707E+01   5.030902E+01
   1.115193E+01   5.028749E+01
   1.115980E+01   5.029127E+01
   1.118706E+01   5.028141E+01
   1.119635E+01   5.029389E+01
   1.124790E+01   5.027294E+01
   1.125364E+01   5.027907E+01
   1.124957E+01   5.030051E+01
   1.125824E+01   5.033844E+01
   1.125931E+01   5.035445E+01
   1.127181E+01   5.037773E+01
   1.126108E+01   5.038637E+01
   1.125428E+01   5.040070E+01
   1.126375E+01   5.043847E+01
   1.124391E+01   5.044723E+01
   1.124185E+01   5.047969E+01
   1.131811E+01   5.049937E+01
   1.131827E+01   5.050829E+01
   1.134496E+01   5.052245E+01
   1.137285E+01   5.052538E+01
   1.140197E+01   5.051927E+01
   1.142646E+01   5.051707E+01
   1.143157E+01   5.051357E+01
   1.144418E+01   5.049812E+01
   1.142555E+01   5.048114E+01
   1.142261E+01   5.044397E+01
   1.148491E+01   5.043241E+01
   1.149624E+01   5.040289E+01
   1.152124E+01   5.039563E+01
   1.152864E+01   5.038189E+01
   1.157298E+01   5.040285E+01
   1.159790E+01   5.040565E+01
   1.162436E+01   5.039035E+01
   1.168844E+01   5.039806E+01
   1.171017E+01   5.040610E+01
   1.175164E+01   5.041768E+01
   1.178433E+01   5.042104E+01
   1.180040E+01   5.041813E+01
   1.181721E+01   5.040259E+01
   1.182674E+01   5.040536E+01
   1.183176E+01   5.039633E+01
   1.186526E+01   5.040749E+01
   1.188024E+01   5.041642E+01
   1.192585E+01   5.042879E+01
   1.195265E+01   5.041495E+01
   1.198498E+01   5.038932E+01
   1.198742E+01   5.035456E+01
   1.199979E+01   5.035520E+01
   1.204848E+01   5.033521E+01
   1.209106E+01   5.033386E+01
   1.212489E+01   5.031143E+01
   1.213324E+01   5.030163E+01
END
END
