none
1
   -6.874457E+01   4.247978E+01
   -7.020258E+01   4.094566E+01
   -7.113080E+01   4.102072E+01
   -7.112402E+01   4.136000E+01
   -7.112237E+01   4.149762E+01
   -7.113220E+01   4.159263E+01
   -7.114161E+01   4.160471E+01
   -7.114255E+01   4.161832E+01
   -7.113325E+01   4.165981E+01
   -7.117721E+01   4.166758E+01
   -7.119568E+01   4.167452E+01
   -7.126214E+01   4.175171E+01
   -7.133047E+01   4.178126E+01
   -7.133278E+01   4.179034E+01
   -7.134193E+01   4.179785E+01
   -7.134055E+01   4.180929E+01
   -7.134884E+01   4.182484E+01
   -7.133632E+01   4.183604E+01
   -7.134324E+01   4.184437E+01
   -7.133498E+01   4.186224E+01
   -7.134213E+01   4.188028E+01
   -7.134215E+01   4.189496E+01
   -7.138465E+01   4.189263E+01
   -7.138441E+01   4.201576E+01
   -7.179909E+01   4.200507E+01
   -7.180339E+01   4.202059E+01
   -7.252800E+01   4.203129E+01
   -7.259029E+01   4.202170E+01
   -7.260757E+01   4.202206E+01
   -7.261048E+01   4.202791E+01
   -7.275044E+01   4.203325E+01
   -7.274907E+01   4.202882E+01
   -7.276533E+01   4.200035E+01
   -7.281700E+01   4.199461E+01
   -7.281679E+01   4.203353E+01
   -7.349812E+01   4.204694E+01
   -7.351096E+01   4.208729E+01
   -7.326786E+01   4.274595E+01
   -7.280905E+01   4.273958E+01
   -7.204999E+01   4.271617E+01
   -7.129513E+01   4.269742E+01
   -7.126805E+01   4.272672E+01
   -7.125766E+01   4.273550E+01
   -7.124699E+01   4.274266E+01
   -7.123828E+01   4.274526E+01
   -7.122363E+01   4.274704E+01
   -7.118296E+01   4.273829E+01
   -7.118751E+01   4.279158E+01
   -7.116719E+01   4.280998E+01
   -7.113290E+01   4.282242E+01
   -7.106485E+01   4.280719E+01
   -7.105373E+01   4.283485E+01
   -7.104611E+01   4.284840E+01
   -7.103153E+01   4.286023E+01
   -7.096745E+01   4.286958E+01
   -7.092909E+01   4.288608E+01
   -7.090422E+01   4.288768E+01
   -7.088460E+01   4.288349E+01
   -7.084712E+01   4.286168E+01
   -7.082123E+01   4.287252E+01
   -7.072389E+01   4.288669E+01
   -6.875053E+01   4.287280E+01
   -6.874457E+01   4.247978E+01
END
END
