Пензенская область
1
	43.6349303719	54.1729790588
	43.6449254788	54.1667637019
	43.6544926817	54.1599079413
	43.6589260363	54.156393973
	43.6647093971	54.1564924103
	43.6795340807	54.1561333551
	43.6811979353	54.15601655
	43.7034147322	54.1543533419
	43.7091093904	54.1538358773
	43.7299452669	54.1516080941
	43.7343000751	54.1510887025
	43.7459128639	54.1491714233
	43.7573753929	54.1464987364
	43.7615633935	54.1453221035
	43.7785371905	54.1422380987
	43.7814734719	54.1416793578
	43.7929360008	54.1390066709
	43.7984556272	54.1374328835
	43.8223432615	54.1302078468
	43.8280868197	54.1283649846
	43.8391024295	54.1242190027
	43.8397461452	54.1239509038
	43.868415846	54.1153877241
	43.8747558261	54.113365595
	43.8857714358	54.109219613
	43.8877212879	54.1083984895
	43.8894805575	54.1078113957
	43.9004961673	54.1036654138
	43.906617131	54.100995852
	43.9466104171	54.0826624169
	43.9512103177	54.0804744183
	43.9615905281	54.0749260803
	43.9638471904	54.0736012148
	43.9738128182	54.0682579894
	43.9838079251	54.0620426325
	43.9843547017	54.0616758387
	44.0115763814	54.0433424037
	44.0205968077	54.0368534369
	44.0296951382	54.0293866299
	44.0381728803	54.0214534065
	44.0435882657	54.0168896817
	44.0521787634	54.0088438025
	44.0522950719	54.0087273876
	44.0564607213	54.0045541088
	44.0643902921	53.9960800259
	44.071857099	53.9869816954
	44.0787128596	53.9774144925
	44.0845327533	53.9681008961
	44.0903616107	53.9581063893
	44.0907570739	53.9574248787
	44.096305412	53.9470446683
	44.1011629724	53.936323804
	44.1028800867	53.9317615407
	44.1157238476	53.9361270885
	44.1157913541	53.9361500188
	44.1270545388	53.9395666685
	44.1385170677	53.9422393554
	44.1501298565	53.9441566346
	44.1618431776	53.945310296
	44.1638057475	53.9454281608
	44.1840770488	53.946534423
	44.2056418688	53.9464165582
	44.2173551898	53.9452628968
	44.2289679787	53.9433456176
	44.2404305076	53.9406729307
	44.2516936923	53.937256281
	44.262709302	53.9331102991
	44.2688066415	53.9304515648
	44.2821428231	53.9243404198
	44.286766348	53.9221415936
	44.2971465584	53.9165932556
	44.3071416653	53.9103778986
	44.3167088682	53.903522138
	44.3192436766	53.9015408425
	44.3199059227	53.9016738647
	44.3313518807	53.9035691008
	44.358565931	53.9071778044
	44.3587327618	53.9071998475
	44.3704460829	53.9083535089
	44.3822097778	53.9087386124
	44.3825022594	53.9087386124
	44.3907250135	53.9094674005
	44.4024887085	53.909852504
	44.4112726567	53.9096378873
	44.4226633427	53.9090809415
	44.4256430895	53.9089104547
	44.4335740713	53.9081293212
	44.4337883028	53.9095964951
	44.4349021944	53.9165392441
	44.4360870606	53.9231360695
	44.4387597475	53.9345985984
	44.4421763972	53.9458617831
	44.4463223792	53.9568773928
	44.4511799396	53.9675982571
	44.4567282777	53.9779784676
	44.4567744475	53.9780583888
	44.4598262054	53.9833379298
	44.4659953924	53.9932531155
	44.472851153	54.0028203184
	44.4803179599	54.011918649
	44.4883638391	54.0205091467
	44.4969543369	54.0285550259
	44.5060526674	54.0360218329
	44.5156198703	54.0428775935
	44.5256149772	54.0490929504
	44.5359951877	54.0546412885
	44.546716052	54.0594988489
	44.5566252615	54.0632652419
	44.5638426687	54.0657676833
	44.564949069	54.0661472722
	44.5762122536	54.0695639219
	44.5861129691	54.0719187447
	44.5929409885	54.0754695355
	44.6036618528	54.0803270959
	44.6146774625	54.0844730779
	44.6154066866	54.0847188776
	44.6229063814	54.0872289484
	44.633440342	54.0903997984
	44.6447804904	54.0930480981
	44.6531117892	54.0947113061
	44.6532341698	54.0947356933
	44.6648469586	54.0966529725
	44.6765602796	54.0978066339
	44.6883239746	54.0981917374
	44.6926723606	54.098063645
	44.6933835324	54.0983858728
	44.7043991422	54.1025318547
	44.7156623269	54.1059485044
	44.7270024752	54.1085968042
	44.7353337741	54.1102600122
	44.7354561546	54.1102843993
	44.7467839159	54.1121639222
	44.747843381	54.1128772883
	44.757838488	54.1190926452
	44.7682186984	54.1246409833
	44.7701329518	54.1255709502
	44.7765263845	54.1286303374
	44.7853329953	54.1325579309
	44.7963486051	54.1367039128
	44.8076117898	54.1401205625
	44.8190743187	54.1427932494
	44.8200346263	54.1429815522
	44.8286405833	54.1446447602
	44.8392930646	54.1463737366
	44.8469949031	54.1472193776
	44.8564400935	54.1480509816
	44.860451576	54.1483590021
	44.8690798264	54.1487167745
	44.9010241013	54.1492737203
	44.9041595459	54.1493010514
	44.9127371538	54.1490964049
	44.924402498	54.1485394591
	44.9275885851	54.1483590021
	44.9393019061	54.1472053406
	44.9429470219	54.1466874455
	44.9474691612	54.1475776143
	44.9587312359	54.1494254944
	44.970444557	54.1505791559
	44.982208252	54.1509642594
	44.9907802663	54.1507598799
	45.0024532399	54.1502029341
	45.0056449206	54.1500222101
	45.0173582416	54.1488685486
	45.0289710304	54.1469512695
	45.0404335594	54.1442785826
	45.0482772831	54.1419846571
	45.0692576719	54.1353278746
	45.07522398	54.1347675263
	45.084595428	54.1393499164
	45.0947736081	54.1439409875
	45.1057892179	54.1480869695
	45.1170524026	54.1515036192
	45.1285149315	54.1541763061
	45.1295043819	54.1543702386
	45.1381179683	54.1560334466
	45.1487413067	54.1577567933
	45.1604546278	54.1589104547
	45.1722183228	54.1592955582
	45.1839820177	54.1589104547
	45.1956953388	54.1577567933
	45.1966860309	54.1576235645
	45.2047426715	54.1565173023
	45.2153647682	54.1547332519
	45.2268272972	54.152060565
	45.2380904818	54.1486439153
	45.2491060916	54.1444979333
	45.2579650402	54.1405452848
	45.2776870251	54.1311000944
	45.2795489407	54.1301951825
	45.2899291512	54.1246468444
	45.2934583355	54.1225552462
	45.30396889	54.1176092456
	45.3041991854	54.1175312444
	45.3152147952	54.1133852624
	45.3240737438	54.1094326139
	45.3437957287	54.0999874235
	45.3456576443	54.0990825116
	45.3560378548	54.0935341735
	45.3565178159	54.0932560802
	45.3684578183	54.0863133311
	45.3779729642	54.0803760676
	45.3813243732	54.0780815741
	45.3848388839	54.0756166764
	45.428762373	54.0800604365
	45.4293566699	54.0801757164
	45.4401307721	54.081928241
	45.4518440931	54.0830819025
	45.4589274367	54.0834061006
	45.4694788893	54.0836807588
	45.4854023497	54.0833668241
	45.4948295022	54.0862265196
	45.5062920311	54.0888992065
	45.5063260953	54.0889059788
	45.591599838	54.1058508641
	45.6031785626	54.1077613709
	45.6052217262	54.1080184684
	45.6330003517	54.1113525138
	45.6426705091	54.1122490778
	45.6544342041	54.1126341813
	45.6661978991	54.1122490778
	45.6664888436	54.1122204222
	45.6739028842	54.1191083096
	45.6830012148	54.1265751165
	45.6925684177	54.1334308772
	45.7025635246	54.1396462341
	45.7129437351	54.1451945721
	45.7151697838	54.1462733717
	45.7278116906	54.1522929639
	45.7363065061	54.1560717248
	45.7473221158	54.1602177068
	45.7585853005	54.1636343565
	45.7700478294	54.1663070434
	45.7816606183	54.1682243226
	45.7933739393	54.169377984
	45.8051376343	54.1697630875
	45.8169013293	54.169377984
	45.8286146503	54.1682243226
	45.8402274391	54.1663070434
	45.8516899681	54.1636343565
	45.8583956251	54.1616973746
	45.8669965891	54.1658180276
	45.8758786496	54.1697817468
	45.8868942594	54.1739277287
	45.8907181425	54.1751782458
	45.9057251616	54.179900841
	45.9131644631	54.1820669737
	45.924626992	54.1847396606
	45.9362397809	54.1866569398
	45.9479531019	54.1878106012
	45.9597167969	54.1881957047
	45.9714804919	54.1878106012
	45.9831938129	54.1866569398
	45.9931966263	54.1850522809
	46.0034657914	54.1831067853
	46.0050757668	54.182794165
	46.0165382957	54.1801214781
	46.0222153023	54.1785000109
	46.0286896947	54.1777677649
	46.0287227026	54.1777645164
	46.0392817846	54.1763759666
	46.0393080097	54.1763725159
	46.0509207985	54.1744552367
	46.0623833274	54.1717825499
	46.0736465121	54.1683659001
	46.0846621218	54.1642199182
	46.0953829861	54.1593623578
	46.0963424876	54.1588856261
	46.103002949	54.1555515806
	46.1079742809	54.1529654472
	46.1087163629	54.152871413
	46.1095823627	54.1527595399
	46.1211951515	54.1508422607
	46.1326576805	54.1481695738
	46.1412162062	54.1456472093
	46.1489905592	54.1431447679
	46.1516952182	54.1422504827
	46.1627108279	54.1381045007
	46.1734316922	54.1332469403
	46.1743175074	54.1328070728
	46.1809855982	54.1294730274
	46.1904799935	54.1243645568
	46.2004751004	54.1181491999
	46.2098098017	54.1114715435
	46.2123222883	54.1109385284
	46.2215477561	54.108725604
	46.2328109408	54.1053089543
	46.2381500316	54.1034022204
	46.2603668284	54.0950709216
	46.2660433474	54.0928316736
	46.2767642117	54.0879741132
	46.2871444222	54.0824257751
	46.2971395291	54.0762104182
	46.3031891847	54.0719861477
	46.3134736086	54.0644864528
	46.3169911558	54.0618549627
	46.3260894864	54.0543881558
	46.3346799841	54.0463422766
	46.3427258633	54.0377517788
	46.3501926703	54.0286534483
	46.3570484309	54.0190862454
	46.3632637878	54.0090911385
	46.3647433924	54.0064782594
	46.3702975916	53.9964761231
	46.3743663251	53.9887087918
	46.3792238855	53.9779879275
	46.3833698674	53.9669723178
	46.3867865171	53.9557091331
	46.3877949063	53.9517680254
	46.3897602037	53.9503399927
	46.3950397447	53.9464490015
	46.3978245909	53.9443546576
	46.4069229214	53.9368878506
	46.4155134192	53.9288419714
	46.4235592984	53.9202514737
	46.4275091353	53.9154385835
	46.4351934232	53.9106601862
	46.4367634061	53.9095991525
	46.4420429472	53.9059904489
	46.450040167	53.900195722
	46.4591384976	53.8927289151
	46.4677289954	53.8846830359
	46.4757748746	53.8760925381
	46.4832416815	53.8669942076
	46.4900974421	53.8574270047
	46.4940778267	53.8511964212
	46.5001941961	53.8436558897
	46.5057355632	53.8360283462
	46.5059031425	53.8358412785
	46.5071622037	53.8344207852
	46.509658837	53.8315119674
	46.5151663961	53.8298045545
	46.530440444	53.8247996717
	46.5322494174	53.8241962834
	46.5432650271	53.8200503015
	46.5539858914	53.8151927411
	46.5643661019	53.809644403
	46.5743612088	53.8034290461
	46.5810078367	53.7987675626
	46.5862873777	53.7948842008
	46.5892079527	53.7926899237
	46.5983062832	53.7852231168
	46.606896781	53.7771772376
	46.6149426602	53.7685867398
	46.6150895834	53.7684189963
	46.6189805747	53.7639710593
	46.6263004583	53.7550404722
	46.633156219	53.7454732693
	46.6356897729	53.7415733167
	46.6383009132	53.7378686413
	46.6432453436	53.7317097837
	46.6501011042	53.7221425809
	46.6563164611	53.7121474739
	46.6618647992	53.7017672635
	46.6667223596	53.6910463992
	46.6708683415	53.6800307894
	46.6742849913	53.6687676048
	46.675130241	53.6651425262
	46.6924912083	53.6633642646
	46.6976408344	53.6627616761
	46.7092536232	53.6608443969
	46.7207161521	53.65817171
	46.7292746778	53.6556493456
	46.7370490309	53.6531469042
	46.7397536898	53.6522526189
	46.7507692996	53.648106637
	46.7614901639	53.6432490765
	46.7718703743	53.6377007385
	46.7818654813	53.6314853816
	46.7914326841	53.6246296209
	46.8005310147	53.617162814
	46.8091215125	53.6091169348
	46.8171673917	53.600526437
	46.8174294205	53.6002269828
	46.8213127824	53.5957790458
	46.8256741203	53.5904527369
	46.8281424782	53.5900130981
	46.8396050071	53.5873404112
	46.8508681918	53.5839237615
	46.8618838015	53.5797777795
	46.8726046658	53.5749202191
	46.8829848763	53.569371881
	46.8929799832	53.5631565241
	46.9025471861	53.5563007635
	46.9116455166	53.5488339566
	46.9198534163	53.541169528
	46.9273226834	53.5376964032
	46.9377028938	53.5321480651
	46.9476980008	53.5259327082
	46.9572652037	53.5190769476
	46.9582296387	53.5183317053
	46.9652163211	53.5156069421
	46.9739406514	53.5117186959
	46.9803264546	53.5086669381
	46.9823229886	53.5076976239
	46.992703199	53.5021492858
	47.002698306	53.4959339289
	47.0122655088	53.4890781683
	47.0213638394	53.4816113614
	47.0299543372	53.4735654822
	47.0380002164	53.4649749844
	47.0454670233	53.4558766539
	47.0523227839	53.446309451
	47.0585381408	53.436314344
	47.0640864789	53.4259341336
	47.0689440393	53.4152132693
	47.0725258813	53.4058336628
	47.0760556363	53.401925668
	47.0835224432	53.3928273374
	47.0903782038	53.3832601346
	47.0965935607	53.3732650276
	47.1018000662	53.3635742631
	47.1042948782	53.3585693803
	47.1046367108	53.3578799344
	47.1094942712	53.3471590701
	47.1136402532	53.3361434603
	47.1170569029	53.3248802757
	47.1189961552	53.3169222996
	47.1214985966	53.3055316136
	47.1222320312	53.3020270607
	47.1241493104	53.2904142719
	47.1251550013	53.2802033204
	47.1296440978	53.2729842659
	47.1351924359	53.2626040555
	47.1400499963	53.2518831912
	47.1441959783	53.2408675814
	47.147612628	53.2296043968
	47.1502853149	53.2181418678
	47.1522025941	53.206529079
	47.1533562555	53.194815758
	47.153741359	53.183052063
	47.1533562555	53.171288368
	47.1522025941	53.159575047
	47.1502853149	53.1479622581
	47.147612628	53.1364997292
	47.1441959783	53.1252365445
	47.1415210097	53.1178855471
	47.1395755141	53.1128806643
	47.1381045007	53.109216052
	47.1332469403	53.0984951877
	47.1309245295	53.0939495728
	47.1305709594	53.0921227196
	47.1278982725	53.0806601906
	47.1244816228	53.069397006
	47.1203356409	53.0583813962
	47.1154780804	53.0476605319
	47.1099297424	53.0372803215
	47.1037143855	53.0272852145
	47.0968586248	53.0177180117
	47.0925080361	53.0122701729
	47.0926639873	53.010362961
	47.093176898	53.0084892845
	47.0935431898	53.0071000959
	47.0941363524	53.0054377233
	47.095820965	53.0021573596
	47.097137016	52.999542532
	47.1019945764	52.9888216677
	47.1061405583	52.977806058
	47.1095572081	52.9665428733
	47.1116786859	52.9577458879
	47.1121655606	52.957193002
	47.1196323675	52.9480946714
	47.1264881281	52.9385274686
	47.132703485	52.9285323616
	47.1382518231	52.9181521512
	47.1431093835	52.9074312869
	47.1472553655	52.8964156771
	47.1506720152	52.8851524925
	47.1533447021	52.8736899636
	47.1552619813	52.8620771747
	47.1564156427	52.8503638537
	47.1567950812	52.8400276903
	47.1608662053	52.8291930819
	47.164282855	52.8179298972
	47.1669555419	52.8064673683
	47.1688728211	52.7948545795
	47.1700264825	52.7831412585
	47.1700900896	52.7821268962
	47.1703723772	52.7774119304
	47.170369962	52.7765570751
	47.1706938736	52.7666625977
	47.1703087701	52.7548989027
	47.1691551087	52.7431855816
	47.1672378295	52.7315727928
	47.1645651426	52.7201102639
	47.1611484929	52.7088470792
	47.157002511	52.6978314695
	47.1521449506	52.6871106052
	47.1465966125	52.6767303947
	47.1403812556	52.6667352878
	47.133525495	52.6571680849
	47.126058688	52.6480697544
	47.1180128089	52.6394792566
	47.1094223111	52.6314333774
	47.1003239805	52.6239665705
	47.0907567776	52.6171108098
	47.0807616707	52.6108954529
	47.0703814603	52.6053471149
	47.059660596	52.6004895545
	47.0486449862	52.5963435725
	47.0373818015	52.5929269228
	47.0259192726	52.5902542359
	47.0217129823	52.5895300606
	47.0186513121	52.5870174128
	47.0090841092	52.5801616521
	47.0066056053	52.5785349537
	47.0045080748	52.5698493386
	47.001091425	52.5585861539
	46.9969454431	52.5475705442
	46.9920878827	52.5368496799
	46.9865395446	52.5264694694
	46.9803241877	52.5164743625
	46.9734684271	52.5069071596
	46.9660016202	52.4978088291
	46.957955741	52.4892183313
	46.9493652432	52.4811724521
	46.9402669126	52.4737056452
	46.9306997098	52.4668498846
	46.9207046028	52.4606345277
	46.9103243924	52.4550861896
	46.8996035281	52.4502286292
	46.8885879183	52.4460826472
	46.8773247337	52.4426659975
	46.8658622048	52.4399933106
	46.8542494159	52.4380760314
	46.8425360949	52.43692237
	46.8307723999	52.4365372665
	46.8237161851	52.4366757301
	46.8171091294	52.4369351295
	46.8124016493	52.4371817694
	46.8006883282	52.4383354308
	46.7890755394	52.44025271
	46.7831452158	52.4415366773
	46.781257144	52.4419789283
	46.7628520816	52.440458791
	46.75981057	52.4402335272
	46.748046875	52.4398484237
	46.73628318	52.4402335272
	46.7294802075	52.4408092708
	46.7080873853	52.4430294246
	46.7031770367	52.4436073425
	46.6915642479	52.4455246217
	46.680101719	52.4481973085
	46.6697238658	52.4513159904
	46.662224171	52.4538184318
	46.6613388395	52.4541163997
	46.6503232297	52.4582623816
	46.6396023654	52.463119942
	46.6359096306	52.4649941508
	46.6231380242	52.4716622416
	46.6164505485	52.4753363709
	46.6073395543	52.4809647478
	46.601233067	52.4816627624
	46.5992000319	52.4819422245
	46.5914256788	52.4830561161
	46.5818459251	52.4846939332
	46.5703833962	52.4873666201
	46.5591202115	52.4907832698
	46.5481046018	52.4949292517
	46.5373837375	52.4997868121
	46.5270035271	52.5053351502
	46.5170084201	52.5115505071
	46.5152717892	52.5127949592
	46.5129045144	52.5125523205
	46.4769151826	52.509906634
	46.4688250247	52.5063199378
	46.4578094149	52.5021739558
	46.4465462303	52.4987573061
	46.4350837013	52.4960846192
	46.4234709125	52.49416734
	46.4162511587	52.493364798
	46.4070882559	52.492533194
	46.4046675787	52.4923440466
	46.4032834998	52.4908662805
	46.394693002	52.4828204013
	46.3855946714	52.4753535944
	46.3760274686	52.4684978338
	46.3660323616	52.4622824769
	46.3556521512	52.4567341388
	46.3449312869	52.4518765784
	46.3350220774	52.4481101853
	46.3278046702	52.4456077439
	46.3266982699	52.445228155
	46.3154350852	52.4418115053
	46.3039725563	52.4391388184
	46.2923597675	52.4372215392
	46.2854959853	52.4364585668
	46.2810574673	52.4311279209
	46.2730115881	52.4225374231
	46.2644210904	52.4144915439
	46.2553227598	52.407024737
	46.2457555569	52.4001689764
	46.23576045	52.3939536194
	46.2253802396	52.3884052814
	46.2234659862	52.3874753144
	46.2170725535	52.3844159272
	46.2082659426	52.3804883338
	46.1972503329	52.3763423518
	46.1859871482	52.3729257021
	46.1757991248	52.3705113232
	46.1757022798	52.3704913306
	46.1713158508	52.3622848991
	46.1651004939	52.3522897922
	46.1582447332	52.3427225893
	46.1507779263	52.3336242588
	46.1449913956	52.3273339782
	46.1415917297	52.321170092
	46.1353763728	52.311174985
	46.1285206121	52.3016077822
	46.1210538052	52.2925094516
	46.113007926	52.2839189538
	46.1044174283	52.2758730746
	46.0962206744	52.2691026191
	46.0912157916	52.2652116279
	46.0903142149	52.2645152765
	46.080747012	52.2576595159
	46.0707519051	52.251444159
	46.0603716946	52.2458958209
	46.0496508303	52.2410382605
	46.0386352206	52.2368922786
	46.0273720359	52.2334756289
	46.0160318876	52.2308273291
	46.0077005887	52.2291641211
	46.0075782082	52.229139734
	45.9959654193	52.2272224548
	45.9842520983	52.2260687933
	45.9724884033	52.2256836898
	45.9607247083	52.2260687933
	45.9490113873	52.2272224548
	45.9477373377	52.2273948211
	45.9377428309	52.2287833709
	45.9274040916	52.2305282838
	45.9235325639	52.2313427417
	45.9060307328	52.2352261035
	45.8984397317	52.2370843325
	45.8940235278	52.2383282317
	45.8671354561	52.2462732232
	45.8635513698	52.2464460659
	45.860451576	52.2466223822
	45.848738255	52.2477760436
	45.8371254661	52.2496933228
	45.8256629372	52.2523660097
	45.8143997525	52.2557826594
	45.809756958	52.2574299216
	45.8022572631	52.2602070212
	45.7966423705	52.2623938204
	45.7940109211	52.2626750206
	45.7648437458	52.266009066
	45.7617936749	52.2663841369
	45.7501808861	52.2683014161
	45.7387183571	52.270974103
	45.7274551725	52.2743907527
	45.7164395627	52.2785367346
	45.7152301471	52.2790428629
	45.7062844007	52.2794058905
	45.6945710797	52.2805595519
	45.6829582908	52.2824768311
	45.6714957619	52.285149518
	45.6602325773	52.2885661677
	45.6492169675	52.2927121497
	45.6384961032	52.2975697101
	45.6351472722	52.2993596975
	45.6349807827	52.2992037631
	45.6258824522	52.2917369562
	45.6163152493	52.2848811956
	45.6063201424	52.2786658387
	45.5967453796	52.2735172095
	45.5906342346	52.2704654516
	45.5898287869	52.2700657428
	45.5791079226	52.2652081824
	45.5680923129	52.2610622005
	45.5568291282	52.2576455507
	45.5511457906	52.2562214995
	45.5479711331	52.2540508123
	45.5379760262	52.2478354554
	45.5285619382	52.2427671635
	45.5224507932	52.2397077763
	45.5214846707	52.2392277301
	45.5107638064	52.2343701697
	45.4997481967	52.2302241878
	45.488485012	52.226807538
	45.4770224831	52.2241348512
	45.4654096942	52.222217572
	45.4536963732	52.2210639105
	45.4419326782	52.220678807
	45.4316635132	52.220678807
	45.4198998182	52.2210639105
	45.4081864972	52.222217572
	45.3984616452	52.2237697973
	45.3895657712	52.2254406347
	45.3876778343	52.2258056886
	45.3762153054	52.2284783754
	45.3667919473	52.2312815302
	45.359483454	52.2284437511
	45.3380906317	52.2206693981
	45.3344726229	52.2193980769
	45.3232094383	52.2159814272
	45.3117469094	52.2133087403
	45.3001341205	52.2113914611
	45.2884207995	52.2102377997
	45.2791271696	52.2098696576
	45.2585735807	52.20958737
	45.2561035156	52.2095704086
	45.2443398206	52.2099555121
	45.2361959186	52.2106755012
	45.2335337967	52.2109719694
	45.2327176236	52.2100128086
	45.2246717444	52.2014223108
	45.2160812466	52.1933764316
	45.2069829161	52.1859096247
	45.1974157132	52.179053864
	45.1874206063	52.1728385071
	45.1770403958	52.1672901691
	45.1663195315	52.1624326087
	45.156410322	52.1586662156
	45.1491929148	52.1561637742
	45.1480865145	52.1557841853
	45.1393812459	52.1530731904
	45.1168821615	52.1466873871
	45.1143242454	52.1459817324
	45.1028617165	52.1433090455
	45.0936278805	52.1417211338
	45.0764007076	52.1392186923
	45.0740217548	52.1388893249
	45.0623084338	52.1377356635
	45.0505447388	52.13735056
	45.0387810438	52.1377356635
	45.0311486993	52.1383994236
	45.0208795342	52.1395133152
	45.0167985577	52.1400032165
	45.0051857689	52.1419204957
	45.0006489437	52.1428838954
	44.9920353573	52.144829391
	44.9851096535	52.1465386782
	44.9738464689	52.1499553279
	44.9628308591	52.1541013098
	44.9521099948	52.1589588702
	44.9417297844	52.1645072083
	44.9354350947	52.1683151821
	44.9187724971	52.1788666347
	44.9150720798	52.1812740179
	44.9055048769	52.1881297785
	44.9002683081	52.1923518215
	44.8959642071	52.1927757385
	44.8843514183	52.1946930177
	44.8728888894	52.1973657045
	44.8616257047	52.2007823543
	44.8526728868	52.2040888237
	44.8387797593	52.2096430229
	44.8367169675	52.2104825354
	44.8259961032	52.2153400958
	44.8156158928	52.2208884339
	44.8056207858	52.2271037908
	44.796053583	52.2339595514
	44.7869552524	52.2414263583
	44.7783647546	52.2494722375
	44.7703188754	52.2580627353
	44.7701719522	52.2582304788
	44.766280961	52.2626784158
	44.7589610773	52.2716090029
	44.7521053167	52.2811762057
	44.7482548696	52.2871942039
	44.741990405	52.2896527625
	44.7331608968	52.2935913147
	44.7319071688	52.2941914665
	44.6926108086	52.2955008655
	44.6868370741	52.2957862006
	44.6792189617	52.2964484175
	44.6689421673	52.2975623091
	44.6668826159	52.2978094651
	44.6666196814	52.2975297937
	44.6580291836	52.2894839145
	44.6489308531	52.2820171076
	44.6393636502	52.275161347
	44.6293685433	52.2689459901
	44.619874148	52.2638375195
	44.6137706324	52.2607857617
	44.6128848172	52.2603458942
	44.6021639529	52.2554883338
	44.5911483432	52.2513423518
	44.5798851585	52.2479257021
	44.5698239487	52.2455375502
	44.5617596787	52.2438667128
	44.5603583595	52.2435821778
	44.5487455707	52.2416648986
	44.5370322497	52.2405112372
	44.5252685547	52.2401261337
	44.5169785834	52.2403288167
	44.5132653137	52.2333939079
	44.5130649897	52.2330478256
	44.5100056025	52.227775914
	44.5039905695	52.2181268893
	44.4971348089	52.2085596865
	44.489668002	52.1994613559
	44.4816221228	52.1908708581
	44.473031625	52.1828249789
	44.4639332945	52.175358172
	44.4543660916	52.1685024114
	44.4443709847	52.1622870545
	44.4339907742	52.1567387164
	44.4232699099	52.151881156
	44.4122543002	52.1477351741
	44.4009911155	52.1443185244
	44.3968148404	52.1432529574
	44.3887581997	52.1412998324
	44.381471946	52.1396927125
	44.3698591571	52.1377754333
	44.3581458361	52.1366217719
	44.3463821411	52.1362366684
	44.3437331518	52.1362561762
	44.3245681127	52.1365384638
	44.3154534071	52.1369040595
	44.307309505	52.1376240486
	44.2973073688	52.1387379402
	44.2937379498	52.1391716125
	44.282125161	52.1410888917
	44.270662632	52.1437615786
	44.2626917856	52.1460958902
	44.2413747851	52.1528768786
	44.2330993907	52.1545568192
	44.2223304177	52.1570901308
	44.2179121746	52.1583346326
	44.2157875414	52.1587058974
	44.2059323471	52.1563728163
	44.1978680771	52.1547019789
	44.196466758	52.1544174439
	44.1848539691	52.1525001647
	44.1731406481	52.1513465033
	44.1613769531	52.1509613998
	44.1496132581	52.1513465033
	44.1378999371	52.1525001647
	44.1262871483	52.1544174439
	44.126102641	52.154454245
	44.0899757847	52.1616796163
	44.0367413157	52.1671920808
	44.031790318	52.1677742126
	44.0201775291	52.1696914918
	44.0087150002	52.1723641787
	44.0008764188	52.1746564726
	43.9781026762	52.1818815093
	43.9746780729	52.183005865
	43.9700560924	52.1846454212
	43.9520547178	52.18870909
	43.945108738	52.1904229555
	43.9385545281	52.1923130616
	43.9232728508	52.1970356568
	43.9185638761	52.1985622005
	43.9075482663	52.2027081824
	43.9069122732	52.2029730475
	43.8952148512	52.2078708545
	43.8905105924	52.2093959407
	43.8794949826	52.2135419226
	43.8687741184	52.218399483
	43.8640755872	52.2208028714
	43.8637407715	52.2209803808
	43.8493431776	52.2213461981
	43.8437202659	52.2218034058
	43.8323295799	52.222909668
	43.8262391705	52.2236061218
	43.8146263817	52.225523401
	43.8031638528	52.2281960878
	43.7927859996	52.2313147697
	43.7852863048	52.2338172111
	43.7844009733	52.234115179
	43.7733853635	52.2382611609
	43.7626644992	52.2431187213
	43.7522842888	52.2486670594
	43.7503812566	52.2497813862
	43.7360758913	52.2466695741
	43.7350413156	52.246293866
	43.7211481881	52.2412966126
	43.7180862094	52.240226324
	43.7068230247	52.2368096743
	43.6953604958	52.2341369874
	43.6837477069	52.2322197082
	43.681336501	52.2319188221
	43.6718913106	52.2308049305
	43.6625891955	52.2299521552
	43.6556958875	52.2296330042
	43.6354169568	52.2290836878
	43.6305465698	52.2290177353
	43.6218826686	52.2292265225
	43.6104919826	52.2297758389
	43.6073921888	52.2299521552
	43.5956788678	52.2311058166
	43.5858989167	52.2326683996
	43.5770183015	52.234339237
	43.5751854637	52.2346939332
	43.5637229348	52.2373666201
	43.5565066097	52.2394627429
	43.5544823592	52.2400968697
	43.5502077761	52.2382611609
	43.5402985666	52.2344947679
	43.5330811594	52.2319923264
	43.5319747592	52.2316127376
	43.5207115745	52.2281960878
	43.5092490456	52.225523401
	43.5003447224	52.2239836662
	43.4739546467	52.2201003044
	43.4712461811	52.2197227599
	43.45953286	52.2185690985
	43.4533876196	52.2182717687
	43.4477440452	52.2166604433
	43.4362815163	52.2139877564
	43.4246687274	52.2120704772
	43.4129554064	52.2109168158
	43.4011917114	52.2105317123
	43.3894280164	52.2109168158
	43.3777146954	52.2120704772
	43.3706132426	52.2131500696
	43.3610065001	52.2122264246
	43.3529498594	52.2116694788
	43.3523093493	52.2116263495
	43.3405456543	52.211241246
	43.3287819593	52.2116263495
	43.3170686383	52.2127800109
	43.3054558494	52.2146972901
	43.2939933205	52.217369977
	43.2854347948	52.2198923414
	43.2776604418	52.2223947828
	43.2749557828	52.2232890681
	43.2639401731	52.2274350501
	43.2532193088	52.2322926105
	43.2428390983	52.2378409486
	43.2328439914	52.2440563055
	43.2232767885	52.2509120661
	43.2219867982	52.2519112395
	43.2126967903	52.246164618
	43.2023165799	52.2406162799
	43.1915957156	52.2357587195
	43.1805801058	52.2316127376
	43.1693169212	52.2281960878
	43.1578543923	52.225523401
	43.1462416034	52.2236061218
	43.1345282824	52.2224524603
	43.1275717212	52.2221316071
	43.1070257617	52.2215822907
	43.0904549329	52.2219031439
	43.090310968	52.2219126379
	43.0678881774	52.2234003698
	43.0563188214	52.2245445373
	43.0447060325	52.2264618165
	43.0332435036	52.2291345034
	43.021980319	52.2325511531
	43.0109647092	52.236697135
	43.0002438449	52.2415546954
	42.9898636345	52.2471030335
	42.9798685275	52.2533183904
	42.9703013247	52.260174151
	42.9612029941	52.2676409579
	42.9526124963	52.2756868371
	42.9511514109	52.2771649038
	42.9469094675	52.2815060293
	42.9403246738	52.2886184604
	42.9328578669	52.297716791
	42.9288061692	52.3032098145
	42.9259074884	52.3068873232
	42.9237816984	52.3097148507
	42.9186824518	52.3160578554
	42.9151050817	52.32088481
	42.9136493153	52.3224694446
	42.9108752109	52.3255599887
	42.903408404	52.3346583193
	42.9005776666	52.3384496377
	42.8941185291	52.3453438201
	42.8905700595	52.3483752109
	42.8819795618	52.3564210901
	42.8806055534	52.3578101054
	42.8681009758	52.3705893412
	42.8614291049	52.3777908237
	42.853962298	52.3868891543
	42.8471065374	52.3964563571
	42.8408911805	52.4064514641
	42.8353428424	52.4168316745
	42.830485282	52.4275525388
	42.8263393001	52.4385681485
	42.8229226503	52.4498313332
	42.8202499635	52.4612938621
	42.8183326843	52.472906651
	42.8171790228	52.484619972
	42.8167939193	52.496383667
	42.8171790228	52.508147362
	42.8183326843	52.519860683
	42.8202499635	52.5314734719
	42.8229226503	52.5429360008
	42.8231616793	52.5438190795
	42.8248325167	52.5499302246
	42.8280101375	52.5603103305
	42.8321561194	52.5713259402
	42.8370136798	52.5820468045
	42.8425620179	52.5924270149
	42.8487773748	52.6024221219
	42.8556331354	52.6119893248
	42.8630999423	52.6210876553
	42.8703521595	52.6288307688
	42.8711781085	52.6306536771
	42.871617976	52.6315394922
	42.8743950756	52.6370936914
	42.8795035462	52.6465880867
	42.8857189031	52.6565831937
	42.8925746637	52.6661503965
	42.9000414706	52.6752487271
	42.9080873498	52.6838392249
	42.9166778476	52.6918851041
	42.9248746015	52.6986555596
	42.9298794843	52.7025465508
	42.9301937465	52.7027892778
	42.9263988969	52.7054309462
	42.9196650332	52.7103542047
	42.9105667026	52.7178210117
	42.9101973485	52.7181458211
	42.9011215122	52.7255953647
	42.8925310144	52.7336412439
	42.8914842915	52.7346966532
	42.8745470356	52.7519161966
	42.8675478793	52.7594512851
	42.8600810724	52.7685496157
	42.8580461226	52.7712539192
	42.8564318515	52.7730697544
	42.8490142877	52.7821039399
	42.8307904642	52.8006725002
	42.8255726644	52.8062191516
	42.8219807833	52.8072906573
	42.8030205392	52.8113671658
	42.7942756081	52.8134774599
	42.7894893956	52.8148311225
	42.7503200841	52.8264964667
	42.7452066598	52.8281026625
	42.7149255929	52.8381124281
	42.713562045	52.8385692195
	42.7025464353	52.8427152014
	42.6950809464	52.8460078262
	42.6820346818	52.8521189712
	42.6787793063	52.8536839069
	42.6683990959	52.8592322449
	42.6592222845	52.8649040607
	42.6428267157	52.8757301715
	42.6420084201	52.8762737127
	42.6324412172	52.8831294733
	42.6233428867	52.8905962802
	42.6147523889	52.8986421594
	42.6120455737	52.9013489746
	42.6052841098	52.9069918491
	42.6043696286	52.9077993305
	42.5955642612	52.9150408603
	42.5885314212	52.9215479295
	42.5816787632	52.9272631503
	42.5730882654	52.9353090295
	42.572268928	52.9361336795
	42.5665716141	52.9419051182
	42.5627898311	52.941535051
	42.5570365221	52.9410651312
	42.5452728271	52.9406800277
	42.5335091322	52.9410651312
	42.5217958111	52.9422187927
	42.5101830223	52.9441360719
	42.4987204934	52.9468087587
	42.4874573087	52.9502254085
	42.476441699	52.9543713904
	42.4657208347	52.9592289508
	42.4553406242	52.9647772889
	42.4453455173	52.9709926458
	42.4357783144	52.9778484064
	42.4266799839	52.9853152133
	42.4180894861	52.9933610925
	42.4100436069	53.0019515903
	42.4057777049	53.0070001014
	42.360779536	53.0622826942
	42.357578631	53.0663325136
	42.3507228704	53.0758997165
	42.3445075135	53.0858948234
	42.3389591754	53.0962750339
	42.334101615	53.1069958982
	42.3299556331	53.1180115079
	42.3265389834	53.1292746926
	42.3238662965	53.1407372215
	42.3219490173	53.1523500104
	42.3210641602	53.161334115
	42.320498163	53.1617397028
	42.3113998325	53.1692065097
	42.3028093347	53.1772523889
	42.3024116886	53.1776512822
	42.2998114855	53.1774619208
	42.2880477905	53.1770768173
	42.2762840955	53.1774619208
	42.2645707745	53.1786155822
	42.2626209019	53.1788831488
	42.2431735753	53.1816602484
	42.233510659	53.183309961
	42.2220481301	53.1859826479
	42.2107849454	53.1893992976
	42.1997693357	53.1935452796
	42.1993813403	53.1937065237
	42.1927208789	53.1964836233
	42.18238801	53.2011799396
	42.1720077995	53.2067282777
	42.163945127	53.2116703287
	42.1583909278	53.2152790323
	42.1564584933	53.2165523382
	42.1468912905	53.2234080988
	42.1377929599	53.2308749057
	42.1292024621	53.2389207849
	42.1252102075	53.2430424846
	42.1210445581	53.2474827922
	42.1169909335	53.2519515903
	42.1095241266	53.2610499209
	42.102668366	53.2706171237
	42.1026341213	53.2706683936
	42.0992924465	53.2756732764
	42.0931113343	53.2856171135
	42.0875629962	53.2959973239
	42.0827054358	53.3067181882
	42.0785594539	53.317733798
	42.0778143954	53.319976987
	42.0742056918	53.3310853855
	42.0715341005	53.3401053811
	42.0705853114	53.3441745158
	42.0623985985	53.3455261475
	42.0509360695	53.3481988344
	42.0396728849	53.3516154841
	42.0286572751	53.3557614661
	42.0179364108	53.3606190265
	42.0075562004	53.3661673646
	41.9975610934	53.3723827215
	41.9879938906	53.3792384821
	41.97889556	53.386705289
	41.9703050622	53.3947511682
	41.962259183	53.403341666
	41.9547923761	53.4124399965
	41.9479366155	53.4220071994
	41.9439208614	53.4282957642
	41.9408691036	53.433300647
	41.9386695008	53.4370071892
	41.9331211627	53.4473873996
	41.9282636023	53.4581082639
	41.9241176204	53.4691238736
	41.9207009707	53.4803870583
	41.9180282838	53.4918495872
	41.9162148032	53.5026869816
	41.9153831992	53.5087981266
	41.9152794006	53.5095735211
	41.9141257391	53.5212868421
	41.9137406356	53.5330505371
	41.9138066378	53.5379227558
	41.914008577	53.5453748735
	41.9138434515	53.5476692884
	41.913458348	53.5594329834
	41.9138434515	53.5711966784
	41.9139310991	53.5724652011
	41.915256517	53.5907099016
	41.9149573431	53.5946205824
	41.9145722396	53.6063842773
	41.9145783453	53.6078662867
	41.9147567179	53.6295137787
	41.9144003973	53.6340645521
	41.9140152938	53.6458282471
	41.9144003973	53.6575919421
	41.9155540588	53.6693052631
	41.9156955236	53.6703558617
	41.9146724299	53.6732864713
	41.9112557802	53.684549656
	41.9085830933	53.6960121849
	41.9066658141	53.7076249737
	41.9058056428	53.7154927245
	41.905248697	53.7218861571
	41.9049552069	53.7257317274
	41.9045701034	53.7374954224
	41.9049552069	53.7492591173
	41.9061088683	53.7609724384
	41.9080261475	53.7725852272
	41.9106988344	53.7840477561
	41.9141154841	53.7953109408
	41.9182614661	53.8063265506
	41.9231190265	53.8170474148
	41.9286673646	53.8274276253
	41.9348827215	53.8374227322
	41.9417384821	53.8469899351
	41.9456176336	53.8518679694
	41.9495086248	53.8565905646
	41.9530962802	53.8608108609
	41.9611421594	53.8694013587
	41.9652753614	53.8734044032
	41.9682340003	53.8810335818
	41.9730915607	53.8917544461
	41.9786398987	53.9021346565
	41.9848552556	53.9121297635
	41.9917110163	53.9216969664
	41.9991778232	53.9307952969
	42.0072237024	53.9393857947
	42.0158142002	53.9474316739
	42.0177481455	53.9491035348
	42.0216696543	53.9524452096
	42.0288340395	53.9582401556
	42.0384012424	53.9650959162
	42.0483963493	53.9713112731
	42.0587765598	53.9768596112
	42.0694974241	53.9817171716
	42.0805130338	53.9858631536
	42.0917762185	53.9892798033
	42.0972755548	53.9906608206
	42.1056068536	53.9926139456
	42.1115700462	53.9939056152
	42.1231828351	53.9958228944
	42.1348961561	53.9969765558
	42.1447564087	53.9973515873
	42.1458455472	53.997732735
	42.1530705838	54.0002351764
	42.1541214322	54.0005955144
	42.1653846169	54.0040121641
	42.1711881566	54.0054642179
	42.1795194555	54.0074020841
	42.1851784447	54.0086227172
	42.1967912335	54.0105399964
	42.1971135171	54.0105821296
	42.2309342455	54.0149725523
	42.2362877586	54.016122412
	42.2479005475	54.0180396912
	42.2485459868	54.0181234772
	42.2647073401	54.0221124117
	42.2727181175	54.0238967651
	42.2843309064	54.0258140443
	42.2960442274	54.0269677057
	42.3078079224	54.0273528092
	42.3195716173	54.0269677057
	42.3312849384	54.0258140443
	42.3428977272	54.0238967651
	42.3543602561	54.0212240782
	42.3656234408	54.0178074285
	42.3766390506	54.0136614465
	42.3873599148	54.0088038861
	42.3977401253	54.003255548
	42.404423659	53.9992006438
	42.4489463849	53.9911491317
	42.4520285866	53.9905639403
	42.4634911155	53.9878912535
	42.4681039584	53.9865238024
	42.4698864841	53.9874186932
	42.4806073484	53.9922762537
	42.4886943604	53.9953998638
	42.5103618409	54.0031742169
	42.5132904386	54.0041965886
	42.5245536233	54.0076132383
	42.5360161522	54.0102859252
	42.547628941	54.0122032044
	42.5500401469	54.0125040905
	42.5594853373	54.0136179821
	42.5687874525	54.0144707574
	42.5805511475	54.0148558609
	42.5923148424	54.0144707574
	42.6040281635	54.013317096
	42.6156409523	54.0113998168
	42.6271034812	54.0087271299
	42.6383666659	54.0053104802
	42.6493822757	54.0011644983
	42.6597496296	53.9964671113
	42.6612006457	53.99641961
	42.6729139667	53.9952659486
	42.6829535102	53.9936084132
	42.6848904514	53.9946437299
	42.6956113157	53.9995012903
	42.7066269254	54.0036472722
	42.7178901101	54.0070639219
	42.729352639	54.0097366088
	42.7409654278	54.011653888
	42.7526787489	54.0128075494
	42.7644424438	54.0131926529
	42.7762061388	54.0128075494
	42.7879194599	54.011653888
	42.7995322487	54.0097366088
	42.8109947776	54.0070639219
	42.8122683386	54.0067176593
	42.8203173498	54.0044975055
	42.8303069735	54.0014271184
	42.8413225833	53.9972811365
	42.8520434476	53.992423576
	42.8546879599	53.9910922771
	42.8656935077	53.9899864075
	42.8773062966	53.9880691283
	42.8863228346	53.9860334566
	42.8918197615	53.9846430477
	42.8929364108	53.9851985394
	42.9036572751	53.9900560998
	42.9136220365	53.9938417438
	42.9208470731	53.9963441852
	42.9218979215	53.9967045232
	42.9331611062	54.0001211729
	42.9440581097	54.0026619978
	42.9476113835	54.0055780942
	42.9485840089	54.0114691994
	42.9512566958	54.0229317283
	42.9546733455	54.034194913
	42.9588193274	54.0452105227
	42.9636768878	54.055931387
	42.9692252259	54.0663115975
	42.9754405828	54.0763067044
	42.9822963434	54.0858739073
	42.9897631503	54.0949722378
	42.9978090295	54.1035627356
	43.0063995273	54.1116086148
	43.0154978579	54.1190754217
	43.0250650607	54.1259311823
	43.0350601677	54.1321465392
	43.0388501059	54.1342740262
	43.0417869101	54.1358762528
	43.0441726596	54.1380063199
	43.0532709902	54.1454731268
	43.0628381931	54.1523288874
	43.0728333	54.1585442443
	43.0832135104	54.1640925824
	43.0939343747	54.1689501428
	43.1049499845	54.1730961247
	43.1162131692	54.1765127745
	43.1276756981	54.1791854613
	43.1392884869	54.1811027405
	43.1510018079	54.182256402
	43.1627655029	54.1826415055
	43.1671138937	54.1825889346
	43.1787868673	54.182306647
	43.1862021715	54.1819741144
	43.1979154926	54.1808204529
	43.2056554268	54.1796295249
	43.2085287001	54.1791231598
	43.2157519603	54.1783957958
	43.2250531491	54.1825609827
	43.2351227991	54.1863829193
	43.2423402063	54.1888777313
	43.2432861661	54.1892017766
	43.2545493508	54.1926184263
	43.2660118797	54.1952911132
	43.2776246686	54.1972083924
	43.2893379896	54.1983620538
	43.3011016846	54.1987471573
	43.3116891921	54.1984352763
	43.3211343825	54.1978783305
	43.32231057	54.197805108
	43.334023891	54.1966514466
	43.3456366799	54.1947341674
	43.3570992088	54.1920614805
	43.3683623934	54.1886448308
	43.3793780032	54.1844988489
	43.3853980076	54.1818755304
	43.3920660984	54.1788237725
	43.3967669583	54.1765895306
	43.4056339056	54.171905129
	43.4121385592	54.1717470335
	43.412951915	54.1717254241
	43.4232189648	54.1755680065
	43.4282448687	54.177276293
	43.4333890256	54.1795015954
	43.4432982351	54.1832679885
	43.4505156423	54.1857704299
	43.4516220426	54.1861500188
	43.4628852273	54.1895666685
	43.4719725462	54.1917502284
	43.4889174314	54.195358932
	43.4912926414	54.195848059
	43.5029054303	54.1977653382
	43.5146187513	54.1989189996
	43.5217054743	54.1992432857
	43.5322645564	54.1995179439
	43.5369415283	54.1995787613
	43.5487052233	54.1991936578
	43.5604185443	54.1980399964
	43.5720313332	54.1961227172
	43.5834938621	54.1934500303
	43.5902941252	54.1914836918
	43.5983507658	54.1889812504
	43.6028136874	54.1875309392
	43.6138292971	54.1833849573
	43.6245501614	54.1785273969
	43.6349303719	54.1729790588
END
END
