none
1
   1.907194E+01   5.232600E+01
   1.900783E+01   5.232712E+01
   1.893547E+01   5.237741E+01
   1.891180E+01   5.235485E+01
   1.885963E+01   5.233839E+01
   1.880950E+01   5.233897E+01
   1.875452E+01   5.232112E+01
   1.870845E+01   5.238788E+01
   1.867306E+01   5.239212E+01
   1.863671E+01   5.244200E+01
   1.855689E+01   5.245309E+01
   1.855013E+01   5.247223E+01
   1.851872E+01   5.248920E+01
   1.849463E+01   5.249175E+01
   1.846737E+01   5.246658E+01
   1.838711E+01   5.246018E+01
   1.836520E+01   5.250312E+01
   1.837142E+01   5.252559E+01
   1.835606E+01   5.253028E+01
   1.834923E+01   5.251152E+01
   1.826328E+01   5.247092E+01
   1.820297E+01   5.247243E+01
   1.818750E+01   5.249292E+01
   1.808720E+01   5.250987E+01
   1.808586E+01   5.254087E+01
   1.798257E+01   5.253336E+01
   1.797503E+01   5.255230E+01
   1.789791E+01   5.257510E+01
   1.789698E+01   5.260202E+01
   1.787041E+01   5.262011E+01
   1.783955E+01   5.261837E+01
   1.780704E+01   5.263480E+01
   1.775573E+01   5.262445E+01
   1.770780E+01   5.259391E+01
   1.767436E+01   5.259223E+01
   1.766640E+01   5.263339E+01
   1.762110E+01   5.264927E+01
   1.762185E+01   5.269405E+01
   1.758970E+01   5.269309E+01
   1.752648E+01   5.266210E+01
   1.746273E+01   5.267072E+01
   1.747010E+01   5.272195E+01
   1.739360E+01   5.275882E+01
   1.740713E+01   5.279530E+01
   1.745192E+01   5.280786E+01
   1.749422E+01   5.279894E+01
   1.751356E+01   5.286771E+01
   1.749967E+01   5.291953E+01
   1.748204E+01   5.293774E+01
   1.739326E+01   5.296924E+01
   1.731218E+01   5.296451E+01
   1.729104E+01   5.299458E+01
   1.732410E+01   5.303246E+01
   1.731376E+01   5.308152E+01
   1.734651E+01   5.309641E+01
   1.734920E+01   5.311555E+01
   1.734885E+01   5.314139E+01
   1.732644E+01   5.315003E+01
   1.733072E+01   5.319598E+01
   1.731349E+01   5.320405E+01
   1.731207E+01   5.322086E+01
   1.740154E+01   5.323894E+01
   1.742004E+01   5.326758E+01
   1.738841E+01   5.328017E+01
   1.732960E+01   5.333608E+01
   1.725284E+01   5.335352E+01
   1.723935E+01   5.338659E+01
   1.728510E+01   5.341147E+01
   1.728828E+01   5.343040E+01
   1.737721E+01   5.348083E+01
   1.740912E+01   5.354520E+01
   1.741220E+01   5.358843E+01
   1.744090E+01   5.361048E+01
   1.751564E+01   5.362828E+01
   1.754724E+01   5.359224E+01
   1.756546E+01   5.358916E+01
   1.760392E+01   5.360762E+01
   1.764401E+01   5.359506E+01
   1.766534E+01   5.361197E+01
   1.769993E+01   5.360452E+01
   1.770263E+01   5.364154E+01
   1.775703E+01   5.370368E+01
   1.777556E+01   5.371019E+01
   1.780373E+01   5.369111E+01
   1.788097E+01   5.371893E+01
   1.785077E+01   5.374978E+01
   1.785785E+01   5.376722E+01
   1.795055E+01   5.375923E+01
   1.801147E+01   5.373537E+01
   1.803114E+01   5.374003E+01
   1.807045E+01   5.379170E+01
   1.811764E+01   5.377473E+01
   1.815621E+01   5.377821E+01
   1.817281E+01   5.375842E+01
   1.820084E+01   5.376650E+01
   1.827252E+01   5.375177E+01
   1.827998E+01   5.371019E+01
   1.835588E+01   5.369919E+01
   1.851447E+01   5.371323E+01
   1.855355E+01   5.366851E+01
   1.857010E+01   5.368962E+01
   1.862219E+01   5.368442E+01
   1.865226E+01   5.370787E+01
   1.869903E+01   5.371004E+01
   1.872800E+01   5.369733E+01
   1.878496E+01   5.371441E+01
   1.879888E+01   5.369731E+01
   1.875159E+01   5.364186E+01
   1.877389E+01   5.361757E+01
   1.891719E+01   5.359817E+01
   1.908712E+01   5.360913E+01
   1.920658E+01   5.357846E+01
   1.923113E+01   5.352784E+01
   1.920943E+01   5.350955E+01
   1.925592E+01   5.346039E+01
   1.926621E+01   5.340684E+01
   1.928728E+01   5.340344E+01
   1.931121E+01   5.342251E+01
   1.937489E+01   5.342293E+01
   1.945527E+01   5.337407E+01
   1.952663E+01   5.338170E+01
   1.953987E+01   5.334249E+01
   1.963863E+01   5.335503E+01
   1.969481E+01   5.334539E+01
   1.969948E+01   5.331861E+01
   1.972580E+01   5.330943E+01
   1.974181E+01   5.326913E+01
   1.970143E+01   5.324871E+01
   1.975243E+01   5.323435E+01
   1.977239E+01   5.315179E+01
   1.971574E+01   5.311193E+01
   1.965475E+01   5.309477E+01
   1.967152E+01   5.307310E+01
   1.966510E+01   5.305171E+01
   1.970056E+01   5.302443E+01
   1.968427E+01   5.299118E+01
   1.969164E+01   5.295337E+01
   1.966850E+01   5.294521E+01
   1.959540E+01   5.296907E+01
   1.958918E+01   5.294852E+01
   1.953126E+01   5.292594E+01
   1.947155E+01   5.293073E+01
   1.947720E+01   5.290690E+01
   1.952673E+01   5.285837E+01
   1.948313E+01   5.285440E+01
   1.947990E+01   5.284164E+01
   1.944174E+01   5.282573E+01
   1.947264E+01   5.281258E+01
   1.953097E+01   5.275578E+01
   1.951740E+01   5.272356E+01
   1.953429E+01   5.271435E+01
   1.953528E+01   5.269801E+01
   1.949185E+01   5.269651E+01
   1.945526E+01   5.271288E+01
   1.945882E+01   5.266488E+01
   1.942566E+01   5.266039E+01
   1.939878E+01   5.263328E+01
   1.943607E+01   5.261431E+01
   1.942777E+01   5.259285E+01
   1.939710E+01   5.256483E+01
   1.935776E+01   5.255501E+01
   1.936625E+01   5.253437E+01
   1.940579E+01   5.250932E+01
   1.937266E+01   5.249461E+01
   1.936678E+01   5.247473E+01
   1.932421E+01   5.243925E+01
   1.930264E+01   5.243551E+01
   1.929609E+01   5.238463E+01
   1.923176E+01   5.235132E+01
   1.922381E+01   5.233153E+01
   1.919684E+01   5.234153E+01
   1.907194E+01   5.232600E+01
END
END
