none
1
   1.851463E+01   4.243746E+01
   1.853434E+01   4.242769E+01
   1.855029E+01   4.238946E+01
   1.848013E+01   4.224400E+01
   1.845226E+01   4.220671E+01
   1.633616E+01   4.216483E+01
   1.621414E+01   4.217832E+01
   1.607264E+01   4.221859E+01
   1.601734E+01   4.226613E+01
   1.597795E+01   4.231885E+01
   1.589082E+01   4.272786E+01
   1.497115E+01   4.296964E+01
   1.308916E+01   4.497599E+01
   1.320134E+01   4.545718E+01
   1.332665E+01   4.557209E+01
   1.346082E+01   4.560072E+01
   1.359313E+01   4.548241E+01
   1.367557E+01   4.545437E+01
   1.370439E+01   4.546705E+01
   1.378720E+01   4.547638E+01
   1.381454E+01   4.546393E+01
   1.382332E+01   4.544499E+01
   1.387970E+01   4.543670E+01
   1.391268E+01   4.546337E+01
   1.397534E+01   4.546240E+01
   1.397627E+01   4.548275E+01
   1.395858E+01   4.548910E+01
   1.395306E+01   4.551014E+01
   1.400143E+01   4.553004E+01
   1.407677E+01   4.549424E+01
   1.413555E+01   4.548526E+01
   1.415513E+01   4.549099E+01
   1.419636E+01   4.548307E+01
   1.421726E+01   4.550933E+01
   1.423636E+01   4.551575E+01
   1.426777E+01   4.549543E+01
   1.428771E+01   4.550027E+01
   1.432707E+01   4.548331E+01
   1.448402E+01   4.554647E+01
   1.449725E+01   4.559107E+01
   1.449289E+01   4.561317E+01
   1.453575E+01   4.562858E+01
   1.457071E+01   4.568292E+01
   1.461333E+01   4.567309E+01
   1.461970E+01   4.565812E+01
   1.461140E+01   4.563082E+01
   1.469766E+01   4.558747E+01
   1.471024E+01   4.556225E+01
   1.469971E+01   4.554381E+01
   1.473844E+01   4.553928E+01
   1.480077E+01   4.551189E+01
   1.482628E+01   4.547099E+01
   1.490049E+01   4.548572E+01
   1.490486E+01   4.552348E+01
   1.493152E+01   4.553927E+01
   1.498965E+01   4.550631E+01
   1.501409E+01   4.550731E+01
   1.503142E+01   4.549616E+01
   1.505569E+01   4.550418E+01
   1.508949E+01   4.549228E+01
   1.509455E+01   4.547412E+01
   1.516737E+01   4.543254E+01
   1.519327E+01   4.544670E+01
   1.521827E+01   4.543532E+01
   1.523779E+01   4.546124E+01
   1.527066E+01   4.547557E+01
   1.533945E+01   4.546706E+01
   1.535654E+01   4.548672E+01
   1.529323E+01   4.553069E+01
   1.528950E+01   4.557918E+01
   1.526739E+01   4.560704E+01
   1.530191E+01   4.564143E+01
   1.533214E+01   4.564439E+01
   1.534258E+01   4.565597E+01
   1.535205E+01   4.565909E+01
   1.534002E+01   4.566530E+01
   1.533415E+01   4.566909E+01
   1.531278E+01   4.566601E+01
   1.524957E+01   4.571189E+01
   1.524862E+01   4.572910E+01
   1.529519E+01   4.576307E+01
   1.539602E+01   4.580146E+01
   1.546030E+01   4.580473E+01
   1.545638E+01   4.582140E+01
   1.547320E+01   4.583570E+01
   1.549361E+01   4.584199E+01
   1.552346E+01   4.583337E+01
   1.553544E+01   4.585710E+01
   1.555801E+01   4.585254E+01
   1.557518E+01   4.586322E+01
   1.564197E+01   4.583573E+01
   1.568243E+01   4.585285E+01
   1.566789E+01   4.586621E+01
   1.566963E+01   4.590626E+01
   1.569787E+01   4.593740E+01
   1.568997E+01   4.599854E+01
   1.571318E+01   4.604697E+01
   1.561437E+01   4.608207E+01
   1.559506E+01   4.610908E+01
   1.559993E+01   4.613023E+01
   1.558630E+01   4.614451E+01
   1.560006E+01   4.617372E+01
   1.563663E+01   4.619635E+01
   1.563115E+01   4.620773E+01
   1.563967E+01   4.622381E+01
   1.568162E+01   4.623737E+01
   1.577000E+01   4.622053E+01
   1.578353E+01   4.623237E+01
   1.578832E+01   4.626882E+01
   1.585474E+01   4.627646E+01
   1.589975E+01   4.629921E+01
   1.593979E+01   4.629990E+01
   1.597454E+01   4.632207E+01
   1.600813E+01   4.631967E+01
   1.603240E+01   4.634627E+01
   1.606474E+01   4.635219E+01
   1.604072E+01   4.637949E+01
   1.605594E+01   4.640333E+01
   1.608787E+01   4.639880E+01
   1.614693E+01   4.641510E+01
   1.619930E+01   4.639003E+01
   1.622973E+01   4.639775E+01
   1.629306E+01   4.638829E+01
   1.629183E+01   4.639818E+01
   1.626338E+01   4.641113E+01
   1.624962E+01   4.646536E+01
   1.623116E+01   4.648209E+01
   1.623226E+01   4.650185E+01
   1.626911E+01   4.652736E+01
   1.630004E+01   4.652367E+01
   1.633215E+01   4.655121E+01
   1.636769E+01   4.656498E+01
   1.638691E+01   4.656036E+01
   1.639377E+01   4.654712E+01
   1.646888E+01   4.653019E+01
   1.652834E+01   4.648973E+01
   1.660560E+01   4.648565E+01
   1.667016E+01   4.646756E+01
   1.671342E+01   4.641064E+01
   1.684235E+01   4.638363E+01
   1.688932E+01   4.633982E+01
   1.688669E+01   4.631283E+01
   1.689719E+01   4.628738E+01
   1.695561E+01   4.625151E+01
   1.697947E+01   4.625145E+01
   1.698474E+01   4.623438E+01
   1.716467E+01   4.617811E+01
   1.719009E+01   4.615493E+01
   1.719208E+01   4.612047E+01
   1.722170E+01   4.612137E+01
   1.724247E+01   4.610252E+01
   1.723705E+01   4.608729E+01
   1.727914E+01   4.606245E+01
   1.727351E+01   4.604278E+01
   1.730428E+01   4.603457E+01
   1.730117E+01   4.601681E+01
   1.728252E+01   4.601135E+01
   1.734083E+01   4.600541E+01
   1.735207E+01   4.599114E+01
   1.736128E+01   4.600128E+01
   1.737830E+01   4.599928E+01
   1.738310E+01   4.597702E+01
   1.740082E+01   4.596642E+01
   1.739771E+01   4.594354E+01
   1.743788E+01   4.596038E+01
   1.757307E+01   4.594536E+01
   1.763463E+01   4.590507E+01
   1.766849E+01   4.584674E+01
   1.774246E+01   4.583947E+01
   1.776180E+01   4.582411E+01
   1.778245E+01   4.582737E+01
   1.780938E+01   4.581434E+01
   1.783022E+01   4.581918E+01
   1.786393E+01   4.578185E+01
   1.790716E+01   4.580256E+01
   1.792894E+01   4.579632E+01
   1.799782E+01   4.580554E+01
   1.808349E+01   4.577454E+01
   1.812290E+01   4.579947E+01
   1.816905E+01   4.578675E+01
   1.819120E+01   4.579787E+01
   1.827756E+01   4.576624E+01
   1.833959E+01   4.576231E+01
   1.836694E+01   4.578256E+01
   1.839773E+01   4.576982E+01
   1.841058E+01   4.574965E+01
   1.843797E+01   4.574847E+01
   1.843751E+01   4.576706E+01
   1.845464E+01   4.577939E+01
   1.847264E+01   4.577637E+01
   1.848647E+01   4.580379E+01
   1.851474E+01   4.579558E+01
   1.854914E+01   4.580448E+01
   1.859135E+01   4.583097E+01
   1.861972E+01   4.587932E+01
   1.865027E+01   4.590462E+01
   1.865526E+01   4.592628E+01
   1.870761E+01   4.592781E+01
   1.879446E+01   4.588845E+01
   1.880288E+01   4.589179E+01
   1.879874E+01   4.590842E+01
   1.881840E+01   4.592392E+01
   1.883362E+01   4.591618E+01
   1.885472E+01   4.591936E+01
   1.886275E+01   4.593065E+01
   1.889982E+01   4.592928E+01
   1.891753E+01   4.590680E+01
   1.888621E+01   4.589402E+01
   1.891059E+01   4.587900E+01
   1.891517E+01   4.586440E+01
   1.889569E+01   4.584997E+01
   1.887156E+01   4.584914E+01
   1.885931E+01   4.581898E+01
   1.887102E+01   4.581688E+01
   1.888687E+01   4.583514E+01
   1.892208E+01   4.582854E+01
   1.893721E+01   4.580491E+01
   1.893449E+01   4.577877E+01
   1.890975E+01   4.576188E+01
   1.886586E+01   4.577067E+01
   1.891389E+01   4.575485E+01
   1.896923E+01   4.577609E+01
   1.898926E+01   4.574429E+01
   1.898653E+01   4.570602E+01
   1.896703E+01   4.568556E+01
   1.898428E+01   4.565118E+01
   1.895603E+01   4.563627E+01
   1.896149E+01   4.562602E+01
   1.894972E+01   4.559546E+01
   1.891794E+01   4.559080E+01
   1.890791E+01   4.557872E+01
   1.893820E+01   4.556946E+01
   1.895092E+01   4.554328E+01
   1.898392E+01   4.554619E+01
   1.901961E+01   4.556561E+01
   1.904309E+01   4.554172E+01
   1.908424E+01   4.553625E+01
   1.911133E+01   4.551632E+01
   1.910538E+01   4.549083E+01
   1.908400E+01   4.547778E+01
   1.904756E+01   4.547441E+01
   1.900616E+01   4.548746E+01
   1.899590E+01   4.545162E+01
   1.903094E+01   4.543200E+01
   1.904010E+01   4.540928E+01
   1.902754E+01   4.539408E+01
   1.898195E+01   4.538076E+01
   1.909820E+01   4.534374E+01
   1.911247E+01   4.530662E+01
   1.918677E+01   4.527615E+01
   1.922188E+01   4.527509E+01
   1.926065E+01   4.529144E+01
   1.928516E+01   4.527327E+01
   1.927145E+01   4.525079E+01
   1.942666E+01   4.524107E+01
   1.945911E+01   4.518468E+01
   1.944515E+01   4.515997E+01
   1.936885E+01   4.515873E+01
   1.935326E+01   4.516878E+01
   1.933689E+01   4.516537E+01
   1.931061E+01   4.519734E+01
   1.929784E+01   4.519608E+01
   1.930506E+01   4.517244E+01
   1.929695E+01   4.516247E+01
   1.923331E+01   4.516927E+01
   1.920399E+01   4.518209E+01
   1.919484E+01   4.515950E+01
   1.914620E+01   4.512094E+01
   1.909606E+01   4.513285E+01
   1.908739E+01   4.512046E+01
   1.911506E+01   4.508553E+01
   1.910912E+01   4.506247E+01
   1.911643E+01   4.505208E+01
   1.911296E+01   4.500771E+01
   1.909067E+01   4.498360E+01
   1.914507E+01   4.498889E+01
   1.916618E+01   4.495049E+01
   1.914789E+01   4.493254E+01
   1.909810E+01   4.491851E+01
   1.909362E+01   4.490288E+01
   1.907140E+01   4.489156E+01
   1.903002E+01   4.491267E+01
   1.900576E+01   4.490745E+01
   1.900118E+01   4.489891E+01
   1.902861E+01   4.485842E+01
   1.902266E+01   4.484581E+01
   1.893583E+01   4.483980E+01
   1.884039E+01   4.484786E+01
   1.875340E+01   4.490392E+01
   1.875570E+01   4.491786E+01
   1.874078E+01   4.494313E+01
   1.875650E+01   4.495439E+01
   1.878766E+01   4.494455E+01
   1.877478E+01   4.497304E+01
   1.878133E+01   4.498620E+01
   1.872432E+01   4.498520E+01
   1.871787E+01   4.500035E+01
   1.872537E+01   4.501151E+01
   1.871049E+01   4.502844E+01
   1.868959E+01   4.503061E+01
   1.866542E+01   4.504979E+01
   1.860463E+01   4.505417E+01
   1.859272E+01   4.507418E+01
   1.857571E+01   4.505666E+01
   1.856057E+01   4.507023E+01
   1.854414E+01   4.503958E+01
   1.853037E+01   4.503392E+01
   1.851949E+01   4.504977E+01
   1.846877E+01   4.505553E+01
   1.842164E+01   4.509831E+01
   1.831821E+01   4.509155E+01
   1.830338E+01   4.510598E+01
   1.827619E+01   4.510645E+01
   1.826898E+01   4.512672E+01
   1.825539E+01   4.512931E+01
   1.821874E+01   4.511699E+01
   1.823116E+01   4.509468E+01
   1.820385E+01   4.507034E+01
   1.812021E+01   4.507026E+01
   1.806434E+01   4.510014E+01
   1.806190E+01   4.511310E+01
   1.807222E+01   4.512156E+01
   1.806612E+01   4.513210E+01
   1.805212E+01   4.513210E+01
   1.803456E+01   4.511520E+01
   1.800827E+01   4.514169E+01
   1.798706E+01   4.513135E+01
   1.797137E+01   4.510609E+01
   1.794020E+01   4.510097E+01
   1.794798E+01   4.508468E+01
   1.794166E+01   4.507280E+01
   1.785031E+01   4.503436E+01
   1.766679E+01   4.512398E+01
   1.759988E+01   4.509619E+01
   1.757712E+01   4.510629E+01
   1.755929E+01   4.509835E+01
   1.754512E+01   4.510627E+01
   1.748294E+01   4.509974E+01
   1.747027E+01   4.511626E+01
   1.744121E+01   4.512246E+01
   1.744517E+01   4.514790E+01
   1.741699E+01   4.512523E+01
   1.736137E+01   4.512801E+01
   1.727337E+01   4.517388E+01
   1.724863E+01   4.513659E+01
   1.717157E+01   4.513868E+01
   1.706636E+01   4.518190E+01
   1.703217E+01   4.520916E+01
   1.701369E+01   4.520296E+01
   1.697835E+01   4.521868E+01
   1.693384E+01   4.521891E+01
   1.692550E+01   4.523696E+01
   1.693543E+01   4.525633E+01
   1.692982E+01   4.526645E+01
   1.691778E+01   4.524655E+01
   1.689115E+01   4.523649E+01
   1.688660E+01   4.521301E+01
   1.682087E+01   4.517490E+01
   1.673274E+01   4.519693E+01
   1.669848E+01   4.518661E+01
   1.666676E+01   4.519213E+01
   1.659858E+01   4.522053E+01
   1.651325E+01   4.521091E+01
   1.648432E+01   4.517851E+01
   1.648523E+01   4.516007E+01
   1.647013E+01   4.513520E+01
   1.640649E+01   4.510833E+01
   1.641279E+01   4.508626E+01
   1.639901E+01   4.507652E+01
   1.639070E+01   4.504498E+01
   1.636874E+01   4.503008E+01
   1.636322E+01   4.499816E+01
   1.634784E+01   4.499120E+01
   1.629450E+01   4.498844E+01
   1.627040E+01   4.500761E+01
   1.624252E+01   4.500440E+01
   1.619003E+01   4.502720E+01
   1.616708E+01   4.506801E+01
   1.608557E+01   4.509910E+01
   1.608154E+01   4.512920E+01
   1.604916E+01   4.515237E+01
   1.603985E+01   4.517384E+01
   1.602014E+01   4.517925E+01
   1.601080E+01   4.520827E+01
   1.598028E+01   4.521934E+01
   1.592684E+01   4.520052E+01
   1.591204E+01   4.521395E+01
   1.585695E+01   4.520687E+01
   1.584358E+01   4.521481E+01
   1.583199E+01   4.519896E+01
   1.579328E+01   4.518475E+01
   1.577558E+01   4.516337E+01
   1.580714E+01   4.511404E+01
   1.575780E+01   4.505781E+01
   1.579088E+01   4.500596E+01
   1.579450E+01   4.498313E+01
   1.578543E+01   4.495926E+01
   1.575893E+01   4.496064E+01
   1.575177E+01   4.493538E+01
   1.578684E+01   4.484769E+01
   1.577184E+01   4.481762E+01
   1.574039E+01   4.481321E+01
   1.579473E+01   4.475344E+01
   1.583133E+01   4.472881E+01
   1.589010E+01   4.475640E+01
   1.590733E+01   4.475284E+01
   1.593698E+01   4.472293E+01
   1.596211E+01   4.471772E+01
   1.597965E+01   4.468055E+01
   1.603593E+01   4.466273E+01
   1.606272E+01   4.463168E+01
   1.606062E+01   4.458664E+01
   1.602558E+01   4.458005E+01
   1.603858E+01   4.456176E+01
   1.609738E+01   4.454369E+01
   1.612094E+01   4.452228E+01
   1.615064E+01   4.448284E+01
   1.615079E+01   4.443247E+01
   1.618179E+01   4.440581E+01
   1.617830E+01   4.439489E+01
   1.615528E+01   4.438601E+01
   1.620978E+01   4.436952E+01
   1.622828E+01   4.435255E+01
   1.619629E+01   4.430344E+01
   1.620018E+01   4.427223E+01
   1.623228E+01   4.421554E+01
   1.631683E+01   4.415128E+01
   1.631968E+01   4.413148E+01
   1.634883E+01   4.409459E+01
   1.645072E+01   4.404245E+01
   1.651326E+01   4.403352E+01
   1.654033E+01   4.400704E+01
   1.656300E+01   4.395887E+01
   1.672138E+01   4.385372E+01
   1.673237E+01   4.380017E+01
   1.675589E+01   4.378193E+01
   1.680878E+01   4.376711E+01
   1.683203E+01   4.373756E+01
   1.690074E+01   4.370097E+01
   1.694275E+01   4.364243E+01
   1.700416E+01   4.359205E+01
   1.712999E+01   4.352605E+01
   1.715682E+01   4.350271E+01
   1.722480E+01   4.350759E+01
   1.728475E+01   4.347968E+01
   1.730426E+01   4.344129E+01
   1.726923E+01   4.340131E+01
   1.729440E+01   4.333636E+01
   1.734955E+01   4.326765E+01
   1.743368E+01   4.322572E+01
   1.745009E+01   4.320180E+01
   1.744361E+01   4.318918E+01
   1.763699E+01   4.310064E+01
   1.767938E+01   4.305703E+01
   1.772006E+01   4.297551E+01
   1.771430E+01   4.296401E+01
   1.761688E+01   4.293195E+01
   1.757025E+01   4.292721E+01
   1.763957E+01   4.289519E+01
   1.766399E+01   4.292052E+01
   1.769810E+01   4.293226E+01
   1.779318E+01   4.290400E+01
   1.781334E+01   4.292520E+01
   1.783975E+01   4.291743E+01
   1.786614E+01   4.289896E+01
   1.786857E+01   4.287033E+01
   1.790661E+01   4.283696E+01
   1.790514E+01   4.281848E+01
   1.795677E+01   4.280739E+01
   1.800425E+01   4.278240E+01
   1.801438E+01   4.276485E+01
   1.804549E+01   4.275811E+01
   1.810754E+01   4.271808E+01
   1.827826E+01   4.262713E+01
   1.835490E+01   4.262644E+01
   1.839086E+01   4.259571E+01
   1.841140E+01   4.259477E+01
   1.844712E+01   4.256278E+01
   1.844613E+01   4.252349E+01
   1.845497E+01   4.250935E+01
   1.844582E+01   4.248915E+01
   1.851463E+01   4.243746E+01
END
END
