none
1
   1.213324E+01   5.030163E+01
   1.213246E+01   5.029486E+01
   1.215057E+01   5.027734E+01
   1.212056E+01   5.026056E+01
   1.210805E+01   5.025271E+01
   1.212140E+01   5.023957E+01
   1.213550E+01   5.023656E+01
   1.214998E+01   5.024025E+01
   1.220808E+01   5.019258E+01
   1.222306E+01   5.016848E+01
   1.220086E+01   5.013155E+01
   1.221849E+01   5.010527E+01
   1.223264E+01   5.010459E+01
   1.223719E+01   5.010052E+01
   1.225070E+01   5.009820E+01
   1.225868E+01   5.008932E+01
   1.226276E+01   5.008504E+01
   1.227356E+01   5.008083E+01
   1.226322E+01   5.006353E+01
   1.225934E+01   5.004761E+01
   1.224974E+01   5.004233E+01
   1.224828E+01   5.003843E+01
   1.224410E+01   5.003491E+01
   1.222073E+01   5.003196E+01
   1.220575E+01   5.003267E+01
   1.220044E+01   5.003065E+01
   1.220006E+01   5.002393E+01
   1.220327E+01   5.001695E+01
   1.220123E+01   5.001373E+01
   1.220276E+01   5.000794E+01
   1.219765E+01   5.000289E+01
   1.219995E+01   4.999834E+01
   1.219464E+01   4.999556E+01
   1.218835E+01   4.999817E+01
   1.214962E+01   4.999134E+01
   1.214665E+01   4.998519E+01
   1.213789E+01   4.998748E+01
   1.212745E+01   4.998623E+01
   1.211094E+01   4.997963E+01
   1.210934E+01   4.997552E+01
   1.209399E+01   4.997375E+01
   1.207502E+01   4.998313E+01
   1.207436E+01   4.998737E+01
   1.207626E+01   4.999147E+01
   1.207175E+01   4.999260E+01
   1.205110E+01   4.997781E+01
   1.203585E+01   4.998450E+01
   1.203057E+01   4.998325E+01
   1.202664E+01   4.997848E+01
   1.202249E+01   4.998223E+01
   1.201815E+01   4.998288E+01
   1.200780E+01   4.997944E+01
   1.199141E+01   4.998027E+01
   1.198486E+01   4.997831E+01
   1.197767E+01   4.998106E+01
   1.196738E+01   4.997666E+01
   1.191476E+01   4.996875E+01
   1.190659E+01   4.997362E+01
   1.190228E+01   4.996862E+01
   1.187322E+01   4.996392E+01
   1.186956E+01   4.995927E+01
   1.186526E+01   4.995798E+01
   1.185709E+01   4.995895E+01
   1.185105E+01   4.995658E+01
   1.184804E+01   4.995904E+01
   1.183368E+01   4.995903E+01
   1.182933E+01   4.996093E+01
   1.181580E+01   4.995857E+01
   1.181424E+01   4.995305E+01
   1.181603E+01   4.994821E+01
   1.182132E+01   4.994583E+01
   1.182266E+01   4.994069E+01
   1.181822E+01   4.993835E+01
   1.181731E+01   4.993462E+01
   1.181952E+01   4.993388E+01
   1.182144E+01   4.993715E+01
   1.182615E+01   4.993776E+01
   1.182964E+01   4.993578E+01
   1.183663E+01   4.992141E+01
   1.183692E+01   4.991748E+01
   1.184004E+01   4.991418E+01
   1.183864E+01   4.991048E+01
   1.184108E+01   4.990698E+01
   1.183733E+01   4.990184E+01
   1.184164E+01   4.990045E+01
   1.184309E+01   4.989623E+01
   1.184708E+01   4.989732E+01
   1.185665E+01   4.989304E+01
   1.185541E+01   4.988492E+01
   1.184404E+01   4.987884E+01
   1.184748E+01   4.987594E+01
   1.184607E+01   4.986537E+01
   1.185453E+01   4.985903E+01
   1.186003E+01   4.985774E+01
   1.186383E+01   4.985254E+01
   1.186278E+01   4.984956E+01
   1.185479E+01   4.984515E+01
   1.184866E+01   4.984863E+01
   1.184447E+01   4.984780E+01
   1.183756E+01   4.984977E+01
   1.183725E+01   4.984466E+01
   1.183019E+01   4.984314E+01
   1.182867E+01   4.984034E+01
   1.182505E+01   4.983965E+01
   1.182025E+01   4.984282E+01
   1.180676E+01   4.984621E+01
   1.180538E+01   4.984330E+01
   1.179832E+01   4.983815E+01
   1.178516E+01   4.983395E+01
   1.176962E+01   4.983908E+01
   1.176657E+01   4.983486E+01
   1.176120E+01   4.983285E+01
   1.175844E+01   4.983567E+01
   1.175208E+01   4.983568E+01
   1.174658E+01   4.983835E+01
   1.174101E+01   4.983635E+01
   1.174006E+01   4.983319E+01
   1.172935E+01   4.982981E+01
   1.172878E+01   4.982628E+01
   1.172442E+01   4.982480E+01
   1.172627E+01   4.981991E+01
   1.172439E+01   4.981658E+01
   1.170358E+01   4.981714E+01
   1.170151E+01   4.981384E+01
   1.170203E+01   4.980681E+01
   1.169991E+01   4.980496E+01
   1.169911E+01   4.980043E+01
   1.169174E+01   4.980094E+01
   1.168564E+01   4.980377E+01
   1.167900E+01   4.980341E+01
   1.167319E+01   4.980785E+01
   1.165904E+01   4.980015E+01
   1.164992E+01   4.980304E+01
   1.164649E+01   4.980236E+01
   1.164396E+01   4.980433E+01
   1.163693E+01   4.980198E+01
   1.163664E+01   4.980033E+01
   1.164044E+01   4.979922E+01
   1.164251E+01   4.979617E+01
   1.163696E+01   4.979060E+01
   1.163195E+01   4.977989E+01
   1.163488E+01   4.975977E+01
   1.162024E+01   4.975802E+01
   1.160987E+01   4.975375E+01
   1.159871E+01   4.975212E+01
   1.160092E+01   4.974533E+01
   1.159953E+01   4.973822E+01
   1.159688E+01   4.973392E+01
   1.159359E+01   4.973327E+01
   1.158803E+01   4.972682E+01
   1.157730E+01   4.972483E+01
   1.156960E+01   4.972572E+01
   1.156585E+01   4.973001E+01
   1.155911E+01   4.973085E+01
   1.156650E+01   4.972278E+01
   1.156451E+01   4.971672E+01
   1.156030E+01   4.971170E+01
   1.156243E+01   4.970593E+01
   1.155874E+01   4.970338E+01
   1.156287E+01   4.969694E+01
   1.154850E+01   4.969281E+01
   1.156045E+01   4.969038E+01
   1.156618E+01   4.968585E+01
   1.155944E+01   4.967766E+01
   1.155964E+01   4.967406E+01
   1.156276E+01   4.967195E+01
   1.156667E+01   4.966446E+01
   1.156126E+01   4.966001E+01
   1.156267E+01   4.965100E+01
   1.155799E+01   4.964056E+01
   1.155373E+01   4.964104E+01
   1.155140E+01   4.963889E+01
   1.154628E+01   4.963845E+01
   1.151386E+01   4.964718E+01
   1.150744E+01   4.964476E+01
   1.149853E+01   4.964592E+01
   1.149344E+01   4.964338E+01
   1.148890E+01   4.963770E+01
   1.147698E+01   4.964243E+01
   1.147617E+01   4.963915E+01
   1.147203E+01   4.963558E+01
   1.146334E+01   4.963371E+01
   1.146147E+01   4.962838E+01
   1.145735E+01   4.962535E+01
   1.143505E+01   4.962561E+01
   1.143274E+01   4.962180E+01
   1.143313E+01   4.961740E+01
   1.143002E+01   4.961309E+01
   1.142607E+01   4.961195E+01
   1.141076E+01   4.962206E+01
   1.140256E+01   4.962087E+01
   1.139539E+01   4.962443E+01
   1.139419E+01   4.962743E+01
   1.139563E+01   4.963033E+01
   1.139113E+01   4.963067E+01
   1.138901E+01   4.963276E+01
   1.139085E+01   4.963925E+01
   1.138532E+01   4.965184E+01
   1.137998E+01   4.965373E+01
   1.137780E+01   4.965684E+01
   1.136945E+01   4.965773E+01
   1.137009E+01   4.966484E+01
   1.136113E+01   4.966436E+01
   1.134533E+01   4.965852E+01
   1.134374E+01   4.965139E+01
   1.133743E+01   4.964657E+01
   1.133850E+01   4.964270E+01
   1.133530E+01   4.964122E+01
   1.133324E+01   4.963539E+01
   1.132320E+01   4.963363E+01
   1.131878E+01   4.963006E+01
   1.131373E+01   4.963187E+01
   1.130892E+01   4.963120E+01
   1.130022E+01   4.962664E+01
   1.130200E+01   4.961995E+01
   1.129321E+01   4.961430E+01
   1.128934E+01   4.961429E+01
   1.128834E+01   4.960632E+01
   1.128549E+01   4.960344E+01
   1.128033E+01   4.960190E+01
   1.127658E+01   4.960432E+01
   1.126511E+01   4.960459E+01
   1.126099E+01   4.960155E+01
   1.125746E+01   4.959523E+01
   1.125205E+01   4.959272E+01
   1.124898E+01   4.959514E+01
   1.122981E+01   4.959658E+01
   1.122362E+01   4.960612E+01
   1.121830E+01   4.960696E+01
   1.121721E+01   4.960294E+01
   1.121151E+01   4.960040E+01
   1.121159E+01   4.959580E+01
   1.120847E+01   4.959257E+01
   1.119996E+01   4.958924E+01
   1.118858E+01   4.958876E+01
   1.118658E+01   4.958667E+01
   1.117971E+01   4.958565E+01
   1.116975E+01   4.958774E+01
   1.116247E+01   4.958618E+01
   1.115441E+01   4.958740E+01
   1.114989E+01   4.958540E+01
   1.114235E+01   4.958793E+01
   1.110854E+01   4.958658E+01
   1.110349E+01   4.959522E+01
   1.108604E+01   4.959875E+01
   1.107434E+01   4.961516E+01
   1.107393E+01   4.962058E+01
   1.107666E+01   4.962439E+01
   1.106891E+01   4.962632E+01
   1.106575E+01   4.963130E+01
   1.105977E+01   4.963534E+01
   1.105701E+01   4.963498E+01
   1.105530E+01   4.963099E+01
   1.104697E+01   4.963142E+01
   1.103861E+01   4.962185E+01
   1.102381E+01   4.962575E+01
   1.102265E+01   4.962961E+01
   1.101963E+01   4.963200E+01
   1.102038E+01   4.963453E+01
   1.103062E+01   4.964054E+01
   1.103501E+01   4.963996E+01
   1.103763E+01   4.964295E+01
   1.104177E+01   4.964208E+01
   1.104535E+01   4.964345E+01
   1.104439E+01   4.965022E+01
   1.105040E+01   4.965577E+01
   1.104920E+01   4.965983E+01
   1.104447E+01   4.966181E+01
   1.104612E+01   4.966515E+01
   1.104429E+01   4.966807E+01
   1.104589E+01   4.967460E+01
   1.102770E+01   4.966892E+01
   1.100259E+01   4.967246E+01
   1.100306E+01   4.967685E+01
   1.101149E+01   4.968001E+01
   1.101080E+01   4.968293E+01
   1.098802E+01   4.967958E+01
   1.098013E+01   4.968112E+01
   1.097319E+01   4.967871E+01
   1.097040E+01   4.968182E+01
   1.097284E+01   4.968557E+01
   1.097107E+01   4.968857E+01
   1.093278E+01   4.969842E+01
   1.092624E+01   4.970478E+01
   1.092069E+01   4.970550E+01
   1.092186E+01   4.971591E+01
   1.092745E+01   4.971493E+01
   1.093179E+01   4.971704E+01
   1.093592E+01   4.971558E+01
   1.093871E+01   4.971817E+01
   1.094714E+01   4.971621E+01
   1.094834E+01   4.971748E+01
   1.094086E+01   4.972601E+01
   1.093065E+01   4.972454E+01
   1.092871E+01   4.972884E+01
   1.092531E+01   4.972989E+01
   1.091893E+01   4.973685E+01
   1.091989E+01   4.974040E+01
   1.091739E+01   4.974428E+01
   1.092852E+01   4.975019E+01
   1.093051E+01   4.975527E+01
   1.092755E+01   4.975908E+01
   1.091433E+01   4.975968E+01
   1.091191E+01   4.976152E+01
   1.091257E+01   4.976743E+01
   1.092003E+01   4.976567E+01
   1.092211E+01   4.976721E+01
   1.091713E+01   4.977110E+01
   1.091408E+01   4.977851E+01
   1.090443E+01   4.977721E+01
   1.090613E+01   4.977402E+01
   1.090416E+01   4.977157E+01
   1.089834E+01   4.977063E+01
   1.089281E+01   4.977376E+01
   1.087688E+01   4.976980E+01
   1.087989E+01   4.976581E+01
   1.087851E+01   4.976180E+01
   1.088066E+01   4.975729E+01
   1.089914E+01   4.973696E+01
   1.088748E+01   4.973519E+01
   1.087238E+01   4.973976E+01
   1.086879E+01   4.975508E+01
   1.085758E+01   4.975641E+01
   1.085447E+01   4.975354E+01
   1.084557E+01   4.975314E+01
   1.083011E+01   4.974721E+01
   1.082835E+01   4.974500E+01
   1.082888E+01   4.974125E+01
   1.082389E+01   4.973884E+01
   1.080359E+01   4.973583E+01
   1.079805E+01   4.974120E+01
   1.079754E+01   4.974688E+01
   1.079137E+01   4.974854E+01
   1.079106E+01   4.975163E+01
   1.078734E+01   4.975616E+01
   1.077520E+01   4.976477E+01
   1.076849E+01   4.976461E+01
   1.075632E+01   4.977028E+01
   1.074834E+01   4.977076E+01
   1.073182E+01   4.978135E+01
   1.071851E+01   4.978598E+01
   1.071641E+01   4.978265E+01
   1.071657E+01   4.977803E+01
   1.071146E+01   4.977468E+01
   1.070423E+01   4.977588E+01
   1.069879E+01   4.977429E+01
   1.067840E+01   4.976178E+01
   1.067798E+01   4.975771E+01
   1.068306E+01   4.975471E+01
   1.068936E+01   4.975369E+01
   1.069263E+01   4.974809E+01
   1.070363E+01   4.975028E+01
   1.070935E+01   4.974878E+01
   1.070853E+01   4.974211E+01
   1.070612E+01   4.973954E+01
   1.070669E+01   4.973471E+01
   1.070358E+01   4.973055E+01
   1.067891E+01   4.972851E+01
   1.067228E+01   4.972564E+01
   1.067196E+01   4.972056E+01
   1.065430E+01   4.971914E+01
   1.064067E+01   4.973120E+01
   1.063814E+01   4.973853E+01
   1.063138E+01   4.973573E+01
   1.062867E+01   4.973758E+01
   1.061776E+01   4.973703E+01
   1.060448E+01   4.973933E+01
   1.059974E+01   4.974199E+01
   1.058807E+01   4.974279E+01
   1.058390E+01   4.974641E+01
   1.057888E+01   4.974668E+01
   1.057447E+01   4.974924E+01
   1.055925E+01   4.975058E+01
   1.055056E+01   4.975383E+01
   1.054953E+01   4.975864E+01
   1.055258E+01   4.976423E+01
   1.055179E+01   4.976684E+01
   1.053784E+01   4.976996E+01
   1.053443E+01   4.978090E+01
   1.052751E+01   4.978187E+01
   1.052287E+01   4.978477E+01
   1.052720E+01   4.979227E+01
   1.051707E+01   4.979479E+01
   1.051615E+01   4.979982E+01
   1.050969E+01   4.979697E+01
   1.050680E+01   4.979374E+01
   1.049720E+01   4.979030E+01
   1.049448E+01   4.978621E+01
   1.049032E+01   4.978466E+01
   1.047825E+01   4.978336E+01
   1.046923E+01   4.978453E+01
   1.046534E+01   4.978728E+01
   1.046475E+01   4.979270E+01
   1.047611E+01   4.979905E+01
   1.048096E+01   4.980555E+01
   1.047864E+01   4.980847E+01
   1.047487E+01   4.980475E+01
   1.046835E+01   4.980753E+01
   1.046055E+01   4.980675E+01
   1.044719E+01   4.981778E+01
   1.044526E+01   4.982428E+01
   1.045535E+01   4.983656E+01
   1.044504E+01   4.984134E+01
   1.043993E+01   4.984114E+01
   1.043816E+01   4.984530E+01
   1.044746E+01   4.985680E+01
   1.045129E+01   4.987328E+01
   1.045481E+01   4.987402E+01
   1.045849E+01   4.988047E+01
   1.050139E+01   4.987359E+01
   1.050584E+01   4.987914E+01
   1.052054E+01   4.987609E+01
   1.053214E+01   4.987874E+01
   1.054361E+01   4.987849E+01
   1.054929E+01   4.988349E+01
   1.055726E+01   4.988350E+01
   1.056114E+01   4.987892E+01
   1.055821E+01   4.987592E+01
   1.055995E+01   4.987144E+01
   1.056735E+01   4.987053E+01
   1.057153E+01   4.987543E+01
   1.057921E+01   4.987479E+01
   1.058159E+01   4.987196E+01
   1.057980E+01   4.986354E+01
   1.058405E+01   4.986173E+01
   1.058963E+01   4.987208E+01
   1.059470E+01   4.987496E+01
   1.060784E+01   4.987741E+01
   1.060966E+01   4.987512E+01
   1.060736E+01   4.986949E+01
   1.059865E+01   4.986107E+01
   1.059953E+01   4.985803E+01
   1.060306E+01   4.985742E+01
   1.062761E+01   4.986581E+01
   1.063073E+01   4.987574E+01
   1.064006E+01   4.988084E+01
   1.065044E+01   4.988355E+01
   1.065296E+01   4.988556E+01
   1.065271E+01   4.988936E+01
   1.065644E+01   4.989206E+01
   1.066900E+01   4.989198E+01
   1.067112E+01   4.988888E+01
   1.067872E+01   4.988929E+01
   1.068298E+01   4.988605E+01
   1.068784E+01   4.988927E+01
   1.068341E+01   4.989218E+01
   1.068504E+01   4.989792E+01
   1.069250E+01   4.990176E+01
   1.069452E+01   4.990464E+01
   1.068947E+01   4.991181E+01
   1.069274E+01   4.991759E+01
   1.069662E+01   4.992054E+01
   1.070311E+01   4.992167E+01
   1.070635E+01   4.992670E+01
   1.071137E+01   4.992570E+01
   1.071451E+01   4.992709E+01
   1.071456E+01   4.993340E+01
   1.073013E+01   4.993841E+01
   1.073696E+01   4.994620E+01
   1.072691E+01   4.995396E+01
   1.072341E+01   4.995279E+01
   1.071993E+01   4.995470E+01
   1.071966E+01   4.995748E+01
   1.072927E+01   4.996452E+01
   1.074300E+01   4.996321E+01
   1.075208E+01   4.996424E+01
   1.075804E+01   4.997081E+01
   1.074753E+01   4.998035E+01
   1.074614E+01   4.998596E+01
   1.073870E+01   4.999150E+01
   1.075264E+01   4.999551E+01
   1.076203E+01   5.000201E+01
   1.076376E+01   5.001084E+01
   1.075183E+01   5.001137E+01
   1.074861E+01   5.002103E+01
   1.075287E+01   5.002482E+01
   1.075806E+01   5.002626E+01
   1.076864E+01   5.002632E+01
   1.077069E+01   5.003175E+01
   1.077062E+01   5.003806E+01
   1.077451E+01   5.004014E+01
   1.077477E+01   5.004422E+01
   1.078233E+01   5.004829E+01
   1.079277E+01   5.004892E+01
   1.079575E+01   5.004644E+01
   1.079900E+01   5.004636E+01
   1.080165E+01   5.004242E+01
   1.080761E+01   5.003958E+01
   1.082114E+01   5.004121E+01
   1.082250E+01   5.004457E+01
   1.083319E+01   5.004871E+01
   1.083015E+01   5.005237E+01
   1.083060E+01   5.005722E+01
   1.083367E+01   5.006114E+01
   1.083005E+01   5.006495E+01
   1.083547E+01   5.007052E+01
   1.083569E+01   5.007445E+01
   1.084379E+01   5.007807E+01
   1.085340E+01   5.007571E+01
   1.085788E+01   5.007658E+01
   1.085784E+01   5.008074E+01
   1.085984E+01   5.008364E+01
   1.085734E+01   5.008765E+01
   1.085869E+01   5.009336E+01
   1.085416E+01   5.010376E+01
   1.085735E+01   5.011671E+01
   1.086048E+01   5.011919E+01
   1.085958E+01   5.012497E+01
   1.086822E+01   5.012876E+01
   1.086870E+01   5.013711E+01
   1.087602E+01   5.014207E+01
   1.087613E+01   5.014367E+01
   1.087324E+01   5.014599E+01
   1.086007E+01   5.014894E+01
   1.085257E+01   5.015547E+01
   1.084692E+01   5.015333E+01
   1.084890E+01   5.015029E+01
   1.084866E+01   5.014629E+01
   1.084206E+01   5.014217E+01
   1.083773E+01   5.014470E+01
   1.082426E+01   5.014437E+01
   1.081996E+01   5.014651E+01
   1.081193E+01   5.014437E+01
   1.080922E+01   5.014666E+01
   1.080525E+01   5.014472E+01
   1.080468E+01   5.013938E+01
   1.079331E+01   5.013947E+01
   1.079061E+01   5.014094E+01
   1.079096E+01   5.014406E+01
   1.078838E+01   5.014623E+01
   1.078330E+01   5.014458E+01
   1.077620E+01   5.014771E+01
   1.077096E+01   5.016597E+01
   1.077364E+01   5.017544E+01
   1.077890E+01   5.017913E+01
   1.077717E+01   5.018341E+01
   1.077753E+01   5.019171E+01
   1.077083E+01   5.019551E+01
   1.076921E+01   5.020068E+01
   1.076261E+01   5.020753E+01
   1.075261E+01   5.021184E+01
   1.075634E+01   5.022198E+01
   1.072607E+01   5.022897E+01
   1.072571E+01   5.023767E+01
   1.072458E+01   5.023983E+01
   1.072431E+01   5.024139E+01
   1.072645E+01   5.024421E+01
   1.072480E+01   5.024684E+01
   1.072388E+01   5.024847E+01
   1.073188E+01   5.025505E+01
   1.076731E+01   5.024569E+01
   1.078271E+01   5.025515E+01
   1.081228E+01   5.025428E+01
   1.082941E+01   5.024278E+01
   1.084747E+01   5.025889E+01
   1.084172E+01   5.027059E+01
   1.080746E+01   5.027532E+01
   1.078049E+01   5.028553E+01
   1.075301E+01   5.029550E+01
   1.071418E+01   5.031870E+01
   1.070997E+01   5.032952E+01
   1.070869E+01   5.034098E+01
   1.071260E+01   5.036403E+01
   1.075498E+01   5.036597E+01
   1.077576E+01   5.038098E+01
   1.079157E+01   5.038998E+01
   1.084151E+01   5.039901E+01
   1.087066E+01   5.040081E+01
   1.090248E+01   5.038884E+01
   1.093512E+01   5.039431E+01
   1.096311E+01   5.037769E+01
   1.097521E+01   5.036276E+01
   1.098754E+01   5.035115E+01
   1.099239E+01   5.036735E+01
   1.103586E+01   5.036321E+01
   1.105273E+01   5.034849E+01
   1.107439E+01   5.035641E+01
   1.108970E+01   5.036806E+01
   1.111104E+01   5.037001E+01
   1.113878E+01   5.035423E+01
   1.114473E+01   5.034447E+01
   1.115963E+01   5.033181E+01
   1.116082E+01   5.032648E+01
   1.115835E+01   5.032112E+01
   1.113707E+01   5.030902E+01
   1.115193E+01   5.028749E+01
   1.115980E+01   5.029127E+01
   1.118706E+01   5.028141E+01
   1.119635E+01   5.029389E+01
   1.124790E+01   5.027294E+01
   1.125364E+01   5.027907E+01
   1.124957E+01   5.030051E+01
   1.125824E+01   5.033844E+01
   1.125931E+01   5.035445E+01
   1.127181E+01   5.037773E+01
   1.126108E+01   5.038637E+01
   1.125428E+01   5.040070E+01
   1.126375E+01   5.043847E+01
   1.124391E+01   5.044723E+01
   1.124185E+01   5.047969E+01
   1.131811E+01   5.049937E+01
   1.131827E+01   5.050829E+01
   1.134496E+01   5.052245E+01
   1.137285E+01   5.052538E+01
   1.140197E+01   5.051927E+01
   1.142646E+01   5.051707E+01
   1.143157E+01   5.051357E+01
   1.144418E+01   5.049812E+01
   1.142555E+01   5.048114E+01
   1.142261E+01   5.044397E+01
   1.148491E+01   5.043241E+01
   1.149624E+01   5.040289E+01
   1.152124E+01   5.039563E+01
   1.152864E+01   5.038189E+01
   1.157298E+01   5.040285E+01
   1.159790E+01   5.040565E+01
   1.162436E+01   5.039035E+01
   1.168844E+01   5.039806E+01
   1.171017E+01   5.040610E+01
   1.175164E+01   5.041768E+01
   1.178433E+01   5.042104E+01
   1.180040E+01   5.041813E+01
   1.181721E+01   5.040259E+01
   1.182674E+01   5.040536E+01
   1.183176E+01   5.039633E+01
   1.186526E+01   5.040749E+01
   1.188024E+01   5.041642E+01
   1.192585E+01   5.042879E+01
   1.195265E+01   5.041495E+01
   1.198498E+01   5.038932E+01
   1.198742E+01   5.035456E+01
   1.199979E+01   5.035520E+01
   1.204848E+01   5.033521E+01
   1.209106E+01   5.033386E+01
   1.212489E+01   5.031143E+01
   1.213324E+01   5.030163E+01
END
END
