none
1
   -8.973613E+01   3.600602E+01
   -8.971292E+01   3.600613E+01
   -8.968367E+01   3.609771E+01
   -8.962196E+01   3.612211E+01
   -8.960158E+01   3.615746E+01
   -8.971831E+01   3.623597E+01
   -8.970075E+01   3.625723E+01
   -8.954645E+01   3.626941E+01
   -8.962590E+01   3.630381E+01
   -8.962393E+01   3.634084E+01
   -8.952938E+01   3.636252E+01
   -8.955418E+01   3.642851E+01
   -8.953869E+01   3.647281E+01
   -8.955362E+01   3.650062E+01
   -8.946627E+01   3.649996E+01
   -8.947435E+01   3.646359E+01
   -8.943131E+01   3.648968E+01
   -8.942772E+01   3.649967E+01
   -8.941805E+01   3.649960E+01
   -8.930078E+01   3.650777E+01
   -8.908299E+01   3.650414E+01
   -8.887393E+01   3.650292E+01
   -8.879798E+01   3.650321E+01
   -8.832541E+01   3.650112E+01
   -8.805471E+01   3.649811E+01
   -8.804074E+01   3.651471E+01
   -8.807118E+01   3.665937E+01
   -8.807190E+01   3.668075E+01
   -8.784969E+01   3.666800E+01
   -8.784930E+01   3.663583E+01
   -8.749617E+01   3.664082E+01
   -8.716434E+01   3.664256E+01
   -8.658943E+01   3.665355E+01
   -8.656345E+01   3.663475E+01
   -8.655467E+01   3.663756E+01
   -8.655078E+01   3.664773E+01
   -8.653905E+01   3.664284E+01
   -8.650789E+01   3.665337E+01
   -8.633993E+01   3.665029E+01
   -8.603549E+01   3.663173E+01
   -8.567770E+01   3.661922E+01
   -8.549046E+01   3.661621E+01
   -8.529288E+01   3.662707E+01
   -8.519604E+01   3.662641E+01
   -8.502442E+01   3.662054E+01
   -8.484707E+01   3.660584E+01
   -8.454309E+01   3.659804E+01
   -8.398628E+01   3.659011E+01
   -8.369175E+01   3.658369E+01
   -8.367473E+01   3.660176E+01
   -8.362517E+01   3.659939E+01
   -8.327651E+01   3.659881E+01
   -8.326098E+01   3.659504E+01
   -8.271439E+01   3.659454E+01
   -8.259858E+01   3.659635E+01
   -8.221229E+01   3.659607E+01
   -8.214810E+01   3.659503E+01
   -8.193481E+01   3.659573E+01
   -8.192373E+01   3.661698E+01
   -8.164416E+01   3.661315E+01
   -8.169776E+01   3.653479E+01
   -8.169247E+01   3.646696E+01
   -8.171231E+01   3.643584E+01
   -8.171800E+01   3.642131E+01
   -8.172761E+01   3.639123E+01
   -8.171996E+01   3.635618E+01
   -8.170249E+01   3.634290E+01
   -8.170498E+01   3.633345E+01
   -8.171396E+01   3.633121E+01
   -8.173111E+01   3.633817E+01
   -8.176703E+01   3.633566E+01
   -8.180012E+01   3.635504E+01
   -8.185546E+01   3.633486E+01
   -8.188152E+01   3.631077E+01
   -8.190707E+01   3.630185E+01
   -8.203288E+01   3.611909E+01
   -8.206040E+01   3.611281E+01
   -8.208009E+01   3.610482E+01
   -8.213015E+01   3.610404E+01
   -8.213887E+01   3.611865E+01
   -8.214823E+01   3.614774E+01
   -8.218076E+01   3.614256E+01
   -8.221297E+01   3.615782E+01
   -8.224757E+01   3.612987E+01
   -8.227058E+01   3.612415E+01
   -8.233353E+01   3.611404E+01
   -8.235073E+01   3.611514E+01
   -8.240867E+01   3.608310E+01
   -8.245939E+01   3.600757E+01
   -8.250569E+01   3.597662E+01
   -8.255822E+01   3.595263E+01
   -8.261342E+01   3.596731E+01
   -8.260789E+01   3.598770E+01
   -8.261354E+01   3.599234E+01
   -8.261623E+01   3.600372E+01
   -8.259669E+01   3.602841E+01
   -8.262023E+01   3.604483E+01
   -8.262073E+01   3.605386E+01
   -8.263653E+01   3.606279E+01
   -8.271416E+01   3.602041E+01
   -8.275323E+01   3.600375E+01
   -8.277497E+01   3.599968E+01
   -8.278477E+01   3.598075E+01
   -8.277404E+01   3.597235E+01
   -8.280118E+01   3.592780E+01
   -8.282249E+01   3.592123E+01
   -8.282966E+01   3.593193E+01
   -8.287393E+01   3.594959E+01
   -8.289809E+01   3.594330E+01
   -8.290215E+01   3.592803E+01
   -8.290999E+01   3.592537E+01
   -8.290150E+01   3.589308E+01
   -8.289698E+01   3.587337E+01
   -8.291563E+01   3.586248E+01
   -8.291757E+01   3.584016E+01
   -8.294350E+01   3.582236E+01
   -8.296195E+01   3.578787E+01
   -8.299506E+01   3.577110E+01
   -8.307507E+01   3.578688E+01
   -8.311915E+01   3.576342E+01
   -8.315436E+01   3.576166E+01
   -8.318446E+01   3.572715E+01
   -8.322602E+01   3.571959E+01
   -8.329571E+01   3.565512E+01
   -8.342438E+01   3.560929E+01
   -8.344383E+01   3.560878E+01
   -8.345387E+01   3.559568E+01
   -8.348330E+01   3.556619E+01
   -8.349730E+01   3.556017E+01
   -8.358580E+01   3.555995E+01
   -8.364035E+01   3.556308E+01
   -8.367660E+01   3.556718E+01
   -8.372322E+01   3.555888E+01
   -8.376414E+01   3.556001E+01
   -8.382447E+01   3.552105E+01
   -8.388062E+01   3.551472E+01
   -8.391002E+01   3.547359E+01
   -8.394836E+01   3.545835E+01
   -8.395821E+01   3.546119E+01
   -8.401069E+01   3.541269E+01
   -8.400470E+01   3.537085E+01
   -8.402175E+01   3.535175E+01
   -8.402638E+01   3.533318E+01
   -8.402432E+01   3.531133E+01
   -8.401846E+01   3.530087E+01
   -8.405067E+01   3.526769E+01
   -8.409676E+01   3.524448E+01
   -8.418820E+01   3.523699E+01
   -8.420084E+01   3.524122E+01
   -8.420835E+01   3.525828E+01
   -8.422351E+01   3.526601E+01
   -8.429001E+01   3.522176E+01
   -8.429454E+01   3.518556E+01
   -8.432151E+01   3.498811E+01
   -8.468254E+01   3.498738E+01
   -8.504308E+01   3.498661E+01
   -8.515975E+01   3.498605E+01
   -8.526580E+01   3.498474E+01
   -8.537175E+01   3.498288E+01
   -8.546605E+01   3.498269E+01
   -8.619181E+01   3.498866E+01
   -8.684570E+01   3.499165E+01
   -8.739697E+01   3.500156E+01
   -8.779904E+01   3.500385E+01
   -8.820021E+01   3.500729E+01
   -8.819991E+01   3.499530E+01
   -8.911430E+01   3.499310E+01
   -9.030959E+01   3.499412E+01
   -9.031329E+01   3.500453E+01
   -9.029992E+01   3.503935E+01
   -9.029281E+01   3.504468E+01
   -9.026456E+01   3.504320E+01
   -9.025585E+01   3.503744E+01
   -9.019678E+01   3.506235E+01
   -9.017948E+01   3.511352E+01
   -9.016147E+01   3.513148E+01
   -9.014245E+01   3.513807E+01
   -9.010046E+01   3.511975E+01
   -9.008512E+01   3.512415E+01
   -9.009359E+01   3.515479E+01
   -9.010896E+01   3.516439E+01
   -9.012029E+01   3.518711E+01
   -9.011799E+01   3.520089E+01
   -9.009835E+01   3.519834E+01
   -9.010614E+01   3.525145E+01
   -9.014069E+01   3.524930E+01
   -9.015363E+01   3.525341E+01
   -9.017179E+01   3.527901E+01
   -9.016652E+01   3.529740E+01
   -9.015991E+01   3.530347E+01
   -9.014977E+01   3.530629E+01
   -9.013922E+01   3.530197E+01
   -9.011182E+01   3.530751E+01
   -9.010719E+01   3.533209E+01
   -9.011307E+01   3.534392E+01
   -9.016692E+01   3.537182E+01
   -9.018224E+01   3.538557E+01
   -9.017139E+01   3.542367E+01
   -9.013188E+01   3.544406E+01
   -9.012304E+01   3.546751E+01
   -9.010829E+01   3.547988E+01
   -9.008446E+01   3.548178E+01
   -9.006533E+01   3.546793E+01
   -9.005247E+01   3.541116E+01
   -9.002196E+01   3.546694E+01
   -9.004593E+01   3.549052E+01
   -9.005328E+01   3.551529E+01
   -9.004252E+01   3.554917E+01
   -9.003410E+01   3.555621E+01
   -9.000864E+01   3.556304E+01
   -8.998877E+01   3.556298E+01
   -8.995424E+01   3.554216E+01
   -8.994363E+01   3.555455E+01
   -8.995941E+01   3.558016E+01
   -8.995958E+01   3.559151E+01
   -8.994715E+01   3.560405E+01
   -8.991310E+01   3.561991E+01
   -8.989601E+01   3.561785E+01
   -8.987797E+01   3.562828E+01
   -8.987697E+01   3.563762E+01
   -8.989839E+01   3.564795E+01
   -8.991640E+01   3.565245E+01
   -8.993197E+01   3.565944E+01
   -8.995857E+01   3.568959E+01
   -8.996188E+01   3.572398E+01
   -8.995857E+01   3.573529E+01
   -8.991043E+01   3.576236E+01
   -8.987643E+01   3.574436E+01
   -8.980181E+01   3.577708E+01
   -8.980179E+01   3.579022E+01
   -8.978319E+01   3.580774E+01
   -8.976575E+01   3.581420E+01
   -8.973454E+01   3.580916E+01
   -8.970779E+01   3.582077E+01
   -8.971068E+01   3.583626E+01
   -8.976536E+01   3.585549E+01
   -8.977506E+01   3.586359E+01
   -8.977150E+01   3.588785E+01
   -8.975753E+01   3.589942E+01
   -8.971456E+01   3.590922E+01
   -8.968670E+01   3.589958E+01
   -8.966402E+01   3.589544E+01
   -8.965476E+01   3.591974E+01
   -8.971690E+01   3.596115E+01
   -8.972253E+01   3.596999E+01
   -8.972190E+01   3.598433E+01
   -8.973606E+01   3.600103E+01
   -8.973613E+01   3.600602E+01
END
END
