none
1
   -7.183236E+01   4.137133E+01
   -7.183335E+01   4.137591E+01
   -7.183143E+01   4.137869E+01
   -7.183420E+01   4.138209E+01
   -7.183334E+01   4.138691E+01
   -7.183918E+01   4.139051E+01
   -7.184290E+01   4.139524E+01
   -7.184172E+01   4.140044E+01
   -7.184429E+01   4.140530E+01
   -7.184302E+01   4.141063E+01
   -7.183941E+01   4.141307E+01
   -7.183427E+01   4.141229E+01
   -7.182563E+01   4.141536E+01
   -7.182409E+01   4.141788E+01
   -7.181822E+01   4.142054E+01
   -7.181198E+01   4.141989E+01
   -7.180674E+01   4.141740E+01
   -7.180349E+01   4.141810E+01
   -7.180130E+01   4.141624E+01
   -7.179842E+01   4.141730E+01
   -7.178769E+01   4.165599E+01
   -7.179862E+01   4.193537E+01
   -7.179984E+01   4.200844E+01
   -7.176603E+01   4.201044E+01
   -7.152773E+01   4.201570E+01
   -7.149991E+01   4.201790E+01
   -7.138102E+01   4.201938E+01
   -7.138100E+01   4.189402E+01
   -7.133808E+01   4.189872E+01
   -7.134008E+01   4.188168E+01
   -7.133330E+01   4.186227E+01
   -7.134144E+01   4.184477E+01
   -7.133450E+01   4.183541E+01
   -7.134434E+01   4.182755E+01
   -7.134641E+01   4.182313E+01
   -7.133821E+01   4.180844E+01
   -7.134001E+01   4.179854E+01
   -7.133884E+01   4.179686E+01
   -7.133354E+01   4.179510E+01
   -7.133164E+01   4.179273E+01
   -7.132863E+01   4.178702E+01
   -7.132869E+01   4.178282E+01
   -7.132744E+01   4.178106E+01
   -7.126098E+01   4.175287E+01
   -7.119503E+01   4.167578E+01
   -7.117563E+01   4.167220E+01
   -7.117524E+01   4.166866E+01
   -7.113223E+01   4.166035E+01
   -7.113501E+01   4.162821E+01
   -7.113981E+01   4.162355E+01
   -7.114081E+01   4.161605E+01
   -7.113993E+01   4.160547E+01
   -7.113691E+01   4.160296E+01
   -7.113093E+01   4.159405E+01
   -7.112170E+01   4.152220E+01
   -7.112010E+01   4.149716E+01
   -7.110885E+01   4.099017E+01
   -7.172030E+01   4.099920E+01
   -7.191250E+01   4.131314E+01
   -7.185974E+01   4.132017E+01
   -7.184829E+01   4.132971E+01
   -7.182968E+01   4.134136E+01
   -7.183188E+01   4.135082E+01
   -7.183663E+01   4.135361E+01
   -7.183851E+01   4.135895E+01
   -7.183826E+01   4.136580E+01
   -7.183236E+01   4.137133E+01
END
END
