none
1
   5.961753E+00   5.017631E+01
   6.026268E+00   5.018496E+01
   6.033182E+00   5.016395E+01
   6.060695E+00   5.015536E+01
   6.076680E+00   5.015913E+01
   6.078237E+00   5.017255E+01
   6.101762E+00   5.017199E+01
   6.122501E+00   5.016437E+01
   6.120101E+00   5.015594E+01
   6.127695E+00   5.014993E+01
   6.113228E+00   5.013739E+01
   6.123691E+00   5.013719E+01
   6.140929E+00   5.013050E+01
   6.135554E+00   5.011899E+01
   6.138082E+00   5.010263E+01
   6.131085E+00   5.009964E+01
   6.135473E+00   5.009119E+01
   6.121939E+00   5.009059E+01
   6.126335E+00   5.007817E+01
   6.131858E+00   5.007348E+01
   6.121171E+00   5.006400E+01
   6.114444E+00   5.006139E+01
   6.115631E+00   5.005817E+01
   6.123611E+00   5.006323E+01
   6.136608E+00   5.004178E+01
   6.130343E+00   5.002975E+01
   6.148207E+00   5.002307E+01
   6.138680E+00   5.001572E+01
   6.135938E+00   5.001485E+01
   6.131384E+00   5.001905E+01
   6.130243E+00   5.001819E+01
   6.139343E+00   5.001116E+01
   6.151702E+00   5.001058E+01
   6.145464E+00   4.999689E+01
   6.139657E+00   4.999940E+01
   6.138524E+00   4.999829E+01
   6.142178E+00   4.999535E+01
   6.150227E+00   4.999518E+01
   6.156247E+00   4.998867E+01
   6.173045E+00   4.998589E+01
   6.173480E+00   4.998344E+01
   6.170353E+00   4.998376E+01
   6.165487E+00   4.997115E+01
   6.171512E+00   4.996298E+01
   6.176298E+00   4.996200E+01
   6.179954E+00   4.995386E+01
   6.183393E+00   4.995480E+01
   6.179829E+00   4.996307E+01
   6.183312E+00   4.996860E+01
   6.192774E+00   4.997158E+01
   6.199783E+00   4.995352E+01
   6.207066E+00   4.995672E+01
   6.212689E+00   4.995140E+01
   6.225023E+00   4.995039E+01
   6.220440E+00   4.994369E+01
   6.228241E+00   4.993726E+01
   6.226350E+00   4.992766E+01
   6.219133E+00   4.992354E+01
   6.229862E+00   4.992125E+01
   6.236032E+00   4.991355E+01
   6.231867E+00   4.991064E+01
   6.227694E+00   4.991062E+01
   6.232286E+00   4.990720E+01
   6.233810E+00   4.990028E+01
   6.246919E+00   4.989535E+01
   6.257809E+00   4.988724E+01
   6.263008E+00   4.988101E+01
   6.276455E+00   4.987725E+01
   6.281126E+00   4.987957E+01
   6.291661E+00   4.987548E+01
   6.297699E+00   4.986673E+01
   6.309889E+00   4.987107E+01
   6.315324E+00   4.986730E+01
   6.314651E+00   4.986057E+01
   6.323611E+00   4.985188E+01
   6.321577E+00   4.984090E+01
   6.327406E+00   4.983673E+01
   6.336561E+00   4.983998E+01
   6.339366E+00   4.985070E+01
   6.364651E+00   4.985164E+01
   6.402203E+00   4.982098E+01
   6.426434E+00   4.981629E+01
   6.428071E+00   4.981186E+01
   6.430970E+00   4.981129E+01
   6.441608E+00   4.981547E+01
   6.443442E+00   4.981233E+01
   6.453660E+00   4.981275E+01
   6.464538E+00   4.981975E+01
   6.470570E+00   4.982385E+01
   6.496805E+00   4.981277E+01
   6.506690E+00   4.980993E+01
   6.511554E+00   4.980238E+01
   6.514850E+00   4.980513E+01
   6.519604E+00   4.981446E+01
   6.529808E+00   4.981048E+01
   6.532249E+00   4.980686E+01
   6.530829E+00   4.980116E+01
   6.506225E+00   4.978899E+01
   6.519171E+00   4.978344E+01
   6.511055E+00   4.977422E+01
   6.520563E+00   4.976818E+01
   6.520516E+00   4.976134E+01
   6.503734E+00   4.975086E+01
   6.502627E+00   4.973298E+01
   6.507266E+00   4.972938E+01
   6.518092E+00   4.972420E+01
   6.516417E+00   4.972129E+01
   6.511763E+00   4.972016E+01
   6.504791E+00   4.972500E+01
   6.498913E+00   4.972639E+01
   6.495576E+00   4.972443E+01
   6.507122E+00   4.971655E+01
   6.507884E+00   4.971215E+01
   6.504598E+00   4.971227E+01
   6.427139E+00   4.966237E+01
   6.439899E+00   4.966025E+01
   6.442511E+00   4.965591E+01
   6.421781E+00   4.961809E+01
   6.398978E+00   4.960094E+01
   6.379408E+00   4.959526E+01
   6.375507E+00   4.958809E+01
   6.384426E+00   4.958010E+01
   6.381188E+00   4.957509E+01
   6.369093E+00   4.957830E+01
   6.357913E+00   4.957166E+01
   6.384902E+00   4.955817E+01
   6.380095E+00   4.954856E+01
   6.358555E+00   4.953296E+01
   6.359322E+00   4.952481E+01
   6.370763E+00   4.950545E+01
   6.370562E+00   4.945732E+01
   6.333403E+00   4.946493E+01
   6.321894E+00   4.947244E+01
   6.295034E+00   4.947928E+01
   6.287889E+00   4.948379E+01
   6.271912E+00   4.949995E+01
   6.241327E+00   4.950693E+01
   6.196692E+00   4.950331E+01
   6.173373E+00   4.950577E+01
   6.160858E+00   4.950085E+01
   6.167099E+00   4.949006E+01
   6.140179E+00   4.948525E+01
   6.129367E+00   4.948803E+01
   6.127247E+00   4.947081E+01
   6.101403E+00   4.946726E+01
   6.104826E+00   4.945076E+01
   6.081667E+00   4.945417E+01
   6.077222E+00   4.946139E+01
   6.059167E+00   4.946306E+01
   6.052222E+00   4.946028E+01
   6.044213E+00   4.944553E+01
   6.025294E+00   4.944703E+01
   6.021545E+00   4.945127E+01
   6.015740E+00   4.944885E+01
   5.994123E+00   4.945301E+01
   5.976569E+00   4.944885E+01
   5.977725E+00   4.945955E+01
   5.972317E+00   4.946087E+01
   5.968912E+00   4.948202E+01
   5.961600E+00   4.949026E+01
   5.915781E+00   4.949835E+01
   5.890334E+00   4.949480E+01
   5.863321E+00   4.950006E+01
   5.848970E+00   4.950826E+01
   5.848280E+00   4.951397E+01
   5.836410E+00   4.951817E+01
   5.831868E+00   4.952639E+01
   5.843080E+00   4.953081E+01
   5.835622E+00   4.954114E+01
   5.816251E+00   4.953325E+01
   5.805201E+00   4.954272E+01
   5.859432E+00   4.957158E+01
   5.868663E+00   4.958700E+01
   5.862888E+00   4.958525E+01
   5.851102E+00   4.958379E+01
   5.847116E+00   4.958961E+01
   5.845652E+00   4.959810E+01
   5.869401E+00   4.961060E+01
   5.881819E+00   4.963815E+01
   5.899978E+00   4.963907E+01
   5.899339E+00   4.966239E+01
   5.856561E+00   4.967628E+01
   5.856283E+00   4.968211E+01
   5.875703E+00   4.971118E+01
   5.864811E+00   4.972331E+01
   5.843249E+00   4.971822E+01
   5.821910E+00   4.972128E+01
   5.824894E+00   4.973767E+01
   5.820728E+00   4.974878E+01
   5.786264E+00   4.979079E+01
   5.765172E+00   4.978961E+01
   5.750937E+00   4.979094E+01
   5.741591E+00   4.982126E+01
   5.745814E+00   4.982435E+01
   5.737197E+00   4.983353E+01
   5.740531E+00   4.984142E+01
   5.747012E+00   4.984048E+01
   5.746237E+00   4.984783E+01
   5.753989E+00   4.984878E+01
   5.740663E+00   4.985152E+01
   5.752288E+00   4.985922E+01
   5.749545E+00   4.987554E+01
   5.775668E+00   4.987438E+01
   5.775053E+00   4.988057E+01
   5.734598E+00   4.989341E+01
   5.733033E+00   4.990285E+01
   5.757834E+00   4.991737E+01
   5.760393E+00   4.993252E+01
   5.770728E+00   4.993711E+01
   5.768783E+00   4.994239E+01
   5.768802E+00   4.996104E+01
   5.786724E+00   4.996816E+01
   5.805240E+00   4.996677E+01
   5.806521E+00   4.997321E+01
   5.831293E+00   4.997995E+01
   5.834616E+00   4.998656E+01
   5.818057E+00   4.999936E+01
   5.815606E+00   5.001437E+01
   5.847923E+00   5.002809E+01
   5.861889E+00   5.004581E+01
   5.850872E+00   5.005630E+01
   5.857809E+00   5.007186E+01
   5.880997E+00   5.008069E+01
   5.891965E+00   5.012041E+01
   5.952856E+00   5.013384E+01
   5.961753E+00   5.017631E+01
END
END
