Татарстан
1
	50.3247146606	56.8565230362
	50.3364783556	56.8561379327
	50.3481916767	56.8549842713
	50.3483161445	56.8549678406
	50.3713721747	56.8519160828
	50.3828604958	56.8500152343
	50.3943230247	56.8473425474
	50.4055862094	56.8439258977
	50.4166018191	56.8397799158
	50.4273226834	56.8349223553
	50.4377028938	56.8293740173
	50.4476980008	56.8231586604
	50.4569415725	56.8165506486
	50.4733154596	56.8040453704
	50.4806942931	56.7998197872
	50.4845544044	56.7996262514
	50.4873114855	56.7994667902
	50.4990248065	56.7983131287
	50.5028410165	56.7977690513
	50.5136747567	56.7961058433
	50.5214713356	56.7947326415
	50.5329338645	56.7920599546
	50.5347371123	56.7915667175
	50.5416798613	56.7896288513
	50.5511397982	56.7867054387
	50.562155408	56.7825594568
	50.5728762723	56.7777018964
	50.5832564827	56.7721535583
	50.5932515897	56.7659382014
	50.6028187925	56.7590824408
	50.6119171231	56.7516156338
	50.6205076209	56.7435697547
	50.6285535001	56.7349792569
	50.636020307	56.7258809263
	50.6428760676	56.7163137234
	50.6490914245	56.7063186165
	50.6546397626	56.6959384061
	50.659497323	56.6852175418
	50.6636433049	56.674201932
	50.6670599546	56.6629387473
	50.6697326415	56.6514762184
	50.6716499207	56.6398634296
	50.6728035821	56.6281501086
	50.6731886856	56.6163864136
	50.6728035821	56.6046227186
	50.6716499207	56.5929093976
	50.6700843513	56.5834268836
	50.6723763084	56.5828924742
	50.6836394931	56.5794758244
	50.6946551028	56.5753298425
	50.6985443451	56.5735676498
	50.7073170243	56.5777682976
	50.7161649045	56.5817156457
	50.7271805143	56.5858616277
	50.7384436989	56.5892782774
	50.7499062279	56.5919509643
	50.7615190167	56.5938682435
	50.7732323377	56.5950219049
	50.7849960327	56.5954070084
	50.7967597277	56.5950219049
	50.8084730487	56.5938682435
	50.8200858376	56.5919509643
	50.8315483665	56.5892782774
	50.8397801818	56.5868607321
	50.8467229309	56.5846405782
	50.8497543002	56.5836414739
	50.8607699099	56.5794954919
	50.8714907742	56.5746379315
	50.8818709847	56.5690895934
	50.8856521918	56.5668444382
	50.8864768288	56.5666824096
	50.8979393577	56.5640097227
	50.9092025424	56.560593073
	50.9202181521	56.5564470911
	50.9309390164	56.5515895306
	50.9413192269	56.5460411926
	50.9513143338	56.5398258357
	50.9608815367	56.532970075
	50.9699798672	56.5255032681
	50.978570365	56.5174573889
	50.9866162442	56.5088668911
	50.9921831523	56.5022010541
	51.0009317553	56.4911959404
	51.0085507535	56.4830337613
	51.0160175604	56.4739354307
	51.0183988401	56.470760152
	51.0245099851	56.4624212238
	51.028984466	56.4560292996
	51.0351998229	56.4460341927
	51.0403476649	56.4364610064
	51.0421658658	56.4344192593
	51.0496326727	56.4253209288
	51.0564884333	56.4157537259
	51.0627037902	56.4057586189
	51.0682521283	56.3953784085
	51.0731096887	56.3846575442
	51.0772556706	56.3736419345
	51.0806723204	56.3623787498
	51.0833450072	56.3509162209
	51.0852622864	56.339303432
	51.085276802	56.3391929111
	51.0857140833	56.3358554473
	51.0921453275	56.3317646174
	51.0936963629	56.330716533
	51.095734474	56.3308617486
	51.1074981689	56.3312468521
	51.1286010742	56.3312468521
	51.1403647692	56.3308617486
	51.1520780902	56.3297080872
	51.158555227	56.3287350702
	51.1944972529	56.322664605
	51.1998149628	56.3221832892
	51.2070783954	56.3213767884
	51.2135810859	56.3203994536
	51.2349739082	56.3167831206
	51.2400840065	56.3158431762
	51.2515465354	56.3131704893
	51.2628097201	56.3097538396
	51.2738253299	56.3056078577
	51.2845461941	56.3007502972
	51.2926139298	56.2965143731
	51.2931073484	56.296719613
	51.3041229581	56.300865595
	51.3050603573	56.3011809276
	51.3275594418	56.3086806224
	51.3378852273	56.3117819395
	51.3428874238	56.3130456663
	51.3592753632	56.3169366575
	51.3657356956	56.3183456176
	51.3773484845	56.3202628968
	51.3791806914	56.3204945484
	51.4066846587	56.3238285939
	51.4165657728	56.3247506036
	51.4283294678	56.3251357071
	51.4400931628	56.3247506036
	51.4461780064	56.3242479315
	51.4545169346	56.3234163275
	51.460145412	56.3227653382
	51.4641216856	56.3221966138
	51.4749401671	56.3205257764
	51.4825766823	56.3191772216
	51.4906553582	56.3173760956
	51.4981635476	56.3195639219
	51.5096260765	56.3222366088
	51.5212388653	56.324153888
	51.5230103948	56.3243781738
	51.5321732977	56.3254920654
	51.5421150892	56.326421441
	51.5538787842	56.3268065445
	51.5656424792	56.326421441
	51.5773558002	56.3252677796
	51.5787746804	56.3250752317
	51.5859809593	56.3268085602
	51.5929543236	56.3283401244
	51.6045671124	56.3302574036
	51.6162804334	56.3314110651
	51.6280441284	56.3317961686
	51.6335947584	56.3317105017
	51.6424906325	56.3314358435
	51.6487036974	56.3311364069
	51.6604170185	56.3299827454
	51.6720298073	56.3280654662
	51.6834923362	56.3253927793
	51.6947555209	56.3219761296
	51.7026620954	56.3190841363
	51.7104364484	56.3160323785
	51.7135454837	56.3147783899
	51.724266348	56.3099208295
	51.7346465584	56.3043724914
	51.7446416653	56.2981571345
	51.7542088682	56.2913013739
	51.7590869025	56.2874222224
	51.7638094977	56.2835312312
	51.768029794	56.2799435757
	51.7766202918	56.2718976965
	51.784666171	56.2633071988
	51.7890175611	56.2581535801
	51.7926262647	56.2537132725
	51.7957416815	56.2497685606
	51.8025974421	56.2402013577
	51.808812799	56.2302062508
	51.8143611371	56.2198260403
	51.8192186975	56.209105176
	51.8233646794	56.1980895663
	51.8267813291	56.1868263816
	51.829454016	56.1753638527
	51.8313712952	56.1637510639
	51.8320966972	56.1573599644
	51.832653643	56.1515234775
	51.8330819025	56.146201256
	51.833467006	56.134437561
	51.833110347	56.1235427557
	51.8345056735	56.1245426325
	51.8429762916	56.1298678218
	51.8490874366	56.1334765254
	51.8506119255	56.1343666931
	51.8609921359	56.1399150311
	51.8717130002	56.1447725915
	51.88272861	56.1489185735
	51.8939917946	56.1523352232
	51.9054543236	56.1550079101
	51.9170671124	56.1569251893
	51.9287804334	56.1580788507
	51.9405441284	56.1584639542
	51.9457534715	56.1583885003
	51.9490593641	56.1586357965
	51.9608230591	56.1590209
	51.9725867541	56.1586357965
	51.9843000751	56.1574821351
	51.9959128639	56.1555648559
	52.0073753929	56.152892169
	52.0186385775	56.1494755193
	52.0213285352	56.1485385825
	52.023547016	56.1477461124
	52.025619942	56.1523211575
	52.0311682801	56.162701368
	52.037383637	56.1726964749
	52.0442393976	56.1822636778
	52.0486906909	56.1878326173
	52.0528563403	56.1928375001
	52.0558718539	56.1963668911
	52.0639177331	56.2049573889
	52.0725082309	56.2130032681
	52.0816065615	56.220470075
	52.0911737643	56.2273258357
	52.1011688713	56.2335411926
	52.1026098178	56.2343642839
	52.108995621	56.2379729875
	52.117934885	56.2426982343
	52.1286557492	56.2475557947
	52.1329549599	56.2492721082
	52.1401799966	56.2520492079
	52.1468963956	56.2544788762
	52.1581595803	56.2578955259
	52.1696221092	56.2605682128
	52.181234898	56.262485492
	52.1830885564	56.2627197427
	52.2014219915	56.2649398965
	52.2112816541	56.2658593072
	52.2181073685	56.2661766145
	52.2383862992	56.2667335603
	52.2433242798	56.2668013565
	52.2550879748	56.266416253
	52.2640883017	56.2655988098
	52.2760359336	56.26421026
	52.2787489276	56.2638740418
	52.2903617165	56.2619567626
	52.3018242454	56.2592840757
	52.3075942397	56.2576343634
	52.3181449206	56.2572533502
	52.3298582416	56.2560996888
	52.3414710304	56.2541824096
	52.3529335594	56.2515097227
	52.3632007646	56.2484279212
	52.3698688555	56.2462077674
	52.3708648349	56.2458729192
	52.3782201326	56.2431045811
	52.3780158148	56.245179054
	52.3776307113	56.256942749
	52.3780158148	56.268706444
	52.3791694763	56.280419765
	52.3796135051	56.2835761223
	52.3804451091	56.2891303215
	52.3819183595	56.2975867531
	52.3845910463	56.309049282
	52.3880076961	56.3203124667
	52.392153678	56.3313280764
	52.3970112384	56.3420489407
	52.4025595765	56.3524291512
	52.4087749334	56.3624242581
	52.415630694	56.371991461
	52.4230975009	56.3810897915
	52.4311433801	56.3896802893
	52.4370028837	56.3952814765
	52.439105635	56.3978243419
	52.443553572	56.4031038829
	52.445878873	56.4058090298
	52.4539247522	56.4143995276
	52.46251525	56.4224454068
	52.4716135805	56.4299122137
	52.4811807834	56.4367679743
	52.4911758903	56.4429833312
	52.5015561008	56.4485316693
	52.5122769651	56.4533892297
	52.5193253698	56.4561365807
	52.5337601843	56.4614161217
	52.5377273893	56.4628147527
	52.546337861	56.4654267107
	52.5596918281	56.4760917838
	52.5624415224	56.4782444281
	52.5655597584	56.480583887
	52.5675538628	56.482272054
	52.5732112737	56.4913076199
	52.5800670343	56.5008748228
	52.5875338412	56.5099731533
	52.5955797204	56.5185636511
	52.6041702182	56.5266095303
	52.6132685488	56.5340763372
	52.6228357516	56.5409320979
	52.6328308586	56.5471474548
	52.643211069	56.5526957928
	52.6488529369	56.5552520899
	52.6491455323	56.5570243141
	52.6518182192	56.5684868431
	52.6552348689	56.5797500277
	52.6567045036	56.5839110196
	52.6586423698	56.5891905607
	52.6613187171	56.5960451785
	52.6661762775	56.6067660428
	52.6717246155	56.6171462532
	52.6779399724	56.6271413602
	52.6847957331	56.636708563
	52.69226254	56.6458068936
	52.7003084192	56.6543973914
	52.708898917	56.6624432706
	52.7179972475	56.6699100775
	52.7275644504	56.6767658381
	52.7375595573	56.682981195
	52.7479397678	56.6885295331
	52.7586606321	56.6933870935
	52.7696762418	56.6975330754
	52.7809394265	56.7009497251
	52.7924019554	56.703622412
	52.8040147442	56.7055396912
	52.8157280653	56.7066933527
	52.8274917603	56.7070784562
	52.8392554552	56.7066933527
	52.8509687763	56.7055396912
	52.8521902668	56.7053746191
	52.8572308891	56.7046758346
	52.8672726926	56.7092257165
	52.8782883024	56.7133716985
	52.889551487	56.7167883482
	52.9008916354	56.7194366479
	52.9092229342	56.7210998559
	52.9093453148	56.7211242431
	52.9209581036	56.7230415223
	52.9326714246	56.7241951837
	52.9444351196	56.7245802872
	52.9561988146	56.7241951837
	52.9679121356	56.7230415223
	52.9795249245	56.7211242431
	52.9857932657	56.7197607563
	52.9859643464	56.7197203348
	52.9997959198	56.7181441486
	53.0029081684	56.7177619813
	53.0115452	56.7164106109
	53.0329456517	56.7125272491
	53.0359214089	56.7119613403
	53.0473839378	56.7092886534
	53.0522101801	56.7079230641
	53.0591206056	56.7058632646
	53.0683491567	56.7069524873
	53.0776680677	56.7078072443
	53.0894317627	56.7081923478
	53.1011954577	56.7078072443
	53.1129087787	56.7066535828
	53.1245215676	56.7047363036
	53.1310611275	56.7033085136
	53.1368976143	56.7019199638
	53.1418205833	56.7006750669
	53.153083768	56.6972584172
	53.1640993777	56.6931124353
	53.174820242	56.6882548749
	53.1852004524	56.6827065368
	53.1951955594	56.6764911799
	53.2047627623	56.6696354193
	53.2138610928	56.6621686124
	53.2224515906	56.6541227332
	53.2304974698	56.6455322354
	53.2379642767	56.6364339048
	53.2448200373	56.626866702
	53.2510353942	56.616871595
	53.2565837323	56.6064913846
	53.2614412927	56.5957705203
	53.2655872746	56.5847549105
	53.2690039244	56.5734917259
	53.2716766112	56.5620291969
	53.2735938904	56.5504164081
	53.2747475519	56.5387030871
	53.2751326554	56.5269393921
	53.2747475519	56.5151756971
	53.2735938904	56.5034623761
	53.2716766112	56.4918495872
	53.2690039244	56.4803870583
	53.2655872746	56.4691238736
	53.2614412927	56.4581082639
	53.2565837323	56.4473873996
	53.253400313	56.4414316409
	53.2564948464	56.4423361387
	53.2676797026	56.4449533658
	53.2760110014	56.4466242032
	53.2762886741	56.446679663
	53.287901463	56.4485969422
	53.2917367627	56.4490600243
	53.3195153881	56.4521117821
	53.3273934095	56.4528023614
	53.3340828603	56.4531158747
	53.3440849965	56.4533981623
	53.3491592407	56.4534697525
	53.3595539663	56.4531691353
	53.371323807	56.4524877938
	53.3771932884	56.4538080196
	53.3815743187	56.4547363036
	53.3931871075	56.4566535828
	53.4049004286	56.4578072443
	53.4166641235	56.4581923478
	53.4284278185	56.4578072443
	53.4302141657	56.4576812269
	53.4413225641	56.4568419935
	53.451249538	56.4558143494
	53.4628623268	56.4538970702
	53.4743248557	56.4512243833
	53.4812277313	56.4492261392
	53.4981649871	56.4439542276
	53.5025252963	56.442535822
	53.513540906	56.4383898401
	53.5242617703	56.4335322797
	53.5300726851	56.4305341319
	53.5692282505	56.4263230995
	53.5734724384	56.4258155701
	53.5850852272	56.4238982909
	53.5965477561	56.421225604
	53.6078109408	56.4178089543
	53.6188265506	56.4136629724
	53.6295474148	56.408805412
	53.6399276253	56.4032570739
	53.6415368366	56.4023168454
	53.6476403522	56.3987081418
	53.6560262479	56.3934330134
	53.6655934507	56.3865772528
	53.6746917813	56.3791104459
	53.6832822791	56.3710645667
	53.6913281583	56.3624740689
	53.6987949652	56.3533757383
	53.7056507258	56.3438085355
	53.7118660827	56.3338134285
	53.7174144208	56.3234332181
	53.7222719812	56.3127123538
	53.7264179631	56.301696744
	53.7298346128	56.2904335594
	53.7325072997	56.2789710304
	53.7344245789	56.2673582416
	53.7355782403	56.2556449206
	53.7359633438	56.2438812256
	53.7359382931	56.2408794196
	53.7364200994	56.2394790316
	53.7398367491	56.228215847
	53.742509436	56.216753318
	53.7444267152	56.2051405292
	53.7455803766	56.1934272082
	53.74573426	56.1907806982
	53.7460165476	56.1852188696
	53.7462477677	56.1761016846
	53.7458626642	56.1643379896
	53.7447090028	56.1526246686
	53.7427917236	56.1410118797
	53.7401190367	56.1295493508
	53.7367023869	56.1182861661
	53.732556405	56.1072705564
	53.7276988446	56.0965496921
	53.7229075579	56.0875858252
	53.7230834628	56.0875324651
	53.732053532	56.0842190979
	53.7473352092	56.0781079529
	53.7493807498	56.0772753381
	53.7601016141	56.0724177777
	53.7704818245	56.0668694396
	53.7715591622	56.066242451
	53.7771233289	56.066693963
	53.7888870239	56.0670790665
	53.8006507189	56.066693963
	53.8096641366	56.0658749978
	53.8216041391	56.064486448
	53.8243040424	56.0641517518
	53.8359168312	56.0622344726
	53.8473793601	56.0595617857
	53.8491395243	56.0590805683
	53.856835243	56.059751214
	53.868598938	56.0601363175
	53.880362633	56.059751214
	53.892075954	56.0585975526
	53.9036887428	56.0566802734
	53.9151512718	56.0540075865
	53.9159488234	56.0537919187
	53.9251193557	56.0512894773
	53.9355849887	56.0480884953
	53.9466005984	56.0439425134
	53.9573214627	56.039084953
	53.9677016731	56.0335366149
	53.9681003762	56.0333057423
	53.9700770765	56.0332834996
	53.9758224487	56.0334715836
	53.9875861437	56.0330864801
	53.9895884455	56.0329440167
	54.0004221858	56.0321124127
	54.010133205	56.0311012147
	54.0192473677	56.0296625986
	54.0298064497	56.027717103
	54.0323050759	56.0272384399
	54.0437676048	56.024565753
	54.0550307894	56.0211491033
	54.0660463992	56.0170031213
	54.0767672635	56.0121455609
	54.0871474739	56.0065972228
	54.0971425809	56.0003818659
	54.1067097837	55.9935261053
	54.1158081143	55.9860592984
	54.116318241	55.9856102215
	54.1210408362	55.9814369427
	54.1291212073	55.9738401404
	54.1371670865	55.9652496426
	54.1446338934	55.9561513121
	54.1513564472	55.9467699991
	54.1530913974	55.9462437077
	54.1641070071	55.9420977258
	54.1748278714	55.9372401654
	54.1800084299	55.9345802822
	54.1869511789	55.9308723965
	54.1921508309	55.9279839416
	54.2021459378	55.9217685847
	54.2117131407	55.9149128241
	54.2208114712	55.9074460171
	54.229401969	55.899400138
	54.2374478482	55.8908096402
	54.2427259093	55.8845061925
	54.2455978178	55.8828176139
	54.254361514	55.8773197321
	54.2594161178	55.8738158895
	54.2624064593	55.8733977
	54.2725852272	55.8716750854
	54.2840477561	55.8690023985
	54.2953109408	55.8655857488
	54.3063265506	55.8614397668
	54.3170474148	55.8565822064
	54.3274276253	55.8510338683
	54.3374227322	55.8448185114
	54.3469899351	55.8379627508
	54.356035663	55.8305420571
	54.3604759706	55.8266510659
	54.3605285733	55.8266049527
	54.3691190711	55.8185590735
	54.3771649503	55.8099685757
	54.3846317572	55.8008702452
	54.3914875178	55.7913030423
	54.3977028747	55.7813079354
	54.4032512128	55.7709277249
	54.4081087732	55.7602068606
	54.4122547551	55.7491912509
	54.4156714048	55.7379280662
	54.4183440917	55.7264655373
	54.4202613709	55.7148527484
	54.4214150323	55.7031394274
	54.4218001358	55.6913757324
	54.4214150323	55.6796120374
	54.4202613709	55.6678987164
	54.4183440917	55.6562859276
	54.4156714048	55.6448233986
	54.4122547551	55.633560214
	54.4081087732	55.6225446042
	54.4032512128	55.6118237399
	54.3977028747	55.6014435295
	54.396812707	55.5999190406
	54.3932040034	55.5938078956
	54.3878788142	55.5853372775
	54.3810230536	55.5757700747
	54.3735562466	55.5666717441
	54.3655103674	55.5580812463
	54.3569198697	55.5500353671
	54.3478215391	55.5425685602
	54.3460242196	55.5412072409
	54.3404623909	55.5370492209
	54.3362621523	55.5340025739
	54.3357533306	55.5331796381
	54.3323215632	55.5278421603
	54.3254658026	55.5182749575
	54.3179989957	55.5091766269
	54.3173152066	55.5084014199
	54.312874899	55.5033965371
	54.3055128089	55.4955812463
	54.2969223111	55.4875353671
	54.2878239805	55.4800685602
	54.2782567776	55.4732127996
	54.2682616707	55.4669974427
	54.2578814603	55.4614491046
	54.247160596	55.4565915442
	54.2370355092	55.4527504551
	54.2298104726	55.4502556431
	54.2289199496	55.4499507503
	54.2176567649	55.4465341005
	54.206194236	55.4438614137
	54.1946174939	55.4419488838
	54.186323804	55.4382657385
	54.1782895955	55.4351610837
	54.1752724923	55.4340774762
	54.174092054	55.4333899598
	54.1700237473	55.4311109219
	54.1697422442	55.4309579859
	54.1604741849	55.4243312688
	54.1597658801	55.4238604133
	54.1582560956	55.4207226657
	54.1527077575	55.4103424553
	54.1498347016	55.4055402816
	54.1462183686	55.3997037948
	54.1428760676	55.3945108615
	54.136020307	55.3849436586
	54.1285535001	55.3758453281
	54.1205076209	55.3672548303
	54.1119171231	55.3592089511
	54.1028187925	55.3517421442
	54.0996557066	55.3493698007
	54.0960307538	55.3415524387
	54.0904824157	55.3311722282
	54.0842670588	55.3211771213
	54.0774112982	55.3116099184
	54.0699444913	55.3025115879
	54.0618986121	55.2939210901
	54.0533081143	55.2858752109
	54.0494971984	55.2826258638
	54.0454670233	55.2771632021
	54.0380002164	55.2680648716
	54.0372259777	55.2671877922
	54.0327856701	55.2621905388
	54.0255140296	55.2544771203
	54.0169235318	55.2464312412
	54.0078252012	55.2389644342
	53.9982579984	55.2321086736
	53.9882628914	55.2258933167
	53.977882681	55.2203449786
	53.9671618167	55.2154874182
	53.9561462069	55.2113414363
	53.9533069521	55.2104038851
	53.9308002383	55.2031788485
	53.9223763084	55.20069975
	53.9187045	55.1997572492
	53.8977606075	55.1946158793
	53.8947524691	55.193564947
	53.8834892845	55.1901482973
	53.879539884	55.1891378862
	53.8794784213	55.18911701
	53.8682152366	55.1857003603
	53.8584126898	55.1833659989
	53.8441419788	55.1789623547
	53.8376595115	55.1770944033
	53.8304946921	55.1753312798
	53.8143814109	55.1717149468
	53.8128656253	55.1713816188
	53.8093961707	55.1678148279
	53.8008056729	55.1597689487
	53.7946437735	55.1546041258
	53.7890895743	55.1501561888
	53.7861531431	55.1478542047
	53.7765859402	55.1409984441
	53.7665908333	55.1347830872
	53.7562106229	55.1292347491
	53.7531242316	55.1277628306
	53.752423944	55.1264526848
	53.7462085871	55.1164575778
	53.7393528265	55.106890375
	53.7349015332	55.1013214354
	53.7307358838	55.0963165526
	53.7277203702	55.0927871616
	53.719674491	55.0841966638
	53.7110839932	55.0761507846
	53.7039794886	55.0703202684
	53.7113253299	55.0675554895
	53.7220461941	55.0626979291
	53.7324264046	55.057149591
	53.7424215115	55.0509342341
	53.7519887144	55.0440784735
	53.7610870449	55.0366116666
	53.7696775427	55.0285657874
	53.7777234219	55.0199752896
	53.7851902288	55.010876959
	53.7920459895	55.0013097562
	53.7982613464	54.9913146492
	53.8038096844	54.9809344388
	53.8086672449	54.9702135745
	53.8128132268	54.9591979647
	53.8162298765	54.9479347801
	53.8188781763	54.9365946317
	53.8197097803	54.9324289823
	53.8197341674	54.9323066017
	53.8216514466	54.9206938129
	53.822805108	54.9089804919
	53.8231902115	54.8972167969
	53.822805108	54.8854531019
	53.8216514466	54.8737397809
	53.8197341674	54.862126992
	53.8170614805	54.8506644631
	53.8136448308	54.8394012784
	53.8094988489	54.8283856687
	53.8046412885	54.8176648044
	53.7990929504	54.8072845939
	53.7928775935	54.797289487
	53.7860218329	54.7877222841
	53.7859263424	54.7876059287
	53.7836023448	54.7690041213
	53.7848425474	54.7646004295
	53.7875152343	54.7531379006
	53.7894325135	54.7415251117
	53.7905861749	54.7298117907
	53.7909712784	54.7180480957
	53.7905861749	54.7062844007
	53.7894325135	54.6945710797
	53.7875152343	54.6829582908
	53.7848425474	54.6714957619
	53.7814258977	54.6602325773
	53.7795033223	54.6548512587
	53.7770008809	54.6481831679
	53.7747774744	54.6425488767
	53.7699199139	54.6318280124
	53.7643715759	54.621447802
	53.758156219	54.611452695
	53.7513004583	54.6018854921
	53.7442478916	54.5932611828
	53.7311863682	54.5782617931
	53.730772128	54.5777877719
	53.7227262488	54.5691972742
	53.714135751	54.561151395
	53.7085521063	54.5564516135
	53.6927287421	54.5436723777
	53.6892140562	54.5409053522
	53.6834616807	54.5366701933
	53.6650285347	54.5150696156
	53.6616455748	54.5103587029
	53.6582447332	54.5057780092
	53.6507779263	54.4966796787
	53.6427320471	54.4880891809
	53.6341415493	54.4800433017
	53.6292919615	54.4759395527
	53.6187405089	54.4673259663
	53.6144917662	54.4639629084
	53.6049245633	54.4571071477
	53.6009644685	54.4545356365
	53.6006765928	54.4534476662
	53.5972599431	54.4421844816
	53.5953492518	54.4368348388
	53.590344369	54.4234910277
	53.5881090784	54.4178250608
	53.5832515179	54.4071041965
	53.5781146339	54.3974404404
	53.5747805885	54.3916039536
	53.5743691345	54.3908874992
	53.5716005412	54.3862541284
	53.5740772528	54.3830998594
	53.5796934649	54.3753633153
	53.5827452227	54.3709153783
	53.5839847712	54.3690847195
	53.5902001281	54.3590896126
	53.5957484662	54.3487094022
	53.6006060266	54.3379885379
	53.6047520085	54.3269729281
	53.6081686582	54.3157097434
	53.6108413451	54.3042472145
	53.6127586243	54.2926344257
	53.6139122858	54.2809211046
	53.6140868327	54.2778579233
	53.6143691203	54.2720290659
	53.6141945734	54.2515648573
	53.6130409119	54.2398515362
	53.6111236327	54.2282387474
	53.6103121091	54.2243804466
	53.6122016785	54.2129072528
	53.6128118831	54.2076831186
	53.6163155456	54.2018706795
	53.6218638837	54.191490469
	53.6267214441	54.1807696048
	53.630867426	54.169753995
	53.6342840757	54.1584908103
	53.6369567626	54.1470282814
	53.6388740418	54.1354154926
	53.6400277032	54.1237021715
	53.6401981901	54.1207224247
	53.6407551359	54.1093317387
	53.6409662123	54.101676295
	53.6439352598	54.091748867
	53.6466079467	54.0802863381
	53.6485252259	54.0686735492
	53.6496788873	54.0569602282
	53.6500639908	54.0451965332
	53.6496788873	54.0334328382
	53.6485252259	54.0217195172
	53.6466079467	54.0101067283
	53.6439352598	53.9986441994
	53.6405186101	53.9873810148
	53.6363726282	53.976365405
	53.6315150677	53.9656445407
	53.6259667297	53.9552643303
	53.6197513728	53.9452692233
	53.6128956121	53.9357020205
	53.6054288052	53.9266036899
	53.597382926	53.9180131921
	53.5887924283	53.9099673129
	53.5796940977	53.902500506
	53.5701268948	53.8956447454
	53.5601317879	53.8894293885
	53.5497515774	53.8838810504
	53.539434484	53.8791913127
	53.5353778986	53.8728357516
	53.528522138	53.8632685488
	53.5210553311	53.8541702182
	53.5130094519	53.8455797204
	53.5044189541	53.8375338412
	53.4972383622	53.8315592558
	53.4919588212	53.8273936064
	53.4900410826	53.8259013849
	53.4804738797	53.8190456243
	53.4704787728	53.8128302674
	53.4600985623	53.8072819293
	53.449377698	53.8024243689
	53.4383620883	53.798278387
	53.4270989036	53.7948617373
	53.4156363747	53.7921890504
	53.4040235858	53.7902717712
	53.4034587649	53.7901983207
	53.3948451785	53.7890920585
	53.3836966784	53.7880118475
	53.3719329834	53.787626744
	53.3601692884	53.7880118475
	53.3484559674	53.789165509
	53.3368431785	53.7910827882
	53.3253806496	53.7937554751
	53.3232871904	53.7943299784
	53.3144065751	53.7968247904
	53.3052368497	53.7996669368
	53.29422124	53.8038129187
	53.2835003757	53.8086704791
	53.2731201652	53.8142188172
	53.2683179916	53.8170918731
	53.2624815048	53.8207082061
	53.2572885715	53.8240505071
	53.2477213686	53.8309062677
	53.2386230381	53.8383730746
	53.2300325403	53.8464189538
	53.2219866611	53.8550094516
	53.2183789277	53.8592541214
	53.211280527	53.8625645221
	53.2009003166	53.8681128602
	53.1962426874	53.8708964497
	53.1904062006	53.8745051533
	53.1850687228	53.8779369207
	53.17550152	53.8847926813
	53.1664031894	53.8922594882
	53.1627377414	53.8956925549
	53.1614830433	53.8953824276
	53.1534140846	53.8935837037
	53.1418012958	53.8916664245
	53.1381270805	53.8912211126
	53.1206328788	53.8892832464
	53.1125937731	53.8885748969
	53.1059790465	53.8882635081
	53.0865317199	53.8877065623
	53.0846774009	53.8877407032
	53.0813827515	53.8876328476
	53.0696190565	53.8880179511
	53.0599991826	53.888908487
	53.0391633061	53.891403299
	53.037069859	53.8916664245
	53.0254570701	53.8935837037
	53.0139945412	53.8962563906
	53.0027313566	53.8996730403
	52.9917157468	53.9038190222
	52.9809948825	53.9086765826
	52.9706146721	53.9142249207
	52.9606195651	53.9204402776
	52.9510523623	53.9272960382
	52.9419540317	53.9347628452
	52.9333635339	53.9428087244
	52.9253176547	53.9513992221
	52.9178508478	53.9604975527
	52.9109950872	53.9700647556
	52.9047797303	53.9800598625
	52.8992313922	53.9904400729
	52.8943738318	54.0011609372
	52.8902278499	54.012176547
	52.8898605502	54.0132700855
	52.8881973421	54.0182749683
	52.8878896239	54.0193012151
	52.8878427707	54.0193324895
	52.8798505335	54.0249934303
	52.8711725436	54.030440888
	52.8616053408	54.0372966486
	52.854447577	54.0430859525
	52.8463312929	54.0489619928
	52.8372329624	54.0564287997
	52.8370224243	54.056613727
	52.8231292969	54.068836017
	52.8147493371	54.076696969
	52.8067034579	54.0852874668
	52.799236651	54.0943857973
	52.7923808904	54.1039530002
	52.7908649888	54.1062598322
	52.7878132309	54.1109824274
	52.7831137757	54.1186707023
	52.7775654376	54.1290509128
	52.7764358451	54.1315439767
	52.7720105096	54.1350631292
	52.7672879144	54.1389541204
	52.7630676181	54.1425417758
	52.7544771203	54.150587655
	52.7464312412	54.1591781528
	52.7394652797	54.1676662014
	52.7264234188	54.1727845293
	52.7168480614	54.1744217164
	52.7053855324	54.1770944033
	52.7052886406	54.1771203943
	52.704014624	54.1766051331
	52.697071875	54.1738280335
	52.6880874301	54.1705089168
	52.6768242454	54.167092267
	52.6653617165	54.1644195802
	52.6537489276	54.162502301
	52.6420356066	54.1613486395
	52.6302719116	54.160963536
	52.6243509517	54.1610610186
	52.6160120234	54.1613356768
	52.6101692884	54.1616232977
	52.5984559674	54.1627769592
	52.5868431785	54.1646942384
	52.5753806496	54.1673669252
	52.564117465	54.170783575
	52.5531018552	54.1749295569
	52.5423809909	54.1797871173
	52.5320007805	54.1853354554
	52.5220056735	54.1915508123
	52.5153150987	54.1962446312
	52.4965445006	54.2016700777
	52.4883902932	54.2036523256
	52.4771271085	54.2070689754
	52.4661114988	54.2112149573
	52.4648077443	54.2117610017
	52.4542172727	54.2157620764
	52.445257737	54.2197629361
	52.4319291848	54.2261563687
	52.4301678561	54.2270130695
	52.4197876457	54.2325614075
	52.4182631568	54.2334515752
	52.4121520118	54.2370602788
	52.4113688098	54.2375526513
	52.402635036	54.2361106994
	52.4015240159	54.2359679489
	52.3926357712	54.2348540573
	52.3820334704	54.2338431464
	52.3702697754	54.2334580429
	52.3585060804	54.2338431464
	52.3467927594	54.2349968078
	52.3368139408	54.2365969225
	52.3265371464	54.2385424181
	52.3249031761	54.2388595826
	52.3134406472	54.2415322695
	52.3021774625	54.2449489192
	52.2911618528	54.2490949011
	52.2889579898	54.2500934584
	52.2795489407	54.2450642169
	52.2688280764	54.2402066565
	52.2593003031	54.2366206565
	52.2590824408	54.2363306826
	52.2516156338	54.227232352
	52.2435697547	54.2186418542
	52.2349792569	54.210595975
	52.2258809263	54.2031291681
	52.2163137234	54.1962734075
	52.2078431054	54.1909482183
	52.2017319604	54.1873395147
	52.2002074715	54.186449347
	52.189827261	54.1809010089
	52.1791063967	54.1760434485
	52.1771700177	54.1752545289
	52.1702196392	54.1724697998
	52.1611404086	54.1691127376
	52.1498772239	54.1656960878
	52.138414695	54.163023401
	52.1268019061	54.1611061218
	52.1150885851	54.1599524603
	52.1033248901	54.1595673568
	52.0852661133	54.1595673568
	52.0735024183	54.1599524603
	52.0617890973	54.1611061218
	52.0501763084	54.163023401
	52.0387137795	54.1656960878
	52.0274505948	54.1691127376
	52.0164349851	54.1732587195
	52.0087595324	54.1766498608
	51.9951563219	54.1830432935
	51.9921109103	54.1845097125
	51.9817306999	54.1900580506
	51.971735593	54.1962734075
	51.9621683901	54.2031291681
	51.9530700595	54.210595975
	51.9444795618	54.2186418542
	51.9364336826	54.227232352
	51.9363460078	54.2273324005
	51.9283770419	54.2358459384
	51.920910235	54.244944269
	51.9145595277	54.2538066709
	51.9127149559	54.2540632177
	51.9024025657	54.2558044679
	51.8909400368	54.2584771547
	51.8796768522	54.2618938045
	51.8686612424	54.2660397864
	51.8579403781	54.2708973468
	51.8475601677	54.2764456849
	51.8375650607	54.2826610418
	51.8279978579	54.2895168024
	51.8188995273	54.2969836093
	51.8185118112	54.297324613
	51.813789216	54.3014902624
	51.8055864343	54.3091951379
	51.7975405551	54.3177856357
	51.7900737482	54.3268839663
	51.7832179876	54.3364511691
	51.7770026307	54.3464462761
	51.7722834603	54.3552752228
	51.7701585522	54.3556107672
	51.7596070996	54.3575562628
	51.7571312645	54.3580307252
	51.7456687356	54.3607034121
	51.7344055509	54.3641200618
	51.7233899411	54.3682660437
	51.7126690769	54.3731236041
	51.7090147125	54.3749777854
	51.7019176872	54.3755971184
	51.6785869987	54.3780995598
	51.674292149	54.3786125305
	51.6626793602	54.3805298097
	51.652244713	54.3829303303
	51.6341935655	54.3876529255
	51.6331656838	54.3879250918
	51.6219024991	54.3913417415
	51.6145227236	54.3940278995
	51.5995157045	54.3998643863
	51.5958798703	54.4013242102
	51.5851590061	54.4061817706
	51.5773611213	54.4102674743
	51.564864173	54.4172102233
	51.5622818474	54.4186728577
	51.5607573585	54.4195630254
	51.5546462135	54.423171729
	51.5516993745	54.4249501173
	51.551696744	54.4249492244
	51.5404335594	54.4215325747
	51.5289710304	54.4188598878
	51.5173582416	54.4169426086
	51.5056449206	54.4157889472
	51.5006571535	54.4155315218
	51.4417658571	54.413311368
	51.4349899292	54.4131836898
	51.4317988657	54.4132119992
	51.4071567237	54.4136492565
	51.4041720762	54.4134782366
	51.4030242076	54.4134829501
	51.3938827515	54.4131836898
	51.3821190565	54.4135687933
	51.3704057355	54.4147224548
	51.3587929466	54.416639734
	51.3473304177	54.4193124209
	51.336067233	54.4227290706
	51.3250516233	54.4268750525
	51.314330759	54.4317326129
	51.3039505485	54.437280951
	51.2939554416	54.4434963079
	51.2843882387	54.4503520685
	51.2784111492	54.4552573391
	51.2753745348	54.4549582587
	51.2636108398	54.4545731552
	51.2518471449	54.4549582587
	51.247906334	54.4552600708
	51.2470401911	54.4539514743
	51.2423050944	54.4472048395
	51.2384217326	54.4419329279
	51.2363010687	54.4391123598
	51.2288342618	54.4300140293
	51.2207883826	54.4214235315
	51.2121978848	54.4133776523
	51.2030995542	54.4059108454
	51.1935323514	54.3990550848
	51.1835372444	54.3928397278
	51.173157034	54.3872913898
	51.1717615412	54.3866591002
	51.1713972413	54.385983282
	51.168730792	54.3745520974
	51.1653141423	54.3632889127
	51.1611681604	54.352273303
	51.1563106	54.3415524387
	51.1507622619	54.3311722282
	51.144546905	54.3211771213
	51.1397854883	54.3143947646
	51.1358944971	54.3091152236
	51.1338001532	54.3063303774
	51.1263333463	54.2972320468
	51.1231396853	54.2937451725
	51.1211475774	54.2871780729
	51.1170015954	54.2761624631
	51.112144035	54.2654415988
	51.106595697	54.2550613884
	51.1003803401	54.2450662814
	51.0935245794	54.2354990786
	51.0860577725	54.226400748
	51.0780118933	54.2178102502
	51.0694213955	54.209764371
	51.060323065	54.2022975641
	51.0507558621	54.1954418035
	51.0407607552	54.1892264466
	51.0303805447	54.1836781085
	51.0232911162	54.1803716568
	51.0163407378	54.1773122696
	51.012709302	54.1757611609
	51.0016936923	54.171615179
	50.9904305076	54.1681985293
	50.9875419883	54.1674501768
	50.9797676353	54.1655046811
	50.9711936257	54.1635803468
	50.9595808368	54.1616630676
	50.9521164275	54.1608384896
	50.9335083342	54.1591752816
	50.9292594225	54.1588461981
	50.9174957275	54.1584610946
	50.9057320326	54.1588461981
	50.8940187115	54.1599998596
	50.8824059227	54.1619171388
	50.8709433938	54.1645898256
	50.8596802091	54.1680064754
	50.8497625589	54.1717019056
	50.8422552347	54.1747536634
	50.8411572751	54.1752042151
	50.8304364108	54.1800617755
	50.8200562004	54.1856101136
	50.8100610934	54.1918254705
	50.8068430493	54.1940265188
	50.804755338	54.1941714877
	50.7937379498	54.1952781799
	50.782125161	54.1971954591
	50.770662632	54.199868146
	50.7593994474	54.2032847957
	50.7531143039	54.2055493367
	50.7378326266	54.2113781941
	50.7331021604	54.213259635
	50.7223812961	54.2181171954
	50.7157080801	54.2215833263
	50.7096045644	54.2249173717
	50.709599107	54.2249203529
	50.7094207852	54.2247637607
	50.7003224546	54.2172969538
	50.6907552518	54.2104411931
	50.6807601448	54.2042258362
	50.6703799344	54.1986774982
	50.6596590701	54.1938199378
	50.6575646788	54.1929677959
	50.6506143004	54.1901906963
	50.6416930819	54.1868968562
	50.6304298972	54.1834802065
	50.626489931	54.1824720957
	50.6185277737	54.1768337102
	50.6085326668	54.1706183533
	50.5981524564	54.1650700153
	50.5874315921	54.1602124548
	50.5764159823	54.1560664729
	50.5651527976	54.1526498232
	50.5536902687	54.1499771363
	50.5420774799	54.1480598571
	50.5303641588	54.1469061957
	50.5186004639	54.1465210922
	50.5068367689	54.1469061957
	50.4951234479	54.1480598571
	50.483510659	54.1499771363
	50.4720481301	54.1526498232
	50.4607849454	54.1560664729
	50.4587427513	54.1567734149
	50.4445825951	54.1617706683
	50.4356091794	54.1652097083
	50.4248883151	54.1700672687
	50.4212736694	54.1719007312
	50.4148802368	54.1752347766
	50.4081146721	54.1789496522
	50.3981195651	54.1851650091
	50.3885523623	54.1920207697
	50.3794540317	54.1994875766
	50.3708635339	54.2075334558
	50.3628176547	54.2161239536
	50.3553508478	54.2252222841
	50.3484950872	54.234789487
	50.3422797303	54.2447845939
	50.3367313922	54.2551648044
	50.3329676735	54.2634715086
	50.3304151874	54.2630500915
	50.3187018664	54.2618964301
	50.3118758966	54.2615791158
	50.2815948297	54.2607475117
	50.2766571045	54.2606797226
	50.2648934095	54.2610648261
	50.2599499669	54.2614573449
	50.2480099644	54.2625712365
	50.241240086	54.2633323791
	50.2296272972	54.2652496583
	50.2181647683	54.2679223452
	50.2069015836	54.2713389949
	50.1958859739	54.2754849768
	50.1851651096	54.2803425372
	50.1747848991	54.2858908753
	50.1647897922	54.2921062322
	50.1552225893	54.2989619928
	50.1504782953	54.3027310625
	50.1457557001	54.3066144243
	50.1414016635	54.3103121616
	50.1328111658	54.3183580408
	50.1263831121	54.3251287592
	50.1253036543	54.3251921223
	50.1028045698	54.3265806721
	50.1021202772	54.3266242133
	50.0904069562	54.3277778747
	50.0855760935	54.3284806891
	50.0744219187	54.330258338
	50.0733703358	54.3304291245
	50.0639632923	54.331985521
	50.058232949	54.3330291993
	50.0467704201	54.3357018862
	50.045927067	54.3359300587
	50.0384880638	54.33376402
	50.0355995445	54.3330156675
	50.0278251914	54.3310701719
	50.0192511818	54.3291458375
	50.007638393	54.3272285583
	49.9959250719	54.3260748969
	49.984161377	54.3256897934
	49.9758224487	54.3256897934
	49.9640587538	54.3260748969
	49.9523454327	54.3272285583
	49.9407326439	54.3291458375
	49.929270115	54.3318185244
	49.9180069303	54.3352351741
	49.9133641357	54.3368824362
	49.9058644409	54.3396595358
	49.8994916257	54.3421582556
	49.8887707614	54.347015816
	49.88319795	54.3498858121
	49.8797149658	54.3498520858
	49.8750379939	54.3499129032
	49.8644789118	54.3501875614
	49.8573921888	54.3505118475
	49.8456788678	54.351665509
	49.8402710028	54.3524612422
	49.8300018378	54.3541320796
	49.8237969139	54.3552536256
	49.812334385	54.3579263125
	49.8010712003	54.3613429622
	49.7900555906	54.3654889441
	49.7793347263	54.3703465045
	49.774748065	54.3726906331
	49.7558500548	54.3826927694
	49.7500565056	54.3858969788
	49.7400613986	54.3921123357
	49.7396323781	54.3923998899
	49.7338427127	54.3945257826
	49.7098263873	54.3978236626
	49.7090016116	54.3978553177
	49.7079912844	54.397433219
	49.6969756747	54.3932872371
	49.68571249	54.3898705874
	49.6828038175	54.3891171929
	49.6672474821	54.3852262016
	49.6586936257	54.3833069093
	49.6470808368	54.3813896301
	49.6353675158	54.3802359686
	49.6236038208	54.3798508651
	49.6118401258	54.3802359686
	49.6001268048	54.3813896301
	49.5885140159	54.3833069093
	49.5825670034	54.3845947864
	49.5709822596	54.3873094946
	49.557089417	54.3895443413
	49.5528821146	54.3896976778
	49.5476692884	54.3899634467
	49.5359559674	54.3911171081
	49.5243431785	54.3930343873
	49.5128806496	54.3957070742
	49.501617465	54.3991237239
	49.4906018552	54.4032697058
	49.4798809909	54.4081272662
	49.4695007805	54.4136756043
	49.4595056735	54.4198909612
	49.4499384707	54.4267467218
	49.4408401401	54.4342135287
	49.4322496423	54.4422594079
	49.4242037631	54.4508499057
	49.4167369562	54.4599482363
	49.4098811956	54.4695154391
	49.4067051638	54.474440551
	49.4055048769	54.4753535944
	49.4047383671	54.4759450425
	49.3997334843	54.4798284043
	49.3914016635	54.4867037631
	49.3828111658	54.4947496423
	49.3747652866	54.5033401401
	49.3672984796	54.5124384707
	49.360442719	54.5220056735
	49.3542273621	54.5320007805
	49.348679024	54.5423809909
	49.3438214636	54.5531018552
	49.3396754817	54.564117465
	49.336258832	54.5753806496
	49.3335861451	54.5868431785
	49.3316688659	54.5984559674
	49.3305152045	54.6101692884
	49.3303719034	54.6126096353
	49.330345589	54.6126629733
	49.3273817468	54.6189789919
	49.3251539636	54.6239762453
	49.3232602454	54.628381091
	49.3191142634	54.6393967008
	49.3156976137	54.6506598855
	49.3146371538	54.6552079499
	49.3113352602	54.6575740534
	49.3104336835	54.6582704047
	49.3054288007	54.662161396
	49.3020617194	54.6648443625
	49.2946777677	54.6671748714
	49.2852770962	54.6707130336
	49.2751518821	54.6676415835
	49.2636893532	54.6649688966
	49.2526154063	54.6631405805
	49.2466369717	54.6575411655
	49.2375386412	54.6500743586
	49.2279714383	54.6432185979
	49.2179763313	54.637003241
	49.2075961209	54.631454903
	49.1968752566	54.6265973425
	49.1858596469	54.6224513606
	49.1745964622	54.6190347109
	49.1631339333	54.616362024
	49.155806381	54.6150614613
	49.1469181364	54.6136729115
	49.1426328998	54.613056195
	49.1309195788	54.6119025336
	49.1191558838	54.6115174301
	49.1143456143	54.6115817642
	49.1037941617	54.6118640518
	49.0968407362	54.6121848212
	49.0851274151	54.6133384826
	49.0780498465	54.6144139561
	49.0709822512	54.6156322762
	49.0652943066	54.6115524869
	49.0578729882	54.6053464419
	49.0519841368	54.6006282526
	49.0462945724	54.5964374622
	49.0414326841	54.592571612
	49.0318654813	54.5857158514
	49.0315017265	54.5854734371
	49.0270734316	54.5813063317
	49.0238324307	54.5775054843
	49.0195390398	54.572781609
	49.0148095435	54.5677599012
	49.0143543524	54.5671641176
	49.0068875455	54.5580657871
	48.9988416663	54.5494752893
	48.9949750438	54.545722801
	48.9808148875	54.5323866194
	48.9760910122	54.5280932285
	48.9669926817	54.5206264215
	48.9574254788	54.5137706609
	48.9537930457	54.5114063495
	48.9423947303	54.5041813129
	48.9360320564	54.5003302674
	48.925651846	54.4947819293
	48.9212724062	54.4926951728
	48.8980714175	54.4820216498
	48.8917299929	54.479250846
	48.8807143832	54.475104864
	48.8694511985	54.4716882143
	48.8579886696	54.4690155274
	48.8463758808	54.4670982482
	48.835133941	54.4659761045
	48.8247274468	54.4652665708
	48.8242560656	54.4652350531
	48.8124923706	54.4648499496
	48.8007286756	54.4652350531
	48.7890153546	54.4663887145
	48.7774025657	54.4683059937
	48.7758695399	54.4686178684
	48.7717143393	54.4682105177
	48.7659293444	54.4677374945
	48.7541656494	54.467352391
	48.7424019544	54.4677374945
	48.7306886334	54.4688911559
	48.7301926921	54.4689571497
	48.6919678861	54.4740977503
	48.6622359515	54.4763700406
	48.6584715228	54.475833905
	48.6467582018	54.4746802435
	48.6349945068	54.47429514
	48.6244354248	54.47429514
	48.6126717298	54.4746802435
	48.6009584088	54.475833905
	48.5935852165	54.4769605923
	48.588506878	54.4778447274
	48.5852470374	54.4774840642
	48.5814624559	54.4771058039
	48.5800997439	54.4765347815
	48.5690841342	54.4723887996
	48.5681360589	54.4720699086
	48.5315531121	54.4598781362
	48.5212380027	54.4567803774
	48.5097754738	54.4541076905
	48.498162685	54.4521904113
	48.4864493639	54.4510367499
	48.4746856689	54.4506516464
	48.462921974	54.4510367499
	48.4512086529	54.4521904113
	48.4395958641	54.4541076905
	48.4281333352	54.4567803774
	48.4168701505	54.4601970271
	48.4058545408	54.464343009
	48.3951336765	54.4692005695
	48.384753466	54.4747489075
	48.3747583591	54.4809642644
	48.3707331575	54.4837336287
	48.3653366569	54.4867270569
	48.3562657398	54.4923290036
	48.3483343746	54.4964051466
	48.3425061024	54.4995372844
	48.3323081276	54.4971985108
	48.3206953388	54.4952812316
	48.3089820177	54.4941275702
	48.2972183228	54.4937424667
	48.2854546278	54.4941275702
	48.2737413067	54.4952812316
	48.2621285179	54.4971985108
	48.250665989	54.4998711977
	48.2486862003	54.5004138081
	48.2417434513	54.5023593037
	48.2324600553	54.505233343
	48.2214444455	54.509379325
	48.2107235812	54.5142368854
	48.2072586691	54.5159923542
	48.2008652365	54.5193187703
	48.1939499382	54.5231116395
	48.1839548312	54.5293269964
	48.1743876284	54.536182757
	48.1734860517	54.5368791084
	48.1684811689	54.5407700996
	48.160284415	54.5475405551
	48.1568296198	54.5507342091
	48.1549004286	54.5507910834
	48.1532396302	54.5509076598
	48.1199068055	54.5534024718
	48.1098542828	54.5544395568
	48.098241494	54.556356836
	48.0867789651	54.5590295229
	48.0773820704	54.5618240139
	48.062581124	54.5588977779
	48.0587085871	54.5528436862
	48.0518528265	54.5432764834
	48.0443860196	54.5341781528
	48.0363401404	54.525587655
	48.0277496426	54.5175417758
	48.0186513121	54.5100749689
	48.0090841092	54.5032192083
	47.9990890022	54.4970038514
	47.9887087918	54.4914555133
	47.9840079319	54.4892212714
	47.9773398411	54.4861695136
	47.9713198367	54.4835461951
	47.9603042269	54.4794002131
	47.9490410423	54.4759835634
	47.9375785134	54.4733108765
	47.9306880086	54.4720791415
	47.913193807	54.4693020419
	47.9084715228	54.4686164977
	47.8978743369	54.4675394785
	47.8861184921	54.4666954928
	47.8762326586	54.4651268601
	47.8715223651	54.4644432189
	47.8598090441	54.4632895575
	47.8480453491	54.462904454
	47.8374578416	54.463216335
	47.8280126512	54.4637732808
	47.8268364637	54.4638465033
	47.8151231427	54.4650001647
	47.8035103538	54.4669174439
	47.796479046	54.468556915
	47.7962116389	54.4681268893
	47.7893558783	54.4585596865
	47.7818890713	54.4494613559
	47.7738431922	54.4408708581
	47.7652526944	54.4328249789
	47.7645924305	54.4322487825
	47.7498676991	54.4194619173
	47.7414296324	54.4125713068
	47.7318624295	54.4057155462
	47.7218673226	54.3995001893
	47.7114871121	54.3939518512
	47.7067862522	54.3917176093
	47.6934500706	54.3856140937
	47.6874300662	54.3829907752
	47.6767714263	54.3789663857
	47.6548292876	54.3714666908
	47.6544723178	54.3713450984
	47.6469459566	54.368973055
	47.6316719088	54.364525118
	47.6279350852	54.3634805117
	47.6164725563	54.3608078248
	47.6048597675	54.3588905456
	47.6026828473	54.3586174452
	47.5840671246	54.3563972914
	47.5745307238	54.3555167304
	47.5627670288	54.3551316269
	47.5510033338	54.3555167304
	47.5392900128	54.3566703918
	47.5303810431	54.3580713244
	47.5259637583	54.3588799063
	47.5179799832	54.3532253118
	47.5079848763	54.3470099549
	47.4976046658	54.3414616168
	47.4868838015	54.3366040564
	47.4758681918	54.3324580745
	47.4692216447	54.3303446756
	47.4617143205	54.3281168924
	47.4570976829	54.3268136416
	47.445635154	54.3241409547
	47.4340223651	54.3222236755
	47.4223090441	54.321070014
	47.4105453491	54.3206849105
	47.3987816541	54.321070014
	47.3870683331	54.3222236755
	47.3754555443	54.3241409547
	47.370677289	54.3251590593
	47.3523514834	54.3293247087
	47.3456672097	54.330979291
	47.3353414242	54.3340806081
	47.3195028012	54.3393601491
	47.318565402	54.3396754817
	47.3075497922	54.3438214636
	47.3013751679	54.3465156348
	47.2947070771	54.349575022
	47.2901608371	54.3517384113
	47.2797806267	54.3572867493
	47.2697855197	54.3635021062
	47.2602183169	54.3703578669
	47.2511199863	54.3778246738
	47.2425294885	54.385870553
	47.2344836093	54.3944610508
	47.2270168024	54.4035593813
	47.2201610418	54.4131265842
	47.2139456849	54.4231216911
	47.2083973468	54.4335019016
	47.2072248586	54.4359250163
	47.2047224172	54.441196928
	47.201037345	54.4494946775
	47.1968913631	54.4605102872
	47.1934747133	54.4717734719
	47.1911674755	54.4814463074
	47.1903817044	54.4851971564
	47.1893992976	54.4880142545
	47.1859826479	54.4992774392
	47.183309961	54.5107399681
	47.1829245181	54.5127366447
	47.1813220352	54.5145620294
	47.1812609531	54.514631644
	47.1737941462	54.5237299746
	47.1669383855	54.5332971774
	47.1607230286	54.5432922844
	47.1551746906	54.5536724948
	47.1503171301	54.5643933591
	47.1461711482	54.5754089689
	47.1427544985	54.5866721535
	47.1400818116	54.5981346824
	47.1381645324	54.6097474713
	47.137042331	54.6209902581
	47.1338420466	54.6296768522
	47.1304253969	54.6409400368
	47.1278081698	54.652124893
	47.1266942782	54.6576790922
	47.1266388184	54.657956765
	47.1247215392	54.6695695538
	47.1235678778	54.6812828748
	47.1231827743	54.6930465698
	47.1232342112	54.6973478135
	47.1235470164	54.7104245958
	47.123880683	54.717887047
	47.1250343444	54.7296003681
	47.1269516236	54.7412131569
	47.1296243105	54.7526756858
	47.1330409602	54.7639388705
	47.1371869422	54.7749544802
	47.1420445026	54.7856753445
	47.1475928406	54.796055555
	47.1538081975	54.8060506619
	47.1606639582	54.8156178648
	47.1681307651	54.8247161953
	47.1761766443	54.8333066931
	47.1847671421	54.8413525723
	47.1937830694	54.8487561112
	47.1938896301	54.8495802265
	47.1958065798	54.8611913589
	47.196912842	54.8667531875
	47.1969131715	54.8667548439
	47.1995858584	54.8782173728
	47.2030025081	54.8894805575
	47.20714849	54.9004961673
	47.2120060504	54.9112170315
	47.2175543885	54.921597242
	47.2237697454	54.9315923489
	47.230625506	54.9411595518
	47.2380923129	54.9502578824
	47.2424873122	54.955089555
	47.2469352493	54.9598045208
	47.24903252	54.9619905225
	47.2511753619	54.9664919949
	47.2567237	54.9768722054
	47.2629390569	54.9868673123
	47.2640000907	54.9884372953
	47.2676087943	54.9937168363
	47.2734035212	55.0017140562
	47.2808703281	55.0108123867
	47.2889162073	55.0194028845
	47.2975067051	55.0274487637
	47.3066050356	55.0349155706
	47.3161722385	55.0417713313
	47.3261673454	55.0479866882
	47.3365475559	55.0535350262
	47.3472684201	55.0583925867
	47.3582840299	55.0625385686
	47.3667541884	55.0651826608
	47.3745361708	55.0674028146
	47.377329197	55.0681753721
	47.3887917259	55.070848059
	47.4004045147	55.0727653382
	47.4121178358	55.0739189996
	47.413592206	55.0740095564
	47.4233120547	55.0745665022
	47.4336013794	55.0748610489
	47.4453650744	55.0744759454
	47.4570783954	55.073322284
	47.4686911843	55.0714050048
	47.4801537132	55.0687323179
	47.4914168978	55.0653156682
	47.5024325076	55.0611696863
	47.5086071319	55.0584755151
	47.5152752227	55.0554161279
	47.5198214627	55.0532527386
	47.5302016731	55.0477044006
	47.5401967801	55.0414890437
	47.5469113075	55.0367775922
	47.5574703895	55.0290032392
	47.560323065	55.02685893
	47.5608915012	55.0264209492
	47.5825112039	55.0233845034
	47.592584922	55.0216766112
	47.5937632921	55.021438122
	47.6005398466	55.0200430296
	47.6079465892	55.0223393618
	47.6145819981	55.0242407743
	47.6225343713	55.0327314368
	47.6311248691	55.040777316
	47.6402231997	55.0482441229
	47.6409050865	55.0487327561
	47.6414929488	55.0494490683
	47.638008151	55.0505061702
	47.6269925412	55.0546521521
	47.6162716769	55.0595097125
	47.6058914665	55.0650580506
	47.5958963596	55.0712734075
	47.5863291567	55.0781291681
	47.5772308261	55.085595975
	47.5686403284	55.0936418542
	47.5605944492	55.102232352
	47.5531276422	55.1113306826
	47.5462718816	55.1208978854
	47.5400565247	55.1308929924
	47.5345081866	55.1412732028
	47.5296506262	55.1519940671
	47.5255046443	55.1630096769
	47.5220879946	55.1742728615
	47.5194153077	55.1857353905
	47.5174980285	55.1973481793
	47.5163443671	55.2090615003
	47.5159592636	55.2208251953
	47.5163443671	55.2325888903
	47.5174980285	55.2443022113
	47.5187449337	55.252358128
	47.5166163997	55.2582855558
	47.51319975	55.2695487404
	47.5105270631	55.2810112694
	47.5086097839	55.2926240582
	47.5074561224	55.3043373792
	47.5070710189	55.3161010742
	47.5074561224	55.3278647692
	47.5086097839	55.3395780902
	47.5105270631	55.3511908791
	47.51319975	55.362653408
	47.5166163997	55.3739165927
	47.5207623816	55.3849322024
	47.525619942	55.3956530667
	47.5311682801	55.4060332771
	47.537383637	55.4160283841
	47.5442393976	55.425595587
	47.5517062045	55.4346939175
	47.5597520837	55.4432844153
	47.5683425815	55.4513302945
	47.5774409121	55.4587971014
	47.5811111201	55.4615397934
	47.5877177065	55.4668613714
	47.5972849094	55.473717132
	47.5983021871	55.4743918733
	47.6096928731	55.4818915681
	47.6186707023	55.4874321838
	47.6290509128	55.4929805219
	47.6397717771	55.4978380823
	47.6507873868	55.5019840642
	47.6620505715	55.5054007139
	47.6633195842	55.5057357871
	47.6697130168	55.5073989951
	47.679906533	55.5097366088
	47.6915193219	55.511653888
	47.7032326429	55.5128075494
	47.7149963379	55.5131926529
	47.725988396	55.5128328102
	47.7261523105	55.5130325406
	47.7341981897	55.5216230383
	47.7381748654	55.5254790887
	47.7428974607	55.5299193963
	47.7475112827	55.5341092252
	47.7502754568	55.536484234
	47.7531149964	55.5415923592
	47.7593303533	55.5515874661
	47.7661861139	55.561154669
	47.7736529208	55.5702529995
	47.7816988	55.5788434973
	47.7902892978	55.5868893765
	47.795613335	55.5913790957
	47.8058901294	55.5997103945
	47.8096644228	55.6026874823
	47.8192316257	55.6095432429
	47.8251398352	55.6133264259
	47.8280855188	55.6163419714
	47.8316173759	55.6196499166
	47.8316374107	55.6208076847
	47.8315186508	55.6244354248
	47.8319037543	55.6361991198
	47.8330574157	55.6479124408
	47.8349746949	55.6595252297
	47.8376473818	55.6709877586
	47.8410640315	55.6822509433
	47.8452100134	55.693266553
	47.8500675739	55.7039874173
	47.8556159119	55.7143676277
	47.8618312688	55.7243627347
	47.8686870295	55.7339299375
	47.8761538364	55.7430282681
	47.8841997156	55.7516187659
	47.8927902134	55.7596646451
	47.9018885439	55.767131452
	47.9114557468	55.7739872126
	47.9214508537	55.7802025695
	47.9256083198	55.7825300136
	47.9257198186	55.7826970853
	47.9325755793	55.7922642881
	47.9400423862	55.8013626187
	47.9480882654	55.8099531165
	47.9520649411	55.8138091669
	47.9567875363	55.8182494745
	47.9614013584	55.8224393033
	47.9704996889	55.8299061102
	47.9800668918	55.8367618708
	47.9900619987	55.8429772277
	48.0004422092	55.8485255658
	48.0111630735	55.8533831262
	48.0221786832	55.8575291081
	48.0334418679	55.8609457579
	48.0449043968	55.8636184447
	48.0565171856	55.8655357239
	48.0682305067	55.8666893854
	48.0699867493	55.8667958714
	48.0799812562	55.8673528172
	48.1017524035	55.8672463312
	48.1088743903	55.8666371927
	48.110960545	55.8669242737
	48.1226738661	55.8680779352
	48.1227973588	55.8680859866
	48.1418449905	55.869321273
	48.1422591256	55.8695877153
	48.148087983	55.8731964189
	48.1528351311	55.8760353942
	48.1632153415	55.8815837323
	48.1711427524	55.885256503
	48.1742656328	55.8866122056
	48.180781061	55.8918567938
	48.1841045472	55.8943465704
	48.1913325136	55.900195722
	48.2008997165	55.9070514826
	48.2108948234	55.9132668395
	48.2190549869	55.9176285378
	48.2204217348	55.9234902
	48.2238383845	55.9347533847
	48.2279843665	55.9457689944
	48.2318632337	55.9544736963
	48.2346479627	55.9603025538
	48.2356266559	55.9623187161
	48.241174994	55.9726989266
	48.2473903509	55.9826940335
	48.2520518343	55.9893406614
	48.2559351961	55.9946202024
	48.2581294733	55.9975407774
	48.2655962802	56.0066391079
	48.2684691543	56.0098370776
	48.273927579	56.016366586
	48.2819734582	56.0249570838
	48.290563956	56.033002963
	48.2996622866	56.0404697699
	48.3086617392	56.0469446091
	48.3206093711	56.0549936203
	48.3211771213	56.0553745417
	48.3311722282	56.0615898986
	48.3415524387	56.0671382367
	48.3485751802	56.0704153183
	48.3555179293	56.0734747055
	48.359216052	56.0750551843
	48.3702316617	56.0792011662
	48.3814948464	56.082617816
	48.3929573753	56.0852905028
	48.4005689325	56.0866352013
	48.427515954	56.0908008507
	48.4315171856	56.0913734315
	48.4432305067	56.0925270929
	48.4500820694	56.0928451082
	48.4569015836	56.0953144475
	48.4578650226	56.0956384578
	48.4660659861	56.0983707219
	48.4869656336	56.1072374147
	48.4883817014	56.1078310632
	48.4993973111	56.1119770452
	48.5106604958	56.1153936949
	48.5126895201	56.115866797
	48.5160594539	56.1269759799
	48.5202054358	56.1379915896
	48.5250629962	56.1487124539
	48.5306113343	56.1590926644
	48.5368266912	56.1690877713
	48.5436824518	56.1786549742
	48.5511492587	56.1877533047
	48.5591951379	56.1963438025
	48.5677856357	56.2043896817
	48.5768839663	56.2118564886
	48.5864511691	56.2187122492
	48.5891104351	56.2204553131
	48.6007757793	56.2279550079
	48.6081116203	56.232427301
	48.6184918308	56.237975639
	48.6216887021	56.2395131574
	48.6270020012	56.2427040954
	48.6373822116	56.2482524335
	48.6481030759	56.2531099939
	48.6591186857	56.2572559758
	48.6703818703	56.2606726255
	48.6818443992	56.2633453124
	48.6934571881	56.2652625916
	48.7051705091	56.266416253
	48.7169342041	56.2668013565
	48.7286978991	56.266416253
	48.7322669013	56.2661466404
	48.7419867499	56.2653150364
	48.7432824126	56.2651743949
	48.7435706244	56.2739783556
	48.7447242858	56.2856916767
	48.746641565	56.2973044655
	48.7493142519	56.3087669944
	48.7527309016	56.3200301791
	48.7568768836	56.3310457888
	48.761734444	56.3417666531
	48.767282782	56.3521468636
	48.773498139	56.3621419705
	48.7803538996	56.3717091734
	48.7878207065	56.3808075039
	48.7958665857	56.3893980017
	48.8044570835	56.3974438809
	48.813555414	56.4049106878
	48.8231226169	56.4117664485
	48.8331177238	56.4179818054
	48.8434979343	56.4235301434
	48.8506832142	56.4268787533
	48.8686925205	56.4347934982
	48.8689579547	56.435379324
	48.8745062928	56.4457595345
	48.8807216497	56.4557546414
	48.8875774103	56.4653218443
	48.8950442172	56.4744201748
	48.9030900964	56.4830106726
	48.9106889359	56.4901804166
	48.9156861893	56.4946283536
	48.9166778476	56.4955044888
	48.9257761782	56.5029712957
	48.935343381	56.5098270564
	48.945338488	56.5160424133
	48.9557186984	56.5215907513
	48.9664205427	56.5264404321
	48.9766479056	56.5306781161
	48.982511893	56.5360547208
	48.9916102236	56.5435215277
	49.0011774265	56.5503772883
	49.0111725334	56.5565926452
	49.0215527438	56.5621409833
	49.0322736081	56.5669985437
	49.0432892179	56.5711445256
	49.0545524026	56.5745611753
	49.0660149315	56.5772338622
	49.0776277203	56.5791511414
	49.0893410413	56.5803048028
	49.1011047363	56.5806899063
	49.1128684313	56.5803048028
	49.122728094	56.5793853921
	49.141061529	56.5771652383
	49.1429151874	56.5769309876
	49.1545279762	56.5750137084
	49.1643370338	56.572726557
	49.1662355084	56.5730399964
	49.1744796737	56.5739325598
	49.2039215072	56.5764350012
	49.2073906629	56.5766960992
	49.2191543579	56.5770812027
	49.2309180529	56.5766960992
	49.2344870551	56.5764264866
	49.2442069037	56.5755948826
	49.2523512226	56.5747108338
	49.2584766765	56.5736995173
	49.2615733953	56.5786794461
	49.2675419216	56.587080579
	49.2714100247	56.5922075322
	49.2722972589	56.5933736021
	49.2797640659	56.6024719326
	49.2878099451	56.6110624304
	49.2964004428	56.6191083096
	49.3054987734	56.6265751165
	49.3150659763	56.6334308772
	49.3250610832	56.6396462341
	49.3354412936	56.6451945721
	49.3461621579	56.6500521326
	49.3571777677	56.6541981145
	49.3684409524	56.6576147642
	49.3799034813	56.6602874511
	49.3915162701	56.6622047303
	49.4032295912	56.6633583917
	49.4052599067	56.6634799407
	49.4155367011	56.6640368865
	49.416971507	56.6640287738
	49.4252700806	56.664300441
	49.4297211082	56.6642453587
	49.4522201927	56.6636884129
	49.45953286	56.6633583917
	49.4712461811	56.6622047303
	49.4828589699	56.6602874511
	49.4848583301	56.6598212657
	49.4912793063	56.663253349
	49.498268314	56.6665155613
	49.504325571	56.6696467816
	49.5150464353	56.674504342
	49.51740037	56.6754599536
	49.5460182288	56.6868430102
	49.5546799039	56.6900333806
	49.556069427	56.6904987562
	49.5863428645	56.7005008925
	49.5962165261	56.7034521665
	49.6018679179	56.704868761
	49.6101992167	56.7068142566
	49.6160103538	56.708070349
	49.6276231427	56.7099876282
	49.6393364637	56.7111412897
	49.6511001587	56.7115263932
	49.6556694137	56.7114683454
	49.6667778121	56.7111860578
	49.6739722521	56.7108590021
	49.6856855731	56.7097053406
	49.6872939799	56.7094862017
	49.6873512601	56.7094781341
	49.6876468186	56.7095196088
	49.733484221	56.7159130414
	49.7348542828	56.7160987733
	49.7465676038	56.7172524347
	49.7583312988	56.7176375382
	49.7626699279	56.7175852031
	49.7740529845	56.7173105449
	49.7814780504	56.7169777765
	49.7931913715	56.7158241151
	49.7971298775	56.7152612195
	49.8079636177	56.7135903821
	49.8156379006	56.7122359985
	49.8271004295	56.7095633116
	49.8383636141	56.7061466619
	49.8391623654	56.7058734302
	49.847219006	56.7030963306
	49.8574358645	56.6992235803
	49.8681567288	56.6943660199
	49.8704250768	56.693227428
	49.8834789709	56.6865593372
	49.8915908333	56.682149591
	49.8943138693	56.6804562984
	49.8986998436	56.6814789642
	49.9002103186	56.6854922
	49.905067879	56.6962130643
	49.9071232156	56.7002518029
	49.9101826029	56.7060806604
	49.9136756043	56.7124221321
	49.9198909612	56.7224172391
	49.9267467218	56.7319844419
	49.9342135287	56.7410827725
	49.9422594079	56.7496732703
	49.9508499057	56.7577191495
	49.9599482363	56.7651859564
	49.9695154391	56.772041717
	49.9795105461	56.7782570739
	49.9898907565	56.783805412
	50.0006116208	56.7886629724
	50.0116272306	56.7928089543
	50.0228904153	56.796225604
	50.0343529442	56.7988982909
	50.045965733	56.8008155701
	50.057679054	56.8019692316
	50.0580378965	56.8019923911
	50.0607997373	56.8021678672
	50.0630861572	56.8022985277
	50.0706011108	56.8026799975
	50.0797195435	56.8029112809
	50.0805223559	56.8029094892
	50.0845056735	56.8056491999
	50.0945007805	56.8118645568
	50.1048809909	56.8174128949
	50.1156018552	56.8222704553
	50.126617465	56.8264164372
	50.1378806496	56.829833087
	50.1422133188	56.8309364936
	50.1502699595	56.8328819892
	50.1573998192	56.8344512695
	50.169012608	56.8363685486
	50.175276171	56.8370817346
	50.2041610587	56.8398588342
	50.2096108167	56.8402993097
	50.2116447333	56.8404210538
	50.2319269348	56.8415198299
	50.234216052	56.8425570154
	50.2452316617	56.8467029973
	50.2564948464	56.850119647
	50.2679573753	56.8527923339
	50.2795701642	56.8547096131
	50.2912834852	56.8558632745
	50.300767392	56.8562339292
	50.3224348725	56.8565085874
	50.323452694	56.8564817237
	50.3247146606	56.8565230362
END
END
