none
1
   3.998897E+01   4.950446E+01
   3.999489E+01   4.954761E+01
   3.979514E+01   4.950784E+01
   3.962940E+01   4.957456E+01
   3.954762E+01   4.968604E+01
   3.925245E+01   4.971591E+01
   3.917134E+01   4.981935E+01
   3.892585E+01   4.974657E+01
   3.865124E+01   4.990573E+01
   3.833580E+01   4.995768E+01
   3.828829E+01   5.002419E+01
   3.819247E+01   4.989600E+01
   3.801555E+01   4.985233E+01
   3.788199E+01   4.999718E+01
   3.773295E+01   5.003249E+01
   3.761331E+01   5.013249E+01
   3.757234E+01   5.025500E+01
   3.741356E+01   5.038116E+01
   3.716752E+01   5.030649E+01
   3.688982E+01   5.028679E+01
   3.664995E+01   5.016646E+01
   3.646162E+01   5.025969E+01
   3.627515E+01   5.024484E+01
   3.607715E+01   5.039531E+01
   3.585155E+01   5.037400E+01
   3.574180E+01   5.030380E+01
   3.559275E+01   5.031192E+01
   3.534606E+01   5.055788E+01
   3.535064E+01   5.067781E+01
   3.541448E+01   5.073853E+01
   3.528067E+01   5.092582E+01
   3.527827E+01   5.100344E+01
   3.512019E+01   5.104252E+01
   3.507328E+01   5.116195E+01
   3.470031E+01   5.112526E+01
   3.460857E+01   5.119203E+01
   3.431097E+01   5.118884E+01
   3.419268E+01   5.123231E+01
   3.422899E+01   5.134658E+01
   3.417101E+01   5.142194E+01
   3.421773E+01   5.150759E+01
   3.405617E+01   5.162284E+01
   3.403453E+01   5.168698E+01
   3.435746E+01   5.179404E+01
   3.421642E+01   5.184007E+01
   3.406314E+01   5.196613E+01
   3.401219E+01   5.207252E+01
   3.403332E+01   5.212261E+01
   3.378861E+01   5.231255E+01
   3.354886E+01   5.225097E+01
   3.321088E+01   5.232006E+01
   3.289863E+01   5.219427E+01
   3.269150E+01   5.219798E+01
   3.244809E+01   5.227175E+01
   3.238992E+01   5.209939E+01
   3.209497E+01   5.198266E+01
   3.190689E+01   5.199334E+01
   3.186193E+01   5.205565E+01
   3.175549E+01   5.206822E+01
   3.154027E+01   5.229675E+01
   3.156666E+01   5.237409E+01
   3.148765E+01   5.246169E+01
   3.152909E+01   5.256008E+01
   3.144993E+01   5.269603E+01
   3.153098E+01   5.275924E+01
   3.120841E+01   5.298805E+01
   3.120669E+01   5.306964E+01
   3.128393E+01   5.309675E+01
   3.138296E+01   5.325917E+01
   3.162667E+01   5.328143E+01
   3.181184E+01   5.322346E+01
   3.185271E+01   5.316265E+01
   3.209860E+01   5.312929E+01
   3.241788E+01   5.325550E+01
   3.246274E+01   5.334737E+01
   3.268110E+01   5.340566E+01
   3.244324E+01   5.351220E+01
   3.230690E+01   5.370644E+01
   3.211660E+01   5.376006E+01
   3.189973E+01   5.372387E+01
   3.173503E+01   5.375260E+01
   3.170897E+01   5.384793E+01
   3.179375E+01   5.394019E+01
   3.180737E+01   5.402874E+01
   3.128732E+01   5.420322E+01
   3.118732E+01   5.441846E+01
   3.103625E+01   5.449514E+01
   3.110248E+01   5.461217E+01
   3.097209E+01   5.462620E+01
   3.091914E+01   5.469588E+01
   3.071476E+01   5.477384E+01
   3.078148E+01   5.497479E+01
   3.093431E+01   5.509108E+01
   3.076885E+01   5.528175E+01
   3.078692E+01   5.536041E+01
   3.085992E+01   5.541069E+01
   3.088151E+01   5.557085E+01
   3.084466E+01   5.556242E+01
   3.089839E+01   5.566412E+01
   3.102717E+01   5.579559E+01
   3.138226E+01   5.577573E+01
   3.131302E+01   5.594746E+01
   3.144484E+01   5.605578E+01
   3.142740E+01   5.626712E+01
   3.121635E+01   5.630532E+01
   3.117440E+01   5.639390E+01
   3.096972E+01   5.645285E+01
   3.100833E+01   5.660721E+01
   3.087074E+01   5.661222E+01
   3.070329E+01   5.675361E+01
   3.069976E+01   5.680453E+01
   3.083468E+01   5.685429E+01
   3.098942E+01   5.702046E+01
   3.139938E+01   5.695495E+01
   3.160934E+01   5.702768E+01
   3.174684E+01   5.714956E+01
   3.193279E+01   5.713626E+01
   3.219087E+01   5.722745E+01
   3.225023E+01   5.729775E+01
   3.235456E+01   5.726789E+01
   3.278140E+01   5.750357E+01
   3.319063E+01   5.748839E+01
   3.328096E+01   5.767498E+01
   3.350909E+01   5.776474E+01
   3.351722E+01   5.787189E+01
   3.363629E+01   5.791690E+01
   3.349213E+01   5.806468E+01
   3.356599E+01   5.815196E+01
   3.369621E+01   5.820612E+01
   3.382704E+01   5.818141E+01
   3.399496E+01   5.825034E+01
   3.417836E+01   5.825005E+01
   3.467812E+01   5.811760E+01
   3.467690E+01   5.823617E+01
   3.479444E+01   5.828278E+01
   3.510213E+01   5.825323E+01
   3.521705E+01   5.829779E+01
   3.521589E+01   5.840257E+01
   3.530411E+01   5.844789E+01
   3.564605E+01   5.849705E+01
   3.585933E+01   5.845840E+01
   3.608890E+01   5.854030E+01
   3.647492E+01   5.856397E+01
   3.664294E+01   5.873229E+01
   3.674638E+01   5.875392E+01
   3.674418E+01   5.883083E+01
   3.685317E+01   5.887408E+01
   3.708063E+01   5.889964E+01
   3.719276E+01   5.886277E+01
   3.743014E+01   5.861988E+01
   3.763468E+01   5.852963E+01
   3.768887E+01   5.865450E+01
   3.787882E+01   5.864994E+01
   3.804883E+01   5.876485E+01
   3.848310E+01   5.874317E+01
   3.854664E+01   5.880813E+01
   3.865334E+01   5.879478E+01
   3.869580E+01   5.883817E+01
   3.887783E+01   5.877423E+01
   3.894244E+01   5.885145E+01
   3.889185E+01   5.888415E+01
   3.892456E+01   5.897147E+01
   3.912757E+01   5.898777E+01
   3.948650E+01   5.892110E+01
   3.961453E+01   5.894009E+01
   3.981211E+01   5.886918E+01
   3.989076E+01   5.879151E+01
   4.003719E+01   5.877385E+01
   4.020549E+01   5.859016E+01
   4.044114E+01   5.857970E+01
   4.067725E+01   5.863151E+01
   4.096273E+01   5.862143E+01
   4.113013E+01   5.869307E+01
   4.116673E+01   5.874187E+01
   4.112054E+01   5.880965E+01
   4.116727E+01   5.885814E+01
   4.113722E+01   5.894522E+01
   4.124605E+01   5.902253E+01
   4.136040E+01   5.900826E+01
   4.172761E+01   5.914801E+01
   4.200313E+01   5.914664E+01
   4.204715E+01   5.920916E+01
   4.185683E+01   5.929122E+01
   4.202744E+01   5.946576E+01
   4.223191E+01   5.944233E+01
   4.224439E+01   5.934567E+01
   4.230405E+01   5.931150E+01
   4.249983E+01   5.937435E+01
   4.264727E+01   5.936383E+01
   4.280426E+01   5.921657E+01
   4.302427E+01   5.924508E+01
   4.314119E+01   5.932937E+01
   4.330426E+01   5.927392E+01
   4.350895E+01   5.934254E+01
   4.358130E+01   5.924909E+01
   4.376662E+01   5.930613E+01
   4.396861E+01   5.924782E+01
   4.418006E+01   5.927266E+01
   4.435370E+01   5.918075E+01
   4.499089E+01   5.916310E+01
   4.504369E+01   5.923333E+01
   4.534661E+01   5.925372E+01
   4.594067E+01   5.921570E+01
   4.600675E+01   5.935853E+01
   4.633801E+01   5.939441E+01
   4.639563E+01   5.965330E+01
   4.713637E+01   5.963105E+01
   4.711059E+01   5.941152E+01
   4.727418E+01   5.937792E+01
   4.727537E+01   5.921404E+01
   4.750387E+01   5.918579E+01
   4.750582E+01   5.911334E+01
   4.758120E+01   5.907948E+01
   4.767023E+01   5.889737E+01
   4.749244E+01   5.885841E+01
   4.731951E+01   5.888667E+01
   4.736068E+01   5.882451E+01
   4.734047E+01   5.876788E+01
   4.711008E+01   5.872565E+01
   4.704279E+01   5.867006E+01
   4.703695E+01   5.858663E+01
   4.665339E+01   5.853404E+01
   4.660558E+01   5.837334E+01
   4.647519E+01   5.835664E+01
   4.636026E+01   5.802833E+01
   4.584282E+01   5.800955E+01
   4.572848E+01   5.790901E+01
   4.561910E+01   5.788183E+01
   4.552027E+01   5.791275E+01
   4.545860E+01   5.799039E+01
   4.528148E+01   5.799683E+01
   4.517468E+01   5.805124E+01
   4.489349E+01   5.804074E+01
   4.485933E+01   5.795280E+01
   4.490334E+01   5.783408E+01
   4.475846E+01   5.766506E+01
   4.460017E+01   5.765985E+01
   4.438621E+01   5.749645E+01
   4.392279E+01   5.738350E+01
   4.373880E+01   5.741926E+01
   4.347961E+01   5.754380E+01
   4.334740E+01   5.745696E+01
   4.335657E+01   5.739755E+01
   4.313266E+01   5.717529E+01
   4.333258E+01   5.680168E+01
   4.328632E+01   5.676444E+01
   4.316532E+01   5.682169E+01
   4.288723E+01   5.676700E+01
   4.286160E+01   5.668133E+01
   4.296312E+01   5.664255E+01
   4.292884E+01   5.645159E+01
   4.271160E+01   5.642203E+01
   4.283095E+01   5.631457E+01
   4.281245E+01   5.624369E+01
   4.293505E+01   5.623903E+01
   4.300563E+01   5.618951E+01
   4.299780E+01   5.612485E+01
   4.274322E+01   5.606503E+01
   4.274218E+01   5.594073E+01
   4.254476E+01   5.589820E+01
   4.241518E+01   5.575824E+01
   4.223459E+01   5.568895E+01
   4.212191E+01   5.557698E+01
   4.219940E+01   5.542679E+01
   4.205993E+01   5.536657E+01
   4.189677E+01   5.513704E+01
   4.184106E+01   5.511939E+01
   4.200990E+01   5.513356E+01
   4.206764E+01   5.501672E+01
   4.250454E+01   5.504108E+01
   4.253039E+01   5.490139E+01
   4.248533E+01   5.482538E+01
   4.253405E+01   5.473147E+01
   4.266317E+01   5.470454E+01
   4.266812E+01   5.462668E+01
   4.272798E+01   5.458371E+01
   4.262230E+01   5.445289E+01
   4.265475E+01   5.434911E+01
   4.254423E+01   5.433137E+01
   4.249204E+01   5.426075E+01
   4.268458E+01   5.419058E+01
   4.272177E+01   5.411154E+01
   4.259393E+01   5.411589E+01
   4.259715E+01   5.406007E+01
   4.253619E+01   5.403746E+01
   4.238914E+01   5.405512E+01
   4.247084E+01   5.402118E+01
   4.247946E+01   5.392976E+01
   4.236904E+01   5.382129E+01
   4.219096E+01   5.377779E+01
   4.216199E+01   5.360109E+01
   4.235013E+01   5.345075E+01
   4.232417E+01   5.339343E+01
   4.243154E+01   5.336951E+01
   4.260390E+01   5.316539E+01
   4.297677E+01   5.296259E+01
   4.314900E+01   5.282565E+01
   4.328473E+01   5.264348E+01
   4.312940E+01   5.253762E+01
   4.315841E+01   5.251123E+01
   4.309409E+01   5.245869E+01
   4.309487E+01   5.236218E+01
   4.297086E+01   5.230729E+01
   4.291286E+01   5.218364E+01
   4.281108E+01   5.215100E+01
   4.284355E+01   5.199997E+01
   4.276857E+01   5.197736E+01
   4.269527E+01   5.178277E+01
   4.254443E+01   5.166793E+01
   4.259329E+01   5.157713E+01
   4.276736E+01   5.152495E+01
   4.288644E+01   5.142231E+01
   4.288948E+01   5.134506E+01
   4.298258E+01   5.125589E+01
   4.288205E+01   5.119576E+01
   4.270714E+01   5.120695E+01
   4.255214E+01   5.110670E+01
   4.216747E+01   5.109853E+01
   4.193824E+01   5.115560E+01
   4.179217E+01   5.098370E+01
   4.148404E+01   5.090970E+01
   4.144351E+01   5.080346E+01
   4.131689E+01   5.077548E+01
   4.157533E+01   5.057522E+01
   4.148435E+01   5.049952E+01
   4.155665E+01   5.034966E+01
   4.139196E+01   5.016170E+01
   4.141648E+01   5.006335E+01
   4.111999E+01   4.992268E+01
   4.107031E+01   4.977741E+01
   4.093648E+01   4.966679E+01
   4.066714E+01   4.962060E+01
   4.053590E+01   4.954160E+01
   4.017393E+01   4.959706E+01
   3.998897E+01   4.950446E+01
END
END
