none
1
   -2.665146E+00   5.161616E+01
   -2.659697E+00   5.162210E+01
   -2.671398E+00   5.163315E+01
   -2.670434E+00   5.164329E+01
   -2.682792E+00   5.164528E+01
   -2.673140E+00   5.165818E+01
   -2.683784E+00   5.165754E+01
   -2.685057E+00   5.165874E+01
   -2.689126E+00   5.166329E+01
   -2.685518E+00   5.166977E+01
   -2.684461E+00   5.167147E+01
   -2.660776E+00   5.167405E+01
   -2.674276E+00   5.167878E+01
   -2.672140E+00   5.169228E+01
   -2.686270E+00   5.170017E+01
   -2.684482E+00   5.170479E+01
   -2.683806E+00   5.170598E+01
   -2.671535E+00   5.170540E+01
   -2.681848E+00   5.171246E+01
   -2.689767E+00   5.173072E+01
   -2.674763E+00   5.173822E+01
   -2.666144E+00   5.175354E+01
   -2.683372E+00   5.176825E+01
   -2.675516E+00   5.179411E+01
   -2.680902E+00   5.180362E+01
   -2.673949E+00   5.181158E+01
   -2.661969E+00   5.181314E+01
   -2.661133E+00   5.182531E+01
   -2.649980E+00   5.182942E+01
   -2.637828E+00   5.184587E+01
   -2.626405E+00   5.184190E+01
   -2.600535E+00   5.185940E+01
   -2.582821E+00   5.185261E+01
   -2.587760E+00   5.186131E+01
   -2.576336E+00   5.186532E+01
   -2.534148E+00   5.186342E+01
   -2.524839E+00   5.186689E+01
   -2.509567E+00   5.188801E+01
   -2.501007E+00   5.188909E+01
   -2.490406E+00   5.188339E+01
   -2.466309E+00   5.189579E+01
   -2.446914E+00   5.189747E+01
   -2.446877E+00   5.191179E+01
   -2.469075E+00   5.192735E+01
   -2.468752E+00   5.194909E+01
   -2.490887E+00   5.195205E+01
   -2.503890E+00   5.196001E+01
   -2.496009E+00   5.196740E+01
   -2.497202E+00   5.198300E+01
   -2.477801E+00   5.199568E+01
   -2.487151E+00   5.199783E+01
   -2.495094E+00   5.200815E+01
   -2.480455E+00   5.202511E+01
   -2.464381E+00   5.202647E+01
   -2.459807E+00   5.201864E+01
   -2.435167E+00   5.201732E+01
   -2.430841E+00   5.201278E+01
   -2.432051E+00   5.199942E+01
   -2.413772E+00   5.199734E+01
   -2.402220E+00   5.199918E+01
   -2.393440E+00   5.201589E+01
   -2.350776E+00   5.202429E+01
   -2.348176E+00   5.201446E+01
   -2.322982E+00   5.200646E+01
   -2.317679E+00   5.199259E+01
   -2.320457E+00   5.197880E+01
   -2.311371E+00   5.197922E+01
   -2.300290E+00   5.197001E+01
   -2.282323E+00   5.197371E+01
   -2.254114E+00   5.196989E+01
   -2.221436E+00   5.199837E+01
   -2.202303E+00   5.199930E+01
   -2.185310E+00   5.199357E+01
   -2.181603E+00   5.200248E+01
   -2.166749E+00   5.199839E+01
   -2.190690E+00   5.201910E+01
   -2.180899E+00   5.202403E+01
   -2.182843E+00   5.204407E+01
   -2.162546E+00   5.205351E+01
   -2.117340E+00   5.204491E+01
   -2.113561E+00   5.203946E+01
   -2.116301E+00   5.203054E+01
   -2.137126E+00   5.202578E+01
   -2.147369E+00   5.200852E+01
   -2.136085E+00   5.200389E+01
   -2.112296E+00   5.201833E+01
   -2.087577E+00   5.201386E+01
   -2.060310E+00   5.201763E+01
   -2.040857E+00   5.200721E+01
   -2.039651E+00   5.201221E+01
   -1.984799E+00   5.203880E+01
   -1.950964E+00   5.204068E+01
   -1.945025E+00   5.203475E+01
   -1.932548E+00   5.203359E+01
   -1.913667E+00   5.204744E+01
   -1.872093E+00   5.202692E+01
   -1.855058E+00   5.201337E+01
   -1.839261E+00   5.201020E+01
   -1.838524E+00   5.202341E+01
   -1.831371E+00   5.202918E+01
   -1.833057E+00   5.203703E+01
   -1.865129E+00   5.205092E+01
   -1.865728E+00   5.206205E+01
   -1.873518E+00   5.206303E+01
   -1.876976E+00   5.207154E+01
   -1.869604E+00   5.207679E+01
   -1.853335E+00   5.207637E+01
   -1.846763E+00   5.208241E+01
   -1.833262E+00   5.207591E+01
   -1.820714E+00   5.208789E+01
   -1.812980E+00   5.208667E+01
   -1.803795E+00   5.209953E+01
   -1.792024E+00   5.210294E+01
   -1.791126E+00   5.210885E+01
   -1.767993E+00   5.211556E+01
   -1.746021E+00   5.209612E+01
   -1.739475E+00   5.209474E+01
   -1.726406E+00   5.210147E+01
   -1.726588E+00   5.207522E+01
   -1.714740E+00   5.207001E+01
   -1.710805E+00   5.207564E+01
   -1.699598E+00   5.207440E+01
   -1.702224E+00   5.206059E+01
   -1.685490E+00   5.205211E+01
   -1.691629E+00   5.204234E+01
   -1.668811E+00   5.203943E+01
   -1.663559E+00   5.203478E+01
   -1.624239E+00   5.204197E+01
   -1.615157E+00   5.203523E+01
   -1.617604E+00   5.202579E+01
   -1.636705E+00   5.201810E+01
   -1.640449E+00   5.200742E+01
   -1.666628E+00   5.199222E+01
   -1.661297E+00   5.198579E+01
   -1.665594E+00   5.197568E+01
   -1.660624E+00   5.196646E+01
   -1.631285E+00   5.195826E+01
   -1.612605E+00   5.193688E+01
   -1.638809E+00   5.192280E+01
   -1.640509E+00   5.191637E+01
   -1.631870E+00   5.191216E+01
   -1.630922E+00   5.189697E+01
   -1.644414E+00   5.189146E+01
   -1.656608E+00   5.189373E+01
   -1.664877E+00   5.187505E+01
   -1.682172E+00   5.186588E+01
   -1.673272E+00   5.185097E+01
   -1.683564E+00   5.183334E+01
   -1.679428E+00   5.181972E+01
   -1.673803E+00   5.181790E+01
   -1.676429E+00   5.180805E+01
   -1.686944E+00   5.179476E+01
   -1.713276E+00   5.178312E+01
   -1.698100E+00   5.177217E+01
   -1.684044E+00   5.174103E+01
   -1.682491E+00   5.172915E+01
   -1.690575E+00   5.172271E+01
   -1.684045E+00   5.171275E+01
   -1.655205E+00   5.169846E+01
   -1.646416E+00   5.168170E+01
   -1.668699E+00   5.167811E+01
   -1.676871E+00   5.168007E+01
   -1.678911E+00   5.168612E+01
   -1.693796E+00   5.168960E+01
   -1.705812E+00   5.168030E+01
   -1.709655E+00   5.166910E+01
   -1.766101E+00   5.165957E+01
   -1.771744E+00   5.166487E+01
   -1.792606E+00   5.166636E+01
   -1.814812E+00   5.169985E+01
   -1.816181E+00   5.169500E+01
   -1.809465E+00   5.168640E+01
   -1.818852E+00   5.167456E+01
   -1.813626E+00   5.166048E+01
   -1.851960E+00   5.165333E+01
   -1.878032E+00   5.167894E+01
   -1.893779E+00   5.167396E+01
   -1.873442E+00   5.165389E+01
   -1.875120E+00   5.164898E+01
   -1.888343E+00   5.164586E+01
   -1.922005E+00   5.165445E+01
   -1.943751E+00   5.166702E+01
   -1.957672E+00   5.165666E+01
   -1.947619E+00   5.163775E+01
   -1.952332E+00   5.163380E+01
   -1.978047E+00   5.163513E+01
   -1.996479E+00   5.164837E+01
   -2.015870E+00   5.164737E+01
   -2.056593E+00   5.166904E+01
   -2.151180E+00   5.158764E+01
   -2.178724E+00   5.159464E+01
   -2.190027E+00   5.158950E+01
   -2.207085E+00   5.159303E+01
   -2.208993E+00   5.160016E+01
   -2.238159E+00   5.159006E+01
   -2.244277E+00   5.157853E+01
   -2.265662E+00   5.157987E+01
   -2.270681E+00   5.157526E+01
   -2.284135E+00   5.157585E+01
   -2.296911E+00   5.158956E+01
   -2.331783E+00   5.158869E+01
   -2.364709E+00   5.159882E+01
   -2.370012E+00   5.159461E+01
   -2.395781E+00   5.159452E+01
   -2.399523E+00   5.160059E+01
   -2.392403E+00   5.162546E+01
   -2.403246E+00   5.163331E+01
   -2.399517E+00   5.164149E+01
   -2.407763E+00   5.163825E+01
   -2.442378E+00   5.164854E+01
   -2.461079E+00   5.164928E+01
   -2.491245E+00   5.164189E+01
   -2.495974E+00   5.165131E+01
   -2.494660E+00   5.166154E+01
   -2.509838E+00   5.166311E+01
   -2.541555E+00   5.167911E+01
   -2.581095E+00   5.165856E+01
   -2.614283E+00   5.165398E+01
   -2.643213E+00   5.162486E+01
   -2.644301E+00   5.162040E+01
   -2.634941E+00   5.161319E+01
   -2.636775E+00   5.160614E+01
   -2.646223E+00   5.159760E+01
   -2.668845E+00   5.159299E+01
   -2.665146E+00   5.161616E+01
END
END
