none
1
   -8.396614E+01   1.069487E+01
   -8.402797E+01   1.074001E+01
   -8.421815E+01   1.075555E+01
   -8.425784E+01   1.084862E+01
   -8.438017E+01   1.093907E+01
   -8.445142E+01   1.092935E+01
   -8.467670E+01   1.103512E+01
   -8.492391E+01   1.091540E+01
   -8.559670E+01   1.117619E+01
   -8.569510E+01   1.103828E+01
   -8.636351E+01   1.110721E+01
   -8.796298E+01   1.288608E+01
   -8.776936E+01   1.313519E+01
   -8.754882E+01   1.315601E+01
   -8.734506E+01   1.302047E+01
   -8.699240E+01   1.305541E+01
   -8.692258E+01   1.327386E+01
   -8.684586E+01   1.332376E+01
   -8.674464E+01   1.332017E+01
   -8.681657E+01   1.366014E+01
   -8.678743E+01   1.378806E+01
   -8.654613E+01   1.383563E+01
   -8.635943E+01   1.380159E+01
   -8.617108E+01   1.406066E+01
   -8.602525E+01   1.411127E+01
   -8.597338E+01   1.407168E+01
   -8.598916E+01   1.400967E+01
   -8.582626E+01   1.394338E+01
   -8.579489E+01   1.388740E+01
   -8.576897E+01   1.399324E+01
   -8.543939E+01   1.414657E+01
   -8.539161E+01   1.425174E+01
   -8.520374E+01   1.429136E+01
   -8.525117E+01   1.437531E+01
   -8.517975E+01   1.458428E+01
   -8.507579E+01   1.459645E+01
   -8.505199E+01   1.472238E+01
   -8.491039E+01   1.484376E+01
   -8.479037E+01   1.485218E+01
   -8.469984E+01   1.472649E+01
   -8.448253E+01   1.465791E+01
   -8.436794E+01   1.474642E+01
   -8.430442E+01   1.471731E+01
   -8.424116E+01   1.479030E+01
   -8.415980E+01   1.475195E+01
   -8.411434E+01   1.482107E+01
   -8.386480E+01   1.480730E+01
   -8.363746E+01   1.491881E+01
   -8.350758E+01   1.504089E+01
   -8.237865E+01   1.503120E+01
   -8.295166E+01   1.107911E+01
   -8.385450E+01   1.068824E+01
   -8.396614E+01   1.069487E+01
END
END
