Чувашия
1
	47.3124012421	56.515935353
	47.3693470429	56.5148214614
	47.3775931628	56.5144707574
	47.3792570174	56.5143539523
	47.4014738142	56.5126907443
	47.4115232807	56.511653888
	47.4231360695	56.5097366088
	47.4345985984	56.5070639219
	47.4458617831	56.5036472722
	47.4568773928	56.4995012903
	47.4675982571	56.4946437299
	47.4779784676	56.4890953918
	47.4879735745	56.4828800349
	47.4975407774	56.4760242743
	47.5066391079	56.4685574673
	47.5152296057	56.4605115881
	47.5232754849	56.4519210904
	47.5307422918	56.4428227598
	47.5375980525	56.4332555569
	47.5438134094	56.42326045
	47.5493617474	56.4128802396
	47.5542193078	56.4021593753
	47.5583652898	56.3911437655
	47.5617819395	56.3798805808
	47.5635134042	56.3728565587
	47.5660158456	56.3617481603
	47.5669570678	56.3573096535
	47.5680145258	56.3509047251
	47.5696369452	56.3489278013
	47.5764927058	56.3393605984
	47.5816617543	56.3311538821
	47.5829912844	56.3306093835
	47.5885556477	56.3281938298
	47.6121052389	56.330436648
	47.617394325	56.3308617486
	47.62915802	56.3312468521
	47.6391578625	56.3309686586
	47.6491599987	56.3304117128
	47.6509238512	56.3303048028
	47.6626371723	56.3291511414
	47.6645701437	56.3288859875
	47.6793993183	56.3267698013
	47.7094591208	56.3247182792
	47.7166202507	56.3240855423
	47.7360835151	56.3219730504
	47.7508247467	56.3209700577
	47.7558288574	56.3209700577
	47.7675925524	56.3205849542
	47.7694126416	56.3204563845
	47.7992973319	56.3181929581
	47.803604126	56.3181929581
	47.814040075	56.3178899497
	47.8577508599	56.3153495177
	47.8758890014	56.3151190537
	47.8853675158	56.3147484674
	47.8908439111	56.3143054289
	47.9138999413	56.3120852751
	47.9201368671	56.3113746522
	47.9317496559	56.309457373
	47.9432121848	56.3067846861
	47.9544753695	56.3033680364
	47.9654909793	56.2992220544
	47.9762118436	56.294364494
	47.986592054	56.2888161559
	47.9965871609	56.282600799
	48.0034695137	56.2777656325
	48.0087414253	56.2738746413
	48.0114262754	56.2718540472
	48.020524606	56.2643872403
	48.0291151038	56.2563413611
	48.037160983	56.2477508633
	48.0373079062	56.2475831198
	48.0411988974	56.2431351828
	48.0485187811	56.2342045957
	48.0553745417	56.2246373929
	48.0615898986	56.2146422859
	48.0666492319	56.2052460903
	48.0691516733	56.2002488369
	48.0696406781	56.1992648221
	48.0744982385	56.1885439578
	48.0786442204	56.177528348
	48.0820608702	56.1662651634
	48.0826720069	56.1639213557
	48.0835831246	56.1613120159
	48.0856142663	56.1565996829
	48.0897602483	56.1455840731
	48.093176898	56.1343208885
	48.0939353275	56.1313920808
	48.0953238773	56.1258378816
	48.0972381347	56.1173041603
	48.0991554139	56.1056913715
	48.1003090753	56.0939780504
	48.100330853	56.0933682544
	48.1068789187	56.090886178
	48.115726799	56.0869388298
	48.1182704793	56.0857208319
	48.1226232116	56.0843086982
	48.1283063182	56.0838703043
	48.1376794793	56.0840443228
	48.1384568829	56.0841483948
	48.1501702039	56.0853020563
	48.1619338989	56.0856871598
	48.1736975939	56.0853020563
	48.1815086378	56.0846188224
	48.2017875685	56.0823986685
	48.2056898456	56.081928241
	48.2173026344	56.0800109618
	48.2287651634	56.0773382749
	48.240028348	56.0739216252
	48.2510439578	56.0697756433
	48.256097751	56.0675910841
	48.2616519502	56.0650886427
	48.2673190213	56.0624156415
	48.2776992317	56.0568673034
	48.2876943387	56.0506519465
	48.2943409665	56.045990463
	48.2996205076	56.0421071012
	48.3025410826	56.0399128241
	48.3116394131	56.0324460171
	48.3202299109	56.024400138
	48.3282757901	56.0158096402
	48.3284227133	56.0156418967
	48.3323137045	56.0111939597
	48.334335349	56.0088423381
	48.3378832913	56.0071406781
	48.34320137	56.0044072735
	48.3563569128	55.9973666806
	48.3578712956	55.9970276675
	48.386059618	55.9961632572
	48.3923102648	55.9958626642
	48.3969230111	55.9955006884
	48.4209556039	55.9933034227
	48.4280561786	55.9925117371
	48.4396689675	55.9905944579
	48.4511314964	55.987921771
	48.462394681	55.9845051213
	48.4734102908	55.9803591394
	48.4841311551	55.975501579
	48.4945113655	55.9699532409
	48.5045064725	55.963737884
	48.5140736753	55.9568821234
	48.5231720059	55.9494153165
	48.5317625037	55.9413694373
	48.5398083829	55.9327789395
	48.5472751898	55.9236806089
	48.5541309504	55.9141134061
	48.5603463073	55.9041182991
	48.5658946454	55.8937380887
	48.5707522058	55.8830172244
	48.5748981877	55.8720016146
	48.5783148374	55.86073843
	48.5809875243	55.8492759011
	48.5829048035	55.8376631122
	48.584058465	55.8259497912
	48.5844435685	55.8141860962
	48.584058465	55.8024224012
	48.5829048035	55.7907090802
	48.5809875243	55.7790962913
	48.5783148374	55.7676337624
	48.5748981877	55.7563705777
	48.5739829982	55.7537415351
	48.5705039943	55.7439911689
	48.5672732019	55.7356046018
	48.5624156415	55.7248837375
	48.5568673034	55.7145035271
	48.5506519465	55.7045084201
	48.5437961859	55.6949412172
	48.536329379	55.6858428867
	48.5282834998	55.6772523889
	48.5244224858	55.673505183
	48.509980042	55.6599019726
	48.5052505581	55.6556032993
	48.4961522276	55.6481364923
	48.4865850247	55.6412807317
	48.4813646012	55.637921401
	48.469699257	55.6306963644
	48.4649245735	55.6278403382
	48.4545443631	55.6222920001
	48.4446881753	55.6177952418
	48.4308026772	55.611958755
	48.4299380008	55.6115979529
	48.418922391	55.607451971
	48.4097367248	55.6046053472
	48.4040139052	55.6029982162
	48.3964156771	55.6002269343
	48.395427562	55.5998947048
	48.3914311582	55.5967372614
	48.3818639554	55.5898815008
	48.3766435319	55.58652217
	48.3649781876	55.5792971334
	48.3602035042	55.5764411072
	48.3505871477	55.5712717138
	48.3491413416	55.5698947707
	48.3444187464	55.5654468336
	48.3396926968	55.561151395
	48.3305943663	55.553684588
	48.3210271634	55.5468288274
	48.3159237807	55.543542049
	48.3100949233	55.539925716
	48.305203199	55.5369971375
	48.2948229886	55.5314487994
	48.2841021243	55.526591239
	48.2818757455	55.5257532894
	48.2816505311	55.5234666485
	48.2797332519	55.5118538597
	48.277060565	55.5003913308
	48.2736439153	55.4891281461
	48.2694979333	55.4781125364
	48.2678426463	55.474244886
	48.2625631053	55.4622972541
	48.2593608319	55.4554440402
	48.2538124938	55.4450638298
	48.2475971369	55.4350687228
	48.2407413763	55.42550152
	48.2332745694	55.4164031894
	48.2252286902	55.4078126916
	48.2166381924	55.3997668124
	48.2075398619	55.3923000055
	48.197972659	55.3854442449
	48.1928692763	55.3821574665
	48.1870404189	55.3785411335
	48.1821486946	55.375612555
	48.1745937755	55.3715743666
	48.1763131042	55.3688094612
	48.1818614423	55.3584292508
	48.1867190027	55.3477083865
	48.1908649846	55.3366927767
	48.1942560756	55.3255248742
	48.1946293158	55.325040167
	48.2014850764	55.3154729642
	48.2077004333	55.3054778572
	48.2128089039	55.2959834619
	48.2203085987	55.2809840723
	48.2207484662	55.2800982571
	48.2256060266	55.2693773928
	48.2296314138	55.258715834
	48.2318531317	55.2558797056
	48.2387088923	55.2463125027
	48.2449242492	55.2363173958
	48.2504725873	55.2259371854
	48.2553301477	55.2152163211
	48.2594761296	55.2042007113
	48.2628927793	55.1929375266
	48.2655654662	55.1814749977
	48.2674827454	55.1698622089
	48.2686364069	55.1581488879
	48.2690215104	55.1463851929
	48.2688401268	55.1383095514
	48.2685654686	55.1321984064
	48.2683617486	55.1285103529
	48.2672080872	55.1167970318
	48.265290808	55.105184243
	48.2626181211	55.0937217141
	48.2592014714	55.0824585294
	48.2550554895	55.0714429197
	48.2544874097	55.0700871503
	48.2541824096	55.0685173729
	48.2537641165	55.0664763251
	48.2526502249	55.0611967841
	48.2503958311	55.0517753029
	48.2469791814	55.0405121183
	48.2428331995	55.0294965085
	48.237975639	55.0187756442
	48.232427301	55.0083954338
	48.2262119441	54.9984003268
	48.2193561834	54.988833124
	48.2118893765	54.9797347934
	48.2055036835	54.9729168584
	48.2054434385	54.9726584817
	48.2020267888	54.961395297
	48.197987884	54.9506387652
	48.1964191838	54.9457931852
	48.1922732019	54.9347775754
	48.1874156415	54.9240567111
	48.1818673034	54.9136765007
	48.1814369865	54.9129352543
	48.1813044965	54.9126660251
	48.1757561584	54.9022858146
	48.1695408015	54.8922907077
	48.1626850409	54.8827235048
	48.1607392021	54.8802332464
	48.1487991996	54.8652262274
	48.1432782315	54.8586181552
	48.1352323523	54.8500276575
	48.1266418545	54.8419817783
	48.1213178174	54.8374920591
	48.111041023	54.8291607602
	48.1072667295	54.8261836725
	48.0976995267	54.8193279119
	48.096682249	54.8186531707
	48.0852915629	54.8111534758
	48.0763137337	54.8056128602
	48.0659335232	54.8000645221
	48.0600194739	54.7972804686
	48.0464010047	54.7911693235
	48.0415941897	54.7890958167
	48.03057858	54.7849498347
	48.029101442	54.7844885132
	48.0283447021	54.7799050072
	48.0256720152	54.7684424782
	48.0222553655	54.7571792936
	48.0181093835	54.7461636838
	48.0132518231	54.7354428195
	48.007703485	54.7250626091
	48.0040149215	54.7189567485
	48.0006808761	54.7136772075
	47.9981540827	54.7097879611
	47.9912983221	54.7002207583
	47.9838315152	54.6911224277
	47.975785636	54.6825319299
	47.9671951382	54.6744860507
	47.9580968077	54.6670192438
	47.9485296048	54.6601634832
	47.9385344979	54.6539481263
	47.9281542874	54.6483997882
	47.9174334231	54.6435422278
	47.9074964254	54.6397662025
	47.8930539815	54.6347613197
	47.8919753695	54.6343913631
	47.8807121848	54.6309747133
	47.8692496559	54.6283020264
	47.8576368671	54.6263847472
	47.8459235461	54.6252310858
	47.8341598511	54.6248459823
	47.8233261108	54.6248459823
	47.8115624159	54.6252310858
	47.7998490948	54.6263847472
	47.788236306	54.6283020264
	47.7870398679	54.6285442363
	47.7775946775	54.6304897319
	47.7673285866	54.6329202089
	47.756065402	54.6363368587
	47.7450497922	54.6404828406
	47.7343289279	54.645340401
	47.732413962	54.6463123218
	47.7312859266	54.6463492499
	47.7195726056	54.6475029113
	47.7079598167	54.6494201905
	47.6964972878	54.6520928774
	47.6852705422	54.6554971621
	47.6721363649	54.659952481
	47.6718193626	54.6598672304
	47.6603568337	54.6571945435
	47.6487440448	54.6552772643
	47.6370307238	54.6541236029
	47.6252670288	54.6537384994
	47.6141586304	54.6537384994
	47.6023949354	54.6541236029
	47.5906816144	54.6552772643
	47.5790688255	54.6571945435
	47.5778904555	54.6574330328
	47.5312756974	54.667029635
	47.5299279113	54.6645081047
	47.5237125544	54.6545129977
	47.5168567938	54.6449457949
	47.5142352255	54.6416114529
	47.5061785849	54.6316093166
	47.5013333463	54.6258453281
	47.4932874671	54.6172548303
	47.4846969693	54.6092089511
	47.4755986387	54.6017421442
	47.4661217025	54.5949467373
	47.4266777328	54.5685566616
	47.4265874661	54.5684963079
	47.4165923592	54.562280951
	47.4093190982	54.5583023483
	47.4043700691	54.555338202
	47.3939898587	54.5497898639
	47.3882102832	54.5470662203
	47.3775906174	54.5422902962
	47.3493992975	54.5294221411
	47.3435427371	54.5268735266
	47.3360758583	54.5239737057
	47.3279375573	54.5196762628
	47.3257567879	54.5183966736
	47.3153765774	54.5128483356
	47.311662047	54.5110691101
	47.3039501452	54.5074831504
	47.3036219462	54.5072670623
	47.294644117	54.5017264466
	47.2842639065	54.4961781085
	47.2735430423	54.4913205481
	47.2625274325	54.4871745662
	47.2603788729	54.4864602782
	47.2593752566	54.4860410071
	47.2483596469	54.4818950252
	47.2370964622	54.4784783754
	47.2256339333	54.4758056886
	47.2238010955	54.4754509924
	47.2149204803	54.473780155
	47.2051405292	54.472217572
	47.1934272082	54.4710639105
	47.1816635132	54.470678807
	47.1698998182	54.4710639105
	47.1687653773	54.4711418679
	47.1570924036	54.4719811013
	47.1465135235	54.4730568054
	47.1349007347	54.4749740846
	47.1234382058	54.4776467714
	47.1224895066	54.4779037549
	47.1052699632	54.4826187207
	47.0949554776	54.485778387
	47.0839398679	54.4899243689
	47.0732190036	54.4947819293
	47.0628387932	54.5003302674
	47.0548033133	54.5052546541
	47.0544509134	54.5051978457
	47.0493025165	54.5044441345
	47.039350341	54.5034145882
	47.0262375999	54.5024257808
	47.0227019783	54.5003302674
	47.0123217679	54.4947819293
	47.007620908	54.4925476874
	47.0009528172	54.4894959296
	46.9949328128	54.4868726111
	46.983917203	54.4827266292
	46.9779630824	54.4808202209
	46.9664167865	54.4773433416
	46.9443048177	54.4673105397
	46.938818616	54.4649304724
	46.9278030062	54.4607844905
	46.9165398216	54.4573678408
	46.9050772927	54.4546951539
	46.904267868	54.454536078
	46.8956619109	54.4528652406
	46.8848585468	54.4511070373
	46.8731452257	54.4499533759
	46.8613815308	54.4495682724
	46.8530502319	54.4495682724
	46.841286537	54.4499533759
	46.8295732159	54.4511070373
	46.8230691457	54.4520846053
	46.8033471609	54.4554186507
	46.7982384422	54.4563583619
	46.7867759133	54.4590310488
	46.7755127286	54.4624476985
	46.7644971189	54.4665936804
	46.7583224946	54.4692878516
	46.7516544038	54.4723472388
	46.7471081638	54.4745106281
	46.7367279533	54.4800589661
	46.7267328464	54.486274323
	46.7171656435	54.4931300837
	46.7088581873	54.4999073829
	46.6823384934	54.5011602609
	46.679062721	54.5013449774
	46.6673494	54.5024986389
	46.6608453298	54.5034762069
	46.6411233449	54.5068102523
	46.6360146263	54.5077499635
	46.6245520974	54.5104226503
	46.6161947408	54.512880392
	46.6084127584	54.515375204
	46.6055069303	54.5163341121
	46.5944913205	54.520480094
	46.5855876147	54.5244541851
	46.5589228808	54.5372334209
	46.5571057224	54.5381168903
	46.5570947261	54.5381223135
	46.5373727412	54.5478497915
	46.5270035271	54.5533927064
	46.5214891588	54.5567093459
	46.5161603269	54.5588178015
	46.5072762815	54.5627824717
	46.4939477292	54.5691682749
	46.4921109103	54.5700611652
	46.4819025254	54.575510426
	46.4794006681	54.5763393001
	46.4697289804	54.579934957
	46.4684170655	54.5802732532
	46.4667762185	54.5807046328
	46.4576806398	54.5834007966
	46.4447675123	54.5876020983
	46.4177863447	54.5926879195
	46.4160134056	54.5930313355
	46.4045508767	54.5957040224
	46.402942376	54.5961430195
	46.3933064507	54.598820937
	46.3836517667	54.6017985896
	46.372636157	54.6059445715
	46.3619152927	54.610802132
	46.3515350822	54.61635047
	46.3415399753	54.6225658269
	46.3353947817	54.6268598146
	46.3336746696	54.6278403382
	46.3236795627	54.6340556951
	46.3185909437	54.6375839944
	46.3027523207	54.6489746805
	46.2982737368	54.6523021418
	46.2891754062	54.6597689487
	46.2805849084	54.6678148279
	46.275202509	54.673435309
	46.2629802189	54.6867638612
	46.2603167392	54.6897338779
	46.2528499323	54.6988322085
	46.2459941717	54.7083994113
	46.2397788148	54.7183945183
	46.2342304767	54.7287747287
	46.2293729163	54.739495593
	46.2252269343	54.7505112027
	46.2218102846	54.7617743874
	46.2208000886	54.7657229054
	46.218022989	54.7771135914
	46.2163604981	54.7846276024
	46.2152476436	54.7907791577
	46.2144700796	54.7911486296
	46.2121121311	54.7922901691
	46.2070257883	54.7950088759
	46.2065407371	54.7948617373
	46.1950782082	54.7921890504
	46.1834654193	54.7902717712
	46.1717520983	54.7891181097
	46.1599884033	54.7887330062
	46.1482247083	54.7891181097
	46.1365113873	54.7902717712
	46.1248985985	54.7921890504
	46.1134360695	54.7948617373
	46.1048775438	54.7973841017
	46.0971031908	54.7998865431
	46.0943985318	54.8007808284
	46.0833829221	54.8049268103
	46.0726620578	54.8097843707
	46.0622818474	54.8153327088
	46.0522867404	54.8215480657
	46.0489206147	54.8238528818
	46.0275277925	54.8388599009
	46.0213267153	54.8434108454
	46.0122283847	54.8508776523
	46.0036378869	54.8589235315
	45.9955920078	54.8675140293
	45.9954306506	54.8676982748
	45.9915472888	54.8721385824
	45.9914563582	54.8722426347
	45.9889386472	54.8732632971
	45.9782177829	54.8781208575
	45.9678375725	54.8836691956
	45.9578424655	54.8898845525
	45.9482752627	54.8967403131
	45.9391769321	54.9042071201
	45.9305864343	54.9122529993
	45.9225405551	54.920843497
	45.9150737482	54.9299418276
	45.9104571487	54.9362365607
	45.9085116531	54.9390136603
	45.906272492	54.9422861301
	45.9000571351	54.952281237
	45.894508797	54.9626614475
	45.8896512366	54.9733823117
	45.8855052547	54.9843979215
	45.8820886049	54.9956611062
	45.879415918	55.0071236351
	45.8774986389	55.0187364239
	45.8763449774	55.030449745
	45.8759598739	55.0422134399
	45.8763449774	55.0539771349
	45.8774986389	55.065690456
	45.879415918	55.0773032448
	45.8809032524	55.0840922971
	45.8797187927	55.091795506
	45.8785651312	55.103508827
	45.8781800277	55.115272522
	45.8781800277	55.1213760376
	45.8785651312	55.1331397326
	45.8797187927	55.1448530536
	45.8816360719	55.1564658425
	45.8843087587	55.1679283714
	45.884968628	55.1703246843
	45.8858024008	55.1732727923
	45.8863586671	55.1761954567
	45.889031354	55.1876579856
	45.8924480037	55.1989211703
	45.896317256	55.2092648597
	45.8988196974	55.2153760047
	45.899096427	55.2160479251
	45.9039539874	55.2267687894
	45.9095023255	55.2371489998
	45.913222241	55.2433044891
	45.9198903318	55.2538559417
	45.9223857732	55.2576955594
	45.9237147202	55.2596563939
	45.9265041363	55.2670222916
	45.9285382605	55.2721544925
	45.9333958209	55.2828753567
	45.938944159	55.2932555672
	45.9451595159	55.3032506741
	45.9520152765	55.312817877
	45.9594820834	55.3219162075
	45.9656093504	55.3285587033
	45.9745052244	55.3377292355
	45.9764238367	55.3396772376
	45.9850143344	55.3477231168
	45.994112665	55.3551899237
	46.0036798679	55.3620456843
	46.0136749748	55.3682610412
	46.0205517701	55.3719367649
	46.0137519595	55.3758906484
	46.0042368137	55.3818279119
	45.9946696108	55.3886836725
	45.9855712802	55.3961504794
	45.9769807825	55.4041963586
	45.9689349033	55.4127868564
	45.9614680963	55.421885187
	45.9546123357	55.4314523898
	45.9495255551	55.4396325985
	45.9407326439	55.441084314
	45.939508067	55.4413323222
	45.930070506	55.4432778178
	45.9198325539	55.4457024965
	45.9085693692	55.4491191463
	45.8975537595	55.4532651282
	45.8868328952	55.4581226886
	45.8764526848	55.4636710267
	45.8664575778	55.4698863836
	45.8648875948	55.4709474173
	45.8596080538	55.474556121
	45.8516108339	55.4803508478
	45.8425125034	55.4878176547
	45.8339220056	55.4958635339
	45.8299297509	55.4999852336
	45.8257641015	55.5044255412
	45.821710477	55.5088943393
	45.8142436701	55.5179926699
	45.8073879095	55.5275598727
	45.8011725526	55.5375549797
	45.7956242145	55.5479351901
	45.7910767111	55.5579122279
	45.7839626032	55.5666071718
	45.7771068426	55.5761743747
	45.7708914857	55.5861694816
	45.7658062832	55.5956173576
	45.7605267422	55.6061688102
	45.7600636066	55.6071011447
	45.7552060462	55.617822009
	45.7510600642	55.6288376188
	45.7476434145	55.6401008034
	45.7449707276	55.6515633323
	45.7430534484	55.6631761212
	45.741899787	55.6748894422
	45.7415146835	55.6866531372
	45.741899787	55.6984168322
	45.7430534484	55.7101301532
	45.7449707276	55.7217429421
	45.7476434145	55.733205471
	45.7510600642	55.7444686557
	45.7523930353	55.7482560433
	45.7546208185	55.7543671883
	45.7574338294	55.7615954104
	45.7622913898	55.7723162747
	45.7678397278	55.7826964852
	45.7740550848	55.7926915921
	45.7809108454	55.802258795
	45.7845155994	55.8066512005
	45.7864536823	55.8109286404
	45.7920020203	55.8213088509
	45.7982173772	55.8313039578
	45.8050731379	55.8408711607
	45.8125399448	55.8499694912
	45.8167360782	55.8545900183
	45.8211840152	55.8593202429
	45.825033761	55.8632902136
	45.8336242588	55.8713360928
	45.8400949393	55.8766464431
	45.8445171076	55.8828175718
	45.8519839145	55.8919159024
	45.8600297937	55.9005064002
	45.8686202915	55.9085522794
	45.877718622	55.9160190863
	45.8872858249	55.9228748469
	45.8972809318	55.9290902038
	45.9076611423	55.9346385419
	45.9134597796	55.9373707567
	45.9138434515	55.9484168322
	45.914997113	55.9601301532
	45.9169143922	55.9717429421
	45.9195870791	55.983205471
	45.9230037288	55.9944686557
	45.9271497107	56.0054842654
	45.9305482904	56.0131755425
	45.9327684442	56.0178981377
	45.9342274249	56.0209277249
	45.939775763	56.0313079354
	45.9459911199	56.0413030423
	45.9528468805	56.0508702452
	45.9603136874	56.0599685757
	45.9683595666	56.0685590735
	45.9769500644	56.0766049527
	45.986048395	56.0840717596
	45.9956155978	56.0909275202
	46.0056107048	56.0971428771
	46.0156215993	56.1025085626
	46.0178406242	56.103810968
	46.0253295438	56.1079009767
	46.0292071201	56.1124740689
	46.0372529993	56.1210645667
	46.0417009363	56.1255125037
	46.0502914341	56.1335583829
	46.0571328824	56.139264716
	46.0571894828	56.139348823
	46.0643458548	56.1499765695
	46.0708430963	56.1590092832
	46.0783099033	56.1681076138
	46.0863557825	56.1766981116
	46.0949462802	56.1847439908
	46.1040446108	56.1922107977
	46.1097456966	56.1964097296
	46.1206404719	56.2041077887
	46.1245065891	56.2067646174
	46.134501696	56.2129799743
	46.1448819064	56.2185283124
	46.151904648	56.221805394
	46.158847397	56.2248647812
	46.1625455198	56.22644526
	46.1735611295	56.2305912419
	46.1819640955	56.2332161504
	46.2053024134	56.2398842412
	46.208162632	56.2406759825
	46.219625161	56.2433486694
	46.2244784185	56.244245005
	46.2463802402	56.2479800186
	46.3073142689	56.2752651238
	46.3119900998	56.2772799158
	46.3182325192	56.2797302933
	46.3473996945	56.2905564041
	46.3521728849	56.2922520085
	46.362094174	56.2953035325
	46.3701584441	56.2975313157
	46.3715003396	56.2978964415
	46.3829628685	56.3005691283
	46.3876071711	56.3014297032
	46.405376031	56.304481461
	46.4123445172	56.3055381653
	46.4226694982	56.3065954346
	46.4529505651	56.3088155884
	46.4543389051	56.3089119806
	46.4647463686	56.3092919708
	46.4699554776	56.3111500188
	46.4784256362	56.313794111
	46.4862076186	56.3160142648
	46.4890006447	56.3167868223
	46.5004631737	56.3194595092
	46.5120759625	56.3213767884
	46.5237892835	56.3225304498
	46.5355529785	56.3229155533
	46.5473166735	56.3225304498
	46.5590299945	56.3213767884
	46.5706427834	56.3194595092
	46.5821053123	56.3167868223
	46.5829516565	56.3165578327
	46.584001076	56.3166811691
	46.5932320326	56.317525567
	46.6049957275	56.3179106705
	46.6163864136	56.3179106705
	46.6281501086	56.317525567
	46.6392682624	56.3164492509
	46.6500943732	56.3150607011
	46.6506895404	56.3149833558
	46.6569899893	56.3140400902
	46.6602198427	56.316577558
	46.6697870456	56.3234333186
	46.6699435342	56.3235377626
	46.6757800211	56.3274287538
	46.6856186394	56.3335396667
	46.6959988498	56.3390880048
	46.7067197141	56.3439455652
	46.710375094	56.3454129894
	46.730371737	56.3531873425
	46.7377319669	56.3558659001
	46.7489951516	56.3592825499
	46.7592652384	56.3617138499
	46.7616272306	56.362533991
	46.7728904153	56.3659506407
	46.7843529442	56.3686233276
	46.7870288825	56.3691345683
	46.7918240451	56.3715892255
	46.8000583992	56.3753949071
	46.8206196175	56.3842755224
	46.8231061277	56.3853274011
	46.8341217374	56.389473383
	46.8356603107	56.3899879317
	46.8728230522	56.4022302885
	46.8929954527	56.4111518266
	46.894229174	56.4118706603
	46.9046093845	56.4174189984
	46.9057705416	56.4179864407
	46.9217833805	56.4257405619
	46.9264557365	56.428533258
	46.936835947	56.4340815961
	46.9440383578	56.4374377336
	46.9781951571	56.4524447526
	46.9817136106	56.4539461755
	46.9927292203	56.4580921575
	47.0027609358	56.4611741492
	47.0108175764	56.4633943031
	47.0120490456	56.463728961
	47.0235115745	56.4664016479
	47.0351243634	56.4683189271
	47.0468376844	56.4694725885
	47.0470102298	56.4694838144
	47.0540147442	56.4705467103
	47.0611409114	56.4713407339
	47.0683929924	56.4757592101
	47.0787732028	56.4813075482
	47.0894940671	56.4861651086
	47.1005096769	56.4903110906
	47.1117728615	56.4937277403
	47.1232353905	56.4964004272
	47.1348481793	56.4983177064
	47.1460381934	56.4994363021
	47.1663171241	56.5008248519
	47.166840431	56.5008599176
	47.178604126	56.5012450211
	47.1887964105	56.5009560084
	47.1982879972	56.5044788762
	47.2095511819	56.5078955259
	47.2210137108	56.5105682128
	47.2326264996	56.512485492
	47.2438165137	56.5136040878
	47.2640954444	56.5149926376
	47.2646187513	56.5150277032
	47.2763824463	56.5154128067
	47.2786668425	56.5153982995
	47.2924155881	56.5152236673
	47.2942441414	56.5153729924
	47.297119972	56.515584649
	47.308883667	56.5159697525
	47.3124012421	56.515935353
END
END
