none
1
   -7.227660E-01   4.630002E+01
   -7.392660E-01   4.630218E+01
   -7.498880E-01   4.629944E+01
   -7.608040E-01   4.630948E+01
   -7.700850E-01   4.631010E+01
   -7.769090E-01   4.631559E+01
   -8.040790E-01   4.632305E+01
   -8.130700E-01   4.633434E+01
   -8.251320E-01   4.633364E+01
   -8.336260E-01   4.633910E+01
   -8.396030E-01   4.633753E+01
   -8.445400E-01   4.633252E+01
   -8.423940E-01   4.632454E+01
   -8.493320E-01   4.631555E+01
   -8.609870E-01   4.631535E+01
   -8.670620E-01   4.631981E+01
   -8.859740E-01   4.632189E+01
   -8.928950E-01   4.631507E+01
   -9.037780E-01   4.631159E+01
   -9.325540E-01   4.630790E+01
   -9.655980E-01   4.632258E+01
   -9.442030E-01   4.634062E+01
   -9.377520E-01   4.635821E+01
   -9.384370E-01   4.636239E+01
   -9.425450E-01   4.636369E+01
   -9.516210E-01   4.635789E+01
   -9.624220E-01   4.636069E+01
   -9.739260E-01   4.634881E+01
   -9.949350E-01   4.634796E+01
   -1.001170E+00   4.635095E+01
   -1.012870E+00   4.634681E+01
   -1.018726E+00   4.635000E+01
   -1.056291E+00   4.634019E+01
   -1.071279E+00   4.632565E+01
   -1.074740E+00   4.631522E+01
   -1.089360E+00   4.631472E+01
   -1.096979E+00   4.630960E+01
   -1.101793E+00   4.631230E+01
   -1.121151E+00   4.631442E+01
   -1.129557E+00   4.630325E+01
   -1.152547E+00   4.625254E+01
   -1.233321E+00   4.621875E+01
   -1.413391E+00   4.626041E+01
   -2.071362E+00   4.656968E+01
   -2.625531E+00   4.727933E+01
   -2.674666E+00   4.733196E+01
   -2.461965E+00   4.744925E+01
   -2.457137E+00   4.745463E+01
   -2.454873E+00   4.746427E+01
   -2.438976E+00   4.746969E+01
   -2.429807E+00   4.747826E+01
   -2.421249E+00   4.747889E+01
   -2.416210E+00   4.747361E+01
   -2.413509E+00   4.746322E+01
   -2.399292E+00   4.745876E+01
   -2.389387E+00   4.746026E+01
   -2.381379E+00   4.746519E+01
   -2.368204E+00   4.746680E+01
   -2.354933E+00   4.745884E+01
   -2.320143E+00   4.746322E+01
   -2.315808E+00   4.746715E+01
   -2.315565E+00   4.748677E+01
   -2.305629E+00   4.749438E+01
   -2.300119E+00   4.750932E+01
   -2.300963E+00   4.751637E+01
   -2.296884E+00   4.751852E+01
   -2.286575E+00   4.751802E+01
   -2.281327E+00   4.751411E+01
   -2.262437E+00   4.751590E+01
   -2.254987E+00   4.751424E+01
   -2.251945E+00   4.750760E+01
   -2.253342E+00   4.750166E+01
   -2.244601E+00   4.749703E+01
   -2.231896E+00   4.750083E+01
   -2.215351E+00   4.751098E+01
   -2.184476E+00   4.751472E+01
   -2.182130E+00   4.751281E+01
   -2.181321E+00   4.749497E+01
   -2.164840E+00   4.749348E+01
   -2.156650E+00   4.750149E+01
   -2.157504E+00   4.752395E+01
   -2.137933E+00   4.752814E+01
   -2.132064E+00   4.753363E+01
   -2.116151E+00   4.753098E+01
   -2.101647E+00   4.753725E+01
   -2.107420E+00   4.754836E+01
   -2.101177E+00   4.756925E+01
   -2.108060E+00   4.757792E+01
   -2.104438E+00   4.758292E+01
   -2.105073E+00   4.759722E+01
   -2.087848E+00   4.760723E+01
   -2.087764E+00   4.762119E+01
   -2.099912E+00   4.763123E+01
   -2.092714E+00   4.764395E+01
   -2.082265E+00   4.765254E+01
   -2.075832E+00   4.765436E+01
   -2.054535E+00   4.765324E+01
   -2.051625E+00   4.765749E+01
   -2.051712E+00   4.766385E+01
   -2.039949E+00   4.767210E+01
   -2.013725E+00   4.766994E+01
   -2.008521E+00   4.767509E+01
   -1.989399E+00   4.768350E+01
   -1.974492E+00   4.769687E+01
   -1.966699E+00   4.769035E+01
   -1.964959E+00   4.767498E+01
   -1.958454E+00   4.767386E+01
   -1.937446E+00   4.768897E+01
   -1.897310E+00   4.769844E+01
   -1.878666E+00   4.769840E+01
   -1.869894E+00   4.770330E+01
   -1.865850E+00   4.770888E+01
   -1.858479E+00   4.771081E+01
   -1.841317E+00   4.770849E+01
   -1.827433E+00   4.771323E+01
   -1.819175E+00   4.770788E+01
   -1.772074E+00   4.770119E+01
   -1.751329E+00   4.771000E+01
   -1.723198E+00   4.770144E+01
   -1.715024E+00   4.770400E+01
   -1.712008E+00   4.771061E+01
   -1.690349E+00   4.771574E+01
   -1.661235E+00   4.771368E+01
   -1.642950E+00   4.772653E+01
   -1.639351E+00   4.774244E+01
   -1.631633E+00   4.775219E+01
   -1.629387E+00   4.776103E+01
   -1.624094E+00   4.776582E+01
   -1.604614E+00   4.776612E+01
   -1.596725E+00   4.777685E+01
   -1.587606E+00   4.778197E+01
   -1.567155E+00   4.778206E+01
   -1.553653E+00   4.778790E+01
   -1.534376E+00   4.778664E+01
   -1.504554E+00   4.780363E+01
   -1.492221E+00   4.780107E+01
   -1.472972E+00   4.780572E+01
   -1.473493E+00   4.781474E+01
   -1.485741E+00   4.783080E+01
   -1.478701E+00   4.783833E+01
   -1.470393E+00   4.783652E+01
   -1.462432E+00   4.783843E+01
   -1.456415E+00   4.783508E+01
   -1.439214E+00   4.783363E+01
   -1.424088E+00   4.783534E+01
   -1.417294E+00   4.783105E+01
   -1.405675E+00   4.782891E+01
   -1.398439E+00   4.783166E+01
   -1.388595E+00   4.783064E+01
   -1.379097E+00   4.782403E+01
   -1.372905E+00   4.781168E+01
   -1.363354E+00   4.780879E+01
   -1.355997E+00   4.780082E+01
   -1.249010E+00   4.778082E+01
   -1.241399E+00   4.779738E+01
   -1.244866E+00   4.780881E+01
   -1.238288E+00   4.781488E+01
   -1.236204E+00   4.782080E+01
   -1.226325E+00   4.782351E+01
   -1.219344E+00   4.783305E+01
   -1.217823E+00   4.784247E+01
   -1.225474E+00   4.784935E+01
   -1.225586E+00   4.785337E+01
   -1.215903E+00   4.785987E+01
   -1.202816E+00   4.786140E+01
   -1.194943E+00   4.786808E+01
   -1.194671E+00   4.787241E+01
   -1.199201E+00   4.787602E+01
   -1.200637E+00   4.788188E+01
   -1.199306E+00   4.788888E+01
   -1.192874E+00   4.789444E+01
   -1.184564E+00   4.789518E+01
   -1.180289E+00   4.789919E+01
   -1.177639E+00   4.791262E+01
   -1.171379E+00   4.791756E+01
   -1.168124E+00   4.792470E+01
   -1.169924E+00   4.793562E+01
   -1.164842E+00   4.794103E+01
   -1.163060E+00   4.795838E+01
   -1.158144E+00   4.796606E+01
   -1.132237E+00   4.797417E+01
   -1.130344E+00   4.798304E+01
   -1.125091E+00   4.798935E+01
   -1.102131E+00   4.799182E+01
   -1.072211E+00   4.798535E+01
   -1.063409E+00   4.798808E+01
   -1.050581E+00   4.798746E+01
   -1.041375E+00   4.799277E+01
   -1.024715E+00   4.799712E+01
   -1.020813E+00   4.800641E+01
   -1.022730E+00   4.801467E+01
   -1.037448E+00   4.803340E+01
   -1.032420E+00   4.803952E+01
   -1.036217E+00   4.805247E+01
   -1.029483E+00   4.806799E+01
   -1.043066E+00   4.807701E+01
   -1.051869E+00   4.808912E+01
   -1.061615E+00   4.812469E+01
   -1.063696E+00   4.815041E+01
   -1.067053E+00   4.815573E+01
   -1.076037E+00   4.815755E+01
   -1.076719E+00   4.816284E+01
   -1.080991E+00   4.816765E+01
   -1.083371E+00   4.817620E+01
   -1.079392E+00   4.819868E+01
   -1.089306E+00   4.820811E+01
   -1.085874E+00   4.821722E+01
   -1.087008E+00   4.822401E+01
   -1.093994E+00   4.823192E+01
   -1.104469E+00   4.826222E+01
   -1.102658E+00   4.826911E+01
   -1.096245E+00   4.827533E+01
   -1.092422E+00   4.829083E+01
   -1.083461E+00   4.830053E+01
   -1.062361E+00   4.831420E+01
   -1.050569E+00   4.832846E+01
   -1.062236E+00   4.834724E+01
   -1.061748E+00   4.836218E+01
   -1.068030E+00   4.836709E+01
   -1.058595E+00   4.838376E+01
   -1.070826E+00   4.840322E+01
   -1.082461E+00   4.841269E+01
   -1.081666E+00   4.842386E+01
   -1.086054E+00   4.843356E+01
   -1.081846E+00   4.844478E+01
   -1.070697E+00   4.845105E+01
   -1.068647E+00   4.845569E+01
   -1.070376E+00   4.846524E+01
   -1.081223E+00   4.848086E+01
   -1.079394E+00   4.850300E+01
   -1.061960E+00   4.851789E+01
   -1.002135E+00   4.849224E+01
   -9.900420E-01   4.849630E+01
   -9.759990E-01   4.849689E+01
   -9.728500E-01   4.850276E+01
   -9.667640E-01   4.850505E+01
   -9.653470E-01   4.851423E+01
   -9.557520E-01   4.851972E+01
   -9.222520E-01   4.851547E+01
   -9.182020E-01   4.851053E+01
   -9.172580E-01   4.850399E+01
   -9.057420E-01   4.849932E+01
   -8.928550E-01   4.849874E+01
   -8.600120E-01   4.850407E+01
   -8.456970E-01   4.850194E+01
   -8.386640E-01   4.849570E+01
   -8.352520E-01   4.848836E+01
   -8.132840E-01   4.847430E+01
   -8.096060E-01   4.846086E+01
   -8.038480E-01   4.846121E+01
   -7.970920E-01   4.846858E+01
   -7.764020E-01   4.846754E+01
   -7.741550E-01   4.844876E+01
   -7.587780E-01   4.843926E+01
   -7.517880E-01   4.844059E+01
   -7.465990E-01   4.844499E+01
   -7.270780E-01   4.844893E+01
   -7.270240E-01   4.845437E+01
   -7.374220E-01   4.845933E+01
   -7.396340E-01   4.846376E+01
   -7.315980E-01   4.847542E+01
   -7.244360E-01   4.847594E+01
   -7.153960E-01   4.847247E+01
   -7.040660E-01   4.847812E+01
   -6.917900E-01   4.847120E+01
   -6.873650E-01   4.847889E+01
   -6.807850E-01   4.848158E+01
   -6.780850E-01   4.848628E+01
   -6.667370E-01   4.848855E+01
   -6.601520E-01   4.848534E+01
   -6.537010E-01   4.847651E+01
   -6.548380E-01   4.846826E+01
   -6.506370E-01   4.845185E+01
   -6.470470E-01   4.844963E+01
   -6.160850E-01   4.846201E+01
   -5.962480E-01   4.847510E+01
   -5.740050E-01   4.847267E+01
   -5.653950E-01   4.847968E+01
   -5.590790E-01   4.847528E+01
   -5.553050E-01   4.847570E+01
   -5.512510E-01   4.848228E+01
   -5.427420E-01   4.848649E+01
   -5.383550E-01   4.849309E+01
   -5.222160E-01   4.850007E+01
   -5.104720E-01   4.851154E+01
   -4.988390E-01   4.850982E+01
   -4.925000E-01   4.850518E+01
   -4.781130E-01   4.850646E+01
   -4.679690E-01   4.851551E+01
   -4.574190E-01   4.851483E+01
   -4.475540E-01   4.851791E+01
   -4.393580E-01   4.851515E+01
   -4.334960E-01   4.851628E+01
   -4.214840E-01   4.851012E+01
   -4.100410E-01   4.850871E+01
   -3.960890E-01   4.851301E+01
   -3.890680E-01   4.850988E+01
   -3.876930E-01   4.850209E+01
   -3.663650E-01   4.849660E+01
   -3.616010E-01   4.849291E+01
   -3.533270E-01   4.850171E+01
   -3.392870E-01   4.850533E+01
   -3.377640E-01   4.851136E+01
   -3.208150E-01   4.852557E+01
   -2.956540E-01   4.851854E+01
   -2.870150E-01   4.852157E+01
   -2.815970E-01   4.851755E+01
   -2.825450E-01   4.851186E+01
   -2.778440E-01   4.851010E+01
   -2.744030E-01   4.851365E+01
   -2.765720E-01   4.851952E+01
   -2.627650E-01   4.852924E+01
   -2.527060E-01   4.852973E+01
   -2.471790E-01   4.853590E+01
   -2.482650E-01   4.853990E+01
   -2.603240E-01   4.854431E+01
   -2.649920E-01   4.854883E+01
   -2.530940E-01   4.855700E+01
   -2.509950E-01   4.856460E+01
   -2.447450E-01   4.857002E+01
   -2.324970E-01   4.856451E+01
   -2.189870E-01   4.856249E+01
   -2.078890E-01   4.856660E+01
   -1.869810E-01   4.855028E+01
   -1.423140E-01   4.852890E+01
   -1.442610E-01   4.851837E+01
   -1.602120E-01   4.851570E+01
   -1.665130E-01   4.850833E+01
   -1.633600E-01   4.850318E+01
   -1.546150E-01   4.849771E+01
   -1.528280E-01   4.848943E+01
   -1.466100E-01   4.848174E+01
   -1.448530E-01   4.847304E+01
   -1.473840E-01   4.846384E+01
   -1.453150E-01   4.845903E+01
   -1.249180E-01   4.845216E+01
   -1.071980E-01   4.845042E+01
   -7.765800E-02   4.845318E+01
   -7.055300E-02   4.846082E+01
   -4.934500E-02   4.845442E+01
   -4.657700E-02   4.844938E+01
   -5.199000E-02   4.843093E+01
   -4.985700E-02   4.841349E+01
   -5.353500E-02   4.839935E+01
   -5.000800E-02   4.839259E+01
   -5.193000E-02   4.838517E+01
   -4.697800E-02   4.838219E+01
   -4.089600E-02   4.838367E+01
   -3.577000E-02   4.838876E+01
   -2.690700E-02   4.838981E+01
   -2.030300E-02   4.839681E+01
   -1.967000E-03   4.840006E+01
   4.709000E-03   4.839817E+01
   2.107800E-02   4.838332E+01
   5.175600E-02   4.838361E+01
   5.439600E-02   4.838695E+01
   5.154200E-02   4.839281E+01
   6.931200E-02   4.841122E+01
   9.917300E-02   4.841426E+01
   1.047730E-01   4.842143E+01
   1.062300E-01   4.843076E+01
   1.167530E-01   4.843875E+01
   1.264700E-01   4.843760E+01
   1.473830E-01   4.844174E+01
   1.477630E-01   4.844595E+01
   1.414610E-01   4.845578E+01
   1.447880E-01   4.845987E+01
   1.537210E-01   4.845968E+01
   1.639700E-01   4.845375E+01
   1.724420E-01   4.846757E+01
   1.901920E-01   4.846499E+01
   2.141620E-01   4.847614E+01
   2.310870E-01   4.847536E+01
   2.411060E-01   4.847846E+01
   2.485210E-01   4.847683E+01
   2.573220E-01   4.848041E+01
   2.649750E-01   4.848747E+01
   2.907060E-01   4.848173E+01
   3.008920E-01   4.848309E+01
   3.108490E-01   4.847619E+01
   3.275380E-01   4.847413E+01
   3.441790E-01   4.846251E+01
   3.581490E-01   4.845997E+01
   3.656000E-01   4.845417E+01
   3.717940E-01   4.843946E+01
   3.848810E-01   4.842638E+01
   3.835230E-01   4.841591E+01
   3.758900E-01   4.840786E+01
   3.855610E-01   4.835709E+01
   3.905130E-01   4.834978E+01
   3.849540E-01   4.833722E+01
   4.036780E-01   4.831953E+01
   4.177010E-01   4.832456E+01
   4.276930E-01   4.831984E+01
   4.347890E-01   4.830933E+01
   4.662820E-01   4.830850E+01
   4.772440E-01   4.830295E+01
   4.910480E-01   4.831196E+01
   5.096580E-01   4.829618E+01
   5.071710E-01   4.829161E+01
   4.994260E-01   4.828746E+01
   5.002330E-01   4.828298E+01
   5.187270E-01   4.826995E+01
   5.321770E-01   4.826721E+01
   5.400750E-01   4.826057E+01
   5.436490E-01   4.825277E+01
   5.669770E-01   4.824812E+01
   6.143610E-01   4.824545E+01
   6.270870E-01   4.824854E+01
   6.310770E-01   4.825869E+01
   6.397570E-01   4.826378E+01
   6.528400E-01   4.826664E+01
   6.655060E-01   4.826335E+01
   6.731650E-01   4.825785E+01
   6.859650E-01   4.825570E+01
   6.913910E-01   4.824259E+01
   7.012490E-01   4.823403E+01
   7.093120E-01   4.822164E+01
   7.169020E-01   4.821700E+01
   7.255090E-01   4.820431E+01
   7.318510E-01   4.820264E+01
   7.388370E-01   4.819260E+01
   7.452390E-01   4.818819E+01
   7.597370E-01   4.818329E+01
   7.983010E-01   4.819730E+01
   8.029870E-01   4.819019E+01
   8.246820E-01   4.818171E+01
   8.394640E-01   4.816881E+01
   8.597980E-01   4.817021E+01
   8.697870E-01   4.816575E+01
   8.864350E-01   4.816434E+01
   9.127970E-01   4.815116E+01
   9.142770E-01   4.814349E+01
   9.189960E-01   4.813949E+01
   9.144040E-01   4.813261E+01
   8.770680E-01   4.813209E+01
   8.706730E-01   4.812942E+01
   8.638990E-01   4.813175E+01
   8.570070E-01   4.812918E+01
   8.569170E-01   4.812065E+01
   8.440500E-01   4.810175E+01
   8.455740E-01   4.809791E+01
   8.501210E-01   4.809620E+01
   8.512410E-01   4.809009E+01
   8.446270E-01   4.807053E+01
   8.337350E-01   4.806632E+01
   8.055190E-01   4.806849E+01
   8.014430E-01   4.806616E+01
   7.985070E-01   4.804740E+01
   8.014170E-01   4.804219E+01
   8.094830E-01   4.803933E+01
   8.141730E-01   4.803433E+01
   8.257080E-01   4.803351E+01
   8.371280E-01   4.803703E+01
   8.445510E-01   4.803131E+01
   8.441240E-01   4.801802E+01
   8.359870E-01   4.800439E+01
   8.346630E-01   4.799608E+01
   8.247670E-01   4.798593E+01
   8.297890E-01   4.797569E+01
   8.396700E-01   4.796979E+01
   8.517750E-01   4.794789E+01
   8.508800E-01   4.793994E+01
   8.165070E-01   4.793046E+01
   8.154930E-01   4.791884E+01
   8.191370E-01   4.791319E+01
   8.162850E-01   4.790613E+01
   8.201820E-01   4.789256E+01
   8.127800E-01   4.788619E+01
   7.929680E-01   4.789790E+01
   7.911560E-01   4.790564E+01
   7.877750E-01   4.790806E+01
   7.785100E-01   4.790599E+01
   7.622020E-01   4.789534E+01
   7.603850E-01   4.788676E+01
   7.670100E-01   4.786748E+01
   7.655420E-01   4.786001E+01
   7.761140E-01   4.785245E+01
   7.770810E-01   4.783875E+01
   7.693010E-01   4.782915E+01
   7.618420E-01   4.783087E+01
   7.486220E-01   4.782447E+01
   7.429780E-01   4.781691E+01
   7.429760E-01   4.780983E+01
   7.332250E-01   4.780465E+01
   7.133260E-01   4.778513E+01
   7.013400E-01   4.778680E+01
   6.968570E-01   4.778394E+01
   6.968770E-01   4.777970E+01
   7.054810E-01   4.777125E+01
   7.045080E-01   4.776528E+01
   6.920470E-01   4.776127E+01
   6.771130E-01   4.776659E+01
   6.475430E-01   4.775092E+01
   6.270220E-01   4.774877E+01
   6.226710E-01   4.774474E+01
   6.224670E-01   4.773774E+01
   6.109030E-01   4.772365E+01
   5.963720E-01   4.772098E+01
   5.876340E-01   4.771483E+01
   5.876990E-01   4.771065E+01
   5.963870E-01   4.770224E+01
   5.954780E-01   4.769554E+01
   5.982360E-01   4.769081E+01
   6.027470E-01   4.768961E+01
   6.132350E-01   4.769673E+01
   6.209980E-01   4.769512E+01
   6.219820E-01   4.769061E+01
   6.161380E-01   4.768091E+01
   5.879470E-01   4.766685E+01
   5.630090E-01   4.766634E+01
   5.513640E-01   4.765639E+01
   5.231130E-01   4.765065E+01
   5.162390E-01   4.765173E+01
   5.002980E-01   4.764262E+01
   4.786830E-01   4.764084E+01
   4.703180E-01   4.764338E+01
   4.584940E-01   4.763652E+01
   4.594170E-01   4.762796E+01
   4.497740E-01   4.761697E+01
   4.242140E-01   4.761534E+01
   4.080800E-01   4.762465E+01
   4.051900E-01   4.763075E+01
   3.952610E-01   4.763743E+01
   3.841380E-01   4.763833E+01
   3.697100E-01   4.762598E+01
   3.687130E-01   4.762185E+01
   3.747250E-01   4.761536E+01
   3.857050E-01   4.761126E+01
   3.923400E-01   4.759992E+01
   3.989530E-01   4.759511E+01
   3.998020E-01   4.758708E+01
   4.048880E-01   4.757853E+01
   3.795760E-01   4.756612E+01
   3.380190E-01   4.757724E+01
   3.347000E-01   4.758378E+01
   3.206200E-01   4.759205E+01
   2.759890E-01   4.759546E+01
   2.669100E-01   4.760028E+01
   2.647660E-01   4.760548E+01
   2.580020E-01   4.760936E+01
   2.358900E-01   4.760665E+01
   2.366950E-01   4.757722E+01
   2.165490E-01   4.756885E+01
   2.112310E-01   4.756230E+01
   2.110950E-01   4.755643E+01
   2.026110E-01   4.754100E+01
   2.116030E-01   4.752950E+01
   2.173660E-01   4.753180E+01
   2.279370E-01   4.752771E+01
   2.223020E-01   4.750984E+01
   2.224150E-01   4.750124E+01
   2.043570E-01   4.748372E+01
   1.932800E-01   4.746134E+01
   1.853400E-01   4.745287E+01
   1.876300E-01   4.742339E+01
   1.827060E-01   4.741461E+01
   1.748500E-01   4.741069E+01
   1.686330E-01   4.740216E+01
   1.732470E-01   4.738944E+01
   1.839410E-01   4.738488E+01
   1.856470E-01   4.738001E+01
   1.490470E-01   4.735886E+01
   1.504310E-01   4.734722E+01
   1.485440E-01   4.734347E+01
   1.394270E-01   4.733397E+01
   1.224170E-01   4.732866E+01
   1.139420E-01   4.731452E+01
   1.039960E-01   4.730826E+01
   1.011580E-01   4.730166E+01
   9.626100E-02   4.730031E+01
   8.980500E-02   4.729254E+01
   9.087800E-02   4.727440E+01
   8.473600E-02   4.727063E+01
   7.941600E-02   4.726106E+01
   7.872200E-02   4.724985E+01
   7.396300E-02   4.724346E+01
   7.642000E-02   4.722473E+01
   8.146000E-02   4.721599E+01
   6.958000E-02   4.721109E+01
   5.921600E-02   4.720044E+01
   5.986500E-02   4.719608E+01
   6.898900E-02   4.718970E+01
   6.551500E-02   4.717503E+01
   6.087200E-02   4.716761E+01
   5.458700E-02   4.716116E+01
   4.661800E-02   4.716336E+01
   3.656700E-02   4.715711E+01
   1.780500E-02   4.717133E+01
   -6.862000E-03   4.715724E+01
   -3.257300E-02   4.712400E+01
   -3.530900E-02   4.711196E+01
   -2.404600E-02   4.710634E+01
   -2.687700E-02   4.709486E+01
   -3.380200E-02   4.708473E+01
   -4.186900E-02   4.708503E+01
   -4.676400E-02   4.709101E+01
   -6.892900E-02   4.709116E+01
   -7.398900E-02   4.709622E+01
   -8.750500E-02   4.709627E+01
   -9.723900E-02   4.708639E+01
   -1.002400E-01   4.706352E+01
   -1.278210E-01   4.705205E+01
   -1.387750E-01   4.705476E+01
   -1.414560E-01   4.706341E+01
   -1.448590E-01   4.706550E+01
   -1.550290E-01   4.706670E+01
   -1.660330E-01   4.706220E+01
   -1.809410E-01   4.706860E+01
   -1.806430E-01   4.707212E+01
   -1.667430E-01   4.708465E+01
   -1.511060E-01   4.709199E+01
   -1.489500E-01   4.709542E+01
   -1.512340E-01   4.709877E+01
   -1.788270E-01   4.710518E+01
   -1.822090E-01   4.710449E+01
   -1.857530E-01   4.709893E+01
   -2.063130E-01   4.709078E+01
   -2.430230E-01   4.710281E+01
   -2.623180E-01   4.709654E+01
   -2.893190E-01   4.709871E+01
   -3.019890E-01   4.709588E+01
   -3.134060E-01   4.708922E+01
   -3.406400E-01   4.708490E+01
   -3.546590E-01   4.709169E+01
   -3.833160E-01   4.708499E+01
   -3.916390E-01   4.708630E+01
   -3.997280E-01   4.706841E+01
   -4.055300E-01   4.706452E+01
   -4.285200E-01   4.706920E+01
   -4.417350E-01   4.706504E+01
   -4.604770E-01   4.706554E+01
   -4.781790E-01   4.705087E+01
   -4.830520E-01   4.705282E+01
   -4.882680E-01   4.706526E+01
   -4.812760E-01   4.707292E+01
   -4.811300E-01   4.707691E+01
   -4.943610E-01   4.707996E+01
   -5.334830E-01   4.706992E+01
   -5.509990E-01   4.706174E+01
   -5.540600E-01   4.704793E+01
   -5.415110E-01   4.703812E+01
   -5.402390E-01   4.703128E+01
   -5.456620E-01   4.702647E+01
   -5.591860E-01   4.702705E+01
   -5.628560E-01   4.701856E+01
   -5.812200E-01   4.701071E+01
   -5.951390E-01   4.699546E+01
   -6.188420E-01   4.698986E+01
   -6.319330E-01   4.699435E+01
   -6.461990E-01   4.698977E+01
   -6.543260E-01   4.699515E+01
   -6.710160E-01   4.699784E+01
   -6.747980E-01   4.699440E+01
   -6.758700E-01   4.698746E+01
   -6.791150E-01   4.698562E+01
   -6.878510E-01   4.698573E+01
   -6.973590E-01   4.699096E+01
   -7.156550E-01   4.698162E+01
   -7.348420E-01   4.699505E+01
   -7.442360E-01   4.698924E+01
   -7.614150E-01   4.698961E+01
   -7.705650E-01   4.699322E+01
   -7.740260E-01   4.700046E+01
   -7.865210E-01   4.699982E+01
   -8.021750E-01   4.699053E+01
   -8.074140E-01   4.698448E+01
   -8.227120E-01   4.699054E+01
   -8.354460E-01   4.698327E+01
   -8.435520E-01   4.698326E+01
   -8.480380E-01   4.697134E+01
   -8.596390E-01   4.696571E+01
   -8.615220E-01   4.695838E+01
   -8.587830E-01   4.695187E+01
   -8.474580E-01   4.694804E+01
   -8.439030E-01   4.694153E+01
   -8.369700E-01   4.693633E+01
   -8.278050E-01   4.693556E+01
   -8.209340E-01   4.692307E+01
   -8.051770E-01   4.692116E+01
   -8.074460E-01   4.691570E+01
   -8.147730E-01   4.690951E+01
   -8.149640E-01   4.690319E+01
   -8.224700E-01   4.689322E+01
   -8.226470E-01   4.688652E+01
   -8.137670E-01   4.688153E+01
   -8.051150E-01   4.687063E+01
   -7.856000E-01   4.685621E+01
   -7.787170E-01   4.684528E+01
   -7.647740E-01   4.683708E+01
   -7.371380E-01   4.683140E+01
   -7.313390E-01   4.682527E+01
   -7.080620E-01   4.682365E+01
   -6.962660E-01   4.681155E+01
   -6.974560E-01   4.680699E+01
   -7.102340E-01   4.680252E+01
   -7.150160E-01   4.679786E+01
   -7.147910E-01   4.679201E+01
   -7.223590E-01   4.678108E+01
   -7.227450E-01   4.676910E+01
   -7.181940E-01   4.676510E+01
   -7.140810E-01   4.675491E+01
   -6.964860E-01   4.675355E+01
   -6.916170E-01   4.674519E+01
   -6.911340E-01   4.673653E+01
   -6.716940E-01   4.672374E+01
   -6.544350E-01   4.670273E+01
   -6.547370E-01   4.669851E+01
   -6.709120E-01   4.668747E+01
   -6.684520E-01   4.668378E+01
   -6.509200E-01   4.667603E+01
   -6.346980E-01   4.666431E+01
   -6.361090E-01   4.666035E+01
   -6.457610E-01   4.665375E+01
   -6.453060E-01   4.664200E+01
   -6.233680E-01   4.663601E+01
   -6.120410E-01   4.662251E+01
   -6.201510E-01   4.660817E+01
   -6.116720E-01   4.659960E+01
   -6.120030E-01   4.659263E+01
   -6.091510E-01   4.658844E+01
   -6.165610E-01   4.657762E+01
   -6.160260E-01   4.656955E+01
   -6.143660E-01   4.656687E+01
   -6.039530E-01   4.656441E+01
   -6.030690E-01   4.655310E+01
   -5.994610E-01   4.654837E+01
   -5.998150E-01   4.653358E+01
   -6.081560E-01   4.652372E+01
   -6.245580E-01   4.652636E+01
   -6.350170E-01   4.652074E+01
   -6.356030E-01   4.651074E+01
   -6.307160E-01   4.650353E+01
   -6.225240E-01   4.649840E+01
   -6.218950E-01   4.648068E+01
   -6.163060E-01   4.647622E+01
   -6.130550E-01   4.646287E+01
   -6.055430E-01   4.645486E+01
   -6.169230E-01   4.643707E+01
   -6.310650E-01   4.643082E+01
   -6.359440E-01   4.642103E+01
   -6.353980E-01   4.641193E+01
   -6.265620E-01   4.640451E+01
   -6.282660E-01   4.639747E+01
   -6.217580E-01   4.639543E+01
   -6.148590E-01   4.641287E+01
   -6.070110E-01   4.641610E+01
   -5.710000E-01   4.640289E+01
   -5.672780E-01   4.639671E+01
   -5.494410E-01   4.639562E+01
   -5.357630E-01   4.638704E+01
   -5.571630E-01   4.635945E+01
   -5.759100E-01   4.635315E+01
   -5.987080E-01   4.635659E+01
   -6.033310E-01   4.634564E+01
   -6.200720E-01   4.633579E+01
   -6.321350E-01   4.633280E+01
   -6.344850E-01   4.632345E+01
   -6.469280E-01   4.631486E+01
   -6.566000E-01   4.631251E+01
   -6.731990E-01   4.631398E+01
   -6.967130E-01   4.632134E+01
   -7.134800E-01   4.631353E+01
   -7.139100E-01   4.630551E+01
   -7.227660E-01   4.630002E+01
END
END
