none
1
   -2.027959E+00   5.054576E+01
   -2.478591E+00   5.049829E+01
   -2.905075E+00   5.065138E+01
   -2.948617E+00   5.071680E+01
   -2.954127E+00   5.072386E+01
   -2.954653E+00   5.072911E+01
   -2.939955E+00   5.074487E+01
   -2.942359E+00   5.074960E+01
   -2.938239E+00   5.075422E+01
   -2.957107E+00   5.076233E+01
   -2.955559E+00   5.076887E+01
   -2.932611E+00   5.078340E+01
   -2.898243E+00   5.078768E+01
   -2.888887E+00   5.079581E+01
   -2.893340E+00   5.080302E+01
   -2.918742E+00   5.080394E+01
   -2.938913E+00   5.080823E+01
   -2.948714E+00   5.081358E+01
   -2.961612E+00   5.081389E+01
   -2.962969E+00   5.081714E+01
   -2.949728E+00   5.082539E+01
   -2.942537E+00   5.083737E+01
   -2.936236E+00   5.083778E+01
   -2.930722E+00   5.084255E+01
   -2.904054E+00   5.084557E+01
   -2.889346E+00   5.085175E+01
   -2.880143E+00   5.084951E+01
   -2.845092E+00   5.085330E+01
   -2.841541E+00   5.084924E+01
   -2.826408E+00   5.085257E+01
   -2.811674E+00   5.086510E+01
   -2.806368E+00   5.086467E+01
   -2.804779E+00   5.085959E+01
   -2.792154E+00   5.085454E+01
   -2.781193E+00   5.086180E+01
   -2.762685E+00   5.086233E+01
   -2.761267E+00   5.086704E+01
   -2.757611E+00   5.086861E+01
   -2.750420E+00   5.086551E+01
   -2.723045E+00   5.086790E+01
   -2.716146E+00   5.086562E+01
   -2.715186E+00   5.087265E+01
   -2.708079E+00   5.087149E+01
   -2.696131E+00   5.087765E+01
   -2.679465E+00   5.087913E+01
   -2.660816E+00   5.088880E+01
   -2.650849E+00   5.088530E+01
   -2.647269E+00   5.089005E+01
   -2.627751E+00   5.088800E+01
   -2.625692E+00   5.088130E+01
   -2.616794E+00   5.088320E+01
   -2.612043E+00   5.089053E+01
   -2.616124E+00   5.089212E+01
   -2.625756E+00   5.090816E+01
   -2.619033E+00   5.091357E+01
   -2.615981E+00   5.092449E+01
   -2.606148E+00   5.092798E+01
   -2.607576E+00   5.093356E+01
   -2.615669E+00   5.093683E+01
   -2.617786E+00   5.094095E+01
   -2.616385E+00   5.094312E+01
   -2.611745E+00   5.094200E+01
   -2.608073E+00   5.094722E+01
   -2.600359E+00   5.095050E+01
   -2.600327E+00   5.095942E+01
   -2.597037E+00   5.096289E+01
   -2.601240E+00   5.096632E+01
   -2.600700E+00   5.097294E+01
   -2.604880E+00   5.097716E+01
   -2.595885E+00   5.098305E+01
   -2.588230E+00   5.097859E+01
   -2.576141E+00   5.098461E+01
   -2.574847E+00   5.098839E+01
   -2.568308E+00   5.098688E+01
   -2.561877E+00   5.097981E+01
   -2.557595E+00   5.098089E+01
   -2.547208E+00   5.098676E+01
   -2.547000E+00   5.099052E+01
   -2.553627E+00   5.099365E+01
   -2.547869E+00   5.100119E+01
   -2.534785E+00   5.100103E+01
   -2.534015E+00   5.099541E+01
   -2.525231E+00   5.099376E+01
   -2.517576E+00   5.099630E+01
   -2.501659E+00   5.099540E+01
   -2.486530E+00   5.097427E+01
   -2.473229E+00   5.096355E+01
   -2.473623E+00   5.095973E+01
   -2.466189E+00   5.096140E+01
   -2.457499E+00   5.095554E+01
   -2.456015E+00   5.095104E+01
   -2.445331E+00   5.095968E+01
   -2.447681E+00   5.096948E+01
   -2.427692E+00   5.097306E+01
   -2.414554E+00   5.096252E+01
   -2.383908E+00   5.097403E+01
   -2.346608E+00   5.098064E+01
   -2.346293E+00   5.098310E+01
   -2.356398E+00   5.098935E+01
   -2.377901E+00   5.098938E+01
   -2.382582E+00   5.099623E+01
   -2.382999E+00   5.100535E+01
   -2.378797E+00   5.100955E+01
   -2.379296E+00   5.101288E+01
   -2.371004E+00   5.101546E+01
   -2.361694E+00   5.102654E+01
   -2.345440E+00   5.103399E+01
   -2.336770E+00   5.104149E+01
   -2.331772E+00   5.104207E+01
   -2.334752E+00   5.105029E+01
   -2.340724E+00   5.105440E+01
   -2.345264E+00   5.105398E+01
   -2.350662E+00   5.106029E+01
   -2.351590E+00   5.106936E+01
   -2.344292E+00   5.107623E+01
   -2.334815E+00   5.107691E+01
   -2.320574E+00   5.108270E+01
   -2.284485E+00   5.107728E+01
   -2.268374E+00   5.107047E+01
   -2.247501E+00   5.107394E+01
   -2.239429E+00   5.107144E+01
   -2.224893E+00   5.105902E+01
   -2.216842E+00   5.105643E+01
   -2.204442E+00   5.104447E+01
   -2.200903E+00   5.104487E+01
   -2.191996E+00   5.103890E+01
   -2.187592E+00   5.103111E+01
   -2.187048E+00   5.102009E+01
   -2.175101E+00   5.101393E+01
   -2.175991E+00   5.100865E+01
   -2.171266E+00   5.100265E+01
   -2.147972E+00   5.098807E+01
   -2.118539E+00   5.097937E+01
   -2.121278E+00   5.097180E+01
   -2.118986E+00   5.096972E+01
   -2.119164E+00   5.096233E+01
   -2.109440E+00   5.095680E+01
   -2.101044E+00   5.094707E+01
   -2.086516E+00   5.095206E+01
   -2.069125E+00   5.095276E+01
   -2.059845E+00   5.096391E+01
   -2.042090E+00   5.096936E+01
   -2.038291E+00   5.097366E+01
   -1.993527E+00   5.097777E+01
   -1.991525E+00   5.098246E+01
   -1.986051E+00   5.098569E+01
   -1.963846E+00   5.099363E+01
   -1.955490E+00   5.099090E+01
   -1.954104E+00   5.098009E+01
   -1.943976E+00   5.097722E+01
   -1.938294E+00   5.097123E+01
   -1.929185E+00   5.096935E+01
   -1.926173E+00   5.096502E+01
   -1.919917E+00   5.096284E+01
   -1.907837E+00   5.094652E+01
   -1.895815E+00   5.093577E+01
   -1.877723E+00   5.092564E+01
   -1.872652E+00   5.091920E+01
   -1.864251E+00   5.092094E+01
   -1.855147E+00   5.092893E+01
   -1.841991E+00   5.093338E+01
   -1.825901E+00   5.092863E+01
   -1.810395E+00   5.092920E+01
   -1.809063E+00   5.092600E+01
   -1.818082E+00   5.091124E+01
   -1.815295E+00   5.090281E+01
   -1.824370E+00   5.089418E+01
   -1.839773E+00   5.089607E+01
   -1.845524E+00   5.089037E+01
   -1.842372E+00   5.088713E+01
   -1.846249E+00   5.088213E+01
   -1.843587E+00   5.087785E+01
   -1.850634E+00   5.086286E+01
   -1.848765E+00   5.086019E+01
   -1.829889E+00   5.085700E+01
   -1.816468E+00   5.086001E+01
   -1.813409E+00   5.086616E+01
   -1.805758E+00   5.086435E+01
   -1.802288E+00   5.085227E+01
   -1.798282E+00   5.084878E+01
   -1.801025E+00   5.084411E+01
   -1.788937E+00   5.083608E+01
   -1.793539E+00   5.082961E+01
   -1.802200E+00   5.082913E+01
   -1.800125E+00   5.082055E+01
   -1.805384E+00   5.081648E+01
   -1.801267E+00   5.081299E+01
   -1.808973E+00   5.080665E+01
   -1.803357E+00   5.080501E+01
   -1.799891E+00   5.080055E+01
   -1.799543E+00   5.078857E+01
   -1.795081E+00   5.078769E+01
   -1.793898E+00   5.078398E+01
   -1.786436E+00   5.077977E+01
   -1.786728E+00   5.076781E+01
   -1.776787E+00   5.076824E+01
   -1.771480E+00   5.077063E+01
   -1.770975E+00   5.077404E+01
   -1.748613E+00   5.078120E+01
   -1.737323E+00   5.076370E+01
   -1.742791E+00   5.075476E+01
   -1.740779E+00   5.074990E+01
   -1.712718E+00   5.075420E+01
   -1.680036E+00   5.075204E+01
   -1.682532E+00   5.074359E+01
   -1.691410E+00   5.073539E+01
   -1.697205E+00   5.065883E+01
   -2.027959E+00   5.054576E+01
END
END
