none
1
   3.658723E+01   4.486916E+01
   3.632130E+01   4.478140E+01
   3.586723E+01   4.474156E+01
   3.563792E+01   4.477878E+01
   3.519419E+01   4.454824E+01
   3.475216E+01   4.453336E+01
   3.456984E+01   4.435196E+01
   3.425741E+01   4.418416E+01
   3.373338E+01   4.413411E+01
   3.328842E+01   4.428003E+01
   3.308447E+01   4.445073E+01
   3.304632E+01   4.463244E+01
   3.318807E+01   4.479736E+01
   3.319610E+01   4.489718E+01
   3.281426E+01   4.508492E+01
   3.258196E+01   4.506437E+01
   3.224215E+01   4.518556E+01
   3.215053E+01   4.541860E+01
   3.229008E+01   4.563796E+01
   3.276382E+01   4.587799E+01
   3.350204E+01   4.605619E+01
   3.357418E+01   4.617282E+01
   3.357107E+01   4.624987E+01
   3.364373E+01   4.628118E+01
   3.435945E+01   4.610523E+01
   3.448616E+01   4.599791E+01
   3.456099E+01   4.604619E+01
   3.464487E+01   4.603539E+01
   3.483400E+01   4.594033E+01
   3.486024E+01   4.585082E+01
   3.495522E+01   4.581513E+01
   3.525239E+01   4.583880E+01
   3.554790E+01   4.557771E+01
   3.578323E+01   4.569530E+01
   3.599696E+01   4.567179E+01
   3.633254E+01   4.572272E+01
   3.640147E+01   4.571506E+01
   3.667035E+01   4.562701E+01
   3.668355E+01   4.545690E+01
   3.666550E+01   4.535975E+01
   3.660493E+01   4.530823E+01
   3.659946E+01   4.528328E+01
   3.659548E+01   4.525102E+01
   3.658703E+01   4.524249E+01
   3.655542E+01   4.521999E+01
   3.653275E+01   4.519745E+01
   3.653582E+01   4.517545E+01
   3.654478E+01   4.513462E+01
   3.656986E+01   4.505136E+01
   3.661162E+01   4.494026E+01
   3.658723E+01   4.486916E+01
END
END
