none
1
   1.287894E+01   4.796627E+01
   1.291032E+01   4.795998E+01
   1.291176E+01   4.795984E+01
   1.292454E+01   4.795337E+01
   1.292435E+01   4.794355E+01
   1.293765E+01   4.794673E+01
   1.294032E+01   4.794538E+01
   1.294834E+01   4.792455E+01
   1.298743E+01   4.787599E+01
   1.299583E+01   4.786452E+01
   1.299942E+01   4.786110E+01
   1.300416E+01   4.785521E+01
   1.300499E+01   4.783998E+01
   1.300486E+01   4.783979E+01
   1.298738E+01   4.782683E+01
   1.297292E+01   4.780540E+01
   1.294053E+01   4.777378E+01
   1.294761E+01   4.776410E+01
   1.294314E+01   4.775567E+01
   1.293297E+01   4.774440E+01
   1.291965E+01   4.773976E+01
   1.290802E+01   4.772509E+01
   1.292353E+01   4.771678E+01
   1.298665E+01   4.771031E+01
   1.300060E+01   4.771612E+01
   1.300742E+01   4.772514E+01
   1.301870E+01   4.772590E+01
   1.305081E+01   4.771333E+01
   1.306360E+01   4.769895E+01
   1.308310E+01   4.768807E+01
   1.308076E+01   4.766822E+01
   1.310138E+01   4.763566E+01
   1.309864E+01   4.762845E+01
   1.309112E+01   4.762103E+01
   1.307417E+01   4.760887E+01
   1.306870E+01   4.759588E+01
   1.307408E+01   4.758660E+01
   1.305377E+01   4.758185E+01
   1.306042E+01   4.756152E+01
   1.304106E+01   4.754157E+01
   1.303880E+01   4.753105E+01
   1.304906E+01   4.752480E+01
   1.305039E+01   4.749070E+01
   1.303332E+01   4.748433E+01
   1.301097E+01   4.746407E+01
   1.300574E+01   4.746213E+01
   1.300016E+01   4.746302E+01
   1.298807E+01   4.747437E+01
   1.298412E+01   4.747868E+01
   1.297647E+01   4.748030E+01
   1.297511E+01   4.747304E+01
   1.297382E+01   4.747218E+01
   1.296737E+01   4.747143E+01
   1.291406E+01   4.749170E+01
   1.289143E+01   4.750465E+01
   1.288230E+01   4.751054E+01
   1.287937E+01   4.751899E+01
   1.285964E+01   4.752355E+01
   1.285044E+01   4.752918E+01
   1.284748E+01   4.753175E+01
   1.284721E+01   4.753827E+01
   1.283272E+01   4.754001E+01
   1.283233E+01   4.754025E+01
   1.280886E+01   4.754605E+01
   1.279270E+01   4.755439E+01
   1.278025E+01   4.757342E+01
   1.277847E+01   4.758172E+01
   1.279128E+01   4.759341E+01
   1.279090E+01   4.760264E+01
   1.280972E+01   4.761401E+01
   1.280839E+01   4.761904E+01
   1.278916E+01   4.762996E+01
   1.277776E+01   4.763149E+01
   1.277599E+01   4.763230E+01
   1.275616E+01   4.764976E+01
   1.275456E+01   4.765865E+01
   1.275571E+01   4.766150E+01
   1.275387E+01   4.766253E+01
   1.275350E+01   4.766457E+01
   1.274489E+01   4.767211E+01
   1.273177E+01   4.767658E+01
   1.271890E+01   4.767403E+01
   1.271313E+01   4.767365E+01
   1.267808E+01   4.767917E+01
   1.265531E+01   4.766981E+01
   1.263115E+01   4.766821E+01
   1.260641E+01   4.767003E+01
   1.257685E+01   4.763047E+01
   1.257053E+01   4.763014E+01
   1.253705E+01   4.763347E+01
   1.252464E+01   4.762773E+01
   1.252419E+01   4.762771E+01
   1.250622E+01   4.762222E+01
   1.249897E+01   4.762206E+01
   1.248801E+01   4.763522E+01
   1.246258E+01   4.764778E+01
   1.243808E+01   4.767627E+01
   1.243379E+01   4.769226E+01
   1.240885E+01   4.768676E+01
   1.240132E+01   4.768914E+01
   1.237258E+01   4.768283E+01
   1.236250E+01   4.768290E+01
   1.236033E+01   4.768356E+01
   1.235572E+01   4.768750E+01
   1.234672E+01   4.768768E+01
   1.233349E+01   4.769168E+01
   1.233210E+01   4.769308E+01
   1.231993E+01   4.769154E+01
   1.227836E+01   4.768815E+01
   1.226412E+01   4.767561E+01
   1.225376E+01   4.767685E+01
   1.223987E+01   4.769244E+01
   1.223851E+01   4.769499E+01
   1.224434E+01   4.771248E+01
   1.226158E+01   4.773292E+01
   1.225605E+01   4.773978E+01
   1.223069E+01   4.771762E+01
   1.222551E+01   4.771430E+01
   1.220500E+01   4.770474E+01
   1.219735E+01   4.770564E+01
   1.216862E+01   4.768854E+01
   1.220148E+01   4.764239E+01
   1.221122E+01   4.761389E+01
   1.220489E+01   4.760391E+01
   1.219168E+01   4.760098E+01
   1.217546E+01   4.759888E+01
   1.217594E+01   4.761086E+01
   1.215352E+01   4.760764E+01
   1.214061E+01   4.760314E+01
   1.212356E+01   4.760473E+01
   1.211469E+01   4.760842E+01
   1.209472E+01   4.760741E+01
   1.208329E+01   4.760848E+01
   1.207957E+01   4.760858E+01
   1.207683E+01   4.761069E+01
   1.203773E+01   4.761449E+01
   1.202671E+01   4.761000E+01
   1.202081E+01   4.761016E+01
   1.200686E+01   4.761849E+01
   1.200062E+01   4.761768E+01
   1.199900E+01   4.761841E+01
   1.198251E+01   4.761606E+01
   1.197909E+01   4.761261E+01
   1.197719E+01   4.761110E+01
   1.197303E+01   4.761168E+01
   1.196792E+01   4.761418E+01
   1.191431E+01   4.761080E+01
   1.188048E+01   4.760211E+01
   1.186054E+01   4.759953E+01
   1.185667E+01   4.758999E+01
   1.184443E+01   4.757824E+01
   1.177731E+01   4.758758E+01
   1.172598E+01   4.758649E+01
   1.172483E+01   4.758672E+01
   1.172177E+01   4.758640E+01
   1.170053E+01   4.758595E+01
   1.168973E+01   4.758306E+01
   1.166822E+01   4.758082E+01
   1.166004E+01   4.758082E+01
   1.165187E+01   4.758367E+01
   1.163482E+01   4.759225E+01
   1.163805E+01   4.758121E+01
   1.163730E+01   4.758057E+01
   1.162744E+01   4.757921E+01
   1.161940E+01   4.758115E+01
   1.161535E+01   4.757755E+01
   1.161048E+01   4.757688E+01
   1.160243E+01   4.756607E+01
   1.159113E+01   4.755602E+01
   1.159100E+01   4.752927E+01
   1.159050E+01   4.752527E+01
   1.157745E+01   4.751574E+01
   1.157088E+01   4.751242E+01
   1.150567E+01   4.750270E+01
   1.149831E+01   4.750341E+01
   1.148666E+01   4.750604E+01
   1.147600E+01   4.750556E+01
   1.146780E+01   4.750635E+01
   1.144895E+01   4.750452E+01
   1.144233E+01   4.751072E+01
   1.143947E+01   4.750966E+01
   1.143523E+01   4.751377E+01
   1.142510E+01   4.750432E+01
   1.142408E+01   4.750394E+01
   1.140531E+01   4.748758E+01
   1.139048E+01   4.747765E+01
   1.140622E+01   4.747456E+01
   1.141205E+01   4.746821E+01
   1.142253E+01   4.744327E+01
   1.140350E+01   4.744355E+01
   1.137543E+01   4.744541E+01
   1.136878E+01   4.744407E+01
   1.133762E+01   4.744453E+01
   1.133192E+01   4.743662E+01
   1.132290E+01   4.743480E+01
   1.131020E+01   4.742835E+01
   1.130951E+01   4.742809E+01
   1.130939E+01   4.742793E+01
   1.129577E+01   4.742101E+01
   1.129278E+01   4.740749E+01
   1.127474E+01   4.739619E+01
   1.125500E+01   4.739812E+01
   1.122624E+01   4.739352E+01
   1.121982E+01   4.739775E+01
   1.123327E+01   4.741444E+01
   1.123708E+01   4.741808E+01
   1.123650E+01   4.741845E+01
   1.124496E+01   4.742894E+01
   1.122636E+01   4.742866E+01
   1.120587E+01   4.743291E+01
   1.120060E+01   4.742649E+01
   1.118751E+01   4.742412E+01
   1.118065E+01   4.742342E+01
   1.117478E+01   4.742181E+01
   1.115241E+01   4.741775E+01
   1.114732E+01   4.741426E+01
   1.112954E+01   4.740938E+01
   1.112681E+01   4.740022E+01
   1.111692E+01   4.739344E+01
   1.106393E+01   4.739487E+01
   1.102425E+01   4.739130E+01
   1.096893E+01   4.739761E+01
   1.096594E+01   4.741279E+01
   1.097024E+01   4.741989E+01
   1.098146E+01   4.742255E+01
   1.098077E+01   4.742849E+01
   1.096088E+01   4.744326E+01
   1.095719E+01   4.744667E+01
   1.094961E+01   4.745162E+01
   1.092746E+01   4.746807E+01
   1.092991E+01   4.747928E+01
   1.090996E+01   4.748247E+01
   1.089635E+01   4.747947E+01
   1.089387E+01   4.747927E+01
   1.087966E+01   4.747710E+01
   1.086696E+01   4.748368E+01
   1.086657E+01   4.748393E+01
   1.087031E+01   4.750285E+01
   1.091534E+01   4.751601E+01
   1.090270E+01   4.751561E+01
   1.088829E+01   4.753420E+01
   1.087833E+01   4.753927E+01
   1.086853E+01   4.756208E+01
   1.087029E+01   4.757399E+01
   1.088950E+01   4.758270E+01
   1.092358E+01   4.758898E+01
   1.094199E+01   4.760267E+01
   1.092865E+01   4.762444E+01
   1.090052E+01   4.763588E+01
   1.091299E+01   4.765439E+01
   1.087638E+01   4.765211E+01
   1.087259E+01   4.765683E+01
   1.084716E+01   4.766137E+01
   1.082382E+01   4.765373E+01
   1.079635E+01   4.765320E+01
   1.077628E+01   4.765987E+01
   1.077863E+01   4.767186E+01
   1.078811E+01   4.767688E+01
   1.079547E+01   4.768863E+01
   1.079873E+01   4.770862E+01
   1.081610E+01   4.771232E+01
   1.082456E+01   4.771946E+01
   1.082236E+01   4.772223E+01
   1.079531E+01   4.771598E+01
   1.078926E+01   4.770361E+01
   1.076255E+01   4.769398E+01
   1.075622E+01   4.768551E+01
   1.073253E+01   4.767885E+01
   1.072648E+01   4.768279E+01
   1.073411E+01   4.769363E+01
   1.071923E+01   4.769635E+01
   1.071268E+01   4.770541E+01
   1.071716E+01   4.771561E+01
   1.073030E+01   4.771653E+01
   1.073130E+01   4.772981E+01
   1.072735E+01   4.773418E+01
   1.073762E+01   4.775635E+01
   1.073387E+01   4.776300E+01
   1.073743E+01   4.777020E+01
   1.077518E+01   4.777021E+01
   1.077675E+01   4.777903E+01
   1.074617E+01   4.779426E+01
   1.074407E+01   4.781117E+01
   1.075725E+01   4.782528E+01
   1.075959E+01   4.783109E+01
   1.075535E+01   4.783861E+01
   1.076120E+01   4.784991E+01
   1.074541E+01   4.785508E+01
   1.075067E+01   4.786419E+01
   1.078198E+01   4.788105E+01
   1.076857E+01   4.788291E+01
   1.077036E+01   4.789805E+01
   1.078156E+01   4.790207E+01
   1.077600E+01   4.790565E+01
   1.077520E+01   4.791465E+01
   1.077958E+01   4.791902E+01
   1.077161E+01   4.792015E+01
   1.077024E+01   4.793118E+01
   1.078584E+01   4.794133E+01
   1.079342E+01   4.793904E+01
   1.079161E+01   4.795702E+01
   1.080270E+01   4.796028E+01
   1.080489E+01   4.797204E+01
   1.081333E+01   4.797772E+01
   1.081263E+01   4.798572E+01
   1.081997E+01   4.799246E+01
   1.081913E+01   4.799876E+01
   1.081011E+01   4.800096E+01
   1.080643E+01   4.800944E+01
   1.080449E+01   4.802038E+01
   1.081241E+01   4.802481E+01
   1.080798E+01   4.803089E+01
   1.078794E+01   4.803718E+01
   1.076432E+01   4.803135E+01
   1.075331E+01   4.803957E+01
   1.075426E+01   4.804890E+01
   1.076377E+01   4.805085E+01
   1.077226E+01   4.806582E+01
   1.078069E+01   4.806851E+01
   1.078196E+01   4.807855E+01
   1.080568E+01   4.808947E+01
   1.080723E+01   4.809479E+01
   1.078438E+01   4.812447E+01
   1.079033E+01   4.812988E+01
   1.078364E+01   4.815184E+01
   1.081113E+01   4.815544E+01
   1.084026E+01   4.815021E+01
   1.084576E+01   4.815975E+01
   1.085849E+01   4.816029E+01
   1.086927E+01   4.817098E+01
   1.087537E+01   4.819281E+01
   1.088812E+01   4.819331E+01
   1.090358E+01   4.824068E+01
   1.093049E+01   4.823756E+01
   1.094971E+01   4.822092E+01
   1.094918E+01   4.820889E+01
   1.096634E+01   4.820561E+01
   1.098849E+01   4.821307E+01
   1.102946E+01   4.819862E+01
   1.105178E+01   4.820015E+01
   1.105528E+01   4.821039E+01
   1.103557E+01   4.822085E+01
   1.103943E+01   4.822488E+01
   1.103442E+01   4.822891E+01
   1.103803E+01   4.823799E+01
   1.104414E+01   4.824486E+01
   1.105561E+01   4.824590E+01
   1.104265E+01   4.824786E+01
   1.104171E+01   4.825708E+01
   1.106327E+01   4.825799E+01
   1.105667E+01   4.827320E+01
   1.106952E+01   4.828442E+01
   1.109870E+01   4.826954E+01
   1.109923E+01   4.826328E+01
   1.111685E+01   4.827383E+01
   1.110691E+01   4.829681E+01
   1.111378E+01   4.830281E+01
   1.112225E+01   4.830266E+01
   1.111510E+01   4.831140E+01
   1.112883E+01   4.832701E+01
   1.116147E+01   4.832907E+01
   1.116398E+01   4.833666E+01
   1.115842E+01   4.834764E+01
   1.116623E+01   4.835482E+01
   1.116173E+01   4.836010E+01
   1.116323E+01   4.837036E+01
   1.117336E+01   4.837059E+01
   1.117341E+01   4.837905E+01
   1.118555E+01   4.837882E+01
   1.119316E+01   4.838685E+01
   1.119364E+01   4.839359E+01
   1.118656E+01   4.839638E+01
   1.117664E+01   4.841977E+01
   1.119774E+01   4.842354E+01
   1.121161E+01   4.843332E+01
   1.123824E+01   4.843681E+01
   1.124514E+01   4.844481E+01
   1.125725E+01   4.844372E+01
   1.125764E+01   4.844848E+01
   1.126541E+01   4.845097E+01
   1.129266E+01   4.844659E+01
   1.129756E+01   4.845057E+01
   1.129556E+01   4.846496E+01
   1.129007E+01   4.847037E+01
   1.126806E+01   4.846088E+01
   1.125499E+01   4.846545E+01
   1.124609E+01   4.848003E+01
   1.121223E+01   4.849256E+01
   1.120329E+01   4.852429E+01
   1.118957E+01   4.852783E+01
   1.118192E+01   4.853585E+01
   1.112478E+01   4.855169E+01
   1.112956E+01   4.856556E+01
   1.114894E+01   4.856686E+01
   1.115745E+01   4.857363E+01
   1.116071E+01   4.858046E+01
   1.115401E+01   4.859199E+01
   1.114246E+01   4.858610E+01
   1.112440E+01   4.858902E+01
   1.111759E+01   4.859400E+01
   1.111748E+01   4.860439E+01
   1.110944E+01   4.859967E+01
   1.107973E+01   4.859783E+01
   1.107516E+01   4.860223E+01
   1.105066E+01   4.859787E+01
   1.102065E+01   4.861818E+01
   1.101930E+01   4.862421E+01
   1.102443E+01   4.862891E+01
   1.103670E+01   4.862959E+01
   1.102883E+01   4.863809E+01
   1.102937E+01   4.864673E+01
   1.101267E+01   4.865066E+01
   1.099814E+01   4.866526E+01
   1.099241E+01   4.868277E+01
   1.098059E+01   4.869220E+01
   1.098618E+01   4.869918E+01
   1.097682E+01   4.872371E+01
   1.097857E+01   4.873555E+01
   1.098326E+01   4.874816E+01
   1.099411E+01   4.875477E+01
   1.099060E+01   4.876188E+01
   1.096992E+01   4.876615E+01
   1.096241E+01   4.877327E+01
   1.098061E+01   4.878852E+01
   1.097399E+01   4.879638E+01
   1.095878E+01   4.879339E+01
   1.095766E+01   4.879951E+01
   1.094448E+01   4.881070E+01
   1.095037E+01   4.881688E+01
   1.097579E+01   4.881221E+01
   1.100171E+01   4.882407E+01
   1.099271E+01   4.883427E+01
   1.099338E+01   4.883930E+01
   1.096900E+01   4.883884E+01
   1.096044E+01   4.885536E+01
   1.093421E+01   4.886229E+01
   1.094779E+01   4.886724E+01
   1.095988E+01   4.886501E+01
   1.097337E+01   4.888163E+01
   1.102447E+01   4.888903E+01
   1.102727E+01   4.889726E+01
   1.103351E+01   4.889941E+01
   1.102845E+01   4.890507E+01
   1.103132E+01   4.891157E+01
   1.105538E+01   4.891201E+01
   1.105902E+01   4.892525E+01
   1.104803E+01   4.893265E+01
   1.106824E+01   4.895582E+01
   1.109319E+01   4.896476E+01
   1.114201E+01   4.899417E+01
   1.115614E+01   4.899755E+01
   1.115243E+01   4.900295E+01
   1.115778E+01   4.900631E+01
   1.115742E+01   4.901381E+01
   1.120052E+01   4.905011E+01
   1.122527E+01   4.905471E+01
   1.124703E+01   4.905029E+01
   1.125651E+01   4.905561E+01
   1.125646E+01   4.903990E+01
   1.127237E+01   4.902911E+01
   1.126958E+01   4.901920E+01
   1.129227E+01   4.900949E+01
   1.129102E+01   4.901811E+01
   1.129798E+01   4.901936E+01
   1.130998E+01   4.900563E+01
   1.131848E+01   4.900505E+01
   1.133958E+01   4.901043E+01
   1.134520E+01   4.902260E+01
   1.137115E+01   4.901999E+01
   1.138551E+01   4.903384E+01
   1.140263E+01   4.903402E+01
   1.140254E+01   4.904697E+01
   1.139778E+01   4.905316E+01
   1.140034E+01   4.905857E+01
   1.138251E+01   4.907814E+01
   1.139095E+01   4.909052E+01
   1.143698E+01   4.906812E+01
   1.148733E+01   4.906688E+01
   1.150337E+01   4.907979E+01
   1.152804E+01   4.907537E+01
   1.153968E+01   4.907242E+01
   1.154791E+01   4.906389E+01
   1.153618E+01   4.905114E+01
   1.153574E+01   4.903897E+01
   1.152345E+01   4.903393E+01
   1.154294E+01   4.902853E+01
   1.154742E+01   4.901619E+01
   1.154453E+01   4.900971E+01
   1.155509E+01   4.900710E+01
   1.155518E+01   4.899922E+01
   1.156358E+01   4.899152E+01
   1.157840E+01   4.899128E+01
   1.158192E+01   4.897619E+01
   1.159766E+01   4.896129E+01
   1.159792E+01   4.895586E+01
   1.162135E+01   4.894673E+01
   1.163593E+01   4.894812E+01
   1.163893E+01   4.893455E+01
   1.165073E+01   4.893274E+01
   1.165228E+01   4.893818E+01
   1.168727E+01   4.893650E+01
   1.170611E+01   4.892121E+01
   1.171659E+01   4.892592E+01
   1.171899E+01   4.893503E+01
   1.173061E+01   4.893198E+01
   1.172373E+01   4.891203E+01
   1.173122E+01   4.889423E+01
   1.174186E+01   4.889143E+01
   1.174038E+01   4.888371E+01
   1.174703E+01   4.887543E+01
   1.173465E+01   4.886593E+01
   1.172169E+01   4.886452E+01
   1.172000E+01   4.885687E+01
   1.172566E+01   4.884400E+01
   1.172205E+01   4.883487E+01
   1.171087E+01   4.883298E+01
   1.170468E+01   4.883782E+01
   1.170951E+01   4.881531E+01
   1.172776E+01   4.882111E+01
   1.174353E+01   4.881758E+01
   1.173589E+01   4.880512E+01
   1.174174E+01   4.880116E+01
   1.173919E+01   4.878978E+01
   1.171711E+01   4.877478E+01
   1.170853E+01   4.878222E+01
   1.170204E+01   4.877703E+01
   1.170523E+01   4.876705E+01
   1.171835E+01   4.875737E+01
   1.171705E+01   4.875323E+01
   1.165860E+01   4.874222E+01
   1.165991E+01   4.873164E+01
   1.167338E+01   4.872382E+01
   1.165936E+01   4.870382E+01
   1.169739E+01   4.868586E+01
   1.169056E+01   4.866474E+01
   1.170326E+01   4.866178E+01
   1.171614E+01   4.864884E+01
   1.171407E+01   4.864057E+01
   1.170017E+01   4.863127E+01
   1.170064E+01   4.862290E+01
   1.175210E+01   4.860371E+01
   1.177326E+01   4.860312E+01
   1.178014E+01   4.861657E+01
   1.179026E+01   4.861726E+01
   1.181015E+01   4.861218E+01
   1.183104E+01   4.859750E+01
   1.185187E+01   4.859324E+01
   1.185695E+01   4.858815E+01
   1.187395E+01   4.858477E+01
   1.188643E+01   4.859158E+01
   1.194171E+01   4.857805E+01
   1.196188E+01   4.858122E+01
   1.196751E+01   4.856797E+01
   1.196214E+01   4.856388E+01
   1.196376E+01   4.856025E+01
   1.197173E+01   4.855876E+01
   1.197573E+01   4.855136E+01
   1.196865E+01   4.854619E+01
   1.197394E+01   4.853607E+01
   1.196694E+01   4.853454E+01
   1.196576E+01   4.852973E+01
   1.197883E+01   4.851184E+01
   1.196345E+01   4.850059E+01
   1.197541E+01   4.849486E+01
   1.201253E+01   4.849772E+01
   1.200434E+01   4.847312E+01
   1.200624E+01   4.846443E+01
   1.199794E+01   4.845591E+01
   1.201186E+01   4.845297E+01
   1.202962E+01   4.842101E+01
   1.206196E+01   4.842521E+01
   1.207623E+01   4.843157E+01
   1.216494E+01   4.842475E+01
   1.217312E+01   4.841520E+01
   1.217445E+01   4.840075E+01
   1.218357E+01   4.839771E+01
   1.219850E+01   4.838285E+01
   1.219875E+01   4.836583E+01
   1.223447E+01   4.835154E+01
   1.224077E+01   4.832943E+01
   1.225024E+01   4.832646E+01
   1.229467E+01   4.833478E+01
   1.231856E+01   4.833187E+01
   1.231843E+01   4.833942E+01
   1.232314E+01   4.834300E+01
   1.235806E+01   4.833972E+01
   1.235958E+01   4.834739E+01
   1.236897E+01   4.834749E+01
   1.238674E+01   4.836266E+01
   1.241430E+01   4.836946E+01
   1.242410E+01   4.838791E+01
   1.243268E+01   4.839178E+01
   1.243536E+01   4.840402E+01
   1.242526E+01   4.841337E+01
   1.242697E+01   4.841803E+01
   1.244568E+01   4.841446E+01
   1.246296E+01   4.841900E+01
   1.248248E+01   4.843268E+01
   1.252605E+01   4.842326E+01
   1.254222E+01   4.842533E+01
   1.254652E+01   4.841911E+01
   1.254055E+01   4.840969E+01
   1.256763E+01   4.840620E+01
   1.257343E+01   4.839864E+01
   1.259384E+01   4.838881E+01
   1.261080E+01   4.836232E+01
   1.262105E+01   4.836077E+01
   1.262659E+01   4.835130E+01
   1.264189E+01   4.835088E+01
   1.265423E+01   4.834038E+01
   1.266646E+01   4.834643E+01
   1.269071E+01   4.834733E+01
   1.270675E+01   4.833513E+01
   1.274590E+01   4.832411E+01
   1.278398E+01   4.833067E+01
   1.282390E+01   4.831801E+01
   1.283150E+01   4.830259E+01
   1.284667E+01   4.829789E+01
   1.286558E+01   4.827976E+01
   1.289946E+01   4.826515E+01
   1.290629E+01   4.825017E+01
   1.289798E+01   4.823995E+01
   1.291258E+01   4.822371E+01
   1.294697E+01   4.820784E+01
   1.294482E+01   4.820372E+01
   1.287084E+01   4.819830E+01
   1.284921E+01   4.816468E+01
   1.283856E+01   4.816266E+01
   1.282885E+01   4.815022E+01
   1.280193E+01   4.814454E+01
   1.278753E+01   4.812058E+01
   1.276188E+01   4.812448E+01
   1.276136E+01   4.811738E+01
   1.275235E+01   4.810774E+01
   1.275583E+01   4.808795E+01
   1.276445E+01   4.807450E+01
   1.285623E+01   4.801424E+01
   1.287499E+01   4.796702E+01
   1.287894E+01   4.796627E+01
END
END
