none
1
   -6.100627E+00   4.958390E+01
   -6.142681E+00   4.957808E+01
   -6.652752E+00   4.965794E+01
   -6.820424E+00   5.001620E+01
   -6.694169E+00   5.014573E+01
   -4.653215E+00   5.093101E+01
   -4.551301E+00   5.092998E+01
   -4.454097E+00   5.093213E+01
   -4.457686E+00   5.091530E+01
   -4.412353E+00   5.086911E+01
   -4.429763E+00   5.086168E+01
   -4.439549E+00   5.083183E+01
   -4.434862E+00   5.081649E+01
   -4.470567E+00   5.078999E+01
   -4.448156E+00   5.078679E+01
   -4.434568E+00   5.077381E+01
   -4.393076E+00   5.077908E+01
   -4.377372E+00   5.077292E+01
   -4.376274E+00   5.074182E+01
   -4.358784E+00   5.071980E+01
   -4.364254E+00   5.069954E+01
   -4.350039E+00   5.069510E+01
   -4.329549E+00   5.064244E+01
   -4.298627E+00   5.063652E+01
   -4.301117E+00   5.058395E+01
   -4.272980E+00   5.058853E+01
   -4.256588E+00   5.055062E+01
   -4.241137E+00   5.054372E+01
   -4.229059E+00   5.053212E+01
   -4.210176E+00   5.053673E+01
   -4.201431E+00   5.053201E+01
   -4.197510E+00   5.050473E+01
   -4.186901E+00   5.051053E+01
   -4.179725E+00   5.050811E+01
   -4.179235E+00   5.049958E+01
   -4.200784E+00   5.049068E+01
   -4.218941E+00   5.049638E+01
   -4.212711E+00   5.046859E+01
   -4.192195E+00   5.043175E+01
   -4.208627E+00   5.039390E+01
   -4.193646E+00   5.038400E+01
   -4.188921E+00   5.036240E+01
   -4.170176E+00   5.036290E+01
   -4.168255E+00   5.035779E+01
   -4.146631E+00   5.035872E+01
   -4.161255E+00   5.033530E+01
   -4.186274E+00   5.033280E+01
   -4.185941E+00   5.031562E+01
   -6.100627E+00   4.958390E+01
END
END
