Омская область
1
	75.4454772469	58.3169959168
	75.4350970364	58.3114475787
	75.4258788654	58.3072204445
	75.4021723943	58.2971483148
	75.4058733606	58.2888170901
	75.4100193425	58.2778014804
	75.4134359922	58.2665382957
	75.4161086791	58.2550757668
	75.4180259583	58.2434629779
	75.4191796197	58.2317496569
	75.4195647232	58.2199859619
	75.4191796197	58.2082222669
	75.4180259583	58.1965089459
	75.4161086791	58.1848961571
	75.4154778809	58.1818617875
	75.6276024184	58.102278876
	75.6332537356	58.1000490808
	75.6439745999	58.0951915204
	75.6543548104	58.0896431823
	75.6643499173	58.0834278254
	75.6739171202	58.0765720648
	75.6830154507	58.0691052579
	75.6916059485	58.0610593787
	75.6996518277	58.0524688809
	75.7071186346	58.0433705503
	75.7139743952	58.0338033475
	75.7201897521	58.0238082405
	75.7257380902	58.0134280301
	75.7305956506	58.0027071658
	75.7347416326	57.991691556
	75.7381582823	57.9804283714
	75.7408309692	57.9689658425
	75.7427482484	57.9573530536
	75.7439019098	57.9456397326
	75.7442870133	57.9338760376
	75.744253188	57.9303879444
	75.7441549713	57.9253243286
	75.7481428077	57.8766148364
	75.7483574762	57.8737021715
	75.7486652479	57.8672122307
	75.7493786511	57.8428916671
	75.7515592213	57.8146415567
	75.7590462303	57.8128958311
	75.7703094149	57.8094791814
	75.7813250247	57.8053331995
	75.792045889	57.800475639
	75.8024260994	57.794927301
	75.8124212064	57.7887119441
	75.8219884092	57.7818561834
	75.8310867398	57.7743893765
	75.8396772376	57.7663434973
	75.8477231168	57.7577529995
	75.8551899237	57.748654669
	75.8620456843	57.7390874661
	75.8682610412	57.7290923592
	75.8692154119	57.7274187031
	75.8757264398	57.715857011
	75.902906835	57.6725373759
	75.9063164611	57.6668746468
	75.9091239132	57.6618264927
	75.9144286727	57.6519165024
	75.9404413501	57.6106791942
	75.9438905553	57.6049800229
	75.9506503721	57.5933289101
	75.9546211927	57.5936333551
	75.9663848877	57.5940184586
	75.9781485827	57.5936333551
	75.9898619037	57.5924796937
	76.0014746926	57.5905624145
	76.0129372215	57.5878897276
	76.0242004061	57.5844730779
	76.0352160159	57.5803270959
	76.0459368802	57.5754695355
	76.0563170906	57.5699211974
	76.0663121976	57.5637058405
	76.0758794004	57.5568500799
	76.084977731	57.549383273
	76.0935682288	57.5413373938
	76.1007965042	57.533672762
	76.1289310008	57.5020325009
	76.1858850697	57.440120601
	76.1945877502	57.4314295707
	76.1946729651	57.4313444129
	76.2027188443	57.4227539151
	76.2101856512	57.4136555845
	76.2170414118	57.4040883817
	76.2208402895	57.3981545709
	76.2261198306	57.3895409845
	76.2285363098	57.3854796883
	76.229612524	57.3835893234
	76.236054801	57.3774579993
	76.2441006802	57.3688675015
	76.2515674871	57.3597691709
	76.2584232478	57.3502019681
	76.2646386047	57.3402068611
	76.2701869427	57.3298266507
	76.2750445032	57.3191057864
	76.2791904851	57.3080901766
	76.2826071348	57.296826992
	76.2852798217	57.2853644631
	76.2871971009	57.2737516742
	76.2871976879	57.2737472147
	76.2877470043	57.2695739359
	76.2889000787	57.2578650744
	76.2892851822	57.2461013794
	76.2892801913	57.24476147
	76.2926624356	57.2325338173
	76.293644967	57.2302080813
	76.297790949	57.2191924716
	76.3012075987	57.2079292869
	76.3014207213	57.2071264924
	76.3026029118	57.2026315705
	76.303533258	57.2010390755
	76.3090815961	57.190658865
	76.3139391565	57.1799380008
	76.3150989641	57.177068388
	76.3181048059	57.1702181521
	76.3222507878	57.1592025424
	76.3227268848	57.1577805586
	76.3235100773	57.1559503318
	76.3235164105	57.1559374905
	76.3258010133	57.1511264941
	76.3276046307	57.148271151
	76.3313042541	57.1421477791
	76.3368525922	57.1317675687
	76.3417101526	57.1210467044
	76.3420538005	57.1202111355
	76.3461504602	57.1110521975
	76.3473302804	57.1081317939
	76.3503161096	57.1013247195
	76.350680315	57.1004387849
	76.3547564172	57.0913225833
	76.3589023992	57.0803069735
	76.3623190489	57.0690437889
	76.362406643	57.0687156441
	76.3651250456	57.0584932555
	76.372773461	57.0515563206
	76.3791212073	57.0455106726
	76.3871670865	57.0369201748
	76.3946338934	57.0278218443
	76.401489654	57.0182546414
	76.4077050109	57.0082595345
	76.413253349	56.997879324
	76.4181109094	56.9871584597
	76.4222568913	56.97614285
	76.4256735411	56.9648796653
	76.4258866637	56.9640768708
	76.4272752135	56.9587973298
	76.4297347778	56.9481375954
	76.4316520569	56.9365248065
	76.4328057184	56.9248114855
	76.4331908219	56.9130477905
	76.4328057184	56.9012840955
	76.4319613179	56.8920531165
	76.4356697624	56.8782109736
	76.4383407348	56.8667548439
	76.440258014	56.8551420551
	76.4414116754	56.843428734
	76.4417967789	56.8316650391
	76.4416978081	56.8256990645
	76.4438073058	56.8221404549
	76.4493556439	56.8117602444
	76.4542132043	56.8010393801
	76.4583591863	56.7900237704
	76.461775836	56.7787605857
	76.4619726627	56.7780197068
	76.4633612125	56.7727477952
	76.4658370727	56.7620261452
	76.4677543519	56.7504133563
	76.4689080133	56.7387000353
	76.4692931168	56.7269363403
	76.4689080133	56.7151726454
	76.4677543519	56.7034593243
	76.4658370727	56.6918465355
	76.4631643858	56.6803840066
	76.4597477361	56.6691208219
	76.4556017541	56.6581052121
	76.4507441937	56.6473843478
	76.4451958556	56.6370041374
	76.4389804987	56.6270090305
	76.4321247381	56.6174418276
	76.4246579312	56.608343497
	76.416612052	56.5997529993
	76.4080215542	56.5917071201
	76.3989232237	56.5842403131
	76.3893560208	56.5773845525
	76.3793609139	56.5711691956
	76.3722600021	56.5672798914
	76.3514511243	56.5534038724
	76.3415954109	56.5472815613
	76.3353918073	56.5438609988
	76.3271228987	56.5395117676
	76.3185241219	56.5342200379
	76.3081439114	56.5286716998
	76.305510907	56.5274173091
	76.3063044965	56.5259326077
	76.3111620569	56.5152117434
	76.3153080388	56.5041961337
	76.3187246885	56.492932949
	76.3213973754	56.4814704201
	76.3233146546	56.4698576312
	76.324468316	56.4581443102
	76.3248534195	56.4463806152
	76.3248011545	56.4420448905
	76.3245264963	56.4306542044
	76.3243379538	56.4264464935
	76.3278045321	56.4253162786
	76.3388201419	56.4211702966
	76.3495410062	56.4163127362
	76.3599212166	56.4107643981
	76.365457597	56.407433975
	76.3951817181	56.3888182524
	76.3995743099	56.3859774872
	76.4054031673	56.382086496
	76.4054693021	56.3820423274
	76.4150365049	56.3751865667
	76.4241348355	56.3677197598
	76.4286036336	56.3636661353
	76.4330439412	56.3595004859
	76.4371656409	56.3555082312
	76.4452115201	56.3469177334
	76.452678327	56.3378194029
	76.4595340876	56.3282522
	76.4657494445	56.3182570931
	76.4712977826	56.3078768826
	76.4725134344	56.305362769
	76.4750158758	56.300083228
	76.4786577844	56.2918764773
	76.4828037663	56.2808608676
	76.4862204161	56.2695976829
	76.4888931029	56.258135154
	76.4908103821	56.2465223651
	76.49094212	56.2454990447
	76.4933090487	56.2363292272
	76.4955611938	56.2264655373
	76.497478473	56.2148527484
	76.4986321344	56.2031394274
	76.4990172379	56.1913757324
	76.4988178903	56.1829098396
	76.4985432321	56.1770809822
	76.4983574762	56.17378318
	76.4972038148	56.162069859
	76.4952865356	56.1504570701
	76.4926138487	56.1389945412
	76.489197199	56.1277313566
	76.485051217	56.1167157468
	76.4801936566	56.1059948825
	76.4746453185	56.0956146721
	76.4684299616	56.0856195651
	76.461574201	56.0760523623
	76.4541073941	56.0669540317
	76.4460615149	56.0583635339
	76.4374710171	56.0503176547
	76.4283726866	56.0428508478
	76.4232774875	56.0390819038
	76.4174333713	56.0349162544
	76.4129613675	56.0318294378
	76.4029662605	56.0256140809
	76.3925860501	56.0200657428
	76.3818651858	56.0152081824
	76.3708495761	56.0110622005
	76.3595863914	56.0076455507
	76.348246243	56.004997251
	76.3399149442	56.003334043
	76.3397925636	56.0033096558
	76.3281797748	56.0013923766
	76.3164664538	56.0002387152
	76.3047027588	55.9998536117
	76.2929390638	56.0002387152
	76.2921423593	56.0002927104
	76.2791160711	56.0012045962
	76.2754809085	55.9996518469
	76.2686688551	55.9969911291
	76.2662440821	55.9957787426
	76.2653582669	55.9953388751
	76.2546374026	55.9904813147
	76.2436217929	55.9863353328
	76.2401615464	55.9851996732
	76.2173954332	55.977982266
	76.2095924949	55.9757012758
	76.198129966	55.9730285889
	76.1865171771	55.9711113097
	76.1748038561	55.9699576483
	76.1630401611	55.9695725448
	76.1566467285	55.9695725448
	76.1448830335	55.9699576483
	76.1331697125	55.9711113097
	76.1215569237	55.9730285889
	76.1100943947	55.9757012758
	76.0988312101	55.9791179256
	76.0878156003	55.9832639075
	76.077094736	55.9881214679
	76.0755051811	55.9889711027
	76.073376959	55.9872935968
	76.0638097562	55.9804378362
	76.0538146492	55.9742224793
	76.0434344388	55.9686741412
	76.0327135745	55.9638165808
	76.0216979647	55.9596705989
	76.0207605655	55.9593552663
	76.0132532413	55.9568528249
	76.0029274558	55.9537515078
	75.9914649269	55.9510788209
	75.9798521381	55.9491615417
	75.9681388171	55.9480078803
	75.9563751221	55.9476227768
	75.9499960063	55.947735934
	75.9186086772	55.9488498256
	75.913224098	55.9491217719
	75.901510777	55.9502754333
	75.9004096855	55.9504238559
	75.8883757499	55.9520838401
	75.8787850111	55.9524558173
	75.8716240398	55.9530690762
	75.8418554566	55.9562186986
	75.8357754849	55.9489044101
	75.8277296057	55.9403139123
	75.8191391079	55.9322680331
	75.8100407774	55.9248012262
	75.8004735745	55.9179454656
	75.7904784676	55.9117301087
	75.7800982571	55.9061817706
	75.7693773928	55.9013242102
	75.7583617831	55.8971782283
	75.7470985984	55.8937615786
	75.7356360695	55.8910888917
	75.7240232807	55.8891716125
	75.7123099596	55.8880179511
	75.7005462646	55.8876328476
	75.6992110214	55.8876765589
	75.6732323274	55.8853131743
	75.6687003405	55.8849585639
	75.6619642391	55.8846437401
	75.6511041648	55.8843400592
	75.6443952551	55.8772569665
	75.6358047574	55.8692110873
	75.6267064268	55.8617442804
	75.6235055028	55.8593442102
	75.6121224462	55.851005282
	75.6057561673	55.8465495916
	75.5957610604	55.8403342347
	75.5952564272	55.8400439724
	75.5763507875	55.8292102322
	75.5674347117	55.8244288881
	75.5559549625	55.8186824386
	75.5562376969	55.8086013794
	75.5562376969	55.7972183228
	75.5558525934	55.7854546278
	75.5546989319	55.7737413067
	75.5535491919	55.766235995
	75.5530204652	55.7617936749
	75.551103186	55.7501808861
	75.5496472338	55.7435231295
	75.5452069262	55.7249150362
	75.5439901915	55.7201102639
	75.5405735417	55.7088470792
	75.5364275598	55.6978314695
	75.5315699994	55.6871106052
	75.5260216613	55.6767303947
	75.5198063044	55.6667352878
	75.5129505438	55.6571680849
	75.5054837369	55.6480697544
	75.4974378577	55.6394792566
	75.4888473599	55.6314333774
	75.4808545835	55.6248738753
	75.4835353314	55.6198275662
	75.4883928918	55.6091067019
	75.4925388738	55.5980910922
	75.495537557	55.5883606697
	75.4969261068	55.5833557868
	75.4973440733	55.5818230247
	75.5000167602	55.5703604958
	75.5019340394	55.5587477069
	75.5026254376	55.5527092737
	75.5033225892	55.5479139667
	75.5044762506	55.5362006457
	75.5048613541	55.5244369507
	75.5048613541	55.5072174072
	75.5044762506	55.4954537122
	75.5033225892	55.4837403912
	75.50140531	55.4721276024
	75.4987326231	55.4606650735
	75.4953159734	55.4494018888
	75.4911699914	55.438386279
	75.486312431	55.4276654147
	75.480764093	55.4172852043
	75.474548736	55.4072900974
	75.4676929754	55.3977228945
	75.4602261685	55.3886245639
	75.4521802893	55.3800340661
	75.4435897915	55.371988187
	75.434491461	55.36452138
	75.4249242581	55.3576656194
	75.4190455522	55.3540100052
	75.4212363479	55.3506487119
	75.4270652053	55.3414781797
	75.4310356994	55.3349273201
	75.4365840375	55.3245471097
	75.4414415979	55.3138262454
	75.4455875798	55.3028106356
	75.4490042295	55.291547451
	75.4516769164	55.280084922
	75.4535941956	55.2684721332
	75.454747857	55.2567588122
	75.4551329605	55.2449951172
	75.454747857	55.2332314222
	75.4545456483	55.2311364913
	75.4640777107	55.2260414977
	75.4740728177	55.2198261408
	75.4836400206	55.2129703802
	75.4927383511	55.2055035733
	75.5013288489	55.1974576941
	75.5093747281	55.1888671963
	75.516841535	55.1797688658
	75.5236972956	55.1702016629
	75.5271079722	55.1648982876
	75.553231019	55.1226695889
	75.5560356994	55.1179778572
	75.5615840375	55.1075976468
	75.5664415979	55.0968767825
	75.5705875798	55.0858611727
	75.572644443	55.0790806036
	75.579087161	55.0776776566
	75.5873695945	55.0756674375
	75.5986327792	55.0722507878
	75.6096483889	55.0681048059
	75.6203692532	55.0632472455
	75.6307494637	55.0576989074
	75.6407445706	55.0514835505
	75.6503117735	55.0446277899
	75.659410104	55.037160983
	75.6680006018	55.0291151038
	75.676046481	55.020524606
	75.6835132879	55.0114262754
	75.6903690485	55.0018590726
	75.6965844055	54.9918639656
	75.7002324252	54.9850775128
	75.7086333895	54.9825291081
	75.7098205248	54.9821215051
	75.7162139574	54.9799013513
	75.7260424319	54.9761629724
	75.7367632962	54.971305412
	75.7471435066	54.9657570739
	75.7571386136	54.959541717
	75.7667058165	54.9526859564
	75.775804147	54.9452191495
	75.7843946448	54.9371732703
	75.7883868995	54.9330515706
	75.7925525489	54.9286112629
	75.7966061734	54.9241424649
	75.8040729803	54.9150441343
	75.8109287409	54.9054769315
	75.8144409861	54.9000091702
	75.8202698435	54.8905639797
	75.8229729553	54.8860366341
	75.826380608	54.8798572011
	75.8338721838	54.877518493
	75.8380889559	54.8761448308
	75.8491045657	54.8719988489
	75.8536605443	54.870037672
	75.882255515	54.8572584362
	75.8884204007	54.8543620526
	75.8988006111	54.8488137145
	75.9087957181	54.8425983576
	75.9183629209	54.835742597
	75.9274612515	54.8282757901
	75.9360517493	54.8202299109
	75.9440976285	54.8116394131
	75.9515644354	54.8025410826
	75.958420196	54.7929738797
	75.9646355529	54.7829787728
	75.970183891	54.7725985623
	75.9750414514	54.761877698
	75.9791874333	54.7508620883
	75.9826040831	54.7395989036
	75.9852767699	54.7281363747
	75.9871940491	54.7165235858
	75.9883477106	54.7048102648
	75.988541248	54.7013456735
	75.98937005	54.6999251839
	75.9949183881	54.6895449734
	75.9997759485	54.6788241092
	76.0039219304	54.6678084994
	76.0073385801	54.6565453147
	76.0075517028	54.6557425202
	76.0089402526	54.6504629792
	76.0113998168	54.6398032448
	76.013317096	54.628190456
	76.0144707574	54.6164771349
	76.0148558609	54.6047134399
	76.0144707574	54.592949745
	76.013317096	54.5812364239
	76.0113998168	54.5696236351
	76.0087271299	54.5581611062
	76.0053104802	54.5468979215
	76.0011644983	54.5358823117
	75.9963069379	54.5251614475
	75.9907585998	54.514781237
	75.9846175697	54.5048974577
	75.9768355873	54.4932321134
	75.9767612605	54.4931207858
	75.9699054998	54.483553583
	75.9647691391	54.4771665068
	75.9579330899	54.4690516314
	75.9557475404	54.4657733072
	75.9556430964	54.4656168185
	75.9487873358	54.4560496157
	75.9413205289	54.4469512851
	75.9369160112	54.4421095235
	75.9322010454	54.4371122701
	75.9285596839	54.4333635339
	75.9221800023	54.4272889284
	75.920228385	54.4253068933
	75.9116378872	54.4172610141
	75.9025395567	54.4097942072
	75.8929723538	54.4029384466
	75.8829772469	54.3967230897
	75.8725970364	54.3911747516
	75.8618761721	54.3863171912
	75.8612700781	54.3860890735
	75.8614412994	54.373032294
	75.8630549473	54.3489736933
	75.8630730524	54.3487006457
	75.8634247993	54.3404007911
	75.864165183	54.3019625379
	75.8658254782	54.2774083281
	75.865850152	54.2770377428
	75.8662206218	54.2675683752
	75.8667063637	54.2294916083
	75.8683200417	54.2058537471
	75.8683525934	54.2053672106
	75.8687230632	54.195897843
	75.8692101277	54.1577173947
	75.8703100494	54.1413273859
	75.8703286066	54.1410476
	75.8707137101	54.129283905
	75.8703286066	54.11752021
	75.8691749451	54.105806889
	75.8672576659	54.0941941002
	75.864584979	54.0827315713
	75.8611683293	54.0714683866
	75.8570223474	54.0604527768
	75.852164787	54.0497319125
	75.8466164489	54.0393517021
	75.840401092	54.0293565952
	75.8335453314	54.0197893923
	75.8260785245	54.0106910617
	75.8180326453	54.002100564
	75.8094421475	53.9940546848
	75.8003438169	53.9865878778
	75.7907766141	53.9797321172
	75.7807815071	53.9735167603
	75.7704012967	53.9679684222
	75.7596804324	53.9631108618
	75.7486648226	53.9589648799
	75.741706334	53.9567592198
	75.6629099473	53.9335315282
	75.6586052513	53.9323205385
	75.6471427223	53.9296478516
	75.6361217792	53.9278282866
	75.633903925	53.9205170011
	75.6297579431	53.9095013913
	75.6249003827	53.898780527
	75.6193520446	53.8884003166
	75.6131366877	53.8784052097
	75.6062809271	53.8688380068
	75.5988141202	53.8597396762
	75.590768241	53.8511491785
	75.5821777432	53.8431032993
	75.5730794126	53.8356364923
	75.5635122098	53.8287807317
	75.554963727	53.8234095888
	75.5338106138	53.8109327614
	75.5328279936	53.8103452689
	75.5304610726	53.808954535
	75.5200808621	53.8034061969
	75.5131691061	53.8001780668
	75.4766090475	53.7840380827
	75.4765035454	53.7839915476
	75.4703924004	53.7812983713
	75.4666887942	53.7797154761
	75.4571639752	53.7760828475
	75.4189408899	53.7627330571
	75.4016567019	53.7561204699
	75.3998191079	53.7554289168
	75.391895228	53.7524961479
	75.3776632587	53.746370774
	75.3753878299	53.7454099036
	75.3741652881	53.744908763
	75.3612077541	53.7396527567
	75.3507732106	53.7345802048
	75.3415279651	53.7300346869
	75.3310000125	53.7252721167
	75.3199844027	53.7211261348
	75.3087212181	53.7177094851
	75.3009488105	53.7158111034
	75.2875731648	53.7128577664
	75.287251647	53.7126805718
	75.2464136588	53.6897825584
	75.2379992581	53.6853527606
	75.2341049037	53.6834900393
	75.1500442347	53.6445152773
	75.1499647024	53.6444784257
	75.1456216281	53.6424673286
	75.1383030362	53.6390677974
	75.1313616458	53.6360196448
	75.1290771361	53.6350916645
	75.1189425564	53.6296848834
	75.1082216922	53.624827323
	75.0972060824	53.6206813411
	75.0888463725	53.6180687974
	75.0809092118	53.6157988897
	75.0665251655	53.6116637601
	75.0633827781	53.6107911501
	75.0519202492	53.6081184632
	75.0403074603	53.606201184
	75.0285941393	53.6050475226
	75.0168304443	53.6046624191
	75.0050667494	53.6050475226
	74.9933534283	53.606201184
	74.9817406395	53.6081184632
	74.9702781106	53.6107911501
	74.9590149259	53.6142077998
	74.9479993161	53.6183537817
	74.9372784519	53.6232113422
	74.9268982414	53.6287596802
	74.9178950052	53.6343170271
	74.9089432259	53.6338553152
	74.9080204157	53.6324602328
	74.9011646551	53.62289303
	74.8936978482	53.6137946994
	74.885651969	53.6052042016
	74.8770614712	53.5971583225
	74.8679631407	53.5896915155
	74.8583959378	53.5828357549
	74.8484008309	53.576620398
	74.8380206204	53.5710720599
	74.8272997561	53.5662144995
	74.8162841464	53.5620685176
	74.8050209617	53.5586518679
	74.7935584328	53.555979181
	74.7835704875	53.5542833565
	74.7808438443	53.5511001499
	74.7727979651	53.5425096521
	74.7642074673	53.5344637729
	74.7551091368	53.526996966
	74.7455419339	53.5201412054
	74.7405554514	53.516927016
	74.7362219553	53.5142338397
	74.7312133309	53.5112326722
	74.7208331204	53.5056843341
	74.7101122561	53.5008267737
	74.6990966464	53.4966807918
	74.6878334617	53.493264142
	74.6763709328	53.4905914552
	74.6647581439	53.488674176
	74.6530448229	53.4875205145
	74.6412811279	53.487135411
	74.6387983929	53.4872166874
	74.6346701699	53.4805567133
	74.6089955687	53.4418926657
	74.5650712873	53.3755302131
	74.5646366267	53.3748766147
	74.5577808661	53.3653094118
	74.5547287973	53.3614426906
	74.5435898813	53.3477212245
	74.5391751431	53.3424896152
	74.5311292639	53.3338991174
	74.5225387661	53.3258532382
	74.5134404356	53.3183864313
	74.5038732327	53.3115306707
	74.4938781258	53.3053153138
	74.4834979153	53.2997669757
	74.472777051	53.2949094153
	74.4617614413	53.2907634334
	74.4504982566	53.2873467836
	74.4390357277	53.2846740968
	74.4274229389	53.2827568176
	74.4157096178	53.2816031561
	74.4039459229	53.2812180526
	74.3921822279	53.2816031561
	74.3804689068	53.2827568176
	74.3728792515	53.2839213272
	74.3537142125	53.2872820755
	74.3496910789	53.2880348451
	74.3437749806	53.2893154808
	74.3017391849	53.2991581015
	74.2410647947	53.3133075857
	74.2353614236	53.31473631
	74.2240982389	53.3181529597
	74.2130826291	53.3222989417
	74.2023617648	53.3271565021
	74.1919815544	53.3327048402
	74.1819864474	53.3389201971
	74.1724192446	53.3457759577
	74.163320914	53.3532427646
	74.1547304162	53.3612886438
	74.1466845371	53.3698791416
	74.1454920293	53.3713322165
	74.1114967355	53.3720994086
	74.1037911146	53.3724387274
	74.1008288922	53.3726574601
	74.0854241565	53.37392293
	74.0824935015	53.3741586882
	74.0822699144	53.3741768151
	74.0663015917	53.3754814415
	74.0660109501	53.3755054244
	74.0489821415	53.3769244918
	74.0404420514	53.3778419616
	74.0288292625	53.3797592408
	74.0173667336	53.3824319277
	74.0061035489	53.3858485774
	73.9950879392	53.3899945593
	73.9843670749	53.3948521198
	73.9739868645	53.4004004578
	73.9639917575	53.4066158147
	73.9544245546	53.4134715754
	73.9453262241	53.4209383823
	73.9367357263	53.4289842615
	73.9311146989	53.4349857713
	73.9259194567	53.431883006
	73.9236266609	53.4305365662
	73.9132464505	53.4249882281
	73.9025255862	53.4201306677
	73.8915099765	53.4159846858
	73.8802467918	53.4125680361
	73.8687842629	53.4098953492
	73.857171474	53.40797807
	73.845458153	53.4068244086
	73.833694458	53.4064393051
	73.821930763	53.4068244086
	73.810217442	53.40797807
	73.7986046531	53.4098953492
	73.7871421242	53.4125680361
	73.7758789396	53.4159846858
	73.7731361892	53.4169404901
	73.7636374128	53.420336915
	73.7589085752	53.4165805536
	73.7493413724	53.409724793
	73.7393462654	53.4035094361
	73.728966055	53.397961098
	73.7182451907	53.3931035376
	73.7072295809	53.3889575557
	73.6985491772	53.3862536199
	73.6902974302	53.3795245844
	73.6807302274	53.3726688238
	73.6717248164	53.3670290757
	73.6457465396	53.3518092105
	73.5400944216	53.2897297303
	73.5389068123	53.2890380006
	73.5285266019	53.2834896625
	73.5178057376	53.2786321021
	73.5067901278	53.2744861201
	73.4955269431	53.2710694704
	73.4840644142	53.2683967835
	73.4724516254	53.2664795043
	73.4607383044	53.2653258429
	73.4489746094	53.2649407394
	73.4372109144	53.2653258429
	73.4254975934	53.2664795043
	73.4138848045	53.2683967835
	73.4024222756	53.2710694704
	73.3911590909	53.2744861201
	73.3854748398	53.2765226929
	73.3337246567	53.2960501282
	73.3283932981	53.2981595374
	73.3176724338	53.3030170978
	73.3072922233	53.3085654359
	73.2972971164	53.3147807928
	73.2930752962	53.3176896019
	73.2752377718	53.3303582115
	73.2698923891	53.334305163
	73.2607940586	53.3417719699
	73.2522035608	53.3498178491
	73.2441576816	53.3584083469
	73.2366908747	53.3675066774
	73.229835114	53.3770738803
	73.2236197571	53.3870689873
	73.2197760662	53.3940820389
	73.2019960511	53.3986862631
	73.2005332375	53.3990716372
	73.1892700528	53.4024882869
	73.1782544431	53.4066342688
	73.1675335788	53.4114918292
	73.1571533684	53.4170401673
	73.1471582614	53.4232555242
	73.1375910586	53.4301112848
	73.128492728	53.4375780917
	73.1199022302	53.4456239709
	73.111856351	53.4542144687
	73.1043895441	53.4633127993
	73.0975337835	53.4728800021
	73.0913184266	53.4828751091
	73.0857700885	53.4932553195
	73.083447018	53.4981505749
	73.0823331521	53.5005920346
	73.0797986622	53.5064176434
	73.0756526802	53.5174332532
	73.0722360305	53.5286964379
	73.0695633436	53.5401589668
	73.0676460644	53.5517717556
	73.066492403	53.5634850767
	73.0661072995	53.5752487716
	73.066492403	53.5870124666
	73.0676460644	53.5987257876
	73.0695633436	53.6103385765
	73.0722360305	53.6218011054
	73.0756526802	53.6330642901
	73.0797726792	53.6440108649
	73.0792716132	53.649098274
	73.0788865097	53.660861969
	73.0789822938	53.6667311387
	73.0794247987	53.6802847581
	73.079427945	53.6803803467
	73.0796491974	53.6870484375
	73.0799353705	53.6928473742
	73.0810890319	53.7045606952
	73.0830063111	53.7161734841
	73.085678998	53.727636013
	73.0890956477	53.7388991976
	73.0932416297	53.7499148074
	73.0980991901	53.7606356717
	73.1036475281	53.7710158821
	73.109862885	53.7810109891
	73.1167186457	53.7905781919
	73.1241854526	53.7996765225
	73.1292981148	53.8051352564
	73.0661716167	53.8115619136
	73.0609117169	53.8121757629
	73.0492989281	53.8140930421
	73.0378363991	53.816765729
	73.0265732145	53.8201823787
	73.0219504422	53.821822228
	73.007172305	53.8272925039
	73.0007794675	53.8297986365
	72.9900586032	53.8346561969
	72.9796783928	53.840204535
	72.9696832858	53.8464198919
	72.960116083	53.8532756525
	72.9510177524	53.8607424594
	72.9424272546	53.8687883386
	72.9343813754	53.8773788364
	72.9323827711	53.8796973117
	72.9313910866	53.8799600039
	72.920127902	53.8833766536
	72.9091122922	53.8875226355
	72.8983914279	53.8923801959
	72.8934015999	53.8950473146
	72.892372553	53.8916550016
	72.888226571	53.8806393918
	72.8833690106	53.8699185275
	72.8778206725	53.8595383171
	72.8716053156	53.8495432101
	72.864749555	53.8399760073
	72.8572827481	53.8308776767
	72.8492368689	53.8222871789
	72.8406463711	53.8142412997
	72.8315480406	53.8067744928
	72.8219808377	53.7999187322
	72.8119857308	53.7937033753
	72.8016055203	53.7881550372
	72.790884656	53.7832974768
	72.7798690463	53.7791514949
	72.7686058616	53.7757348452
	72.7571433327	53.7730621583
	72.7455305438	53.7711448791
	72.7338172228	53.7699912177
	72.7220535278	53.7696061142
	72.7102898329	53.7699912177
	72.6985765118	53.7711448791
	72.6920247104	53.7721305228
	72.6885538466	53.7727182409
	72.6869883958	53.7729783029
	72.6507106248	53.7791695566
	72.6458794334	53.7800621278
	72.6344169045	53.7827348147
	72.6300846396	53.7839539334
	72.6206568133	53.7867347167
	72.6205457678	53.7866235742
	72.61195527	53.778577695
	72.6028569395	53.7711108881
	72.5932897366	53.7642551275
	72.5832946297	53.7580397706
	72.5729144192	53.7524914325
	72.562193555	53.7476338721
	72.5511779452	53.7434878902
	72.548248641	53.7425214577
	72.5353320761	53.7383825112
	72.5269981956	53.7359322939
	72.5155356667	53.733259607
	72.5039228778	53.7313423278
	72.4922095568	53.7301886664
	72.4804458618	53.7298035629
	72.4686821668	53.7301886664
	72.4569688458	53.7313423278
	72.445356057	53.733259607
	72.4441838584	53.7334968258
	72.393181356	53.7439948727
	72.3828910256	53.7464303408
	72.3716278409	53.7498469905
	72.3606122312	53.7539929724
	72.3498913669	53.7588505328
	72.3414002963	53.7633233443
	72.3274205923	53.7711708003
	72.3125177703	53.7795180508
	72.3104813103	53.7806761841
	72.3004862033	53.7868915411
	72.2937345872	53.7916303072
	72.2708464036	53.8084912691
	72.2680308169	53.8106082636
	72.2589324863	53.8180750705
	72.2503419885	53.8261209497
	72.2422961093	53.8347114475
	72.2348293024	53.843809778
	72.2279735418	53.8533769809
	72.2217581849	53.8633720878
	72.2162098468	53.8737522983
	72.2113522864	53.8844731626
	72.2072063045	53.8954887723
	72.2037896547	53.906751957
	72.2011169679	53.9182144859
	72.1991996887	53.9298272748
	72.1980460272	53.9415405958
	72.1976609237	53.9533042908
	72.197713993	53.9549253883
	72.1959298551	53.9546049974
	72.18761581	53.9533119323
	72.1759024889	53.9521582709
	72.1641387939	53.9517731674
	72.152375099	53.9521582709
	72.1406617779	53.9533119323
	72.1290489891	53.9552292115
	72.1175864602	53.9579018984
	72.107322132	53.960982742
	72.0374063605	53.9842600247
	72.036407504	53.9845958308
	72.0253918943	53.9887418128
	72.01467103	53.9935993732
	72.0042908195	53.9991477112
	71.9942957126	54.0053630681
	71.9847285097	54.0122188288
	71.9756301792	54.0196856357
	71.9670396814	54.0277315149
	71.9589938022	54.0363220127
	71.9549961912	54.0410417075
	71.9521738833	54.043163653
	71.9430755527	54.0506304599
	71.940427755	54.0529991839
	71.906728542	54.056830752
	71.9023262878	54.0485947136
	71.8961109309	54.0385996066
	71.8892551703	54.0290324038
	71.8843103931	54.0228731331
	71.8772226856	54.0144312081
	71.8747006558	54.0114921482
	71.8666547766	54.0029016504
	71.8580642788	53.9948557712
	71.8489659483	53.9873889643
	71.8393987454	53.9805332036
	71.8294036385	53.9743178467
	71.8253721706	53.9720588284
	71.8068174831	53.9619727688
	71.8004687405	53.9586834491
	71.7897478762	53.9538258887
	71.7811363185	53.9505149862
	71.7748878444	53.9482948324
	71.7724837924	53.9474597529
	71.7612206077	53.9440431032
	71.7497580788	53.9413704163
	71.7381452899	53.9394531371
	71.7379013021	53.9394211853
	71.72833139	53.9381745995
	71.7244707766	53.9365224219
	71.7134551669	53.93237644
	71.7021919822	53.9289597902
	71.6907294533	53.9262871034
	71.6791166645	53.9243698242
	71.6674033434	53.9232161627
	71.6556396484	53.9228310592
	71.6500693661	53.9229173339
	71.6375113827	53.923306433
	71.6313179701	53.9236052618
	71.619604649	53.9247589233
	71.6079918602	53.9266762025
	71.5965293313	53.9293488894
	71.5852661466	53.9327655391
	71.5843145437	53.9330915351
	71.5773300826	53.9355060851
	71.5719746814	53.9344889648
	71.5718805758	53.9344711178
	71.5583841769	53.9319152707
	71.5483946186	53.9303131225
	71.5366812975	53.9291594611
	71.5249176025	53.9287743576
	71.5200054752	53.9288414456
	71.5098126041	53.9291199185
	71.5029610365	53.929437934
	71.4912477154	53.9305915954
	71.4796349266	53.9325088746
	71.4681723977	53.9351815615
	71.456909213	53.9385982112
	71.4458936033	53.9427441931
	71.435172739	53.9476017535
	71.4307464038	53.9498611299
	71.4233840381	53.9537483065
	71.4174301628	53.9570372681
	71.4074350558	53.963252625
	71.397867853	53.9701083857
	71.3887695224	53.9775751926
	71.3801790246	53.9856210718
	71.3736791313	53.9925609372
	71.367891854	53.9894132738
	71.2922769248	53.9507475023
	71.2899401761	53.949573952
	71.2792193118	53.9447163916
	71.268203702	53.9405704097
	71.2569405174	53.93715376
	71.2460725914	53.9346003894
	71.2344072472	53.9322390918
	71.2338126442	53.9321197755
	71.2221998554	53.9302024963
	71.2104865343	53.9290488348
	71.1987228394	53.9286637313
	71.1869591444	53.9290488348
	71.1816571933	53.9294751612
	71.1693501246	53.9306481553
	71.1677624062	53.9307955384
	71.160910191	53.9315643432
	71.1492974022	53.9334816224
	71.1452730098	53.9343300682
	71.1274659005	53.9382974362
	71.1240946067	53.939023067
	71.1153891945	53.9411248598
	71.1041260099	53.9445415095
	71.0931104001	53.9486874915
	71.0885780617	53.9506381054
	71.080056028	53.9544451733
	71.0738675021	53.9573521198
	71.0634872917	53.9629004578
	71.058122855	53.9661233304
	71.0514547623	53.9702889855
	71.0468240921	53.9732814698
	71.0372568893	53.9801372304
	71.0281585587	53.9876040373
	71.0195680609	53.9956499165
	71.0115221817	54.0042404143
	71.0040553748	54.0133387449
	70.9971996142	54.0229059477
	70.9909842573	54.0329010547
	70.9854359192	54.0432812651
	70.9848247618	54.0445327615
	70.9840547344	54.0449976677
	70.9838958004	54.0450937365
	70.9799056295	54.0475084384
	70.973101257	54.0518375235
	70.9635340541	54.0586932841
	70.9544357236	54.066160091
	70.9458452258	54.0742059702
	70.9377993466	54.082796468
	70.9303325397	54.0918947985
	70.9234767791	54.1014620014
	70.9178852863	54.1103850971
	70.9143833918	54.1163550998
	70.9137595277	54.117427111
	70.9082111896	54.1278073215
	70.9033536292	54.1385281858
	70.8992076472	54.1495437955
	70.8957909975	54.1608069802
	70.8940287156	54.1679680502
	70.8879107333	54.1746009738
	70.8856110532	54.1772757165
	70.87846994	54.1857481591
	70.8733028131	54.192171747
	70.8664470525	54.2017389499
	70.8602316956	54.2117340568
	70.8546833575	54.2221142673
	70.8498257971	54.2328351316
	70.8456798152	54.2438507413
	70.8422631655	54.255113926
	70.8395904786	54.2665764549
	70.8388269206	54.2706611738
	70.8387201091	54.2712715254
	70.8383746675	54.2733147237
	70.8363986543	54.2854263875
	70.8355903747	54.2909112591
	70.8344367133	54.3026245802
	70.8340516098	54.3143882751
	70.8342486975	54.3228060704
	70.8354694006	54.3488604528
	70.8356574164	54.3522063525
	70.8368110778	54.3639196735
	70.838728357	54.3755324623
	70.8414010439	54.3869949912
	70.8448176936	54.3982581759
	70.8489636755	54.4092737857
	70.853821236	54.41999465
	70.859369574	54.4303748604
	70.8655849309	54.4403699673
	70.8724406916	54.4499371702
	70.8799074985	54.4590355008
	70.8879533777	54.4676259985
	70.8965438755	54.4756718777
	70.905642206	54.4831386847
	70.9077829123	54.4847560828
	70.9180902243	54.4924236243
	70.9255167209	54.4976619868
	70.9355118278	54.5038773437
	70.9458920383	54.5094256818
	70.9566129026	54.5142832422
	70.9676285123	54.5184292241
	70.978891697	54.5218458738
	70.9822477922	54.5227105697
	70.9947218523	54.5257966598
	71.002828286	54.5276046508
	71.0087056628	54.5285750096
	71.008329869	54.5400543213
	71.0087149725	54.5518180163
	71.009868634	54.5635313373
	71.0115814093	54.574099882
	70.9978270883	54.5825349489
	70.9919306003	54.5863109441
	70.9823633974	54.5931667047
	70.9732650669	54.6006335117
	70.9646745691	54.6086793909
	70.957380634	54.616417905
	70.9238265568	54.654194852
	70.9230746127	54.6550468357
	70.9156078058	54.6641451662
	70.9087520452	54.6737123691
	70.9025366883	54.683707476
	70.8969883502	54.6940876865
	70.8938682954	54.7007551231
	70.8890821553	54.7115531792
	70.8857071403	54.7134535889
	70.8852200757	54.713735813
	70.8760495435	54.7190687597
	70.8665415012	54.7250018926
	70.8569742983	54.7318576532
	70.8478759677	54.7393244601
	70.8444914446	54.7423692389
	70.8364228054	54.7498148305
	70.8297868589	54.7561213023
	70.8217409797	54.7647118001
	70.8171947364	54.7701055963
	70.8153901823	54.7723338163
	70.8138961769	54.7740155855
	70.8131350375	54.7748779209
	70.8056682306	54.7839762514
	70.79881247	54.7935434543
	70.7925971131	54.8035385612
	70.7901268912	54.8079597104
	70.7856246994	54.8162909723
	70.7837329662	54.8197591498
	70.780319649	54.8263356113
	70.7754620886	54.8370564756
	70.7713161067	54.8480720853
	70.767899457	54.85933527
	70.7652267701	54.8707977989
	70.7633094909	54.8824105877
	70.7621558295	54.8941239088
	70.7618182337	54.901753882
	70.7616809046	54.9077276979
	70.7616333969	54.9118614197
	70.7620185004	54.9236251147
	70.7631721618	54.9353384357
	70.765089441	54.9469512245
	70.7677621279	54.9584137535
	70.7711787776	54.9696769381
	70.7726567099	54.9738605315
	70.7746556113	54.9793041045
	70.7773236609	54.9861361209
	70.7809744638	54.9943616334
	70.781313495	54.9950766934
	70.7816870795	55.0088759692
	70.7828407409	55.0205892902
	70.7847580201	55.032202079
	70.7869676618	55.0416787155
	70.7805888002	55.0462497431
	70.7714904697	55.05371655
	70.7628999719	55.0617624292
	70.7553699615	55.0697672595
	70.7273045732	55.1014909528
	70.7272494412	55.1014637531
	70.7165285769	55.0966061926
	70.7055129672	55.0924602107
	70.6942497825	55.089043561
	70.6882589576	55.08754805
	70.66869719	55.0830200043
	70.663225486	55.0818428284
	70.6516126972	55.0799255493
	70.6398993761	55.0787718878
	70.6344048459	55.0784960732
	70.5992943723	55.0772715554
	70.5812615125	55.07754737
	70.5756600087	55.0780024998
	70.5576088587	55.0797534466
	70.5514970415	55.0804519783
	70.5398842526	55.0823692575
	70.5391769537	55.0825114232
	70.5386518469	55.0819841394
	70.5300613491	55.0739382602
	70.5209630186	55.0664714533
	70.5144792923	55.0617226353
	70.5088716873	55.0578049412
	70.5086206359	55.0576298644
	70.499205967	55.0510762173
	70.4963735419	55.0491443514
	70.4863784349	55.0429289945
	70.4759982245	55.0373806565
	70.4652773602	55.032523096
	70.4546956424	55.0285250175
	70.427748617	55.0193010767
	70.427314725	55.0191531734
	70.4160515403	55.0157365236
	70.4045890114	55.0130638368
	70.3977701031	55.0118434821
	70.3559457623	55.0051868353
	70.3511518817	55.0044899108
	70.3394385607	55.0033362494
	70.3276748657	55.0029511459
	70.3159111707	55.0033362494
	70.3041978497	55.0044899108
	70.2925850609	55.00640719
	70.281122532	55.0090798769
	70.2698593473	55.0124965266
	70.2588437375	55.0166425086
	70.2481228732	55.021500069
	70.2377426628	55.027048407
	70.2277475558	55.033263764
	70.218180353	55.0401195246
	70.2090820224	55.0475863315
	70.2004915246	55.0556322107
	70.1924456454	55.0642227085
	70.1849788385	55.073321039
	70.1781230779	55.0828882419
	70.171907721	55.0928833488
	70.1663593829	55.1032635593
	70.1615018225	55.1139844236
	70.1573558406	55.1250000333
	70.1539391909	55.136263218
	70.151266504	55.1477257469
	70.1493492248	55.1593385357
	70.1481955634	55.1710518568
	70.1478104599	55.1828155518
	70.1481955634	55.1945792467
	70.1493492248	55.2062925678
	70.151266504	55.2179053566
	70.1539391909	55.2293678855
	70.1573558406	55.2406310702
	70.1615018225	55.25164668
	70.1663593829	55.2623675442
	70.171907721	55.2727477547
	70.1781230779	55.2827428616
	70.1849788385	55.2923100645
	70.1924456454	55.301408395
	70.2004915246	55.3099988928
	70.2090820224	55.318044772
	70.2153162132	55.3232674571
	70.287803527	55.381255826
	70.2877693298	55.3815141339
	70.2866156683	55.3932274549
	70.2862305648	55.4049911499
	70.2866156683	55.4167548449
	70.2877693298	55.4284681659
	70.289686609	55.4400809548
	70.2923592959	55.4515434837
	70.2950998844	55.4607754213
	70.299540192	55.4743862612
	70.3002162532	55.4764175082
	70.3043622351	55.4874331179
	70.3092197955	55.4981539822
	70.3147681336	55.5085341927
	70.3209834905	55.5185292996
	70.3275413552	55.5277071796
	70.3355979959	55.5382662616
	70.3358958918	55.5386555845
	70.3433626987	55.5477539151
	70.3514085779	55.5563444129
	70.3542683638	55.5591412938
	70.3605791101	55.5657819739
	70.3691696079	55.5738278531
	70.3782679384	55.58129466
	70.3877857579	55.5881174119
	70.3889890988	55.5891413228
	70.3856205524	55.5954434299
	70.380762992	55.6061642942
	70.37661701	55.6171799039
	70.3732003603	55.6284430886
	70.3705276734	55.6399056175
	70.3692211113	55.6472715998
	70.3671859986	55.6562859276
	70.3652687194	55.6678987164
	70.3650498988	55.6696253362
	70.363661349	55.6810236516
	70.3627265082	55.6910103529
	70.3623414047	55.7027740479
	70.3624405092	55.7087440491
	70.3623814065	55.7123043602
	70.3566726596	55.7169894077
	70.3480821619	55.7250352869
	70.3400362827	55.7336257846
	70.3325694757	55.7427241152
	70.3257137151	55.7522913181
	70.3194983582	55.762286425
	70.3139500201	55.7726666354
	70.3090924597	55.7833874997
	70.3049464778	55.7944031095
	70.3015298281	55.8056662942
	70.2988571412	55.8171288231
	70.296939862	55.8287416119
	70.2957862006	55.8404549329
	70.2954010971	55.8522186279
	70.295409717	55.8539795222
	70.2955688115	55.8702292572
	70.294672309	55.8798989027
	70.2942872055	55.8916625977
	70.294672309	55.9034262926
	70.2958259704	55.9151396137
	70.2977432496	55.9267524025
	70.3004159365	55.9382149314
	70.3038325862	55.9494781161
	70.3079785681	55.9604937259
	70.3128361285	55.9712145901
	70.3183844666	55.9815948006
	70.3245998235	55.9915899075
	70.3314555841	56.0011571104
	70.3389223911	56.0102554409
	70.3469682703	56.0188459387
	70.355558768	56.0268918179
	70.3646570986	56.0343586248
	70.3742243015	56.0412143855
	70.3842194084	56.0474297424
	70.3945996188	56.0529780804
	70.4053204831	56.0578356409
	70.4163360929	56.0619816228
	70.4275992776	56.0653982725
	70.4390618065	56.0680709594
	70.4506745953	56.0699882386
	70.4623879163	56.0711419
	70.4624717066	56.0711473723
	70.4852675529	56.0726308035
	70.5316755875	56.0770886826
	70.5371102064	56.0775277032
	70.5488739014	56.0779128067
	70.5522157097	56.0778817593
	70.6252672398	56.0765242569
	70.6658950958	56.0765242569
	70.6617224793	56.083392382
	70.6561741412	56.0937725925
	70.6513165808	56.1044934568
	70.6509963134	56.1052717965
	70.6404372314	56.1311049263
	70.6396077205	56.1333246234
	70.6369875766	56.1361221225
	70.6295207697	56.1452204531
	70.6226650091	56.1547876559
	70.6164496522	56.1647827629
	70.6109013141	56.1751629733
	70.6060437537	56.1858838376
	70.6055258957	56.1871476072
	70.5971945968	56.2077011961
	70.5935664729	56.2174530362
	70.5901498232	56.2287162209
	70.5874771363	56.2401787498
	70.5855598571	56.2517915387
	70.5848749786	56.2577631723
	70.583761087	56.2691538584
	70.5832923041	56.2748955457
	70.5829072006	56.2866592407
	70.5832923041	56.2984229357
	70.5844459655	56.3101362567
	70.5863632447	56.3217490456
	70.5890359316	56.3332115745
	70.5912186006	56.3407033957
	70.5928818086	56.3459829367
	70.5941157893	56.3497543002
	70.5982617713	56.3607699099
	70.6031193317	56.3714907742
	70.6034511293	56.3721115239
	70.5984043658	56.3815533542
	70.5935468054	56.3922742185
	70.5894008235	56.4032898282
	70.5859841738	56.4145530129
	70.5833114869	56.4260155418
	70.5813942077	56.4376283307
	70.5802405463	56.4493416517
	70.5798554428	56.4611053467
	70.5802405463	56.4728690417
	70.5813942077	56.4845823627
	70.5833114869	56.4961951515
	70.5859841738	56.5076576805
	70.5894008235	56.5189208651
	70.5935468054	56.5299364749
	70.5984043658	56.5406573392
	70.6039527039	56.5510375496
	70.6101680608	56.5610326566
	70.6170238214	56.5705998594
	70.6244906284	56.57969819
	70.6325365076	56.5882886878
	70.6411270053	56.596334567
	70.6502253359	56.6038013739
	70.6567082098	56.6085495963
	70.6916966131	56.6329941764
	70.6947809421	56.6351017146
	70.7011853917	56.6391880701
	70.7139569981	56.6469624232
	70.7175476555	56.6490914245
	70.7279278659	56.6546397626
	70.7386487302	56.659497323
	70.74966434	56.6636433049
	70.7609275246	56.6670599546
	70.7723900535	56.6697326415
	70.7733141791	56.6699139478
	70.823591889	56.6796414258
	70.8342805523	56.6813773987
	70.8459938734	56.6825310602
	70.8534951105	56.6827766253
	70.8531861312	56.6922149658
	70.8535712347	56.7039786608
	70.8547248962	56.7156919818
	70.8566421754	56.7273047707
	70.8593148623	56.7387672996
	70.862731512	56.7500304843
	70.8668774939	56.761046094
	70.8717350543	56.7717669583
	70.8772833924	56.7821471688
	70.8834987493	56.7921422757
	70.8903545099	56.8017094786
	70.8978213168	56.8108078091
	70.905867196	56.8193983069
	70.9144576938	56.8274441861
	70.9212727511	56.8331295891
	70.9440388644	56.851188366
	70.9463221377	56.8529697699
	70.9558893405	56.8598255305
	70.9658844475	56.8660408874
	70.9762646579	56.8715892255
	70.9869855222	56.8764467859
	70.9980011319	56.8805927678
	71.0092643166	56.8840094175
	71.0207268455	56.8866821044
	71.0323396344	56.8885993836
	71.0440529554	56.889753045
	71.0558166504	56.8901381485
	71.0675803454	56.889753045
	71.0792936664	56.8885993836
	71.0909064552	56.8866821044
	71.1023689842	56.8840094175
	71.1136321688	56.8805927678
	71.1153722897	56.879992128
	71.1815818414	56.8567586276
	71.187446106	56.8578064046
	71.2293362913	56.8662805401
	71.2299095848	56.8663955444
	71.2415223736	56.8683128236
	71.2532356947	56.869466485
	71.2649993896	56.8698515885
	71.2767630846	56.869466485
	71.27769972	56.8693742344
	71.2810541933	56.8721271795
	71.2906213962	56.8789829402
	71.3006165031	56.8851982971
	71.3019958765	56.8859865767
	71.3083893092	56.8896029097
	71.3116336421	56.8913186628
	71.3107220554	56.8917316974
	71.3044758844	56.8949653038
	71.2850209283	56.9055243858
	71.2808868889	56.9078391175
	71.2708917819	56.9140544744
	71.2613245791	56.920910235
	71.2580424177	56.9234897883
	71.248032652	56.9315464289
	71.2422164829	56.9364336826
	71.2336259851	56.9444795618
	71.2276812196	56.9507161719
	71.1822628321	56.9904271267
	71.1387316731	57.0274339358
	71.1296058656	57.027721418
	71.1235054701	57.0280173407
	71.111792149	57.0291710021
	71.1001793602	57.0310882813
	71.0966400607	57.031829353
	71.0663513644	57.0384898144
	71.058428135	57.0404214296
	71.0471649503	57.0438380794
	71.0361493406	57.0479840613
	71.0333545888	57.0491694146
	71.0186451162	57.0555552178
	71.0107190036	57.0592274249
	71.0003387932	57.064775763
	70.9903436862	57.0709911199
	70.9807764834	57.0778468805
	70.9716781528	57.0853136874
	70.963087655	57.0933595666
	70.9550417758	57.1019500644
	70.9475749689	57.111048395
	70.9474663589	57.1111900838
	70.9438500259	57.115912679
	70.9423776022	57.1179695992
	70.9377037902	57.1092255119
	70.9314884333	57.099230405
	70.9246326727	57.0896632021
	70.9171658658	57.0805648716
	70.9091199866	57.0719743738
	70.9005294888	57.0639284946
	70.8914311582	57.0564616877
	70.8818639554	57.049605927
	70.8718688484	57.0433905701
	70.861488638	57.0378422321
	70.8507677737	57.0329846716
	70.8458123321	57.0310175913
	70.8399682159	57.0287974375
	70.8339080477	57.0266185359
	70.8226448631	57.0232018862
	70.8111823342	57.0205291993
	70.7997318887	57.0186333682
	70.7808567667	57.0161309268
	70.7806944232	57.0161094787
	70.7689811022	57.0149558173
	70.7611939954	57.014614678
	70.6984040784	57.0132261282
	70.6968195088	57.0132604705
	70.6944274902	57.013182164
	70.6826637953	57.0135672675
	70.6790869852	57.0138375483
	70.6218307884	57.0187387467
	70.6032231228	57.0194103479
	70.5979469984	57.0196784125
	70.5862336773	57.0208320739
	70.5746208885	57.0227493531
	70.5631583596	57.02542204
	70.5518951749	57.0288386897
	70.5408795652	57.0329846716
	70.5301587009	57.0378422321
	70.5197784904	57.0433905701
	70.5097833835	57.049605927
	70.5002161806	57.0564616877
	70.4946472411	57.060912981
	70.4896423583	57.0650786304
	70.4861129673	57.068094144
	70.4775224695	57.0761400232
	70.4694765903	57.084730521
	70.4620097834	57.0938288515
	70.4551540227	57.1033960544
	70.4489386658	57.1133911613
	70.4439134995	57.1227925862
	70.4376599216	57.1256260455
	70.4272797111	57.1311743836
	70.4177125337	57.1371046911
	70.4155405474	57.1382354162
	70.4086639885	57.1420081238
	70.3986688815	57.1482234807
	70.3891016787	57.1550792414
	70.3878225391	57.1560699319
	70.3725484912	57.1680099343
	70.3647293003	57.1744860507
	70.3561388025	57.1825319299
	70.3480929233	57.1911224277
	70.344145732	57.1957805048
	70.3366384078	57.204951037
	70.3331187921	57.2093912905
	70.3262630315	57.2189584933
	70.3200476746	57.2289536003
	70.3187231498	57.2312877903
	70.3142188172	57.2386734489
	70.3124904034	57.2417359015
	70.3111253747	57.2430864343
	70.3030794955	57.2516769321
	70.2989622458	57.25654306
	70.2878538474	57.2701538998
	70.2845042902	57.2743861025
	70.2776485296	57.2839533054
	70.2714331727	57.2939484123
	70.2658848346	57.3043286227
	70.2613138304	57.3143617117
	70.259101306	57.3196412528
	70.2588147498	57.3203290281
	70.2546687678	57.3313446378
	70.2512521181	57.3426078225
	70.2485794312	57.3540703514
	70.246662152	57.3656831402
	70.2460454622	57.3709709633
	70.245480887	57.3765251625
	70.2449439154	57.3829506605
	70.2445588119	57.3947143555
	70.2449439154	57.4064780504
	70.2460922562	57.4181509215
	70.2469314896	57.4245367247
	70.2469368102	57.4245771747
	70.2488540894	57.4361899636
	70.2515267763	57.4476524925
	70.254943426	57.4589156771
	70.259089408	57.4699312869
	70.2639469684	57.4806521512
	70.2694953065	57.4910323616
	70.2757106634	57.5010274686
	70.282566424	57.5105946714
	70.287104078	57.5162672912
	70.2912697274	57.5212645446
	70.2941988803	57.5246902554
	70.3022447595	57.5332807532
	70.3108352573	57.5413266324
	70.3199335878	57.5487934393
	70.3295007907	57.5556491999
	70.3394958977	57.5618645568
	70.3407149118	57.5625620235
	70.3470930856	57.5661783566
	70.3562542819	57.5710292279
	70.3657467362	57.5753726283
	70.3734736102	57.5786404352
	70.3716875085	57.580313302
	70.3636416293	57.5889037998
	70.3561748224	57.5980021303
	70.3534997215	57.6015795075
	70.3459851169	57.6050724567
	70.3356049064	57.6106207947
	70.3256097995	57.6168361516
	70.3160425966	57.6236919123
	70.3069442661	57.6311587192
	70.2983537683	57.6392045984
	70.2903078891	57.6477950962
	70.2828410822	57.6568934267
	70.2759853216	57.6664606296
	70.2697699647	57.6764557365
	70.2642216266	57.686835947
	70.2593640662	57.6975568113
	70.2552180842	57.708572421
	70.2518014345	57.7198356057
	70.2491287476	57.7312981346
	70.2476968966	57.7394795166
	70.2468576632	57.7450260864
	70.246372235	57.7484574933
	70.2452185736	57.7601708143
	70.2448334701	57.7719345093
	70.2452185736	57.7836982043
	70.2454937746	57.7864923672
	70.2453748531	57.7866333359
	70.2414686031	57.7913483017
	70.237278338	57.7966028994
	70.2304225774	57.8061701022
	70.2242072205	57.8161652092
	70.2186588824	57.8265454196
	70.215467741	57.8333734471
	70.2132552166	57.8383783299
	70.2115887976	57.8422711667
	70.2074428157	57.8532867765
	70.204026166	57.8645499611
	70.2013534791	57.8760124901
	70.1994361999	57.8876252789
	70.1982825385	57.8993385999
	70.197897435	57.9111022949
	70.1982825385	57.9228659899
	70.1994361999	57.9345793109
	70.1998056299	57.937232574
	70.2006906396	57.9432597957
	70.2022384889	57.9522193215
	70.2049111757	57.9636818504
	70.2083278255	57.974945035
	70.2124738074	57.9859606448
	70.2173313678	57.9966815091
	70.2228797059	58.0070617195
	70.2290950628	58.0170568265
	70.2359508234	58.0266240293
	70.239518873	58.0311234214
	70.2439134042	58.0364868858
	70.2478121616	58.0410858242
	70.2558580408	58.049676322
	70.2644485385	58.0577222012
	70.2735468691	58.0651890081
	70.283114072	58.0720447688
	70.2931091789	58.0782601257
	70.3034893894	58.0838084637
	70.3142102536	58.0886660242
	70.3174675181	58.0899075759
	70.3175033481	58.0899411343
	70.3232949019	58.094808572
	70.3360723693	58.1050965748
	70.3393223164	58.1097531434
	70.3452371518	58.1192157967
	70.3482051702	58.1238073148
	70.3542436485	58.1323011029
	70.3711214742	58.1546417051
	70.3951291732	58.1901585329
	70.398508073	58.1949849502
	70.444541744	58.2584992944
	70.4700493155	58.2958574089
	70.4735354107	58.300783561
	70.5184463519	58.362040659
	70.5241585926	58.3708875425
	70.5257106634	58.373250369
	70.5302754734	58.3797654415
	70.5654292738	58.4276490303
	70.5711098865	58.4364469297
	70.5726619573	58.4388097562
	70.578660104	58.447250138
	70.5960734468	58.4703174262
	70.6211255737	58.506610712
	70.6263619299	58.5138089466
	70.6419708962	58.534186327
	70.6466561512	58.5414426572
	70.648208222	58.5438054837
	70.6549875888	58.5532730563
	70.6722664807	58.5758239213
	70.6969432798	58.611587298
	70.7022899347	58.6189320738
	70.7031433692	58.6200354064
	70.7228577247	58.6453192199
	70.7294710971	58.6533142178
	70.7375169763	58.6619047156
	70.7461074741	58.6699505948
	70.7462156556	58.6700453909
	70.7544387729	58.6777249478
	70.7635371035	58.6851917547
	70.7731043063	58.6920475153
	70.7830994133	58.6982628723
	70.7934796237	58.7038112103
	70.804200488	58.7086687707
	70.8152160978	58.7128147527
	70.824116231	58.7155809366
	70.8388562213	58.719746586
	70.8412192727	58.7203970518
	70.8526818016	58.7230697387
	70.8642945904	58.7249870179
	70.8678489991	58.7254190179
	70.877843506	58.7265329095
	70.8860024183	58.7272545709
	70.8941996348	58.7276043116
	70.9361307872	58.7284359156
	70.9396972656	58.7284712784
	70.9514609606	58.7280861749
	70.9631742816	58.7269325135
	70.9727526587	58.7254077365
	70.9816485327	58.7237445285
	70.9836829445	58.7233520263
	70.9951454734	58.7206793394
	71.0064086581	58.7172626897
	71.0174242678	58.7131167078
	71.0281451321	58.7082591473
	71.0322985616	58.7061435604
	71.0392823834	58.7072028992
	71.0428667902	58.70763824
	71.0528765558	58.7087521316
	71.0610054701	58.7094704523
	71.072769165	58.7098555558
	71.08453286	58.7094704523
	71.0962461811	58.7083167908
	71.1078589699	58.7063995116
	71.1126688143	58.7053742234
	71.1187723299	58.7039856736
	71.1254250144	58.7023382749
	71.1366881991	58.6989216252
	71.1477038089	58.6947756433
	71.1584246731	58.6899180829
	71.1688048836	58.6843697448
	71.1787999905	58.6781543879
	71.1883671934	58.6712986273
	71.197465524	58.6638318204
	71.2060560217	58.6557859412
	71.2141019009	58.6471954434
	71.2215687079	58.6380971128
	71.2284244685	58.62852991
	71.2344783993	58.6187943973
	71.2359749412	58.6184454527
	71.2472381259	58.615028803
	71.2582537356	58.610882821
	71.2689745999	58.6060252606
	71.2793548104	58.6004769225
	71.2893499173	58.5942615656
	71.297362562	58.5885853167
	71.3127303762	58.5849038574
	71.3173805808	58.5837240782
	71.3286437655	58.5803074285
	71.3287948797	58.5802560573
	71.3549026678	58.5713678127
	71.3657671634	58.5672732019
	71.3764880276	58.5624156415
	71.3800331109	58.5606184351
	71.3869606011	58.5570097315
	71.3937957283	58.5532585998
	71.4037908353	58.5470432429
	71.4133580381	58.5401874823
	71.4224563687	58.5327206754
	71.4310468665	58.5246747962
	71.4390927457	58.5160842984
	71.4465595526	58.5069859678
	71.4534153132	58.497418765
	71.4596306701	58.487423658
	71.4651790082	58.4770434476
	71.4700365686	58.4663225833
	71.4741825505	58.4553069735
	71.4775992002	58.4440437889
	71.4802718871	58.4325812599
	71.4821891663	58.4209684711
	71.4828901141	58.4148317268
	71.4834546893	58.4090028693
	71.4839074029	58.4034262926
	71.4842925064	58.3916625977
	71.4839074029	58.3798989027
	71.4827537415	58.3681855816
	71.4808364623	58.3565727928
	71.4781637754	58.3451102639
	71.4755776124	58.3363539266
	71.4745474424	58.3323233986
	71.4711307927	58.321060214
	71.4669848108	58.3100446042
	71.4621272504	58.2993237399
	71.4565789123	58.2889435295
	71.4503635554	58.2789484225
	71.4462942624	58.2732697307
	71.4525702736	58.272233557
	71.4640328025	58.2695608702
	71.4752959872	58.2661442204
	71.4863115969	58.2619982385
	71.4890249257	58.2608482094
	71.4927956088	58.2612781304
	71.5272200395	58.2687838446
	71.5304466942	58.2694564574
	71.542059483	58.2713737366
	71.5426588702	58.2714516231
	71.5621138263	58.2739464351
	71.5732277601	58.2750222101
	71.5746151636	58.2751077625
	71.6432304441	58.2790727486
	71.6990853812	58.2845564533
	71.7048958509	58.2850319757
	71.706000462	58.2851009633
	71.7126222272	58.2860984681
	71.7243355482	58.2872521295
	71.7315407652	58.2875794588
	71.7343978648	58.2876518923
	71.745925422	58.2889719106
	71.7546242445	58.2897545709
	71.7580842917	58.2899478984
	71.7960654703	58.2917032149
	71.8321358802	58.2949635838
	71.8365639417	58.2953087701
	71.8452181769	58.2956669938
	71.8691374771	58.2960805676
	71.8911672868	58.2985011818
	71.8990486829	58.299192132
	71.9037350523	58.2994379418
	71.9411686647	58.3009120255
	71.9722105405	58.303800718
	71.9771126478	58.3041893854
	71.9888763428	58.3045744889
	72.0006400378	58.3041893854
	72.0123533588	58.3030357239
	72.0239661476	58.3011184447
	72.0354286765	58.2984457579
	72.0466918612	58.2950291081
	72.0468915033	58.2949612082
	72.0705121088	58.286912197
	72.0775221589	58.2843599879
	72.1355665925	58.2618532741
	72.13937251	58.2603274011
	72.1500933743	58.2554698407
	72.1604735848	58.2499215026
	72.1704686917	58.2437061457
	72.1800358946	58.2368503851
	72.1891342251	58.2293835782
	72.1977247229	58.221337699
	72.2057706021	58.2127472012
	72.2120520492	58.2051765877
	72.4118575722	58.2100608373
	72.4742443431	58.2122476056
	72.4923087389	58.2119728937
	72.50402206	58.2108192322
	72.5156348488	58.208901953
	72.5270973777	58.2062292662
	72.5383605624	58.2028126164
	72.5493761721	58.1986666345
	72.5600970364	58.1938090741
	72.5618393186	58.1929381157
	72.5661762027	58.1907406967
	72.7357822467	58.1876188877
	72.7887589791	58.1869828184
	72.7890315862	58.1874212064
	72.7958873468	58.1969884092
	72.8033541537	58.2060867398
	72.8114000329	58.2146772376
	72.8199905307	58.2227231168
	72.8290888613	58.2301899237
	72.8386560641	58.2370456843
	72.8486511711	58.2432610412
	72.8590313815	58.2488093793
	72.86853437	58.2531572344
	73.0143778759	58.3148256304
	73.0155957517	58.3153353357
	73.0266113614	58.3194813176
	73.0378745461	58.3228979673
	73.049337075	58.3255706542
	73.0609498639	58.3274879334
	73.0726631849	58.3286415948
	73.0844268799	58.3290266983
	73.0855515443	58.3290231821
	73.6638901673	58.3254068491
	73.6745291979	58.3250252618
	73.6751630384	58.3249825934
	73.7241099829	58.3216007786
	73.753478542	58.3206493842
	74.1629562811	58.3141789117
	74.2367408062	58.3514078621
	74.237170251	58.3516238247
	74.3502226192	58.4082873379
	74.3512646579	58.408805412
	74.3556622271	58.4109005077
	74.379832149	58.4220165355
	74.3861554441	58.4247790002
	74.3971710538	58.4289249822
	74.3998757128	58.4298192674
	74.4022131742	58.4305716594
	74.4086468991	58.4333849573
	74.4196625089	58.4375309392
	74.4236481556	58.4388322783
	74.4475586781	58.4463319731
	74.454836216	58.4484472837
	74.4655029621	58.450959812
	74.4736926685	58.4526273037
	74.4803794289	58.4545584288
	74.4907920238	58.4569863054
	74.4914187289	58.4577499478
	74.4994646081	58.4663404456
	74.5080551059	58.4743863248
	74.5171534365	58.4818531317
	74.5267206393	58.4887088923
	74.5367157463	58.4949242492
	74.5444828879	58.4991574395
	74.6775547873	58.5674939263
	74.6801678561	58.5688090741
	74.6814990803	58.5694587601
	74.7217670246	58.5889060867
	74.7311566648	58.5931139612
	74.7421722745	58.5972599431
	74.7534354592	58.6006765928
	74.7598379623	58.6021694472
	74.76695098	58.6088315152
	74.7760493105	58.6162983221
	74.7843231487	58.6222817472
	74.7904419231	58.6264473967
	74.7917352878	58.6273197321
	74.8017303947	58.633535089
	74.8121106052	58.6390834271
	74.8228314695	58.6439409875
	74.8330583196	58.6478171816
	74.8332545107	58.6479679388
	74.8383497097	58.6517368828
	74.844193826	58.6559025323
	74.8486658298	58.6589893488
	74.8586609367	58.6652047057
	74.8690411472	58.6707530438
	74.8698894744	58.6711686266
	74.8910076385	58.6814454211
	74.9008801755	58.6858873987
	74.9118957853	58.6900333806
	74.9132128246	58.690474791
	74.9161542234	58.6917238855
	74.9271698331	58.6958698674
	74.9312522889	58.6972015413
	74.946590785	58.7020030619
	74.9501568698	58.7038112103
	74.9608777341	58.7086687707
	74.9713542358	58.7126307976
	74.973232698	58.7135321842
	74.9855092327	58.720898105
	74.9881165031	58.7224327941
	74.9984967136	58.7279811322
	75.0002592446	58.7288384097
	75.0026917932	58.7300052311
	75.0081055168	58.733258905
	75.0174639513	58.7382993233
	75.0246813586	58.7419156563
	75.0257031345	58.742423576
	75.0364239988	58.7472811365
	75.0474396085	58.7514271184
	75.0587027932	58.7548437681
	75.0701653221	58.757516455
	75.0817781109	58.7594337342
	75.093491432	58.7605873956
	75.105255127	58.7609724991
	75.1170188219	58.7605873956
	75.128732143	58.7594337342
	75.1403449318	58.757516455
	75.1518074607	58.7548437681
	75.1630706454	58.7514271184
	75.1740862551	58.7472811365
	75.1761633228	58.7464054987
	75.3795019459	58.659178631
	75.3823749315	58.6579164101
	75.4293262254	58.636798246
	75.4350970364	58.6340785443
	75.4454772469	58.6285302062
	75.4554723538	58.6223148493
	75.4650395567	58.6154590887
	75.4741378872	58.6079922818
	75.482728385	58.5999464026
	75.4907742642	58.5913559048
	75.4982410711	58.5822575743
	75.5050968318	58.5726903714
	75.5113121887	58.5626952645
	75.5168605267	58.552315054
	75.5217180871	58.5415941897
	75.5258640691	58.53057858
	75.5292807188	58.5193153953
	75.5319534057	58.5078528664
	75.5338706849	58.4962400775
	75.5350243463	58.4845267565
	75.5354094498	58.4727630615
	75.5350243463	58.4609993665
	75.5338706849	58.4492860455
	75.5319534057	58.4376732567
	75.5292807188	58.4262107278
	75.5258640691	58.4149475431
	75.5217180871	58.4039319333
	75.5168605267	58.393211069
	75.5113121887	58.3828308586
	75.5050968318	58.3728357516
	75.4982410711	58.3632685488
	75.4907742642	58.3541702182
	75.482728385	58.3455797204
	75.4741378872	58.3375338412
	75.4650395567	58.3300670343
	75.4554723538	58.3232112737
	75.4454772469	58.3169959168
END
END
