none
1
   9.457461E-01   5.081013E+01
   8.516210E-01   5.091924E+01
   8.507020E-01   5.092466E+01
   8.631380E-01   5.093229E+01
   8.544910E-01   5.094914E+01
   8.426010E-01   5.095212E+01
   8.311980E-01   5.094299E+01
   8.116070E-01   5.093930E+01
   8.104300E-01   5.094746E+01
   7.824910E-01   5.097418E+01
   7.746330E-01   5.097373E+01
   7.760080E-01   5.098854E+01
   7.406230E-01   5.099767E+01
   7.117380E-01   5.099551E+01
   7.061910E-01   5.099066E+01
   6.754140E-01   5.100071E+01
   6.609820E-01   5.101468E+01
   6.370370E-01   5.100888E+01
   6.278790E-01   5.101486E+01
   5.699510E-01   5.100058E+01
   5.405280E-01   5.100833E+01
   5.355440E-01   5.101882E+01
   5.088810E-01   5.102076E+01
   4.928620E-01   5.102810E+01
   4.712900E-01   5.102761E+01
   4.634630E-01   5.103359E+01
   4.633240E-01   5.104397E+01
   4.682300E-01   5.104736E+01
   4.102320E-01   5.106308E+01
   3.979740E-01   5.107017E+01
   4.015390E-01   5.107907E+01
   3.900080E-01   5.107845E+01
   3.803930E-01   5.108500E+01
   3.490990E-01   5.108160E+01
   3.491020E-01   5.110163E+01
   3.241200E-01   5.110830E+01
   3.246280E-01   5.111962E+01
   2.818950E-01   5.111500E+01
   2.759260E-01   5.110937E+01
   2.440570E-01   5.111192E+01
   2.267420E-01   5.112092E+01
   1.714360E-01   5.111242E+01
   1.514570E-01   5.111830E+01
   1.470450E-01   5.113141E+01
   1.520970E-01   5.113930E+01
   1.380750E-01   5.114364E+01
   7.828400E-02   5.113695E+01
   4.905800E-02   5.113977E+01
   4.315300E-02   5.117168E+01
   4.887200E-02   5.117980E+01
   3.054600E-02   5.121082E+01
   3.139200E-02   5.121647E+01
   3.966200E-02   5.122108E+01
   4.139300E-02   5.123270E+01
   5.510200E-02   5.124792E+01
   4.347200E-02   5.127278E+01
   4.484200E-02   5.128549E+01
   3.959500E-02   5.129382E+01
   8.435000E-02   5.129582E+01
   7.982500E-02   5.130516E+01
   8.271300E-02   5.131796E+01
   1.170890E-01   5.133374E+01
   1.147734E-01   5.134106E+01
   1.182163E-01   5.134512E+01
   1.341400E-01   5.134809E+01
   1.398160E-01   5.135291E+01
   1.488690E-01   5.137694E+01
   1.448320E-01   5.139363E+01
   1.557880E-01   5.139538E+01
   1.456840E-01   5.140780E+01
   1.525803E-01   5.142755E+01
   1.555748E-01   5.143146E+01
   1.630870E-01   5.142993E+01
   1.720162E-01   5.144369E+01
   1.762952E-01   5.144248E+01
   1.837004E-01   5.144702E+01
   1.928717E-01   5.145208E+01
   1.987570E-01   5.145556E+01
   2.073690E-01   5.146457E+01
   2.093720E-01   5.147716E+01
   2.233705E-01   5.148295E+01
   2.463781E-01   5.147062E+01
   2.715184E-01   5.145973E+01
   2.868810E-01   5.146111E+01
   2.958364E-01   5.146808E+01
   3.114787E-01   5.147234E+01
   3.229062E-01   5.146960E+01
   3.279945E-01   5.146288E+01
   3.381711E-01   5.145198E+01
   3.466270E-01   5.145030E+01
   3.721609E-01   5.145020E+01
   4.032570E-01   5.145153E+01
   4.401010E-01   5.145872E+01
   4.464502E-01   5.148697E+01
   4.712026E-01   5.149664E+01
   1.488337E+00   5.144339E+01
   1.521262E+00   5.117739E+01
   9.457461E-01   5.081013E+01
END
END
