none
1
   -1.724520E+00   5.356010E+01
   -1.701830E+00   5.356072E+01
   -1.679211E+00   5.355388E+01
   -1.655294E+00   5.356132E+01
   -1.617786E+00   5.357004E+01
   -1.603769E+00   5.358810E+01
   -1.590280E+00   5.360631E+01
   -1.571766E+00   5.361054E+01
   -1.496915E+00   5.360364E+01
   -1.442960E+00   5.361399E+01
   -1.401700E+00   5.360223E+01
   -1.379747E+00   5.360976E+01
   -1.353563E+00   5.360050E+01
   -1.350389E+00   5.358511E+01
   -1.306484E+00   5.357899E+01
   -1.283209E+00   5.358825E+01
   -1.249712E+00   5.361682E+01
   -1.228695E+00   5.362293E+01
   -1.216840E+00   5.364203E+01
   -1.210583E+00   5.364313E+01
   -1.207477E+00   5.364350E+01
   -1.162869E+00   5.364398E+01
   -1.125312E+00   5.364743E+01
   -1.049668E+00   5.365840E+01
   -9.922743E-01   5.366326E+01
   -9.483693E-01   5.366169E+01
   -8.624107E-01   5.364021E+01
   -8.528892E-01   5.360539E+01
   -8.642622E-01   5.358263E+01
   -8.875371E-01   5.356645E+01
   -8.724613E-01   5.353424E+01
   -8.819828E-01   5.352433E+01
   -9.290617E-01   5.352764E+01
   -9.380543E-01   5.352213E+01
   -9.298551E-01   5.350153E+01
   -9.889476E-01   5.345214E+01
   -9.936060E-01   5.343685E+01
   -1.012781E+00   5.342594E+01
   -1.021448E+00   5.342348E+01
   -1.055465E+00   5.342419E+01
   -1.075615E+00   5.342607E+01
   -1.077457E+00   5.342226E+01
   -1.096307E+00   5.341897E+01
   -1.113315E+00   5.339701E+01
   -1.119924E+00   5.339475E+01
   -1.128290E+00   5.337523E+01
   -1.137498E+00   5.337144E+01
   -1.137498E+00   5.334072E+01
   -1.159842E+00   5.333054E+01
   -1.171868E+00   5.332566E+01
   -1.171656E+00   5.332260E+01
   -1.201469E+00   5.330281E+01
   -1.241248E+00   5.329889E+01
   -1.293722E+00   5.330824E+01
   -1.300070E+00   5.331747E+01
   -1.293511E+00   5.332531E+01
   -1.315305E+00   5.333200E+01
   -1.341753E+00   5.331014E+01
   -1.437181E+00   5.333756E+01
   -1.456224E+00   5.331810E+01
   -1.535147E+00   5.330470E+01
   -1.553767E+00   5.330293E+01
   -1.599682E+00   5.330963E+01
   -1.608992E+00   5.331987E+01
   -1.627189E+00   5.331305E+01
   -1.638191E+00   5.331899E+01
   -1.613224E+00   5.334514E+01
   -1.670565E+00   5.336611E+01
   -1.657023E+00   5.339085E+01
   -1.708862E+00   5.340245E+01
   -1.749065E+00   5.342641E+01
   -1.750334E+00   5.345603E+01
   -1.802174E+00   5.347921E+01
   -1.825872E+00   5.352137E+01
   -1.805348E+00   5.353734E+01
   -1.724520E+00   5.356010E+01
END
END
