none
1
   3.062286E+01   5.123864E+01
   3.043663E+01   5.123751E+01
   3.019187E+01   5.144864E+01
   2.980188E+01   5.139772E+01
   2.968693E+01   5.146144E+01
   2.950553E+01   5.135336E+01
   2.931742E+01   5.133472E+01
   2.912765E+01   5.159877E+01
   2.884892E+01   5.151051E+01
   2.876282E+01   5.137239E+01
   2.860203E+01   5.151935E+01
   2.834409E+01   5.149935E+01
   2.822170E+01   5.160560E+01
   2.804686E+01   5.152012E+01
   2.789505E+01   5.154377E+01
   2.775306E+01   5.143016E+01
   2.763284E+01   5.149360E+01
   2.764214E+01   5.156240E+01
   2.722621E+01   5.156618E+01
   2.715969E+01   5.172090E+01
   2.693863E+01   5.169299E+01
   2.601065E+01   5.188136E+01
   2.520477E+01   5.191901E+01
   2.439630E+01   5.183062E+01
   2.433192E+01   5.170340E+01
   2.402608E+01   5.154484E+01
   2.370530E+01   5.160324E+01
   2.371253E+01   5.148366E+01
   2.360908E+01   5.146261E+01
   2.352190E+01   5.152260E+01
   2.348335E+01   5.173195E+01
   2.356136E+01   5.180909E+01
   2.360118E+01   5.204167E+01
   2.319497E+01   5.218298E+01
   2.313474E+01   5.227753E+01
   2.340702E+01   5.256715E+01
   2.389150E+01   5.275657E+01
   2.385147E+01   5.314706E+01
   2.361431E+01   5.351001E+01
   2.347313E+01   5.397094E+01
   2.420480E+01   5.401377E+01
   2.442253E+01   5.395300E+01
   2.460938E+01   5.405140E+01
   2.476925E+01   5.404456E+01
   2.472966E+01   5.412118E+01
   2.481365E+01   5.419191E+01
   2.505404E+01   5.418618E+01
   2.521529E+01   5.430438E+01
   2.547762E+01   5.434923E+01
   2.570185E+01   5.459973E+01
   2.569432E+01   5.482180E+01
   2.583020E+01   5.496045E+01
   2.617361E+01   5.504430E+01
   2.619271E+01   5.513086E+01
   2.631219E+01   5.518788E+01
   2.668466E+01   5.525465E+01
   2.639793E+01   5.533431E+01
   2.661477E+01   5.573690E+01
   2.678011E+01   5.573744E+01
   2.711447E+01   5.589550E+01
   2.757654E+01   5.583431E+01
   2.763687E+01   5.597206E+01
   2.810829E+01   5.620996E+01
   2.832287E+01   5.611413E+01
   2.869269E+01   5.614753E+01
   2.876456E+01   5.601842E+01
   2.907835E+01   5.607892E+01
   2.943629E+01   5.601193E+01
   2.952203E+01   5.591446E+01
   2.942960E+01   5.579662E+01
   2.949983E+01   5.575675E+01
   2.997566E+01   5.591568E+01
   3.050989E+01   5.584999E+01
   3.079831E+01   5.565124E+01
   3.093923E+01   5.566319E+01
   3.099093E+01   5.558467E+01
   3.097111E+01   5.537083E+01
   3.090657E+01   5.531562E+01
   3.106086E+01   5.516465E+01
   3.106952E+01   5.504694E+01
   3.084074E+01   5.483636E+01
   3.122089E+01   5.469471E+01
   3.125185E+01   5.462696E+01
   3.117514E+01   5.452854E+01
   3.126801E+01   5.449201E+01
   3.136569E+01   5.429058E+01
   3.192106E+01   5.409318E+01
   3.187522E+01   5.383399E+01
   3.213202E+01   5.386221E+01
   3.247936E+01   5.377772E+01
   3.254453E+01   5.370705E+01
   3.249468E+01   5.361330E+01
   3.280613E+01   5.343224E+01
   3.275415E+01   5.329365E+01
   3.215237E+01   5.303627E+01
   3.182415E+01   5.306598E+01
   3.164940E+01   5.317012E+01
   3.144495E+01   5.314559E+01
   3.137544E+01   5.302684E+01
   3.163300E+01   5.280327E+01
   3.183481E+01   5.211502E+01
   3.173186E+01   5.205297E+01
   3.142108E+01   5.208877E+01
   3.127941E+01   5.200083E+01
   3.099225E+01   5.202629E+01
   3.062616E+01   5.166268E+01
   3.070047E+01   5.134978E+01
   3.062286E+01   5.123864E+01
END
END
