none
1
   1.228702E+02   -1.187144E+01
   1.278788E+02   -1.063385E+01
   1.391872E+02   -1.062093E+01
   1.415007E+02   -9.435669E+00
   1.420549E+02   -9.480810E+00
   1.420521E+02   -9.231486E+00
   1.421902E+02   -9.166416E+00
   1.423378E+02   -9.234197E+00
   1.425108E+02   -9.348040E+00
   1.428624E+02   -9.318228E+00
   1.428514E+02   -9.491646E+00
   1.432963E+02   -9.421205E+00
   1.436671E+02   -9.109470E+00
   1.443939E+02   -8.937109E+00
   1.450949E+02   -1.278362E+01
   1.525133E+02   -1.604147E+01
   1.566241E+02   -2.104854E+01
   1.690016E+02   -2.920168E+01
   1.556286E+02   -3.463346E+01
   1.483016E+02   -4.595665E+01
   1.099694E+02   -3.458607E+01
   1.099965E+02   -2.362939E+01
   1.228702E+02   -1.187144E+01
END
END
