Москва
1
	37.5866374838	55.4257679898
	37.4037914075	55.4283554343
	37.2726942207	55.4585422865
	37.2028332198	55.5189159909
	37.1640215526	55.5870520288
	37.1424595153	55.6733001781
	37.1183100336	55.9501567371
	37.120897478	56.0381298493
	37.2502697019	56.0502045902
	37.3761919997	56.0493421087
	37.7246345226	56.0562419606
	37.8367571166	56.0424422567
	37.9169678954	55.9751687003
	37.9687167849	55.8932329586
	37.9756166368	55.8190595502
	37.9756166368	55.6638128816
	37.9359424882	55.6008517327
	37.8841935987	55.5456529172
	37.8160575608	55.5008038796
	37.7686210787	55.4723419904
	37.6642608181	55.4352552862
	37.5866374838	55.4257679898
END
END
