Астраханская область
1
	46.7723519225	48.7605063912
	46.7779002606	48.7501261807
	46.782757821	48.7394053164
	46.786903803	48.7283897067
	46.7903204527	48.717126522
	46.7929931396	48.7056639931
	46.7949104188	48.6940512042
	46.7960640802	48.6823378832
	46.7964491837	48.6705741882
	46.7960640802	48.6588104933
	46.7949104188	48.6470971722
	46.7929931396	48.6354843834
	46.7903204527	48.6240218545
	46.786903803	48.6127586698
	46.782757821	48.60174306
	46.7779002606	48.5910221957
	46.7723519225	48.5806419853
	46.7679299579	48.5733844719
	46.7558520982	48.5545766606
	46.7545466865	48.5522088324
	46.7574805636	48.5512065338
	46.7575494685	48.5511829783
	46.7956315913	48.5381557871
	46.7961914829	48.5379632286
	46.7980203982	48.5373308579
	46.8123760609	48.5324468198
	46.8126200284	48.5323636229
	46.8231086643	48.5287784332
	46.8414314938	48.5241321913
	46.8840993393	48.5176304024
	46.8967604698	48.5184704845
	46.8969048231	48.5184800043
	46.9086685181	48.5188651078
	46.920432213	48.5184800043
	46.9247176086	48.5181476561
	46.9330271461	48.5174032364
	46.9404745558	48.5167426704
	46.9480604511	48.5159072755
	46.9596732399	48.5139899963
	46.9711357688	48.5113173094
	46.9823989535	48.5079006597
	46.9934145633	48.5037546777
	47.0041354275	48.4988971173
	47.0050212427	48.4984572498
	47.0121318384	48.494901952
	47.0216262337	48.4897934814
	47.0316213406	48.4835781245
	47.0411885435	48.4767223639
	47.047626308	48.4715432869
	47.0481478279	48.4713188103
	47.0582338875	48.4669586114
	47.0664141751	48.4631762921
	47.0672586475	48.4627570894
	47.0749228501	48.4612213822
	47.0758265621	48.4610378909
	47.0865043511	48.4588413379
	47.0937711268	48.4573929527
	47.1001119966	48.4560097242
	47.112998044	48.4529541517
	47.1176955191	48.4517732479
	47.1263077177	48.4494844983
	47.1357985007	48.4470660519
	47.1401110251	48.4460967009
	47.1472183799	48.4443464842
	47.156848651	48.4414754324
	47.1636006652	48.4392552786
	47.1652335787	48.4387096807
	47.1762491885	48.4345636987
	47.1818686807	48.4321230885
	47.1882277034	48.4292315833
	47.1933290754	48.4268146331
	47.2037092859	48.421266295
	47.2137043928	48.4150509381
	47.2232715957	48.4081951775
	47.2323699262	48.4007283706
	47.240960424	48.3926824914
	47.2490063032	48.3840919936
	47.2564731101	48.3749936631
	47.2633288708	48.3654264602
	47.2695442277	48.3554313532
	47.2750925657	48.3450511428
	47.2799501262	48.3343302785
	47.2840961081	48.3233146688
	47.2875127578	48.3120514841
	47.289207143	48.3051917002
	47.2900426394	48.3014990379
	47.2907478542	48.2982423145
	47.2915527553	48.2943513233
	47.2918258422	48.2930053017
	47.2937431214	48.2813925128
	47.2948967828	48.2696791918
	47.2952818863	48.2579154968
	47.2950254355	48.2483140907
	47.2946096335	48.240535923
	47.2945998566	48.2403547468
	47.2943670231	48.2360801629
	47.2977378363	48.23418206
	47.3077329433	48.2279667031
	47.3173001461	48.2211109425
	47.3263984767	48.2136441356
	47.3349889745	48.2055982564
	47.3430348537	48.1970077586
	47.3505016606	48.1879094281
	47.3573574212	48.1783422252
	47.3635727781	48.1683471182
	47.3691211162	48.1579669078
	47.3739786766	48.1472460435
	47.3781246585	48.1362304338
	47.3815413082	48.1249672491
	47.3842139951	48.1135047202
	47.3861312743	48.1018919313
	47.3872849358	48.0901786103
	47.3876700393	48.0784149153
	47.3872849358	48.0666512203
	47.3869743654	48.0626108025
	47.3866119693	48.0585023752
	47.3857688782	48.050829472
	47.383851599	48.0392166832
	47.3811789122	48.0277541543
	47.3777622624	48.0164909696
	47.3736162805	48.0054753598
	47.3687587201	47.9947544956
	47.3661106257	47.9898002594
	47.3731323936	47.991437506
	47.3847451825	47.9933547852
	47.3924766146	47.9942030293
	47.3962531649	47.994534908
	47.4002350538	47.9948403253
	47.4119987488	47.9952254288
	47.4237624438	47.9948403253
	47.4354757648	47.9936866639
	47.4470885536	47.9917693847
	47.4575719892	47.9893560926
	47.4728498518	47.9853544751
	47.4738289451	47.9850950804
	47.4850921298	47.9816784307
	47.4961077395	47.9775324487
	47.5012839044	47.9752927001
	47.5158999847	47.9686943057
	47.5184708232	47.9680662387
	47.5505565072	47.9602363712
	47.5540456983	47.9593478083
	47.595567136	47.948330197
	47.6219117521	47.9424926029
	47.6237158501	47.9420830955
	47.6976543493	47.9248996833
	47.6992098219	47.9247182212
	47.704431568	47.9246304607
	47.7297093413	47.9258714792
	47.7375263742	47.9260850599
	47.781998115	47.9263330152
	47.7822524086	47.9263342533
	47.7827721935	47.9263364165
	47.8413621244	47.930427069
	47.8421257704	47.930478753
	47.8421759147	47.9304820326
	47.9003876287	47.9342810969
	47.9324483258	47.9364174737
	47.9377436649	47.9375644456
	47.9643491542	47.9429089945
	47.9656213573	47.9431679671
	47.9664093712	47.9433265441
	47.97802216	47.9452438233
	47.989735481	47.9463974847
	48.001499176	47.9467825882
	48.0110042184	47.9465312628
	48.0535342782	47.9442805914
	48.0557929308	47.9441468133
	48.0675062519	47.9429931519
	48.0791190407	47.9410758727
	48.0850548604	47.939790618
	48.0933594563	47.9378451224
	48.0988861656	47.9364576902
	48.1101493502	47.9330410405
	48.1120589825	47.9323808226
	48.117975578	47.9302979979
	48.1270815554	47.9268122339
	48.1378024197	47.9219546735
	48.1476873659	47.9166912285
	48.1592687868	47.9100536552
	48.1597640511	47.9097687621
	48.169759158	47.9035534052
	48.1793263609	47.8966976446
	48.1868097289	47.8906302378
	48.1887556354	47.8889642032
	48.1963765941	47.8844028662
	48.209763173	47.8763959071
	48.212091267	47.8752821908
	48.2140238858	47.8743434369
	48.2244040962	47.8687950988
	48.2343992032	47.8625797419
	48.2423164662	47.856975002
	48.2686905069	47.8372156725
	48.2859062825	47.8250849112
	48.2917988951	47.8207508368
	48.3008972256	47.8132840298
	48.3094877234	47.8052381506
	48.31428181	47.8002561315
	48.314949382	47.7995351537
	48.3163750883	47.7979771422
	48.3331826445	47.7793919371
	48.3350087308	47.77734147
	48.3409532487	47.770198975
	48.3565867861	47.7503960319
	48.3716659501	47.7323568582
	48.3763614935	47.7264950926
	48.3832172541	47.7169278897
	48.3872186857	47.7106628097
	48.3968992542	47.6947921385
	48.4043964505	47.6848691176
	48.4104389338	47.6763700284
	48.4166542907	47.6663749214
	48.4218351932	47.6567354991
	48.4411718608	47.6383152434
	48.4442953101	47.6352666846
	48.4515039028	47.6276241843
	48.4602243008	47.6178204123
	48.4603250104	47.617707095
	48.4744230333	47.6018306847
	48.4789845124	47.5968473744
	48.4906006738	47.5952676854
	48.5394224422	47.5923136892
	48.5833941715	47.5934891335
	48.6003978288	47.5941847538
	48.6195136339	47.593949975
	48.631226955	47.5927963135
	48.6428397438	47.5908790343
	48.6543022727	47.5882063475
	48.6655654574	47.5847896977
	48.6765810672	47.5806437158
	48.6873019314	47.5757861554
	48.6976821419	47.5702378173
	48.7076772488	47.5640224604
	48.7172444517	47.5571666998
	48.7263427823	47.5496998929
	48.73493328	47.5416540137
	48.7429791592	47.5330635159
	48.7504459662	47.5239651853
	48.7573017268	47.5143979825
	48.7635170837	47.5044028755
	48.7690654218	47.4940226651
	48.7739229822	47.4833018008
	48.7780689641	47.4722861911
	48.7814856138	47.4610230064
	48.7841583007	47.4495604775
	48.7843915038	47.4483670157
	48.7938366942	47.3991459768
	48.7947308859	47.3940985448
	48.8015155312	47.3523459414
	48.8130814342	47.3118138647
	48.8220516464	47.2908143004
	48.8273286927	47.2819538137
	48.8384699853	47.2633095462
	48.8635888084	47.2239788523
	48.8677689452	47.217098951
	48.8705962366	47.2120137242
	48.8878071444	47.1798434059
	48.9176814961	47.1357502769
	48.9183277277	47.1347898282
	48.9245430847	47.1247947212
	48.9262552318	47.1217617539
	48.9285818299	47.1195225066
	48.9479023824	47.1005903217
	48.988081277	47.067493032
	48.9923149197	47.0638943814
	49.0009054175	47.0558485022
	49.0089512967	47.0472580044
	49.0156616286	47.0391385426
	49.0209790138	47.0323066048
	49.0237022367	47.0301222868
	49.0238700834	47.0299849577
	49.0268154247	47.0275221895
	49.0360262344	47.0196519555
	49.0518248466	47.0062006089
	49.053815469	47.0044804715
	49.0593855709	46.9993849039
	49.0951369136	46.9652738809
	49.0981573096	46.9623235693
	49.1062031888	46.9537330716
	49.1136699957	46.944634741
	49.1195201845	46.9365563326
	49.1336307497	46.9158883028
	49.1346363215	46.9143995084
	49.1408516784	46.9044044014
	49.1464000165	46.894024191
	49.147713521	46.8913032923
	49.1615723162	46.8619682703
	49.1651163721	46.8539683047
	49.1684144667	46.8453927817
	49.1748040846	46.8274217428
	49.1756519719	46.8249816561
	49.1790686216	46.8137184715
	49.1817413085	46.8022559426
	49.1836585877	46.7906431537
	49.1848122491	46.7789298327
	49.1851973526	46.7671661377
	49.1848122491	46.7554024427
	49.1836585877	46.7436891217
	49.1817413085	46.7320763328
	49.1790686216	46.7206138039
	49.1756519719	46.7093506192
	49.1733010579	46.7028394857
	49.1700242304	46.6942831174
	49.1682291625	46.6897786412
	49.1633716021	46.6790577769
	49.157823264	46.6686775665
	49.1516079071	46.6586824595
	49.1447521465	46.6491152567
	49.1372853396	46.6400169261
	49.1292394604	46.6314264283
	49.1235379495	46.6259697701
	49.1142873112	46.6174973298
	49.1119169066	46.6153646583
	49.0940159508	46.5995438814
	49.0774832569	46.584382694
	49.0768002447	46.5837701617
	49.0798452428	46.582448225
	49.0956800511	46.5752537059
	49.1008303738	46.5728145062
	49.1112105843	46.5672661681
	49.1212056912	46.5610508112
	49.1245979806	46.5587276379
	49.1396223152	46.555056809
	49.1461760009	46.5536255257
	49.1634146548	46.5512117853
	49.1735633156	46.5494933837
	49.1850258445	46.5468206968
	49.1852334851	46.5467649267
	49.1977304333	46.5434003637
	49.2087859774	46.5400394841
	49.2198015872	46.5358935022
	49.2305224515	46.5310359418
	49.2409026619	46.5254876037
	49.2508977689	46.5192722468
	49.2555402599	46.5160637582
	49.2567374703	46.5153786559
	49.2667325772	46.509163299
	49.26817588	46.5081887753
	49.5214622229	46.4695414526
	49.5294216865	46.468143321
	49.5408842154	46.4654706341
	49.5521474	46.4620539844
	49.5631630098	46.4579080025
	49.5738838741	46.453050442
	49.5842640845	46.447502104
	49.5942591915	46.4412867471
	49.6038263943	46.4344309864
	49.6129247249	46.4269641795
	49.6215152227	46.4189183003
	49.6295611019	46.4103278026
	49.6370279088	46.401229472
	49.6438836694	46.3916622691
	49.6476344028	46.3858069609
	49.935359379	45.9169218144
	49.9378240026	45.9127820157
	49.9433723406	45.9024018052
	49.9482299011	45.891680941
	49.952375883	45.8806653312
	49.9557925327	45.8694021465
	49.9584652196	45.8579396176
	49.9603824988	45.8463268288
	49.9615361602	45.8346135077
	49.9619212637	45.8228498128
	49.9615361602	45.8110861178
	49.9603824988	45.7993727967
	49.9584652196	45.7877600079
	49.9557925327	45.776297479
	49.952375883	45.7650342943
	49.9482299011	45.7540186846
	49.9433723406	45.7432978203
	49.9378240026	45.7329176098
	49.9316086457	45.7229225029
	49.924752885	45.7133553
	49.9172860781	45.7042569695
	49.9092401989	45.6956664717
	49.9006497011	45.6876205925
	49.8915513706	45.6801537856
	49.8819841677	45.6732980249
	49.8719890608	45.667082668
	49.8616088503	45.66153433
	49.852290929	45.6572648504
	47.9554373817	44.8527005649
	47.9540344388	44.8521124841
	47.9430188291	44.8479665021
	47.9317556444	44.8445498524
	47.9202931155	44.8418771655
	47.9086803266	44.8399598863
	47.8969670056	44.8388062249
	47.8852033106	44.8384211214
	47.8734396157	44.8388062249
	47.8617262946	44.8399598863
	47.8501135058	44.8418771655
	47.8386509769	44.8445498524
	47.8273877922	44.8479665021
	47.8163721824	44.8521124841
	47.8056513181	44.8569700445
	47.7952711077	44.8625183826
	47.7852760008	44.8687337395
	47.7757087979	44.8755895001
	47.7666104673	44.883056307
	47.7580199696	44.8911021862
	47.7499740904	44.899692684
	47.7425072834	44.9087910145
	47.7356515228	44.9183582174
	47.7318057175	44.9243686335
	47.487199913	45.3238914476
	47.4784647768	45.3301509577
	47.4693664463	45.3376177646
	47.4627962992	45.343674889
	47.3553744242	45.4477627186
	47.3533540735	45.4497514734
	47.3453081943	45.4583419712
	47.3378413874	45.4674403017
	47.3366849761	45.4690540717
	47.328699424	45.4671921021
	47.3280800585	45.4670700322
	47.313897014	45.464300562
	47.3029035907	45.4625053527
	47.2911902697	45.4613516913
	47.2794265747	45.4609665878
	47.2713775635	45.4609665878
	47.2596138685	45.4613516913
	47.2570383871	45.4615390738
	47.2142704741	45.4462155609
	47.2114181185	45.4452205256
	47.2001549339	45.4418038759
	47.1962105697	45.4407946927
	47.1940091645	45.4400098205
	47.1914214755	45.4391093806
	47.1801582908	45.4356927309
	47.1686957619	45.433020044
	47.1669231632	45.4326766921
	47.1463619449	45.4288009597
	47.1365217548	45.4272270324
	47.1360575165	45.4271665288
	47.1158970202	45.4245657157
	47.1045325539	45.421919275
	47.092919765	45.4200019958
	47.081206444	45.4188483344
	47.0775608231	45.4186465265
	47.0659645998	45.4169731474
	47.0637525897	45.4166679504
	47.0556344976	45.4157861474
	47.0396164119	45.4144133218
	47.0324385068	45.4132474052
	47.0221001243	45.4101418886
	47.0106375954	45.4074692017
	46.9990248065	45.4055519225
	46.9916185464	45.4047325515
	46.9842924457	45.4036140563
	46.9789282893	45.4029896237
	46.9656746568	45.4016481256
	46.9603365989	45.4005781689
	46.9600775978	45.4005264527
	46.948464809	45.3986091735
	46.9464969984	45.3983611362
	46.9234409682	45.3955840366
	46.9136954577	45.3946784125
	46.9019317627	45.394293309
	46.8906833504	45.3946453818
	46.8817951058	45.3952023276
	46.8812798231	45.3952353583
	46.8695665021	45.3963890197
	46.8579537132	45.3983062989
	46.8464911843	45.4009789858
	46.8352279996	45.4043956355
	46.8242123899	45.4085416174
	46.8134915256	45.4133991779
	46.8031113151	45.4189475159
	46.7931162082	45.4251628728
	46.7835490053	45.4320186335
	46.7744506748	45.4394854404
	46.7705951465	45.4429664128
	46.7667041553	45.4465827458
	46.7619691858	45.4511476526
	46.7539233066	45.4597381504
	46.7464564997	45.4688364809
	46.739600739	45.4784036838
	46.7333853821	45.4883987907
	46.7278370441	45.4987790012
	46.7229794837	45.5094998655
	46.7188335017	45.5205154752
	46.715416852	45.5317786599
	46.7127441651	45.5432411888
	46.7108268859	45.5548539776
	46.7096732245	45.5665672987
	46.709288121	45.5783309937
	46.7096732245	45.5900946886
	46.7108268859	45.6018080097
	46.7127441651	45.6134207985
	46.7136515899	45.6177089777
	46.7233714386	45.6610286799
	46.7251367006	45.6682030296
	46.7285533504	45.6794662142
	46.7306729533	45.6853700717
	46.7415143229	45.7139879306
	46.7435407019	45.7190996829
	46.744296959	45.7208978075
	46.7663212343	45.7724796194
	46.8083871983	45.8770931029
	46.8090924597	45.8788210574
	46.8101696467	45.8813661349
	46.8155875576	45.8938979673
	46.8101258893	45.8944358947
	46.7985131004	45.8963531739
	46.7870505715	45.8990258608
	46.7757873868	45.9024425105
	46.7647717771	45.9065884924
	46.7540509128	45.9114460529
	46.7436707023	45.9169943909
	46.7336755954	45.9232097478
	46.7335799611	45.9232736929
	46.7294066823	45.9260660513
	46.7199351137	45.9328578669
	46.7108367832	45.9403246738
	46.7022462854	45.948370553
	46.6942004062	45.9569610508
	46.6867335993	45.9660593813
	46.6798778387	45.9756265842
	46.6736624818	45.9856216911
	46.6681141437	45.9960019016
	46.6632565833	46.0067227658
	46.6591106013	46.0177383756
	46.6556939516	46.0290015603
	46.6530212647	46.0404640892
	46.6511039855	46.052076878
	46.6499503241	46.0637901991
	46.6495652206	46.075553894
	46.6498086356	46.0829894526
	46.6480012991	46.0830652753
	46.6437767713	46.0832923041
	46.641759984	46.0834358799
	46.5064163234	46.0938359321
	46.4682890002	46.0959666408
	46.4665611952	46.0960715399
	46.4548478741	46.0972252014
	46.4432350853	46.0991424805
	46.4317725564	46.1018151674
	46.4205093717	46.1052318172
	46.4094937619	46.1093777991
	46.3987728977	46.1142353595
	46.3883926872	46.1197836976
	46.3783975803	46.1259990545
	46.3688303774	46.1328548151
	46.3597320468	46.140321622
	46.3511415491	46.1483675012
	46.3430956699	46.156957999
	46.3356288629	46.1660563295
	46.3287731023	46.1756235324
	46.3225577454	46.1856186394
	46.3170094073	46.1959988498
	46.3121518469	46.2067197141
	46.308005865	46.2177353238
	46.3045892153	46.2289985085
	46.3019165284	46.2404610374
	46.2999992492	46.2520738263
	46.2988455878	46.2637871473
	46.2984604843	46.2755508423
	46.2988455878	46.2873145373
	46.2999992492	46.2990278583
	46.3019165284	46.3106406471
	46.3045892153	46.3221031761
	46.308005865	46.3333663607
	46.3121518469	46.3443819705
	46.3157458873	46.3524876497
	46.3182406993	46.3577595613
	46.3195042194	46.3603747464
	46.3250525574	46.3707549568
	46.3312679143	46.3807500638
	46.338123675	46.3903172666
	46.338999369	46.3914491414
	46.3443218084	46.3999151028
	46.3480847031	46.4053291578
	46.3517010361	46.4103340406
	46.354793902	46.4144871885
	46.3622607089	46.4235855191
	46.3662314908	46.4279659527
	46.3784614102	46.4410198467
	46.3825365076	46.4452299109
	46.3882478359	46.4506955601
	46.3911487323	46.4533520276
	46.3989091882	46.4616178504
	46.407499686	46.4696637296
	46.409923331	46.4717513759
	46.4119783411	46.4738401404
	46.4205688388	46.4818860196
	46.4296671694	46.4893528265
	46.4344979539	46.4929329371
	46.4488907328	46.5053486859
	46.4568812197	46.511851911
	46.4594263042	46.5137692452
	46.4616760166	46.5157757901
	46.4707743471	46.523242597
	46.4755917606	46.5268131394
	46.490051792	46.5392783415
	46.4979960268	46.5457416815
	46.5075632297	46.5525974421
	46.5140902831	46.5567583623
	46.5181223117	46.5595325617
	46.5281174187	46.5657479186
	46.5384976291	46.5712962567
	46.5473165961	46.575353213
	46.5895376654	46.5934119898
	46.5914395627	46.594212594
	46.6024551725	46.5983585759
	46.6137183571	46.6017752256
	46.6149838422	46.6021093811
	46.6427548383	46.6093344177
	46.6529518822	46.6116729491
	46.6598337291	46.6129033096
	46.6826074718	46.6165196426
	46.6873384137	46.6172065613
	46.6976809471	46.6182651167
	46.7393603294	46.6213168745
	46.740731117	46.6214119806
	46.7462009221	46.6215910435
	46.7471417761	46.6240908328
	46.7519993365	46.6348116971
	46.7575476746	46.6451919075
	46.7637630315	46.6551870145
	46.7706187921	46.6647542173
	46.7780855991	46.6738525479
	46.7861314783	46.6824430457
	46.794721976	46.6904889249
	46.8018439171	46.6964172139
	46.8481080914	46.7329516447
	46.8484950872	46.7335332669
	46.8513048422	46.7374542755
	46.8481258112	46.741327936
	46.8412700506	46.7508951389
	46.8350546937	46.7608902458
	46.8317200072	46.7669307816
	46.8100448973	46.8080379594
	46.8078312457	46.812377634
	46.8069249155	46.8142425113
	46.8068837886	46.8143283902
	46.7960476214	46.8159377219
	46.781617238	46.8171266813
	46.7729097027	46.8180580261
	46.7612969139	46.8199753053
	46.749834385	46.8226479921
	46.7385712003	46.8260646419
	46.7275555906	46.8302106238
	46.7168347263	46.8350681842
	46.7064545158	46.8406165223
	46.6964594089	46.8468318792
	46.686892206	46.8536876398
	46.6777938755	46.8611544467
	46.6692033777	46.8692003259
	46.6611574985	46.8777908237
	46.6536906916	46.8868891543
	46.6468349309	46.8964563571
	46.640619574	46.9064514641
	46.635071236	46.9168316745
	46.6302136755	46.9275525388
	46.6295844656	46.9290916702
	46.628943905	46.9296577229
	46.6208635339	46.9372545251
	46.6165592221	46.9417097047
	46.6089235315	46.94891224
	46.6008776523	46.9575027378
	46.5934108454	46.9666010683
	46.5931591426	46.9669298768
	46.5662121211	47.0022158265
	46.565064977	47.0037345533
	46.5519958242	47.021228755
	46.5465389104	47.0289484225
	46.5411442999	47.0375367039
	46.537239509	47.0426852767
	46.5309978338	47.051447507
	46.5284642799	47.0553474597
	46.5246120306	47.0608850681
	46.5183966736	47.070880175
	46.5128483356	47.0812603854
	46.5106924016	47.0857903785
	46.5053275208	47.0945007805
	46.5013069389	47.1018552206
	46.4992485613	47.1044550813
	46.4975703913	47.1066080874
	46.4907146306	47.1161752902
	46.4848444316	47.1255751981
	46.4815517278	47.1303354465
	46.4753363709	47.1403305534
	46.4717997716	47.146755142
	46.4672533044	47.1511446008
	46.4592074252	47.1597350986
	46.4524194228	47.1679544262
	46.4519657988	47.1683521415
	46.4519485385	47.1683672763
	46.4433580408	47.1764131555
	46.4353121616	47.1850036533
	46.4281477653	47.1937089975
	46.41120288	47.215666395
	46.4109004694	47.2160593813
	46.4040447088	47.2256265842
	46.3978293519	47.2356216911
	46.3969651507	47.2371354233
	46.3854288651	47.2575716955
	46.3821949243	47.2569977627
	46.359138894	47.2533966885
	46.3548597675	47.2527809264
	46.3431464464	47.251627265
	46.3313827515	47.2512421615
	46.3196190565	47.251627265
	46.3133023409	47.2521532124
	46.294122043	47.2540910786
	46.2887254376	47.2547187927
	46.2771126488	47.2566360719
	46.2716200977	47.2578180746
	46.2560713916	47.2614191488
	46.2501014138	47.262909833
	46.2388382291	47.2663264827
	46.2278226194	47.2704724646
	46.2204610408	47.273716456
	46.215995038	47.275804953
	46.2101809784	47.2778545811
	46.2011502561	47.2813138342
	46.1940533577	47.2844343115
	46.186279647	47.2868262751
	46.1698985984	47.2922750928
	46.1522355935	47.2969567827
	46.1517661477	47.2970818911
	46.140502963	47.3004985408
	46.134322914	47.3027230335
	46.1263351774	47.3052287654
	46.1204419937	47.3073443251
	46.1096605809	47.3114278903
	46.1092704201	47.3115319643
	46.0980072355	47.314948614
	46.0911210284	47.3174436504
	46.084114108	47.3196635798
	46.0730984983	47.3238095618
	46.062377634	47.3286671222
	46.0569413165	47.3314638626
	46.0510284585	47.3342212175
	46.0265915078	47.3461612199
	46.0260006809	47.3464512408
	46.0156204704	47.3519995789
	46.0107269607	47.3549292652
	46.0093228244	47.3556141437
	45.998942614	47.3611624818
	45.988947507	47.3673778387
	45.9793803042	47.3742335993
	45.9702819736	47.3817004062
	45.9652934024	47.3862435963
	45.9609307361	47.3895968342
	45.9519485385	47.396974454
	45.9433580408	47.4050203332
	45.9372258332	47.4114635857
	45.9355760583	47.4130922327
	45.9316717207	47.4171202856
	45.9275194177	47.4211412439
	45.9213916865	47.427579554
	45.9197603235	47.4291902551
	45.9183242638	47.430642716
	45.9159717336	47.4330492928
	45.9159594288	47.4330573663
	45.9073788547	47.4370121539
	45.8969986442	47.442560492
	45.8893274105	47.4472489365
	45.8748350313	47.4548433412
	45.8683884147	47.4583914857
	45.8583933078	47.4646068426
	45.8499456695	47.4706104673
	45.8481165134	47.4718166204
	45.840072518	47.4775163949
	45.8300703818	47.4850237191
	45.8285471743	47.4861797052
	45.8194488437	47.4936465121
	45.8108583459	47.5016923913
	45.8028124667	47.5102828891
	45.7960586543	47.5184582388
	45.7824478144	47.5359600698
	45.78173482	47.5368830507
	45.7748790594	47.5464502536
	45.7721999183	47.5505811711
	45.7653287229	47.5532636023
	45.7546078586	47.5581211627
	45.7442276481	47.5636695008
	45.7342325412	47.5698848577
	45.7290055479	47.5735127714
	45.7240082945	47.5771138457
	45.7196680849	47.5803416925
	45.7105697544	47.5878084995
	45.7019792566	47.5958543786
	45.6939333774	47.6044448764
	45.6864665705	47.613543207
	45.6796108098	47.6231104099
	45.6733954529	47.6331055168
	45.6700222211	47.6392191953
	45.6672374921	47.6445063657
	45.6650623859	47.6487728977
	45.6602048255	47.6594937619
	45.6560588435	47.6705093717
	45.6546361623	47.6748834194
	45.6477343659	47.6792072441
	45.6371905426	47.6861499931
	45.6361795627	47.6868205877
	45.6266123598	47.6936763483
	45.6175140293	47.7011431552
	45.6089235315	47.7091890344
	45.6008776523	47.7177795322
	45.5934108454	47.7268778627
	45.590678265	47.7305341754
	45.5867274958	47.7354990786
	45.5798717351	47.7450662814
	45.5736563782	47.7550613884
	45.5681080402	47.7654415988
	45.5632504797	47.7761624631
	45.5626851513	47.7775434622
	45.5583881915	47.7857205295
	45.5535306311	47.7964413938
	45.5493846492	47.8074570035
	45.5478517955	47.8122046886
	45.5401619642	47.8124564276
	45.5284486432	47.813610089
	45.5168358543	47.8155273682
	45.5053733254	47.8182000551
	45.5023636749	47.8190345611
	45.4965348175	47.8207053985
	45.4882812833	47.8232875423
	45.4772656736	47.8274335242
	45.4665448093	47.8322910846
	45.4656589941	47.8327309521
	45.4601047949	47.8355080517
	45.4506103996	47.8406165223
	45.4406152927	47.8468318792
	45.4310480898	47.8536876398
	45.4254201069	47.8581880973
	45.4210789814	47.8618044303
	45.4176086338	47.8647707797
	45.415841037	47.8663415959
	45.4127146547	47.8686870295
	45.4062176852	47.8739160405
	45.402551488	47.8770094927
	45.4010050193	47.8779892853
	45.3804063722	47.89118731
	45.3700516228	47.8967230897
	45.3600565158	47.9029384466
	45.3559487232	47.9057663374
	45.3494974338	47.9098811956
	45.3414866269	47.9155560657
	45.3358859173	47.9154414772
	45.3343867262	47.9154752095
	45.3322067261	47.9154038437
	45.3204430311	47.9157889472
	45.318475094	47.915928776
	45.2870877649	47.9183320352
	45.277342381	47.9193458679
	45.2657295921	47.9212631471
	45.2542670632	47.9239358339
	45.2430038785	47.9273524837
	45.2319882688	47.9314984656
	45.2212674045	47.936356026
	45.210887194	47.9419043641
	45.2008920871	47.948119721
	45.1913248842	47.9549754816
	45.1822265537	47.9624422885
	45.1736360559	47.9704881677
	45.1655901767	47.9790786655
	45.1581233698	47.9881769961
	45.1512676092	47.9977441989
	45.1479281254	48.0029325856
	45.147524968	48.0030246446
	45.1233626756	48.0085712144
	45.1170524026	48.0101403627
	45.1057892179	48.0135570125
	45.0947736081	48.0177029944
	45.0840527438	48.0225605548
	45.0736725334	48.0281088929
	45.0636774265	48.0343242498
	45.0542519124	48.0410714004
	45.0495293172	48.0446877334
	45.0493876284	48.0447963434
	45.0402892978	48.0522631503
	45.0316988	48.0603090295
	45.0236529208	48.0688995273
	45.0161861139	48.0779978579
	45.0148639137	48.0797428709
	44.9960133289	48.0822191511
	44.9959626813	48.0822258117
	44.9843498924	48.0841430909
	44.9801408721	48.0850327732
	44.9607011748	48.0893853428
	44.9606923873	48.0893875028
	44.9606770665	48.0893907424
	44.9478902012	48.09225558
	44.940660801	48.094033185
	44.9293976163	48.0974498347
	44.9262237195	48.0985604212
	44.9192809705	48.1010628626
	44.9114392575	48.1040982581
	44.9007183933	48.1089558185
	44.8903381828	48.1145041566
	44.8803430759	48.1207195135
	44.870775873	48.1275752741
	44.8658978387	48.1314544256
	44.8611752435	48.1353454168
	44.8569549472	48.1389330722
	44.8483644494	48.1469789514
	44.8403185703	48.1555694492
	44.8328517633	48.1646677797
	44.8259960027	48.1742349826
	44.8197806458	48.1842300896
	44.8142323077	48.1946103
	44.8093747473	48.2053311643
	44.8052287654	48.216346774
	44.8018121157	48.2276099587
	44.7991394288	48.2390724876
	44.7972221496	48.2506852765
	44.7960684882	48.2623985975
	44.7956833847	48.2741622925
	44.7960684882	48.2859259875
	44.7972221496	48.2976393085
	44.7991394288	48.3092520973
	44.8018121157	48.3207146263
	44.805128825	48.3316825556
	44.8055136786	48.3431464464
	44.80666734	48.3548597675
	44.8085846192	48.3664725563
	44.8112573061	48.3779350852
	44.8146739558	48.3891982699
	44.8188199378	48.4002138797
	44.8236774982	48.4109347439
	44.8292258362	48.4213149544
	44.8354411931	48.4313100613
	44.84207697	48.4405899779
	44.8456856736	48.4453125731
	44.8459056574	48.4455998594
	44.8533724643	48.45469819
	44.8614183435	48.4632886878
	44.8700088413	48.471334567
	44.8702698718	48.4715630396
	44.8705312461	48.4720618317
	44.8733083457	48.4773413727
	44.8767264466	48.4835402962
	44.8829418035	48.4935354031
	44.8897975641	48.503102606
	44.897264371	48.5122009366
	44.9053102502	48.5207914343
	44.913900748	48.5288373135
	44.9229990786	48.5363041205
	44.9325662814	48.5431598811
	44.9425613884	48.549375238
	44.9458800673	48.5512447069
	44.9514342666	48.5542964647
	44.958495798	48.5579753339
	44.9692166623	48.5628328943
	44.976858257	48.5657960254
	44.989912151	48.5705186207
	44.9932861661	48.5717014714
	45.0045493508	48.5751181211
	45.0104167257	48.5765850108
	45.0131250583	48.578430572
	45.0231201652	48.5846459289
	45.0325591146	48.5896911524
	45.0338435725	48.5939254428
	45.0379895545	48.6049410525
	45.0428471149	48.6156619168
	45.0483954529	48.6260421272
	45.0546108098	48.6360372342
	45.0614665705	48.6456044371
	45.0652356401	48.6503487311
	45.0691190019	48.6550713263
	45.0728167392	48.6594253628
	45.0808626184	48.6680158606
	45.0894531162	48.6760617398
	45.0985514467	48.6835285467
	45.1081186496	48.6903843073
	45.1181137565	48.6965996642
	45.128493967	48.7021480023
	45.1392148313	48.7070055627
	45.150230441	48.7111515447
	45.1528734889	48.7120259861
	45.1545059685	48.7129799743
	45.1648861789	48.7185283124
	45.1756070432	48.7233858728
	45.1866226529	48.7275318547
	45.1876186323	48.7278667029
	45.1942867231	48.7300868567
	45.2045539284	48.7331686582
	45.2160164573	48.7358413451
	45.2276292462	48.7377586243
	45.2393425672	48.7389122858
	45.2511062622	48.7392973893
	45.2533939863	48.7392828397
	45.2563786757	48.739909331
	45.2582375267	48.7402892821
	45.2698503155	48.7422065613
	45.2815636366	48.7433602228
	45.2933273315	48.7437453263
	45.3050910265	48.7433602228
	45.3168043476	48.7422065613
	45.3284171364	48.7402892821
	45.3398796653	48.7376165953
	45.35114285	48.7341999455
	45.3520646206	48.7338842597
	45.35672124	48.7358904504
	45.362292091	48.7380900351
	45.3689525524	48.7405924765
	45.3743973111	48.7425388738
	45.3856604958	48.7459555235
	45.3932704224	48.7478179506
	45.4007701173	48.7494811586
	45.4046227196	48.7502914184
	45.4162355084	48.7522086976
	45.4279488294	48.753362359
	45.4397125244	48.7537474625
	45.4597167969	48.7537474625
	45.4714804919	48.753362359
	45.4787073034	48.7527421217
	45.4859412575	48.7548437681
	45.488969133	48.7556269347
	45.5001090432	48.7590017881
	45.5115715721	48.761674475
	45.5231843609	48.7635917542
	45.5290115804	48.7642624517
	45.5310766753	48.7644660788
	45.5346884358	48.7674163923
	45.5441259969	48.7749237165
	45.5466028994	48.77685893
	45.5561701022	48.7837146906
	45.5661652092	48.7899300475
	45.5695917852	48.7918587525
	45.5923731573	48.8043557008
	45.5993267917	48.8079753339
	45.610047656	48.8128328943
	45.6198132353	48.8165494194
	45.6261990385	48.8187695732
	45.627449069	48.81919903
	45.6387122536	48.8226156797
	45.6501747825	48.8252883666
	45.6617875714	48.8272056458
	45.6710393125	48.8281809978
	45.6758867553	48.8285655813
	45.6789499484	48.8306583552
	45.687769372	48.8361889892
	45.7022650419	48.8469432636
	45.7095056735	48.8520435481
	45.711719907	48.853499572
	45.7148791755	48.8560991208
	45.7196680849	48.8599048895
	45.7292352878	48.8667606501
	45.7311749722	48.8680386662
	45.7343324988	48.8710918242
	45.7387501859	48.8764143916
	45.7390514226	48.876866702
	45.7459071833	48.8864339048
	45.7533739902	48.8955322354
	45.7614198694	48.9041227332
	45.7635799687	48.9062467527
	45.7655962802	48.9085861294
	45.7736421594	48.9171766272
	45.7822326572	48.9252225064
	45.7913309877	48.9326893133
	45.7985948472	48.9379801032
	45.7996704421	48.938723134
	45.8050731379	48.9461491758
	45.8125399448	48.9552475064
	45.820585824	48.9638380042
	45.8291763217	48.9718838834
	45.8359229121	48.9775149491
	45.8453681025	48.985014644
	45.8477198427	48.9868503851
	45.8572870456	48.9937061457
	45.8672821525	48.9999215026
	45.8707680608	49.0018827404
	45.8824334051	49.008276173
	45.8893277072	49.0118632733
	45.9000485715	49.0167208337
	45.9033315718	49.0180430067
	45.9199970526	49.0245649306
	45.9207226657	49.0249247968
	45.93144353	49.0297823572
	45.9424591398	49.0339283391
	45.9527279261	49.0370754858
	45.9668957118	49.0409588476
	45.9678901101	49.0412283506
	45.979352639	49.0439010375
	45.9909654278	49.0458183167
	45.9969634108	49.04650577
	46.022514253	49.049000582
	46.0282295912	49.0494667902
	46.0399932861	49.0498518937
	46.048232379	49.0496630895
	46.0785134459	49.0482745397
	46.082038048	49.0480782403
	46.093751369	49.0469245789
	46.0967660469	49.0465017054
	46.1984308785	49.0313626852
	46.200284718	49.0312621426
	46.2023078234	49.0311409845
	46.2140211444	49.0299873231
	46.2141647225	49.0299683618
	46.2639168233	49.0233776151
	46.3183336684	49.0204288524
	46.3203650744	49.0203072443
	46.3320783954	49.0191535828
	46.3436911843	49.0172363036
	46.3551537132	49.0145636167
	46.3664168978	49.011146967
	46.3774325076	49.0070009851
	46.3881533719	49.0021434247
	46.397817128	48.9970065406
	46.4036536148	48.9936724952
	46.4043700691	48.9932610412
	46.4143651761	48.9870456843
	46.423932379	48.9801899237
	46.4330307095	48.9727231168
	46.4416212073	48.9646772376
	46.4496670865	48.9560867398
	46.4571338934	48.9469884092
	46.4587001386	48.9449164326
	46.4642508766	48.9439025634
	46.4713213675	48.9423476087
	46.4874270193	48.9384642469
	46.4918190574	48.9373465147
	46.5030822421	48.933929865
	46.5140978518	48.929783883
	46.5248187161	48.9249263226
	46.5257045313	48.9244864551
	46.5409959069	48.9168407673
	46.5454851809	48.9150515222
	46.5562060452	48.9101939618
	46.5665862557	48.9046456237
	46.5702473664	48.9024737138
	46.5772604873	48.8986712745
	46.5830969741	48.8953372291
	46.5838134285	48.8949257751
	46.5938085355	48.8887104182
	46.5966074634	48.8868018644
	46.5980303708	48.8860032064
	46.5999267098	48.8849236389
	46.6099218167	48.8787082819
	46.6145493991	48.8755104452
	46.6713898293	48.84436124
	46.6817706204	48.8396449506
	46.6876601795	48.8366043734
	46.7020263294	48.8288490939
	46.7065169808	48.8263413329
	46.7165120877	48.820125976
	46.7260792906	48.8132702154
	46.7351776211	48.8058034085
	46.7437681189	48.7977575293
	46.7518139981	48.7891670315
	46.759280805	48.780068701
	46.7661365656	48.7705014981
	46.7723519225	48.7605063912
END
END
