none
1
   -3.150000E+01   3.877245E+01
   -3.150000E+01   4.022068E+01
   -9.149313E+00   4.186973E+01
   -8.872632E+00   4.187687E+01
   -8.822866E+00   4.191973E+01
   -8.766831E+00   4.193948E+01
   -8.746853E+00   4.197613E+01
   -8.675412E+00   4.200722E+01
   -8.665008E+00   4.203585E+01
   -8.636998E+00   4.205836E+01
   -8.550038E+00   4.206489E+01
   -8.521691E+00   4.208908E+01
   -8.337626E+00   4.209654E+01
   -8.200073E+00   4.216390E+01
   -8.178741E+00   4.214699E+01
   -8.173535E+00   4.208167E+01
   -8.113456E+00   4.209101E+01
   -8.088217E+00   4.207755E+01
   -8.074117E+00   4.204680E+01
   -8.078365E+00   4.201020E+01
   -8.151888E+00   4.197337E+01
   -8.204349E+00   4.190987E+01
   -8.189175E+00   4.188898E+01
   -8.162739E+00   4.188325E+01
   -8.151119E+00   4.182868E+01
   -8.133216E+00   4.182082E+01
   -8.062139E+00   4.182742E+01
   -8.020497E+00   4.184329E+01
   -7.988638E+00   4.187995E+01
   -7.935049E+00   4.188630E+01
   -7.903804E+00   4.193737E+01
   -7.876159E+00   4.192862E+01
   -7.872590E+00   4.186740E+01
   -7.849255E+00   4.189020E+01
   -7.700171E+00   4.191765E+01
   -7.647288E+00   4.189159E+01
   -7.579852E+00   4.188954E+01
   -7.574732E+00   4.187289E+01
   -7.593980E+00   4.184361E+01
   -7.530001E+00   4.185063E+01
   -7.518211E+00   4.187253E+01
   -7.489590E+00   4.188078E+01
   -7.445455E+00   4.187182E+01
   -7.414555E+00   4.183025E+01
   -7.372160E+00   4.186089E+01
   -7.319131E+00   4.185471E+01
   -7.203621E+00   4.189148E+01
   -7.190480E+00   4.191710E+01
   -7.195032E+00   4.197514E+01
   -7.148157E+00   4.199914E+01
   -7.085872E+00   4.198404E+01
   -7.067789E+00   4.196100E+01
   -7.013841E+00   4.196221E+01
   -6.975144E+00   4.198326E+01
   -6.935636E+00   4.195736E+01
   -6.895092E+00   4.195112E+01
   -6.831398E+00   4.195567E+01
   -6.812031E+00   4.200226E+01
   -6.765693E+00   4.199349E+01
   -6.741309E+00   4.195341E+01
   -6.703719E+00   4.194566E+01
   -6.621982E+00   4.195254E+01
   -6.587926E+00   4.197731E+01
   -6.539123E+00   4.194576E+01
   -6.551255E+00   4.189049E+01
   -6.505794E+00   4.187322E+01
   -6.549595E+00   4.174727E+01
   -6.535665E+00   4.169121E+01
   -6.495940E+00   4.166848E+01
   -6.447085E+00   4.169450E+01
   -6.300824E+00   4.167219E+01
   -6.196409E+00   4.160338E+01
   -6.179513E+00   4.157580E+01
   -6.290237E+00   4.144858E+01
   -6.311569E+00   4.137802E+01
   -6.367957E+00   4.137256E+01
   -6.370644E+00   4.135143E+01
   -6.408457E+00   4.133705E+01
   -6.430419E+00   4.129857E+01
   -6.470876E+00   4.128662E+01
   -6.469485E+00   4.127141E+01
   -6.490534E+00   4.125742E+01
   -6.523051E+00   4.125927E+01
   -6.569710E+00   4.122946E+01
   -6.641498E+00   4.123396E+01
   -6.702430E+00   4.116514E+01
   -6.755517E+00   4.112812E+01
   -6.745774E+00   4.109886E+01
   -6.806023E+00   4.102714E+01
   -6.917228E+00   4.102141E+01
   -6.851683E+00   4.095648E+01
   -6.834025E+00   4.090355E+01
   -6.802379E+00   4.088953E+01
   -6.792098E+00   4.086308E+01
   -6.792960E+00   4.084136E+01
   -6.812308E+00   4.082543E+01
   -6.818674E+00   4.075280E+01
   -6.784387E+00   4.065962E+01
   -6.828443E+00   4.057434E+01
   -6.792891E+00   4.055589E+01
   -6.785861E+00   4.050909E+01
   -6.836342E+00   4.045039E+01
   -6.824935E+00   4.041328E+01
   -6.771152E+00   4.036372E+01
   -6.787403E+00   4.032100E+01
   -6.850221E+00   4.029261E+01
   -6.864391E+00   4.025521E+01
   -6.943456E+00   4.024592E+01
   -7.007502E+00   4.020580E+01
   -6.998491E+00   4.013430E+01
   -6.934736E+00   4.012013E+01
   -6.854010E+00   4.001239E+01
   -6.891037E+00   3.992031E+01
   -6.895500E+00   3.986511E+01
   -6.941575E+00   3.982017E+01
   -6.973363E+00   3.980770E+01
   -6.977815E+00   3.972487E+01
   -7.007006E+00   3.966567E+01
   -7.061832E+00   3.964803E+01
   -7.147802E+00   3.964308E+01
   -7.255493E+00   3.965551E+01
   -7.331678E+00   3.963136E+01
   -7.515605E+00   3.965316E+01
   -7.489218E+00   3.959952E+01
   -7.430701E+00   3.954882E+01
   -7.386628E+00   3.953869E+01
   -7.370725E+00   3.950118E+01
   -7.286718E+00   3.946294E+01
   -7.307030E+00   3.938298E+01
   -7.295019E+00   3.934168E+01
   -7.222837E+00   3.928274E+01
   -7.234451E+00   3.925206E+01
   -7.225419E+00   3.921079E+01
   -7.127009E+00   3.917750E+01
   -7.133004E+00   3.911784E+01
   -7.039389E+00   3.912841E+01
   -6.988124E+00   3.910630E+01
   -6.953994E+00   3.906614E+01
   -6.941426E+00   3.902430E+01
   -7.033073E+00   3.890447E+01
   -7.023217E+00   3.887780E+01
   -7.032834E+00   3.885702E+01
   -7.065354E+00   3.884038E+01
   -7.087530E+00   3.880988E+01
   -7.126728E+00   3.880219E+01
   -7.246551E+00   3.871824E+01
   -7.260361E+00   3.864445E+01
   -7.234287E+00   3.862120E+01
   -7.290807E+00   3.853938E+01
   -7.304708E+00   3.849533E+01
   -7.286802E+00   3.847534E+01
   -7.302239E+00   3.844462E+01
   -7.272665E+00   3.842660E+01
   -7.259125E+00   3.839672E+01
   -7.142004E+00   3.828060E+01
   -7.128449E+00   3.823832E+01
   -7.090470E+00   3.818959E+01
   -7.031294E+00   3.819571E+01
   -7.014845E+00   3.821360E+01
   -6.939052E+00   3.823017E+01
   -6.922525E+00   3.820422E+01
   -6.951877E+00   3.816791E+01
   -6.942791E+00   3.814999E+01
   -6.977497E+00   3.808965E+01
   -6.996062E+00   3.801465E+01
   -7.049468E+00   3.800494E+01
   -7.100684E+00   3.802944E+01
   -7.119873E+00   3.799403E+01
   -7.239804E+00   3.797917E+01
   -7.245515E+00   3.792034E+01
   -7.293746E+00   3.783539E+01
   -7.407361E+00   3.775015E+01
   -7.434778E+00   3.766047E+01
   -7.485950E+00   3.759290E+01
   -7.504437E+00   3.754569E+01
   -7.454374E+00   3.749046E+01
   -7.408833E+00   3.723923E+01
   -7.383708E+00   3.716817E+01
   -7.361888E+00   3.696211E+01
   -8.472506E+00   3.595961E+01
   -9.611205E+00   3.598587E+01
   -1.353469E+01   3.200000E+01
   -2.040636E+01   3.200000E+01
   -3.150000E+01   3.877245E+01
END
END
