none
1
   -7.918190E-01   5.456256E+01
   -7.730150E-01   5.456030E+01
   -7.617790E-01   5.454731E+01
   -7.486620E-01   5.454407E+01
   -7.439350E-01   5.453191E+01
   -7.320630E-01   5.453108E+01
   -7.156670E-01   5.453742E+01
   -7.055810E-01   5.453389E+01
   -6.923560E-01   5.452329E+01
   -6.793490E-01   5.452147E+01
   -6.696500E-01   5.451352E+01
   -6.710430E-01   5.450699E+01
   -6.635070E-01   5.450315E+01
   -5.877630E-01   5.449213E+01
   -5.844290E-01   5.448684E+01
   -5.632300E-01   5.447939E+01
   -5.546930E-01   5.446742E+01
   -5.195650E-01   5.444932E+01
   -5.182770E-01   5.444110E+01
   -5.285140E-01   5.443482E+01
   -5.281510E-01   5.442640E+01
   -5.194830E-01   5.441756E+01
   -4.893090E-01   5.440998E+01
   -4.613630E-01   5.439178E+01
   -4.447900E-01   5.437020E+01
   -4.427780E-01   5.436068E+01
   -4.363690E-01   5.435887E+01
   -4.277290E-01   5.434285E+01
   -4.140090E-01   5.433264E+01
   -4.178840E-01   5.432493E+01
   -4.145870E-01   5.431262E+01
   -4.045540E-01   5.430624E+01
   -4.047590E-01   5.429659E+01
   -3.823250E-01   5.428969E+01
   -3.838740E-01   5.428089E+01
   -3.927470E-01   5.427999E+01
   -3.926670E-01   5.427487E+01
   -3.635970E-01   5.425640E+01
   -3.626120E-01   5.424796E+01
   -3.361950E-01   5.424462E+01
   -3.091740E-01   5.423080E+01
   -2.564350E-01   5.421838E+01
   -2.578310E-01   5.421266E+01
   -2.790240E-01   5.421202E+01
   -2.821270E-01   5.420198E+01
   -2.763190E-01   5.418991E+01
   -2.470240E-01   5.417030E+01
   -2.101790E-01   5.415775E+01
   -2.190690E-01   5.413647E+01
   -2.288000E-01   5.412957E+01
   -2.646050E-01   5.413736E+01
   -3.045040E-01   5.413325E+01
   -3.261530E-01   5.414651E+01
   -3.468400E-01   5.414389E+01
   -3.760320E-01   5.415131E+01
   -3.772150E-01   5.416089E+01
   -3.914460E-01   5.417324E+01
   -4.150920E-01   5.417132E+01
   -4.299220E-01   5.416166E+01
   -4.246150E-01   5.413571E+01
   -4.517280E-01   5.411526E+01
   -4.646020E-01   5.410492E+01
   -5.237830E-01   5.408257E+01
   -5.620140E-01   5.409076E+01
   -5.897190E-01   5.408432E+01
   -6.144620E-01   5.406766E+01
   -6.578670E-01   5.403462E+01
   -6.761180E-01   5.403475E+01
   -6.847260E-01   5.402874E+01
   -6.753810E-01   5.401742E+01
   -6.807220E-01   5.400707E+01
   -6.879430E-01   5.400501E+01
   -7.051500E-01   5.400306E+01
   -7.122370E-01   5.400811E+01
   -7.315140E-01   5.400986E+01
   -7.358030E-01   5.402674E+01
   -7.990220E-01   5.401604E+01
   -8.032620E-01   5.402030E+01
   -8.380690E-01   5.401867E+01
   -8.742180E-01   5.401442E+01
   -8.865590E-01   5.400723E+01
   -8.920700E-01   5.399711E+01
   -9.121220E-01   5.398920E+01
   -9.205280E-01   5.396058E+01
   -9.225960E-01   5.393481E+01
   -9.209070E-01   5.392095E+01
   -9.315160E-01   5.390828E+01
   -9.396520E-01   5.389820E+01
   -9.340510E-01   5.389093E+01
   -9.205610E-01   5.389124E+01
   -9.210200E-01   5.387690E+01
   -9.370260E-01   5.387281E+01
   -9.370140E-01   5.386534E+01
   -9.447210E-01   5.386197E+01
   -9.390040E-01   5.385540E+01
   -9.439940E-01   5.384387E+01
   -9.375100E-01   5.382512E+01
   -9.171430E-01   5.381657E+01
   -9.300840E-01   5.380158E+01
   -9.250670E-01   5.379665E+01
   -9.335730E-01   5.377980E+01
   -9.265880E-01   5.377489E+01
   -9.253000E-01   5.376470E+01
   -9.383200E-01   5.375549E+01
   -9.609550E-01   5.374853E+01
   -9.585290E-01   5.373884E+01
   -9.095430E-01   5.373530E+01
   -9.004400E-01   5.371890E+01
   -9.057140E-01   5.371383E+01
   -9.556700E-01   5.371185E+01
   -9.548130E-01   5.370412E+01
   -9.607730E-01   5.369843E+01
   -9.801310E-01   5.369393E+01
   -1.022218E+00   5.369502E+01
   -1.039168E+00   5.369087E+01
   -1.046238E+00   5.369564E+01
   -1.054943E+00   5.369414E+01
   -1.062439E+00   5.370365E+01
   -1.072972E+00   5.370063E+01
   -1.078893E+00   5.368250E+01
   -1.097698E+00   5.367203E+01
   -1.067259E+00   5.366031E+01
   -1.049532E+00   5.366017E+01
   -1.045702E+00   5.365553E+01
   -1.052661E+00   5.364871E+01
   -1.120809E+00   5.364358E+01
   -1.127248E+00   5.363219E+01
   -1.134874E+00   5.362954E+01
   -1.158185E+00   5.364032E+01
   -1.187040E+00   5.363329E+01
   -1.213897E+00   5.363852E+01
   -1.215617E+00   5.362221E+01
   -1.233905E+00   5.361804E+01
   -1.246048E+00   5.363139E+01
   -1.261211E+00   5.363896E+01
   -1.265875E+00   5.364661E+01
   -1.251180E+00   5.365530E+01
   -1.255169E+00   5.366796E+01
   -1.240585E+00   5.368440E+01
   -1.242031E+00   5.369483E+01
   -1.202566E+00   5.369909E+01
   -1.230582E+00   5.371124E+01
   -1.269239E+00   5.371207E+01
   -1.274524E+00   5.372274E+01
   -1.288700E+00   5.373280E+01
   -1.318456E+00   5.374097E+01
   -1.313905E+00   5.375744E+01
   -1.298860E+00   5.375875E+01
   -1.293508E+00   5.376400E+01
   -1.297974E+00   5.376949E+01
   -1.308649E+00   5.376978E+01
   -1.316417E+00   5.378034E+01
   -1.318855E+00   5.380940E+01
   -1.313251E+00   5.381950E+01
   -1.337553E+00   5.383074E+01
   -1.333088E+00   5.383778E+01
   -1.345152E+00   5.384289E+01
   -1.345193E+00   5.384821E+01
   -1.356550E+00   5.385659E+01
   -1.318841E+00   5.386554E+01
   -1.324579E+00   5.388283E+01
   -1.321082E+00   5.389265E+01
   -1.325800E+00   5.389836E+01
   -1.322540E+00   5.390608E+01
   -1.304262E+00   5.391541E+01
   -1.311851E+00   5.392284E+01
   -1.310766E+00   5.393194E+01
   -1.344875E+00   5.393689E+01
   -1.346311E+00   5.394225E+01
   -1.392604E+00   5.394003E+01
   -1.405754E+00   5.392526E+01
   -1.427426E+00   5.391279E+01
   -1.433840E+00   5.390701E+01
   -1.465230E+00   5.390365E+01
   -1.490879E+00   5.390581E+01
   -1.527960E+00   5.390572E+01
   -1.551857E+00   5.389998E+01
   -1.586813E+00   5.389829E+01
   -1.600424E+00   5.390117E+01
   -1.621841E+00   5.390042E+01
   -1.652694E+00   5.390274E+01
   -1.657211E+00   5.390975E+01
   -1.684611E+00   5.390756E+01
   -1.717231E+00   5.390566E+01
   -1.729433E+00   5.390729E+01
   -1.744404E+00   5.391253E+01
   -1.774767E+00   5.391809E+01
   -1.783682E+00   5.392665E+01
   -1.799620E+00   5.392708E+01
   -1.800815E+00   5.393406E+01
   -1.839309E+00   5.393633E+01
   -1.834723E+00   5.392871E+01
   -1.861098E+00   5.392930E+01
   -1.868008E+00   5.393285E+01
   -1.865223E+00   5.393836E+01
   -1.876767E+00   5.394369E+01
   -1.893760E+00   5.395233E+01
   -1.905954E+00   5.395549E+01
   -1.928278E+00   5.394740E+01
   -1.957879E+00   5.394374E+01
   -1.961254E+00   5.393300E+01
   -1.972042E+00   5.392609E+01
   -1.951827E+00   5.391429E+01
   -1.950044E+00   5.390155E+01
   -1.975961E+00   5.389733E+01
   -1.973844E+00   5.387906E+01
   -1.979567E+00   5.386660E+01
   -2.025028E+00   5.386768E+01
   -2.037932E+00   5.385090E+01
   -2.049498E+00   5.384689E+01
   -2.077741E+00   5.385988E+01
   -2.082927E+00   5.386640E+01
   -2.092993E+00   5.386528E+01
   -2.085860E+00   5.387474E+01
   -2.114486E+00   5.389966E+01
   -2.117499E+00   5.391933E+01
   -2.138515E+00   5.392501E+01
   -2.163426E+00   5.392453E+01
   -2.165560E+00   5.393192E+01
   -2.185649E+00   5.393418E+01
   -2.185525E+00   5.394697E+01
   -2.208821E+00   5.395999E+01
   -2.225786E+00   5.395810E+01
   -2.234878E+00   5.397036E+01
   -2.294324E+00   5.397133E+01
   -2.319982E+00   5.399032E+01
   -2.340621E+00   5.398657E+01
   -2.354200E+00   5.399272E+01
   -2.356361E+00   5.399918E+01
   -2.355042E+00   5.401199E+01
   -2.350395E+00   5.401506E+01
   -2.363743E+00   5.401992E+01
   -2.363080E+00   5.403829E+01
   -2.374751E+00   5.404587E+01
   -2.425832E+00   5.403535E+01
   -2.433553E+00   5.403906E+01
   -2.461256E+00   5.403814E+01
   -2.472345E+00   5.404770E+01
   -2.467832E+00   5.407283E+01
   -2.494890E+00   5.408661E+01
   -2.525484E+00   5.409198E+01
   -2.548878E+00   5.411557E+01
   -2.563527E+00   5.411967E+01
   -2.567017E+00   5.412668E+01
   -2.566243E+00   5.414114E+01
   -2.561167E+00   5.414777E+01
   -2.563566E+00   5.415290E+01
   -2.536085E+00   5.415996E+01
   -2.530611E+00   5.417190E+01
   -2.483165E+00   5.420439E+01
   -2.476563E+00   5.421762E+01
   -2.462514E+00   5.422930E+01
   -2.404857E+00   5.423023E+01
   -2.397096E+00   5.424312E+01
   -2.375232E+00   5.424313E+01
   -2.373944E+00   5.425055E+01
   -2.362777E+00   5.425409E+01
   -2.347008E+00   5.424098E+01
   -2.326275E+00   5.424541E+01
   -2.319415E+00   5.426998E+01
   -2.328580E+00   5.427939E+01
   -2.321168E+00   5.428679E+01
   -2.327055E+00   5.429281E+01
   -2.326508E+00   5.431150E+01
   -2.314532E+00   5.432266E+01
   -2.337226E+00   5.433237E+01
   -2.338350E+00   5.433797E+01
   -2.361278E+00   5.434744E+01
   -2.370669E+00   5.435644E+01
   -2.335638E+00   5.436695E+01
   -2.318562E+00   5.437934E+01
   -2.299209E+00   5.437974E+01
   -2.295709E+00   5.438946E+01
   -2.308728E+00   5.439721E+01
   -2.310791E+00   5.442192E+01
   -2.294620E+00   5.443394E+01
   -2.293915E+00   5.444132E+01
   -2.272877E+00   5.444383E+01
   -2.268972E+00   5.444968E+01
   -2.250832E+00   5.445450E+01
   -2.191248E+00   5.445161E+01
   -2.177202E+00   5.446457E+01
   -2.143076E+00   5.444827E+01
   -2.115705E+00   5.446718E+01
   -2.043677E+00   5.448691E+01
   -2.041605E+00   5.447805E+01
   -1.995083E+00   5.446990E+01
   -1.975362E+00   5.446265E+01
   -1.968409E+00   5.445482E+01
   -1.943181E+00   5.445667E+01
   -1.895151E+00   5.446997E+01
   -1.863539E+00   5.448505E+01
   -1.860050E+00   5.450572E+01
   -1.839623E+00   5.451106E+01
   -1.825924E+00   5.450571E+01
   -1.820349E+00   5.449774E+01
   -1.794842E+00   5.448851E+01
   -1.790477E+00   5.450323E+01
   -1.779566E+00   5.450970E+01
   -1.779360E+00   5.452323E+01
   -1.784459E+00   5.452663E+01
   -1.781053E+00   5.453436E+01
   -1.735089E+00   5.453105E+01
   -1.719886E+00   5.454529E+01
   -1.682113E+00   5.453631E+01
   -1.656514E+00   5.453710E+01
   -1.653301E+00   5.452728E+01
   -1.630838E+00   5.452683E+01
   -1.630582E+00   5.451684E+01
   -1.611216E+00   5.452295E+01
   -1.600969E+00   5.452119E+01
   -1.597573E+00   5.451485E+01
   -1.579755E+00   5.451552E+01
   -1.575628E+00   5.450480E+01
   -1.578063E+00   5.449850E+01
   -1.553260E+00   5.448726E+01
   -1.544819E+00   5.447409E+01
   -1.530743E+00   5.447247E+01
   -1.534350E+00   5.448059E+01
   -1.529882E+00   5.448756E+01
   -1.516544E+00   5.448775E+01
   -1.509216E+00   5.448207E+01
   -1.491283E+00   5.448916E+01
   -1.487660E+00   5.448398E+01
   -1.494917E+00   5.447703E+01
   -1.474976E+00   5.447704E+01
   -1.466868E+00   5.447371E+01
   -1.461521E+00   5.449199E+01
   -1.474752E+00   5.449334E+01
   -1.478465E+00   5.449966E+01
   -1.461390E+00   5.450729E+01
   -1.433564E+00   5.449500E+01
   -1.424841E+00   5.450487E+01
   -1.428668E+00   5.451304E+01
   -1.423670E+00   5.451442E+01
   -1.435565E+00   5.452701E+01
   -1.444436E+00   5.452653E+01
   -1.450045E+00   5.453269E+01
   -1.443159E+00   5.454320E+01
   -1.447136E+00   5.455610E+01
   -1.436321E+00   5.456072E+01
   -1.425249E+00   5.456391E+01
   -1.417926E+00   5.457459E+01
   -1.413949E+00   5.458826E+01
   -1.425485E+00   5.460226E+01
   -1.427805E+00   5.460892E+01
   -1.426759E+00   5.461187E+01
   -1.407853E+00   5.462203E+01
   -1.401488E+00   5.462810E+01
   -1.391139E+00   5.463964E+01
   -1.388060E+00   5.464200E+01
   -1.385167E+00   5.464343E+01
   -1.381486E+00   5.464433E+01
   -1.367319E+00   5.464384E+01
   -1.351271E+00   5.463885E+01
   -1.330173E+00   5.463759E+01
   -1.330825E+00   5.464218E+01
   -1.329034E+00   5.464461E+01
   -1.326330E+00   5.464581E+01
   -1.317008E+00   5.464545E+01
   -1.297781E+00   5.463567E+01
   -1.298553E+00   5.462854E+01
   -1.292630E+00   5.462917E+01
   -1.239139E+00   5.462862E+01
   -1.234127E+00   5.462959E+01
   -1.210932E+00   5.462232E+01
   -1.199678E+00   5.462354E+01
   -1.191601E+00   5.462974E+01
   -1.189035E+00   5.463175E+01
   -1.172438E+00   5.463203E+01
   -1.158089E+00   5.463040E+01
   -1.153882E+00   5.463755E+01
   -1.142422E+00   5.464848E+01
   -1.136386E+00   5.464771E+01
   -1.138297E+00   5.464104E+01
   -1.127514E+00   5.463637E+01
   -1.118201E+00   5.462951E+01
   -1.088963E+00   5.462161E+01
   -1.072222E+00   5.462190E+01
   -1.053720E+00   5.461768E+01
   -1.040410E+00   5.460911E+01
   -1.021111E+00   5.459958E+01
   -1.000932E+00   5.459378E+01
   -9.610120E-01   5.458579E+01
   -9.495710E-01   5.458738E+01
   -9.431300E-01   5.458966E+01
   -9.186820E-01   5.458561E+01
   -9.162240E-01   5.458161E+01
   -8.987660E-01   5.457647E+01
   -8.841100E-01   5.457236E+01
   -8.641700E-01   5.457240E+01
   -8.539290E-01   5.457274E+01
   -8.445790E-01   5.457119E+01
   -8.289970E-01   5.456656E+01
   -7.992900E-01   5.456073E+01
   -7.918190E-01   5.456256E+01
END
END
