none
1
   2.385692E+01   4.145024E+01
   2.390098E+01   4.145837E+01
   2.390751E+01   4.147879E+01
   2.391636E+01   4.148253E+01
   2.394150E+01   4.146511E+01
   2.396781E+01   4.144083E+01
   2.397700E+01   4.144486E+01
   2.399829E+01   4.145764E+01
   2.401403E+01   4.146684E+01
   2.401794E+01   4.146959E+01
   2.404211E+01   4.145442E+01
   2.405536E+01   4.153161E+01
   2.409999E+01   4.155235E+01
   2.421153E+01   4.155364E+01
   2.423568E+01   4.156093E+01
   2.426313E+01   4.157655E+01
   2.427983E+01   4.156878E+01
   2.433774E+01   4.152887E+01
   2.437608E+01   4.153036E+01
   2.438400E+01   4.153784E+01
   2.440505E+01   4.154207E+01
   2.446027E+01   4.154469E+01
   2.448254E+01   4.155871E+01
   2.452506E+01   4.156976E+01
   2.453574E+01   4.156624E+01
   2.455541E+01   4.155065E+01
   2.455681E+01   4.153127E+01
   2.456527E+01   4.151509E+01
   2.456626E+01   4.149839E+01
   2.459596E+01   4.146728E+01
   2.460126E+01   4.145547E+01
   2.463724E+01   4.143399E+01
   2.465337E+01   4.143634E+01
   2.472658E+01   4.141864E+01
   2.473654E+01   4.141242E+01
   2.473826E+01   4.139714E+01
   2.476290E+01   4.137634E+01
   2.481828E+01   4.138528E+01
   2.481664E+01   4.140239E+01
   2.485263E+01   4.139985E+01
   2.489559E+01   4.140854E+01
   2.491823E+01   4.140863E+01
   2.493225E+01   4.139592E+01
   2.497724E+01   4.137915E+01
   2.504142E+01   4.136843E+01
   2.505908E+01   4.136449E+01
   2.506573E+01   4.135973E+01
   2.507459E+01   4.134751E+01
   2.511651E+01   4.134390E+01
   2.512656E+01   4.134277E+01
   2.516122E+01   4.131807E+01
   2.518238E+01   4.130924E+01
   2.520267E+01   4.129748E+01
   2.522367E+01   4.127909E+01
   2.529439E+01   4.124651E+01
   2.533175E+01   4.124547E+01
   2.536725E+01   4.126142E+01
   2.542096E+01   4.126906E+01
   2.543028E+01   4.127602E+01
   2.547321E+01   4.128993E+01
   2.550291E+01   4.128892E+01
   2.554306E+01   4.130996E+01
   2.555920E+01   4.131909E+01
   2.557642E+01   4.131957E+01
   2.563641E+01   4.131336E+01
   2.566035E+01   4.131511E+01
   2.571424E+01   4.131415E+01
   2.571973E+01   4.131961E+01
   2.576062E+01   4.132534E+01
   2.578721E+01   4.133311E+01
   2.581443E+01   4.134016E+01
   2.582183E+01   4.134894E+01
   2.584788E+01   4.133743E+01
   2.587299E+01   4.132931E+01
   2.587712E+01   4.131891E+01
   2.593294E+01   4.132180E+01
   2.600769E+01   4.134479E+01
   2.603386E+01   4.135233E+01
   2.609241E+01   4.135798E+01
   2.613661E+01   4.137649E+01
   2.615038E+01   4.138893E+01
   2.615843E+01   4.141999E+01
   2.617044E+01   4.143349E+01
   2.615426E+01   4.147175E+01
   2.615012E+01   4.148517E+01
   2.616452E+01   4.149347E+01
   2.618031E+01   4.151972E+01
   2.617571E+01   4.155093E+01
   2.614546E+01   4.155261E+01
   2.614641E+01   4.160342E+01
   2.612135E+01   4.162275E+01
   2.609508E+01   4.162470E+01
   2.606963E+01   4.164857E+01
   2.606283E+01   4.166161E+01
   2.605925E+01   4.168698E+01
   2.605972E+01   4.169812E+01
   2.606594E+01   4.170530E+01
   2.607014E+01   4.171119E+01
   2.608480E+01   4.171807E+01
   2.612164E+01   4.173108E+01
   2.616189E+01   4.174768E+01
   2.617516E+01   4.174954E+01
   2.622753E+01   4.174140E+01
   2.623488E+01   4.173943E+01
   2.624937E+01   4.172562E+01
   2.627582E+01   4.171503E+01
   2.629968E+01   4.171089E+01
   2.633163E+01   4.171673E+01
   2.633909E+01   4.171525E+01
   2.636970E+01   4.171136E+01
   2.639918E+01   4.169535E+01
   2.644551E+01   4.168682E+01
   2.646989E+01   4.167094E+01
   2.648963E+01   4.167419E+01
   2.649753E+01   4.166550E+01
   2.649476E+01   4.165084E+01
   2.653230E+01   4.162324E+01
   2.656981E+01   4.161202E+01
   2.659633E+01   4.161070E+01
   2.660114E+01   4.158217E+01
   2.660036E+01   4.154603E+01
   2.660631E+01   4.148979E+01
   2.661459E+01   4.146314E+01
   2.661386E+01   4.145233E+01
   2.663048E+01   4.142033E+01
   2.663826E+01   4.138560E+01
   2.662677E+01   4.134149E+01
   2.659985E+01   4.132586E+01
   2.657689E+01   4.131976E+01
   2.654940E+01   4.133670E+01
   2.652105E+01   4.133598E+01
   2.651387E+01   4.132696E+01
   2.648780E+01   4.130309E+01
   2.646195E+01   4.128160E+01
   2.641061E+01   4.125493E+01
   2.639423E+01   4.124922E+01
   2.635699E+01   4.124865E+01
   2.633237E+01   4.121880E+01
   2.632461E+01   4.119067E+01
   2.632492E+01   4.118536E+01
   2.633243E+01   4.115435E+01
   2.633859E+01   4.114365E+01
   2.633781E+01   4.110734E+01
   2.633557E+01   4.109894E+01
   2.636223E+01   4.102863E+01
   2.636938E+01   4.101889E+01
   2.636424E+01   4.100834E+01
   2.635790E+01   4.099731E+01
   2.636352E+01   4.094817E+01
   2.635881E+01   4.094159E+01
   2.630448E+01   4.090329E+01
   2.629526E+01   4.089287E+01
   2.627795E+01   4.089213E+01
   2.625174E+01   4.088124E+01
   2.622158E+01   4.083520E+01
   2.620664E+01   4.082127E+01
   2.612607E+01   4.074271E+01
   2.607800E+01   4.072749E+01
   2.595715E+01   4.070085E+01
   2.608970E+01   4.036587E+01
   2.564191E+01   4.016580E+01
   2.566825E+01   4.009001E+01
   2.594240E+01   3.989286E+01
   2.599480E+01   3.942512E+01
   2.646232E+01   3.944665E+01
   2.672765E+01   3.906799E+01
   2.668177E+01   3.881066E+01
   2.630821E+01   3.873829E+01
   2.633587E+01   3.844989E+01
   2.624185E+01   3.829487E+01
   2.625969E+01   3.817855E+01
   2.711191E+01   3.793544E+01
   2.721014E+01   3.772487E+01
   2.709015E+01   3.770000E+01
   2.701178E+01   3.768687E+01
   2.698828E+01   3.765293E+01
   2.712274E+01   3.751162E+01
   2.720445E+01   3.717252E+01
   2.718862E+01   3.706066E+01
   2.721782E+01   3.695907E+01
   2.741926E+01   3.691769E+01
   2.737918E+01   3.680803E+01
   2.727810E+01   3.671496E+01
   2.740981E+01   3.658540E+01
   2.764232E+01   3.661056E+01
   2.779838E+01   3.672237E+01
   2.790120E+01   3.671570E+01
   2.797551E+01   3.649798E+01
   2.819911E+01   3.658572E+01
   2.832296E+01   3.656011E+01
   2.925396E+01   3.599189E+01
   2.948133E+01   3.619131E+01
   2.954616E+01   3.618081E+01
   2.962055E+01   3.618021E+01
   2.961855E+01   3.615030E+01
   2.964281E+01   3.613467E+01
   2.965683E+01   3.611312E+01
   2.595973E+01   3.459111E+01
   2.330803E+01   3.463072E+01
   2.020516E+01   3.796283E+01
   1.930788E+01   3.971719E+01
   1.915881E+01   3.989868E+01
   1.948030E+01   4.007957E+01
   1.989614E+01   3.988436E+01
   1.998421E+01   3.982950E+01
   1.996984E+01   3.974724E+01
   1.997707E+01   3.966645E+01
   2.001736E+01   3.969751E+01
   2.003083E+01   3.970179E+01
   2.005886E+01   3.969282E+01
   2.008134E+01   3.968306E+01
   2.009038E+01   3.968296E+01
   2.010383E+01   3.967094E+01
   2.012869E+01   3.965666E+01
   2.015135E+01   3.965623E+01
   2.016106E+01   3.965183E+01
   2.018444E+01   3.964950E+01
   2.022109E+01   3.964815E+01
   2.021772E+01   3.966489E+01
   2.023065E+01   3.968571E+01
   2.024173E+01   3.968506E+01
   2.026073E+01   3.967699E+01
   2.026468E+01   3.969546E+01
   2.028328E+01   3.971226E+01
   2.031094E+01   3.972724E+01
   2.032030E+01   3.973151E+01
   2.029466E+01   3.975494E+01
   2.029160E+01   3.976674E+01
   2.030584E+01   3.978094E+01
   2.028944E+01   3.979957E+01
   2.028901E+01   3.980575E+01
   2.030363E+01   3.981769E+01
   2.034636E+01   3.980601E+01
   2.038666E+01   3.978874E+01
   2.041284E+01   3.981507E+01
   2.041155E+01   3.983398E+01
   2.041470E+01   3.983938E+01
   2.038787E+01   3.986855E+01
   2.036470E+01   3.990221E+01
   2.036244E+01   3.990726E+01
   2.033582E+01   3.992335E+01
   2.034350E+01   3.994536E+01
   2.031798E+01   3.997341E+01
   2.030872E+01   3.999310E+01
   2.038735E+01   3.999639E+01
   2.039692E+01   4.001709E+01
   2.040778E+01   4.004953E+01
   2.041716E+01   4.006112E+01
   2.044797E+01   4.007443E+01
   2.046583E+01   4.007543E+01
   2.048591E+01   4.006540E+01
   2.051157E+01   4.008445E+01
   2.054888E+01   4.006589E+01
   2.060804E+01   4.007652E+01
   2.062066E+01   4.008905E+01
   2.063749E+01   4.009429E+01
   2.065797E+01   4.009305E+01
   2.067559E+01   4.010045E+01
   2.067311E+01   4.012507E+01
   2.068135E+01   4.013962E+01
   2.069155E+01   4.014994E+01
   2.067258E+01   4.016346E+01
   2.067627E+01   4.018905E+01
   2.071952E+01   4.021929E+01
   2.071845E+01   4.023152E+01
   2.072104E+01   4.025317E+01
   2.071280E+01   4.025658E+01
   2.070575E+01   4.026711E+01
   2.071178E+01   4.028334E+01
   2.072954E+01   4.029705E+01
   2.073307E+01   4.031026E+01
   2.076020E+01   4.032178E+01
   2.075616E+01   4.033173E+01
   2.077461E+01   4.035670E+01
   2.078800E+01   4.036491E+01
   2.078579E+01   4.039897E+01
   2.078321E+01   4.042793E+01
   2.083071E+01   4.046686E+01
   2.084258E+01   4.048076E+01
   2.090810E+01   4.047691E+01
   2.093195E+01   4.046309E+01
   2.095254E+01   4.046839E+01
   2.095279E+01   4.047569E+01
   2.095537E+01   4.047708E+01
   2.095967E+01   4.048396E+01
   2.096773E+01   4.048912E+01
   2.096292E+01   4.050820E+01
   2.096652E+01   4.051897E+01
   2.099900E+01   4.054783E+01
   2.101412E+01   4.055701E+01
   2.104633E+01   4.057216E+01
   2.103937E+01   4.059196E+01
   2.104376E+01   4.061561E+01
   2.105623E+01   4.061738E+01
   2.105122E+01   4.063464E+01
   2.105586E+01   4.066738E+01
   2.104346E+01   4.068214E+01
   2.102321E+01   4.070958E+01
   2.100502E+01   4.072394E+01
   2.098788E+01   4.073141E+01
   2.098292E+01   4.073660E+01
   2.098225E+01   4.076059E+01
   2.097272E+01   4.076147E+01
   2.095460E+01   4.076977E+01
   2.096385E+01   4.077627E+01
   2.097995E+01   4.078663E+01
   2.098398E+01   4.079534E+01
   2.098272E+01   4.085782E+01
   2.111669E+01   4.085738E+01
   2.111953E+01   4.085691E+01
   2.114399E+01   4.085620E+01
   2.115502E+01   4.085900E+01
   2.117582E+01   4.087519E+01
   2.118951E+01   4.087985E+01
   2.119569E+01   4.087984E+01
   2.120944E+01   4.088650E+01
   2.126933E+01   4.086590E+01
   2.135969E+01   4.088058E+01
   2.141573E+01   4.091914E+01
   2.143958E+01   4.091823E+01
   2.146513E+01   4.090857E+01
   2.148854E+01   4.091339E+01
   2.152605E+01   4.091246E+01
   2.156670E+01   4.087664E+01
   2.159222E+01   4.086843E+01
   2.160294E+01   4.088017E+01
   2.161696E+01   4.088886E+01
   2.163552E+01   4.089901E+01
   2.165097E+01   4.090321E+01
   2.168145E+01   4.094111E+01
   2.170570E+01   4.094484E+01
   2.174219E+01   4.093248E+01
   2.177523E+01   4.093007E+01
   2.180041E+01   4.094582E+01
   2.179698E+01   4.097591E+01
   2.185903E+01   4.101961E+01
   2.188164E+01   4.102950E+01
   2.188094E+01   4.104111E+01
   2.190010E+01   4.104364E+01
   2.190970E+01   4.105054E+01
   2.190222E+01   4.106795E+01
   2.190799E+01   4.109216E+01
   2.197236E+01   4.113004E+01
   2.205953E+01   4.116081E+01
   2.206596E+01   4.116197E+01
   2.209982E+01   4.114101E+01
   2.211253E+01   4.113440E+01
   2.212710E+01   4.112588E+01
   2.214463E+01   4.112788E+01
   2.217017E+01   4.115761E+01
   2.221455E+01   4.117013E+01
   2.223096E+01   4.116565E+01
   2.225674E+01   4.116703E+01
   2.226909E+01   4.116498E+01
   2.232407E+01   4.115205E+01
   2.232464E+01   4.114737E+01
   2.233299E+01   4.113650E+01
   2.237077E+01   4.113983E+01
   2.240510E+01   4.113970E+01
   2.241312E+01   4.112586E+01
   2.246650E+01   4.112153E+01
   2.252161E+01   4.112995E+01
   2.256142E+01   4.113267E+01
   2.259124E+01   4.112044E+01
   2.263481E+01   4.115530E+01
   2.263745E+01   4.116840E+01
   2.264632E+01   4.118180E+01
   2.266666E+01   4.118856E+01
   2.270539E+01   4.114774E+01
   2.272065E+01   4.114601E+01
   2.274454E+01   4.116368E+01
   2.275472E+01   4.126273E+01
   2.275524E+01   4.129964E+01
   2.275928E+01   4.132475E+01
   2.280305E+01   4.134591E+01
   2.283714E+01   4.134217E+01
   2.288171E+01   4.134735E+01
   2.304027E+01   4.133245E+01
   2.310234E+01   4.132349E+01
   2.319380E+01   4.132391E+01
   2.321280E+01   4.133338E+01
   2.322529E+01   4.138201E+01
   2.329091E+01   4.141195E+01
   2.332982E+01   4.140075E+01
   2.334256E+01   4.136627E+01
   2.336236E+01   4.137983E+01
   2.338388E+01   4.139078E+01
   2.340117E+01   4.140125E+01
   2.342996E+01   4.140599E+01
   2.344747E+01   4.140904E+01
   2.352354E+01   4.140629E+01
   2.353668E+01   4.140226E+01
   2.357598E+01   4.139204E+01
   2.364552E+01   4.138670E+01
   2.364897E+01   4.139791E+01
   2.367398E+01   4.141150E+01
   2.372842E+01   4.140931E+01
   2.376826E+01   4.140079E+01
   2.380036E+01   4.143857E+01
   2.385692E+01   4.145024E+01
END
END
