none
1
   -7.164759E+01   1.311676E+01
   -7.150101E+01   1.310467E+01
   -7.054429E+01   1.189894E+01
   -7.160545E+01   1.151978E+01
   -7.196991E+01   1.164325E+01
   -7.223744E+01   1.115238E+01
   -7.226277E+01   1.114084E+01
   -7.232687E+01   1.114997E+01
   -7.233187E+01   1.115672E+01
   -7.243354E+01   1.111675E+01
   -7.243727E+01   1.113061E+01
   -7.248937E+01   1.108889E+01
   -7.247684E+01   1.105741E+01
   -7.256203E+01   1.093501E+01
   -7.261205E+01   1.088933E+01
   -7.263296E+01   1.089035E+01
   -7.268051E+01   1.077469E+01
   -7.270711E+01   1.075256E+01
   -7.271172E+01   1.070870E+01
   -7.279971E+01   1.058698E+01
   -7.281844E+01   1.057645E+01
   -7.283775E+01   1.054269E+01
   -7.284643E+01   1.048854E+01
   -7.288537E+01   1.046083E+01
   -7.289345E+01   1.041495E+01
   -7.288503E+01   1.038654E+01
   -7.290359E+01   1.033852E+01
   -7.289888E+01   1.021289E+01
   -7.290754E+01   1.020750E+01
   -7.291404E+01   1.010871E+01
   -7.295364E+01   1.004674E+01
   -7.298951E+01   9.917578E+00
   -7.298058E+01   9.892850E+00
   -7.299045E+01   9.882874E+00
   -7.294694E+01   9.847074E+00
   -7.307080E+01   9.630434E+00
   -7.308024E+01   9.565971E+00
   -7.313428E+01   9.556376E+00
   -7.317264E+01   9.508402E+00
   -7.317332E+01   9.491861E+00
   -7.318809E+01   9.477121E+00
   -7.319600E+01   9.438385E+00
   -7.321810E+01   9.428570E+00
   -7.331674E+01   9.237057E+00
   -7.335303E+01   9.236611E+00
   -7.337365E+01   9.177588E+00
   -7.337091E+01   9.175025E+00
   -7.334756E+01   9.184288E+00
   -7.329933E+01   9.178321E+00
   -7.328094E+01   9.167806E+00
   -7.324401E+01   9.165613E+00
   -7.321379E+01   9.185543E+00
   -7.317432E+01   9.182858E+00
   -7.315149E+01   9.202854E+00
   -7.314815E+01   9.213851E+00
   -7.313303E+01   9.224042E+00
   -7.312923E+01   9.234805E+00
   -7.308741E+01   9.234612E+00
   -7.308364E+01   9.241927E+00
   -7.307531E+01   9.243910E+00
   -7.307050E+01   9.262936E+00
   -7.304481E+01   9.266808E+00
   -7.303143E+01   9.288043E+00
   -7.302543E+01   9.286831E+00
   -7.301078E+01   9.296101E+00
   -7.300089E+01   9.291860E+00
   -7.300327E+01   9.284760E+00
   -7.299385E+01   9.278915E+00
   -7.299377E+01   9.264206E+00
   -7.298711E+01   9.260458E+00
   -7.298669E+01   9.234024E+00
   -7.299322E+01   9.227658E+00
   -7.296362E+01   9.207809E+00
   -7.296268E+01   9.164596E+00
   -7.298524E+01   9.148978E+00
   -7.294500E+01   9.109254E+00
   -7.294399E+01   9.095225E+00
   -7.292860E+01   9.086787E+00
   -7.288354E+01   9.112035E+00
   -7.287936E+01   9.135428E+00
   -7.282148E+01   9.127205E+00
   -7.281830E+01   9.143715E+00
   -7.280617E+01   9.133698E+00
   -7.280652E+01   9.122901E+00
   -7.279520E+01   9.123463E+00
   -7.279419E+01   9.109893E+00
   -7.277795E+01   9.116374E+00
   -7.276882E+01   9.106619E+00
   -7.277258E+01   9.101147E+00
   -7.276844E+01   9.099261E+00
   -7.264616E+01   8.613662E+00
   -7.263268E+01   8.614569E+00
   -7.263074E+01   8.609434E+00
   -7.262505E+01   8.608597E+00
   -7.242476E+01   8.385746E+00
   -7.241985E+01   8.392344E+00
   -7.241187E+01   8.385123E+00
   -7.241286E+01   8.379395E+00
   -7.240266E+01   8.366405E+00
   -7.239481E+01   8.366995E+00
   -7.239230E+01   8.328612E+00
   -7.238087E+01   8.321577E+00
   -7.239041E+01   8.257634E+00
   -7.238538E+01   8.254355E+00
   -7.236893E+01   8.204169E+00
   -7.237155E+01   8.199990E+00
   -7.235512E+01   8.170620E+00
   -7.235687E+01   8.158704E+00
   -7.236292E+01   8.153271E+00
   -7.235955E+01   8.128661E+00
   -7.237286E+01   8.113450E+00
   -7.236752E+01   8.098001E+00
   -7.235212E+01   8.092994E+00
   -7.235032E+01   8.012667E+00
   -7.235670E+01   8.005805E+00
   -7.238320E+01   8.039890E+00
   -7.241382E+01   8.038215E+00
   -7.241620E+01   8.000000E+00
   -7.244035E+01   7.981214E+00
   -7.243916E+01   7.973479E+00
   -7.244653E+01   7.967063E+00
   -7.244638E+01   7.960171E+00
   -7.247469E+01   7.955592E+00
   -7.248637E+01   7.932713E+00
   -7.246431E+01   7.914371E+00
   -7.244902E+01   7.830923E+00
   -7.247385E+01   7.785588E+00
   -7.247435E+01   7.606576E+00
   -7.245670E+01   7.560476E+00
   -7.248071E+01   7.484616E+00
   -7.245576E+01   7.462244E+00
   -7.243866E+01   7.400355E+00
   -7.236734E+01   7.390316E+00
   -7.236062E+01   7.393814E+00
   -7.233774E+01   7.375242E+00
   -7.231574E+01   7.377573E+00
   -7.230876E+01   7.387546E+00
   -7.225967E+01   7.375656E+00
   -7.223528E+01   7.390920E+00
   -7.222063E+01   7.390382E+00
   -7.219400E+01   7.370103E+00
   -7.216594E+01   7.328435E+00
   -7.217419E+01   7.260507E+00
   -7.202432E+01   7.013873E+00
   -7.183311E+01   7.011323E+00
   -7.182222E+01   7.022959E+00
   -7.182034E+01   7.045744E+00
   -7.180865E+01   7.048122E+00
   -7.180167E+01   7.057468E+00
   -7.179877E+01   7.054099E+00
   -7.178693E+01   7.068836E+00
   -7.177848E+01   7.052876E+00
   -7.176788E+01   7.070133E+00
   -7.176012E+01   7.071737E+00
   -7.175884E+01   7.049778E+00
   -7.173447E+01   7.061688E+00
   -7.172921E+01   7.041157E+00
   -7.171880E+01   7.035631E+00
   -7.168719E+01   7.037442E+00
   -7.166515E+01   7.021778E+00
   -7.166012E+01   7.022361E+00
   -7.166099E+01   7.043481E+00
   -7.165088E+01   7.051334E+00
   -7.162527E+01   7.038821E+00
   -7.160391E+01   7.047723E+00
   -7.159315E+01   7.041667E+00
   -7.159009E+01   7.020736E+00
   -7.150684E+01   7.026520E+00
   -7.149152E+01   7.015142E+00
   -7.147211E+01   7.029924E+00
   -7.146627E+01   7.011038E+00
   -7.142106E+01   7.033195E+00
   -7.133018E+01   7.012481E+00
   -7.127169E+01   7.028090E+00
   -7.125111E+01   7.012989E+00
   -7.113952E+01   7.029072E+00
   -7.113310E+01   7.026032E+00
   -7.112817E+01   7.010140E+00
   -7.110867E+01   7.004464E+00
   -7.111699E+01   6.999249E+00
   -7.109298E+01   6.983195E+00
   -7.101556E+01   6.979099E+00
   -7.098716E+01   6.994942E+00
   -7.096291E+01   6.980262E+00
   -7.092670E+01   7.025444E+00
   -7.091569E+01   7.022593E+00
   -7.090040E+01   7.037625E+00
   -7.090259E+01   7.051888E+00
   -7.089703E+01   7.057353E+00
   -7.085938E+01   7.051286E+00
   -7.085140E+01   7.070974E+00
   -7.078172E+01   7.075194E+00
   -7.076606E+01   7.085950E+00
   -7.069147E+01   7.092551E+00
   -7.063745E+01   7.064274E+00
   -7.056080E+01   7.076914E+00
   -7.054777E+01   7.068067E+00
   -7.053423E+01   7.037848E+00
   -7.049957E+01   7.005371E+00
   -7.047230E+01   6.996392E+00
   -7.046049E+01   7.006623E+00
   -7.044144E+01   7.002544E+00
   -7.042574E+01   6.984251E+00
   -7.039342E+01   6.982130E+00
   -7.036807E+01   6.965141E+00
   -7.036669E+01   6.956765E+00
   -7.031903E+01   6.932851E+00
   -7.027567E+01   6.939292E+00
   -7.023690E+01   6.966686E+00
   -7.012192E+01   6.980511E+00
   -7.009415E+01   7.002054E+00
   -7.008269E+01   6.998269E+00
   -6.944144E+01   6.112890E+00
   -6.933603E+01   6.152764E+00
   -6.932337E+01   6.150324E+00
   -6.927745E+01   6.092443E+00
   -6.921515E+01   6.087361E+00
   -6.908062E+01   6.203788E+00
   -6.905150E+01   6.212960E+00
   -6.893289E+01   6.175571E+00
   -6.886646E+01   6.172101E+00
   -6.884057E+01   6.184695E+00
   -6.866329E+01   6.132925E+00
   -6.862540E+01   6.136616E+00
   -6.858560E+01   6.166314E+00
   -6.853318E+01   6.161809E+00
   -6.849239E+01   6.180696E+00
   -6.843177E+01   6.187737E+00
   -6.836180E+01   6.170444E+00
   -6.827087E+01   6.182026E+00
   -6.814450E+01   6.223938E+00
   -6.800217E+01   6.207050E+00
   -6.794251E+01   6.228059E+00
   -6.784158E+01   6.301990E+00
   -6.763415E+01   6.280529E+00
   -6.747605E+01   6.194591E+00
   -6.747092E+01   6.179892E+00
   -6.748942E+01   6.156105E+00
   -6.749340E+01   6.125947E+00
   -6.748100E+01   6.082065E+00
   -6.743301E+01   6.041116E+00
   -6.742406E+01   5.996983E+00
   -6.760483E+01   5.812237E+00
   -6.764743E+01   5.656918E+00
   -6.762048E+01   5.554413E+00
   -6.761564E+01   5.550526E+00
   -6.761347E+01   5.531435E+00
   -6.763477E+01   5.520739E+00
   -6.764787E+01   5.476713E+00
   -6.781665E+01   5.355227E+00
   -6.785115E+01   5.283000E+00
   -6.779607E+01   5.074287E+00
   -6.782883E+01   4.894787E+00
   -6.781745E+01   4.828317E+00
   -6.783195E+01   4.711061E+00
   -6.784420E+01   4.684289E+00
   -6.785228E+01   4.610345E+00
   -6.787646E+01   4.544140E+00
   -6.786732E+01   4.510346E+00
   -6.783880E+01   4.493693E+00
   -6.781709E+01   4.465951E+00
   -6.781163E+01   4.431906E+00
   -6.779965E+01   4.422300E+00
   -6.780501E+01   4.394644E+00
   -6.778272E+01   4.343650E+00
   -6.780860E+01   4.254182E+00
   -6.780707E+01   4.223799E+00
   -6.778128E+01   4.160851E+00
   -6.773612E+01   4.118264E+00
   -6.763931E+01   3.839255E+00
   -6.764060E+01   3.823362E+00
   -6.760700E+01   3.751468E+00
   -6.758149E+01   3.735941E+00
   -6.751877E+01   3.746846E+00
   -6.749303E+01   3.733851E+00
   -6.744637E+01   3.656260E+00
   -6.738299E+01   3.484581E+00
   -6.732766E+01   3.459059E+00
   -6.731083E+01   3.435886E+00
   -6.730488E+01   3.389637E+00
   -6.738705E+01   3.287715E+00
   -6.739191E+01   3.248784E+00
   -6.743426E+01   3.246967E+00
   -6.785439E+01   2.869817E+00
   -6.785923E+01   2.789513E+00
   -6.783421E+01   2.802803E+00
   -6.782622E+01   2.825624E+00
   -6.781077E+01   2.834800E+00
   -6.777364E+01   2.831969E+00
   -6.774229E+01   2.840724E+00
   -6.773511E+01   2.836313E+00
   -6.773038E+01   2.820943E+00
   -6.765329E+01   2.801003E+00
   -6.761562E+01   2.812483E+00
   -6.758544E+01   2.772634E+00
   -6.758631E+01   2.754922E+00
   -6.756719E+01   2.728090E+00
   -6.757174E+01   2.683892E+00
   -6.755860E+01   2.666003E+00
   -6.754060E+01   2.681746E+00
   -6.752230E+01   2.682759E+00
   -6.749249E+01   2.669326E+00
   -6.748254E+01   2.646817E+00
   -6.748359E+01   2.628167E+00
   -6.739254E+01   2.568002E+00
   -6.738245E+01   2.541883E+00
   -6.733094E+01   2.508424E+00
   -6.728139E+01   2.440727E+00
   -6.723008E+01   2.420698E+00
   -6.719007E+01   2.383402E+00
   -6.717425E+01   2.337208E+00
   -6.720232E+01   2.303214E+00
   -6.721130E+01   2.250561E+00
   -6.715381E+01   2.119018E+00
   -6.711813E+01   2.118028E+00
   -6.710390E+01   2.055729E+00
   -6.712634E+01   1.992833E+00
   -6.707870E+01   1.928781E+00
   -6.697491E+01   1.635470E+00
   -6.697703E+01   1.596812E+00
   -6.692660E+01   1.455787E+00
   -6.692615E+01   1.418306E+00
   -6.688603E+01   1.362688E+00
   -6.687714E+01   1.314004E+00
   -6.689400E+01   1.275092E+00
   -6.686983E+01   1.225646E+00
   -6.709666E+01   1.170079E+00
   -6.709295E+01   1.408368E+00
   -6.707217E+01   1.461135E+00
   -6.706815E+01   1.532232E+00
   -6.711682E+01   1.732161E+00
   -6.735197E+01   2.100606E+00
   -6.739330E+01   2.135156E+00
   -6.743382E+01   2.143014E+00
   -6.753468E+01   2.099943E+00
   -6.763013E+01   2.030655E+00
   -6.778905E+01   1.821587E+00
   -6.786100E+01   1.769433E+00
   -6.797150E+01   1.744901E+00
   -6.800291E+01   1.762442E+00
   -6.800292E+01   1.765433E+00
   -6.800703E+01   1.765410E+00
   -6.807864E+01   1.854970E+00
   -6.811322E+01   1.945891E+00
   -6.814835E+01   1.970080E+00
   -6.817603E+01   1.974063E+00
   -6.818776E+01   1.985040E+00
   -6.820544E+01   2.037632E+00
   -6.821385E+01   2.029299E+00
   -6.822739E+01   1.959958E+00
   -6.825071E+01   1.921854E+00
   -6.825733E+01   1.882009E+00
   -6.828595E+01   1.850317E+00
   -6.828455E+01   1.845494E+00
   -6.828955E+01   1.841322E+00
   -6.826775E+01   1.827186E+00
   -6.823737E+01   1.831736E+00
   -6.824462E+01   1.781536E+00
   -6.823756E+01   1.785719E+00
   -6.822588E+01   1.781415E+00
   -6.819895E+01   1.789395E+00
   -6.818241E+01   1.775226E+00
   -6.819054E+01   1.759304E+00
   -6.818934E+01   1.748498E+00
   -6.818613E+01   1.746906E+00
   -6.817588E+01   1.752717E+00
   -6.815965E+01   1.733592E+00
   -6.814249E+01   1.748768E+00
   -6.812775E+01   1.730217E+00
   -6.939456E+01   1.725671E+00
   -6.941017E+01   1.740268E+00
   -6.944653E+01   1.750377E+00
   -6.945039E+01   1.746671E+00
   -6.946072E+01   1.752125E+00
   -6.948584E+01   1.749661E+00
   -6.955574E+01   1.775197E+00
   -6.963110E+01   1.731446E+00
   -6.964417E+01   1.735959E+00
   -6.966077E+01   1.724115E+00
   -6.971574E+01   1.740305E+00
   -6.974017E+01   1.735308E+00
   -6.974423E+01   1.727228E+00
   -6.977022E+01   1.716928E+00
   -6.977857E+01   1.702608E+00
   -6.980624E+01   1.703797E+00
   -6.982597E+01   1.713552E+00
   -6.985519E+01   1.714919E+00
   -6.985407E+01   1.069752E+00
   -6.981798E+01   1.055002E+00
   -6.978906E+01   1.081366E+00
   -6.971411E+01   1.093708E+00
   -6.971049E+01   1.067520E+00
   -6.970034E+01   1.055641E+00
   -6.962900E+01   1.073431E+00
   -6.955585E+01   1.054591E+00
   -6.945575E+01   1.056308E+00
   -6.943787E+01   1.042408E+00
   -6.943365E+01   1.027831E+00
   -6.941638E+01   1.023687E+00
   -6.937499E+01   1.055020E+00
   -6.932924E+01   1.062455E+00
   -6.922276E+01   9.985550E-01
   -6.921194E+01   9.579000E-01
   -6.918539E+01   9.525750E-01
   -6.917542E+01   9.363200E-01
   -6.917885E+01   9.300480E-01
   -6.919551E+01   9.239990E-01
   -6.918300E+01   8.851490E-01
   -6.913907E+01   8.723510E-01
   -6.913705E+01   8.440870E-01
   -6.914249E+01   8.383010E-01
   -6.916483E+01   8.333170E-01
   -6.916707E+01   8.275540E-01
   -6.914610E+01   7.690770E-01
   -6.915965E+01   7.471430E-01
   -6.917332E+01   7.433690E-01
   -6.918350E+01   7.304240E-01
   -6.917515E+01   7.114030E-01
   -6.911412E+01   6.521570E-01
   -6.911382E+01   6.341230E-01
   -6.916776E+01   6.442910E-01
   -6.918642E+01   6.386490E-01
   -6.919604E+01   6.044590E-01
   -6.920154E+01   6.017510E-01
   -6.925822E+01   6.124300E-01
   -6.928353E+01   6.076750E-01
   -6.929064E+01   6.133760E-01
   -6.928438E+01   6.334100E-01
   -6.929498E+01   6.482820E-01
   -6.930820E+01   6.447520E-01
   -6.931338E+01   6.346060E-01
   -6.932598E+01   6.416510E-01
   -6.935278E+01   6.196470E-01
   -6.935873E+01   6.225970E-01
   -6.936225E+01   6.368240E-01
   -6.946227E+01   7.334750E-01
   -6.949577E+01   7.258710E-01
   -6.951119E+01   7.121940E-01
   -6.952145E+01   7.109680E-01
   -6.954727E+01   6.834210E-01
   -6.956578E+01   6.853510E-01
   -6.960574E+01   6.230530E-01
   -6.961749E+01   6.390620E-01
   -6.963489E+01   6.463010E-01
   -6.964322E+01   6.625630E-01
   -6.966405E+01   6.720760E-01
   -6.970682E+01   6.488020E-01
   -6.972939E+01   6.125650E-01
   -6.974613E+01   6.232520E-01
   -6.979837E+01   5.847420E-01
   -6.981784E+01   5.947190E-01
   -6.990411E+01   5.913580E-01
   -6.992905E+01   5.677400E-01
   -6.997298E+01   5.823660E-01
   -6.998411E+01   5.744730E-01
   -6.999667E+01   5.750720E-01
   -7.000371E+01   5.542700E-01
   -7.002425E+01   5.441060E-01
   -7.003735E+01   5.530250E-01
   -7.006802E+01   -1.347790E-01
   -7.003229E+01   -1.838220E-01
   -6.999870E+01   -2.009470E-01
   -6.990787E+01   -3.157690E-01
   -6.983909E+01   -3.452780E-01
   -6.975510E+01   -4.369520E-01
   -6.962170E+01   -4.941200E-01
   -6.958961E+01   -5.240370E-01
   -6.959385E+01   -5.435840E-01
   -6.958102E+01   -5.561480E-01
   -6.957631E+01   -5.801830E-01
   -6.958663E+01   -6.042810E-01
   -6.955907E+01   -6.305220E-01
   -6.955227E+01   -6.518990E-01
   -6.956007E+01   -6.688830E-01
   -6.956623E+01   -6.716280E-01
   -6.956578E+01   -6.764520E-01
   -6.957355E+01   -6.849370E-01
   -6.957156E+01   -6.904680E-01
   -6.957576E+01   -6.902690E-01
   -6.958315E+01   -7.181060E-01
   -6.960882E+01   -7.391500E-01
   -6.960874E+01   -7.547710E-01
   -6.959539E+01   -7.772150E-01
   -6.958236E+01   -7.822000E-01
   -6.957635E+01   -7.987090E-01
   -6.955163E+01   -8.128200E-01
   -6.955092E+01   -8.185600E-01
   -6.956335E+01   -8.354120E-01
   -6.954670E+01   -8.573160E-01
   -6.954794E+01   -8.621440E-01
   -6.954076E+01   -8.658300E-01
   -6.953351E+01   -8.610490E-01
   -6.951698E+01   -8.986780E-01
   -6.952307E+01   -9.095160E-01
   -6.950080E+01   -9.414790E-01
   -6.945670E+01   -9.756280E-01
   -6.945524E+01   -9.895870E-01
   -6.943814E+01   -1.000648E+00
   -6.942193E+01   -9.979190E-01
   -6.941988E+01   -1.003208E+00
   -6.942608E+01   -1.019513E+00
   -6.943774E+01   -1.028683E+00
   -6.942021E+01   -1.057440E+00
   -6.943134E+01   -1.078478E+00
   -6.941006E+01   -1.131677E+00
   -6.937514E+01   -1.173310E+00
   -6.936835E+01   -1.333702E+00
   -6.938628E+01   -1.395636E+00
   -6.943014E+01   -1.434499E+00
   -6.945428E+01   -1.487965E+00
   -6.944426E+01   -1.527220E+00
   -6.992922E+01   -4.212648E+00
   -6.995342E+01   -4.230484E+00
   -7.007219E+01   -4.061758E+00
   -7.014870E+01   -4.030679E+00
   -7.016924E+01   -3.987375E+00
   -7.017011E+01   -3.940219E+00
   -7.018888E+01   -3.888847E+00
   -7.025321E+01   -3.861334E+00
   -7.029484E+01   -3.812686E+00
   -7.034915E+01   -3.804406E+00
   -7.045450E+01   -3.876611E+00
   -7.049655E+01   -3.883863E+00
   -7.052844E+01   -3.875614E+00
   -7.056401E+01   -3.837486E+00
   -7.057641E+01   -3.832757E+00
   -7.061203E+01   -3.843400E+00
   -7.063109E+01   -3.829735E+00
   -7.064734E+01   -3.830114E+00
   -7.067533E+01   -3.798390E+00
   -7.070329E+01   -3.794675E+00
   -7.003410E+01   -2.760508E+00
   -7.003416E+01   -2.741882E+00
   -7.006214E+01   -2.738186E+00
   -7.006905E+01   -2.732267E+00
   -7.007534E+01   -2.663408E+00
   -7.009293E+01   -2.644153E+00
   -7.010226E+01   -2.648375E+00
   -7.011967E+01   -2.695220E+00
   -7.014198E+01   -2.705765E+00
   -7.015687E+01   -2.701295E+00
   -7.016382E+01   -2.639713E+00
   -7.017786E+01   -2.629025E+00
   -7.020117E+01   -2.653838E+00
   -7.021355E+01   -2.650035E+00
   -7.022999E+01   -2.573815E+00
   -7.024576E+01   -2.547501E+00
   -7.027002E+01   -2.543570E+00
   -7.030679E+01   -2.572864E+00
   -7.034221E+01   -2.572935E+00
   -7.035697E+01   -2.556960E+00
   -7.035048E+01   -2.541036E+00
   -7.030011E+01   -2.525887E+00
   -7.030675E+01   -2.498115E+00
   -7.037304E+01   -2.495918E+00
   -7.041757E+01   -2.525272E+00
   -7.043806E+01   -2.507044E+00
   -7.044073E+01   -2.488667E+00
   -7.046571E+01   -2.453687E+00
   -7.048729E+01   -2.469046E+00
   -7.050812E+01   -2.464849E+00
   -7.055560E+01   -2.416484E+00
   -7.057387E+01   -2.417324E+00
   -7.058383E+01   -2.427985E+00
   -7.055183E+01   -2.456241E+00
   -7.054990E+01   -2.469564E+00
   -7.057789E+01   -2.482673E+00
   -7.061978E+01   -2.473816E+00
   -7.062862E+01   -2.454569E+00
   -7.061916E+01   -2.412175E+00
   -7.062293E+01   -2.397257E+00
   -7.063928E+01   -2.409118E+00
   -7.065550E+01   -2.409940E+00
   -7.066889E+01   -2.392800E+00
   -7.065630E+01   -2.368090E+00
   -7.065642E+01   -2.354523E+00
   -7.067435E+01   -2.340409E+00
   -7.073365E+01   -2.325478E+00
   -7.076640E+01   -2.286644E+00
   -7.080041E+01   -2.291054E+00
   -7.082610E+01   -2.278839E+00
   -7.084941E+01   -2.220152E+00
   -7.088074E+01   -2.216488E+00
   -7.091979E+01   -2.245769E+00
   -7.094296E+01   -2.234910E+00
   -7.095984E+01   -2.207906E+00
   -7.099298E+01   -2.205172E+00
   -7.100377E+01   -2.227791E+00
   -7.097869E+01   -2.279800E+00
   -7.098064E+01   -2.292923E+00
   -7.099340E+01   -2.297621E+00
   -7.102744E+01   -2.267986E+00
   -7.105694E+01   -2.264302E+00
   -7.112616E+01   -2.293342E+00
   -7.111487E+01   -2.336031E+00
   -7.112626E+01   -2.340487E+00
   -7.114639E+01   -2.337188E+00
   -7.116483E+01   -2.375733E+00
   -7.119096E+01   -2.363739E+00
   -7.120297E+01   -2.347040E+00
   -7.122015E+01   -2.341648E+00
   -7.123653E+01   -2.349818E+00
   -7.128437E+01   -2.338442E+00
   -7.130511E+01   -2.376310E+00
   -7.134164E+01   -2.379336E+00
   -7.136640E+01   -2.398144E+00
   -7.138359E+01   -2.391368E+00
   -7.137615E+01   -2.346469E+00
   -7.144920E+01   -2.260525E+00
   -7.147041E+01   -2.266425E+00
   -7.147707E+01   -2.291539E+00
   -7.146220E+01   -2.325699E+00
   -7.147536E+01   -2.338211E+00
   -7.148360E+01   -2.336429E+00
   -7.150056E+01   -2.297684E+00
   -7.150026E+01   -2.244560E+00
   -7.150761E+01   -2.238403E+00
   -7.157304E+01   -2.225295E+00
   -7.162834E+01   -2.190725E+00
   -7.168778E+01   -2.215739E+00
   -7.170676E+01   -2.214259E+00
   -7.171643E+01   -2.202137E+00
   -7.170560E+01   -2.150094E+00
   -7.171075E+01   -2.133573E+00
   -7.171717E+01   -2.129018E+00
   -7.173063E+01   -2.131639E+00
   -7.174597E+01   -2.159336E+00
   -7.179437E+01   -2.195076E+00
   -7.181317E+01   -2.185314E+00
   -7.182230E+01   -2.186985E+00
   -7.186104E+01   -2.300383E+00
   -7.187583E+01   -2.309450E+00
   -7.190579E+01   -2.303898E+00
   -7.192123E+01   -2.318488E+00
   -7.190195E+01   -2.364816E+00
   -7.191194E+01   -2.375000E+00
   -7.193357E+01   -2.352144E+00
   -7.197712E+01   -2.365306E+00
   -7.202029E+01   -2.332699E+00
   -7.203515E+01   -2.331185E+00
   -7.211586E+01   -2.425989E+00
   -7.211638E+01   -2.451521E+00
   -7.212564E+01   -2.468368E+00
   -7.214256E+01   -2.465485E+00
   -7.214642E+01   -2.434001E+00
   -7.215538E+01   -2.427158E+00
   -7.218406E+01   -2.444355E+00
   -7.222115E+01   -2.433087E+00
   -7.224145E+01   -2.438272E+00
   -7.224268E+01   -2.460128E+00
   -7.226212E+01   -2.457488E+00
   -7.228461E+01   -2.477634E+00
   -7.234143E+01   -2.490169E+00
   -7.235335E+01   -2.484721E+00
   -7.235857E+01   -2.454394E+00
   -7.238646E+01   -2.415004E+00
   -7.240481E+01   -2.439722E+00
   -7.255821E+01   -2.425673E+00
   -7.258649E+01   -2.397318E+00
   -7.262805E+01   -2.399166E+00
   -7.262427E+01   -2.422142E+00
   -7.266459E+01   -2.481937E+00
   -7.267645E+01   -2.485913E+00
   -7.268057E+01   -2.482946E+00
   -7.267641E+01   -2.452795E+00
   -7.268451E+01   -2.435362E+00
   -7.270724E+01   -2.415711E+00
   -7.271453E+01   -2.419431E+00
   -7.272348E+01   -2.452599E+00
   -7.274036E+01   -2.457752E+00
   -7.275380E+01   -2.424249E+00
   -7.276936E+01   -2.420425E+00
   -7.278636E+01   -2.444897E+00
   -7.284878E+01   -2.478585E+00
   -7.286707E+01   -2.476384E+00
   -7.292132E+01   -2.500364E+00
   -7.292408E+01   -2.496699E+00
   -7.291442E+01   -2.466519E+00
   -7.293256E+01   -2.450057E+00
   -7.296196E+01   -2.381909E+00
   -7.299181E+01   -2.395864E+00
   -7.301420E+01   -2.353896E+00
   -7.302696E+01   -2.359712E+00
   -7.303726E+01   -2.398631E+00
   -7.304388E+01   -2.399816E+00
   -7.305536E+01   -2.390216E+00
   -7.306013E+01   -2.352064E+00
   -7.308999E+01   -2.364866E+00
   -7.310622E+01   -2.363800E+00
   -7.311312E+01   -2.354636E+00
   -7.310889E+01   -2.334607E+00
   -7.315308E+01   -2.272050E+00
   -7.315124E+01   -2.230648E+00
   -7.314465E+01   -2.225785E+00
   -7.312629E+01   -2.227037E+00
   -7.309586E+01   -2.162530E+00
   -7.306355E+01   -2.142129E+00
   -7.305861E+01   -2.125317E+00
   -7.306208E+01   -2.116138E+00
   -7.309544E+01   -2.113319E+00
   -7.308588E+01   -2.065443E+00
   -7.309208E+01   -2.058346E+00
   -7.310283E+01   -2.056332E+00
   -7.311134E+01   -2.043269E+00
   -7.310500E+01   -1.906661E+00
   -7.314090E+01   -1.895347E+00
   -7.314673E+01   -1.829853E+00
   -7.318400E+01   -1.818545E+00
   -7.321642E+01   -1.774106E+00
   -7.322964E+01   -1.778770E+00
   -7.323416E+01   -1.787529E+00
   -7.322720E+01   -1.810024E+00
   -7.323124E+01   -1.823379E+00
   -7.324923E+01   -1.831745E+00
   -7.325269E+01   -1.825784E+00
   -7.324409E+01   -1.811487E+00
   -7.324548E+01   -1.807126E+00
   -7.328268E+01   -1.809148E+00
   -7.329276E+01   -1.802760E+00
   -7.330569E+01   -1.818686E+00
   -7.329752E+01   -1.855431E+00
   -7.331441E+01   -1.854823E+00
   -7.332616E+01   -1.835798E+00
   -7.339478E+01   -1.808999E+00
   -7.340935E+01   -1.819413E+00
   -7.342419E+01   -1.817414E+00
   -7.343209E+01   -1.791013E+00
   -7.346349E+01   -1.766101E+00
   -7.348860E+01   -1.766447E+00
   -7.353398E+01   -1.728725E+00
   -7.349785E+01   -1.648329E+00
   -7.346148E+01   -1.616438E+00
   -7.346203E+01   -1.597131E+00
   -7.348597E+01   -1.602760E+00
   -7.349334E+01   -1.589692E+00
   -7.348162E+01   -1.558606E+00
   -7.349679E+01   -1.536840E+00
   -7.348888E+01   -1.520253E+00
   -7.350000E+01   -1.508242E+00
   -7.351795E+01   -1.502459E+00
   -7.353873E+01   -1.452448E+00
   -7.357342E+01   -1.452835E+00
   -7.358646E+01   -1.445080E+00
   -7.358330E+01   -1.439319E+00
   -7.355865E+01   -1.439897E+00
   -7.355228E+01   -1.433203E+00
   -7.358063E+01   -1.376792E+00
   -7.357441E+01   -1.339992E+00
   -7.359444E+01   -1.349735E+00
   -7.361570E+01   -1.343165E+00
   -7.362763E+01   -1.279329E+00
   -7.364835E+01   -1.288155E+00
   -7.368501E+01   -1.257522E+00
   -7.371392E+01   -1.270518E+00
   -7.373151E+01   -1.267377E+00
   -7.374044E+01   -1.258683E+00
   -7.374540E+01   -1.221246E+00
   -7.375452E+01   -1.222665E+00
   -7.376661E+01   -1.273503E+00
   -7.377686E+01   -1.277225E+00
   -7.378648E+01   -1.269912E+00
   -7.378697E+01   -1.261641E+00
   -7.379177E+01   -1.259593E+00
   -7.380293E+01   -1.265845E+00
   -7.381731E+01   -1.262919E+00
   -7.382945E+01   -1.251710E+00
   -7.386644E+01   -1.245890E+00
   -7.390451E+01   -1.149534E+00
   -7.392348E+01   -1.138812E+00
   -7.394283E+01   -1.150610E+00
   -7.396314E+01   -1.148165E+00
   -7.397208E+01   -1.140159E+00
   -7.395828E+01   -1.111150E+00
   -7.396173E+01   -1.105191E+00
   -7.399174E+01   -1.129208E+00
   -7.401276E+01   -1.122629E+00
   -7.402844E+01   -1.080642E+00
   -7.402979E+01   -1.032167E+00
   -7.404076E+01   -1.028074E+00
   -7.405073E+01   -1.042819E+00
   -7.405606E+01   -1.076386E+00
   -7.408594E+01   -1.077882E+00
   -7.416412E+01   -1.034757E+00
   -7.422735E+01   -1.028861E+00
   -7.427971E+01   -9.931440E-01
   -7.426360E+01   -9.701090E-01
   -7.427792E+01   -9.255910E-01
   -7.429026E+01   -9.173660E-01
   -7.431057E+01   -9.158320E-01
   -7.431770E+01   -9.002350E-01
   -7.430499E+01   -8.841090E-01
   -7.427711E+01   -8.996280E-01
   -7.426913E+01   -8.963830E-01
   -7.425771E+01   -8.428140E-01
   -7.428438E+01   -8.472770E-01
   -7.428964E+01   -8.417820E-01
   -7.428571E+01   -7.969730E-01
   -7.429642E+01   -7.981610E-01
   -7.430686E+01   -8.124410E-01
   -7.431829E+01   -8.058210E-01
   -7.431498E+01   -7.773250E-01
   -7.431864E+01   -7.729730E-01
   -7.434326E+01   -7.755890E-01
   -7.437827E+01   -7.449340E-01
   -7.437626E+01   -7.327530E-01
   -7.435416E+01   -7.257830E-01
   -7.434214E+01   -7.094320E-01
   -7.434838E+01   -6.869440E-01
   -7.436827E+01   -6.748420E-01
   -7.437263E+01   -6.645220E-01
   -7.436546E+01   -6.328000E-01
   -7.439001E+01   -5.933850E-01
   -7.439311E+01   -5.550420E-01
   -7.440132E+01   -5.541520E-01
   -7.441723E+01   -5.672980E-01
   -7.442130E+01   -5.154110E-01
   -7.448067E+01   -4.855330E-01
   -7.449272E+01   -4.956780E-01
   -7.449737E+01   -4.722720E-01
   -7.451991E+01   -4.794660E-01
   -7.457512E+01   -3.997400E-01
   -7.460546E+01   -3.920330E-01
   -7.460327E+01   -3.660800E-01
   -7.463269E+01   -3.613530E-01
   -7.465603E+01   -3.350240E-01
   -7.471030E+01   -3.262420E-01
   -7.472540E+01   -3.095280E-01
   -7.480112E+01   -2.897860E-01
   -7.477637E+01   -2.639970E-01
   -7.478017E+01   -2.144200E-01
   -7.481434E+01   -1.513940E-01
   -7.484034E+01   -1.418310E-01
   -7.485939E+01   -1.705820E-01
   -7.489532E+01   -1.950210E-01
   -7.495490E+01   -1.670510E-01
   -7.503234E+01   -9.142200E-02
   -7.512273E+01   -3.543000E-02
   -7.518951E+01   -2.275000E-02
   -7.519933E+01   -1.497200E-02
   -7.523053E+01   -1.872300E-02
   -7.527113E+01   -8.446800E-02
   -7.528820E+01   -9.369100E-02
   -7.542632E+01   -7.266800E-02
   -7.552214E+01   -1.939900E-02
   -7.556931E+01   -1.536800E-02
   -7.558094E+01   -7.589000E-03
   -7.558104E+01   0.000000E+00
   -7.553484E+01   0.000000E+00
   -7.560828E+01   7.024300E-02
   -7.574071E+01   6.601700E-02
   -7.580173E+01   9.281300E-02
   -7.590914E+01   1.826220E-01
   -7.604015E+01   3.494030E-01
   -7.606203E+01   3.556540E-01
   -7.608644E+01   3.453770E-01
   -7.609738E+01   3.470090E-01
   -7.611305E+01   3.812600E-01
   -7.613219E+01   3.939330E-01
   -7.621745E+01   4.016960E-01
   -7.626915E+01   4.410740E-01
   -7.631591E+01   4.306050E-01
   -7.633692E+01   4.051560E-01
   -7.638550E+01   3.969840E-01
   -7.640261E+01   3.841570E-01
   -7.639867E+01   2.537250E-01
   -7.640438E+01   2.479960E-01
   -7.642764E+01   2.464320E-01
   -7.644061E+01   2.620700E-01
   -7.644952E+01   2.531310E-01
   -7.649306E+01   2.474700E-01
   -7.654229E+01   2.583480E-01
   -7.659993E+01   2.343360E-01
   -7.662272E+01   2.483980E-01
   -7.662601E+01   2.578080E-01
   -7.664467E+01   2.655910E-01
   -7.665734E+01   2.585230E-01
   -7.667079E+01   2.752740E-01
   -7.671498E+01   2.770680E-01
   -7.672886E+01   2.856710E-01
   -7.675814E+01   2.746780E-01
   -7.675919E+01   2.682050E-01
   -7.675422E+01   2.642220E-01
   -7.675486E+01   2.562850E-01
   -7.678578E+01   2.536520E-01
   -7.678702E+01   2.586690E-01
   -7.680318E+01   2.649790E-01
   -7.683225E+01   2.541920E-01
   -7.684224E+01   2.423100E-01
   -7.699024E+01   2.679520E-01
   -7.701380E+01   2.810630E-01
   -7.702933E+01   2.724380E-01
   -7.705420E+01   2.852400E-01
   -7.707868E+01   2.859230E-01
   -7.708675E+01   3.016110E-01
   -7.708258E+01   3.107940E-01
   -7.712314E+01   3.721010E-01
   -7.717792E+01   3.751480E-01
   -7.725369E+01   3.516080E-01
   -7.737801E+01   3.863410E-01
   -7.739442E+01   3.597150E-01
   -7.742269E+01   3.815490E-01
   -7.746455E+01   3.949140E-01
   -7.749228E+01   5.423080E-01
   -7.748037E+01   5.997550E-01
   -7.752639E+01   6.483230E-01
   -7.755421E+01   6.454200E-01
   -7.761472E+01   6.793040E-01
   -7.765145E+01   7.160720E-01
   -7.768977E+01   7.209090E-01
   -7.770187E+01   7.441140E-01
   -7.765170E+01   7.893530E-01
   -7.765512E+01   8.015310E-01
   -7.770367E+01   8.361000E-01
   -7.772007E+01   8.384240E-01
   -7.780376E+01   8.176430E-01
   -7.780944E+01   8.089490E-01
   -7.784583E+01   7.965230E-01
   -7.797404E+01   8.178940E-01
   -7.812193E+01   9.139110E-01
   -7.819774E+01   9.924480E-01
   -7.834704E+01   1.044840E+00
   -7.841265E+01   1.106982E+00
   -7.843632E+01   1.149025E+00
   -7.849717E+01   1.185862E+00
   -7.854574E+01   1.192902E+00
   -7.858482E+01   1.230104E+00
   -7.860857E+01   1.239507E+00
   -7.867392E+01   1.294611E+00
   -7.869545E+01   1.344007E+00
   -7.872537E+01   1.355931E+00
   -7.873385E+01   1.376839E+00
   -7.876767E+01   1.399101E+00
   -7.878741E+01   1.426669E+00
   -7.880216E+01   1.424581E+00
   -7.957558E+01   2.126488E+00
   -7.968074E+01   2.312363E+00
   -7.950434E+01   2.525476E+00
   -7.780325E+01   7.467023E+00
   -7.779197E+01   7.457376E+00
   -7.775771E+01   7.465406E+00
   -7.772414E+01   7.495708E+00
   -7.771886E+01   7.508337E+00
   -7.776859E+01   7.636698E+00
   -7.774377E+01   7.724391E+00
   -7.772307E+01   7.729436E+00
   -7.767175E+01   7.674093E+00
   -7.761054E+01   7.538379E+00
   -7.757949E+01   7.507367E+00
   -7.748888E+01   7.613630E+00
   -7.747853E+01   7.647375E+00
   -7.745300E+01   7.659757E+00
   -7.744909E+01   7.685008E+00
   -7.741987E+01   7.718278E+00
   -7.739986E+01   7.725381E+00
   -7.737386E+01   7.722838E+00
   -7.735776E+01   7.733157E+00
   -7.731681E+01   7.740014E+00
   -7.731335E+01   7.751029E+00
   -7.735291E+01   7.843107E+00
   -7.734991E+01   7.873862E+00
   -7.731425E+01   7.912395E+00
   -7.717687E+01   7.926277E+00
   -7.718607E+01   7.963465E+00
   -7.717892E+01   7.979983E+00
   -7.722210E+01   8.036658E+00
   -7.722626E+01   8.054558E+00
   -7.721897E+01   8.097947E+00
   -7.722733E+01   8.143389E+00
   -7.724601E+01   8.161046E+00
   -7.724443E+01   8.179642E+00
   -7.726384E+01   8.220024E+00
   -7.729401E+01   8.226646E+00
   -7.730721E+01   8.261526E+00
   -7.732082E+01   8.273217E+00
   -7.732270E+01   8.296633E+00
   -7.734235E+01   8.333800E+00
   -7.733414E+01   8.372615E+00
   -7.740072E+01   8.471941E+00
   -7.744180E+01   8.472981E+00
   -7.744234E+01   8.475955E+00
   -7.742934E+01   8.490494E+00
   -7.744694E+01   8.523991E+00
   -7.739414E+01   8.624209E+00
   -7.739372E+01   8.643044E+00
   -7.736030E+01   8.651133E+00
   -7.736010E+01   8.665833E+00
   -7.561886E+01   1.126237E+01
   -7.503364E+01   1.167138E+01
   -7.249848E+01   1.287378E+01
   -7.164759E+01   1.311676E+01
END
END
