none
1
   5.406329E+00   4.961850E+01
   5.431412E+00   4.960791E+01
   5.482051E+00   4.952815E+01
   5.492943E+00   4.951979E+01
   5.506660E+00   4.952042E+01
   5.554010E+00   4.954025E+01
   5.593110E+00   4.953424E+01
   5.607602E+00   4.953761E+01
   5.640997E+00   4.956095E+01
   5.706759E+00   4.955267E+01
   5.715782E+00   4.955361E+01
   5.775261E+00   4.957414E+01
   5.839902E+00   4.955321E+01
   5.861263E+00   4.952038E+01
   5.875997E+00   4.951140E+01
   5.975162E+00   4.950129E+01
   5.998015E+00   4.947317E+01
   6.016266E+00   4.946597E+01
   6.086350E+00   4.947562E+01
   6.093186E+00   4.947787E+01
   6.173966E+00   4.952187E+01
   6.246435E+00   4.952511E+01
   6.333999E+00   4.948235E+01
   6.344229E+00   4.948037E+01
   6.435145E+00   4.948700E+01
   6.545100E+00   4.944384E+01
   6.606389E+00   4.937868E+01
   6.604972E+00   4.933739E+01
   6.616267E+00   4.931869E+01
   6.670133E+00   4.929269E+01
   6.729955E+00   4.922917E+01
   6.743276E+00   4.919086E+01
   6.760259E+00   4.917752E+01
   6.809042E+00   4.917284E+01
   6.824733E+00   4.917826E+01
   6.830928E+00   4.919366E+01
   6.829819E+00   4.921802E+01
   6.851186E+00   4.923136E+01
   6.884528E+00   4.922390E+01
   6.893221E+00   4.922389E+01
   6.937527E+00   4.923369E+01
   7.040549E+00   4.919794E+01
   7.046296E+00   4.917503E+01
   7.054777E+00   4.916313E+01
   7.069081E+00   4.916018E+01
   7.104945E+00   4.916634E+01
   7.143153E+00   4.914159E+01
   7.153499E+00   4.913839E+01
   7.286827E+00   4.913488E+01
   7.298930E+00   4.913856E+01
   7.360948E+00   4.918259E+01
   7.450116E+00   4.919517E+01
   7.501130E+00   4.917672E+01
   7.543788E+00   4.910572E+01
   7.557903E+00   4.909626E+01
   7.629604E+00   4.908527E+01
   7.646160E+00   4.906830E+01
   7.638807E+00   4.905761E+01
   7.640105E+00   4.904654E+01
   7.613074E+00   4.902099E+01
   7.611378E+00   4.901680E+01
   7.613111E+00   4.901111E+01
   7.594355E+00   4.899271E+01
   7.594587E+00   4.898405E+01
   7.585168E+00   4.897203E+01
   7.586030E+00   4.896445E+01
   7.579177E+00   4.895488E+01
   7.568457E+00   4.895141E+01
   7.559233E+00   4.894360E+01
   7.557698E+00   4.893356E+01
   7.534126E+00   4.893033E+01
   7.526370E+00   4.893911E+01
   7.518731E+00   4.893787E+01
   7.499028E+00   4.894236E+01
   7.482807E+00   4.894933E+01
   7.476013E+00   4.895903E+01
   7.463865E+00   4.895898E+01
   7.449034E+00   4.896375E+01
   7.430693E+00   4.895848E+01
   7.407983E+00   4.895662E+01
   7.387885E+00   4.894915E+01
   7.370456E+00   4.894935E+01
   7.358433E+00   4.895309E+01
   7.345746E+00   4.894634E+01
   7.336285E+00   4.894601E+01
   7.325113E+00   4.894126E+01
   7.302513E+00   4.895351E+01
   7.288163E+00   4.895488E+01
   7.288116E+00   4.896907E+01
   7.284688E+00   4.897214E+01
   7.239092E+00   4.898502E+01
   7.209407E+00   4.897772E+01
   7.194355E+00   4.899132E+01
   7.182186E+00   4.899285E+01
   7.179777E+00   4.899938E+01
   7.174421E+00   4.900284E+01
   7.161353E+00   4.899989E+01
   7.154747E+00   4.900330E+01
   7.124991E+00   4.900372E+01
   7.123962E+00   4.901276E+01
   7.119071E+00   4.901772E+01
   7.118857E+00   4.902550E+01
   7.112591E+00   4.902897E+01
   7.110894E+00   4.903733E+01
   7.103810E+00   4.904413E+01
   7.099322E+00   4.906698E+01
   7.095098E+00   4.907006E+01
   7.084498E+00   4.906626E+01
   7.076155E+00   4.906886E+01
   7.071778E+00   4.906520E+01
   7.072755E+00   4.906001E+01
   7.080840E+00   4.904956E+01
   7.056793E+00   4.902788E+01
   7.053887E+00   4.901727E+01
   7.056350E+00   4.900829E+01
   7.036988E+00   4.898683E+01
   7.043702E+00   4.897636E+01
   7.040444E+00   4.897070E+01
   7.031674E+00   4.896832E+01
   7.034022E+00   4.895425E+01
   6.993586E+00   4.895513E+01
   6.980938E+00   4.893137E+01
   6.961586E+00   4.892106E+01
   6.967188E+00   4.890461E+01
   6.963569E+00   4.889875E+01
   6.965103E+00   4.889478E+01
   6.989468E+00   4.889372E+01
   7.026808E+00   4.888296E+01
   7.042649E+00   4.887579E+01
   7.049144E+00   4.887603E+01
   7.051310E+00   4.887116E+01
   7.061078E+00   4.886315E+01
   7.077536E+00   4.886652E+01
   7.097575E+00   4.886423E+01
   7.102178E+00   4.885525E+01
   7.098697E+00   4.884879E+01
   7.078168E+00   4.884279E+01
   7.064390E+00   4.884596E+01
   7.055253E+00   4.884203E+01
   7.057055E+00   4.883362E+01
   7.052474E+00   4.882265E+01
   7.053802E+00   4.881793E+01
   7.075568E+00   4.881750E+01
   7.090862E+00   4.881192E+01
   7.090580E+00   4.880470E+01
   7.073239E+00   4.879838E+01
   7.072810E+00   4.879445E+01
   7.077030E+00   4.879053E+01
   7.117426E+00   4.880229E+01
   7.123258E+00   4.881471E+01
   7.142624E+00   4.882325E+01
   7.139098E+00   4.883336E+01
   7.140230E+00   4.884069E+01
   7.149143E+00   4.884717E+01
   7.169033E+00   4.884572E+01
   7.186795E+00   4.885257E+01
   7.197492E+00   4.884136E+01
   7.195428E+00   4.883442E+01
   7.197656E+00   4.883104E+01
   7.212917E+00   4.882895E+01
   7.220468E+00   4.883172E+01
   7.227769E+00   4.883087E+01
   7.245743E+00   4.882015E+01
   7.260452E+00   4.882394E+01
   7.265222E+00   4.881755E+01
   7.255638E+00   4.881356E+01
   7.255511E+00   4.880817E+01
   7.262919E+00   4.880333E+01
   7.270902E+00   4.880485E+01
   7.289100E+00   4.879954E+01
   7.293387E+00   4.879528E+01
   7.295765E+00   4.878609E+01
   7.316693E+00   4.876605E+01
   7.312388E+00   4.875970E+01
   7.297073E+00   4.875035E+01
   7.288938E+00   4.873048E+01
   7.268497E+00   4.870741E+01
   7.265840E+00   4.869620E+01
   7.261137E+00   4.869196E+01
   7.251285E+00   4.869113E+01
   7.250947E+00   4.868438E+01
   7.263351E+00   4.867387E+01
   7.268388E+00   4.866524E+01
   7.303270E+00   4.866245E+01
   7.306381E+00   4.865941E+01
   7.295469E+00   4.864571E+01
   7.287627E+00   4.864135E+01
   7.281541E+00   4.863399E+01
   7.280846E+00   4.862353E+01
   7.262847E+00   4.860122E+01
   7.267592E+00   4.859077E+01
   7.251720E+00   4.858181E+01
   7.220332E+00   4.855107E+01
   7.196585E+00   4.854807E+01
   7.187936E+00   4.853539E+01
   7.174394E+00   4.853057E+01
   7.168017E+00   4.852507E+01
   7.153610E+00   4.852756E+01
   7.147806E+00   4.852420E+01
   7.135059E+00   4.852522E+01
   7.115604E+00   4.853435E+01
   7.091323E+00   4.852682E+01
   7.079763E+00   4.853280E+01
   7.073430E+00   4.852832E+01
   7.073947E+00   4.852331E+01
   7.079664E+00   4.851904E+01
   7.094334E+00   4.851818E+01
   7.103658E+00   4.852169E+01
   7.110633E+00   4.851721E+01
   7.125216E+00   4.851563E+01
   7.138371E+00   4.849812E+01
   7.135217E+00   4.849494E+01
   7.122544E+00   4.849782E+01
   7.097411E+00   4.849656E+01
   7.098954E+00   4.849095E+01
   7.108101E+00   4.849143E+01
   7.119840E+00   4.848684E+01
   7.121349E+00   4.847380E+01
   7.114450E+00   4.846759E+01
   7.107630E+00   4.845462E+01
   7.111793E+00   4.843784E+01
   7.100846E+00   4.843057E+01
   7.097942E+00   4.841009E+01
   7.099716E+00   4.840503E+01
   7.094241E+00   4.839981E+01
   7.096576E+00   4.839528E+01
   7.106189E+00   4.839008E+01
   7.111703E+00   4.837814E+01
   7.092846E+00   4.836434E+01
   7.087509E+00   4.835410E+01
   7.110402E+00   4.834579E+01
   7.120277E+00   4.833584E+01
   7.151924E+00   4.833587E+01
   7.168859E+00   4.834404E+01
   7.185068E+00   4.834137E+01
   7.187564E+00   4.833599E+01
   7.184651E+00   4.832993E+01
   7.193431E+00   4.832658E+01
   7.200712E+00   4.830960E+01
   7.194977E+00   4.830002E+01
   7.178370E+00   4.829564E+01
   7.178998E+00   4.828772E+01
   7.165220E+00   4.827848E+01
   7.160679E+00   4.826650E+01
   7.144419E+00   4.825570E+01
   7.136647E+00   4.824440E+01
   7.131814E+00   4.822675E+01
   7.119734E+00   4.820674E+01
   7.111587E+00   4.820093E+01
   7.107250E+00   4.819197E+01
   7.087238E+00   4.817953E+01
   7.081465E+00   4.816295E+01
   7.064522E+00   4.814267E+01
   7.063956E+00   4.813845E+01
   7.070911E+00   4.813262E+01
   7.086495E+00   4.813042E+01
   7.085809E+00   4.812033E+01
   7.078320E+00   4.810678E+01
   7.072321E+00   4.810418E+01
   7.053118E+00   4.808087E+01
   7.033561E+00   4.807153E+01
   7.026039E+00   4.805475E+01
   7.020737E+00   4.805242E+01
   7.014936E+00   4.804438E+01
   7.018081E+00   4.803592E+01
   7.003832E+00   4.802055E+01
   6.993005E+00   4.801772E+01
   6.983992E+00   4.800793E+01
   6.974749E+00   4.800600E+01
   6.962681E+00   4.799827E+01
   6.953122E+00   4.799987E+01
   6.946922E+00   4.799664E+01
   6.946055E+00   4.797951E+01
   6.932740E+00   4.796869E+01
   6.924293E+00   4.794559E+01
   6.928320E+00   4.793060E+01
   6.924560E+00   4.792276E+01
   6.928703E+00   4.791819E+01
   6.931361E+00   4.790897E+01
   6.920057E+00   4.789662E+01
   6.907903E+00   4.788991E+01
   6.912125E+00   4.788247E+01
   6.909249E+00   4.787651E+01
   6.910629E+00   4.786842E+01
   6.921111E+00   4.785922E+01
   6.921957E+00   4.784813E+01
   6.906450E+00   4.784188E+01
   6.896161E+00   4.783037E+01
   6.869174E+00   4.782654E+01
   6.858137E+00   4.782074E+01
   6.841823E+00   4.782132E+01
   6.834246E+00   4.781529E+01
   6.820880E+00   4.781188E+01
   6.790582E+00   4.782867E+01
   6.786186E+00   4.783426E+01
   6.788470E+00   4.784180E+01
   6.782650E+00   4.784811E+01
   6.764437E+00   4.785106E+01
   6.757655E+00   4.785646E+01
   6.736830E+00   4.785890E+01
   6.701885E+00   4.787927E+01
   6.666433E+00   4.789120E+01
   6.643322E+00   4.790224E+01
   6.636954E+00   4.790949E+01
   6.636435E+00   4.791693E+01
   6.624856E+00   4.792720E+01
   6.614827E+00   4.793079E+01
   6.604219E+00   4.794139E+01
   6.591982E+00   4.793996E+01
   6.567749E+00   4.793090E+01
   6.553976E+00   4.791027E+01
   6.547958E+00   4.790720E+01
   6.543742E+00   4.790032E+01
   6.504600E+00   4.789394E+01
   6.478012E+00   4.788286E+01
   6.454524E+00   4.790527E+01
   6.455779E+00   4.791632E+01
   6.446187E+00   4.792019E+01
   6.431905E+00   4.793917E+01
   6.407454E+00   4.794078E+01
   6.401323E+00   4.795103E+01
   6.387185E+00   4.795679E+01
   6.366582E+00   4.795862E+01
   6.345334E+00   4.795175E+01
   6.332434E+00   4.795160E+01
   6.323409E+00   4.794604E+01
   6.306566E+00   4.794764E+01
   6.293834E+00   4.795294E+01
   6.282118E+00   4.795220E+01
   6.251805E+00   4.793698E+01
   6.243920E+00   4.793604E+01
   6.238742E+00   4.793041E+01
   6.223238E+00   4.793242E+01
   6.215014E+00   4.792797E+01
   6.205480E+00   4.792940E+01
   6.202756E+00   4.793321E+01
   6.205069E+00   4.794114E+01
   6.203591E+00   4.794388E+01
   6.196165E+00   4.794517E+01
   6.192154E+00   4.795053E+01
   6.184228E+00   4.795222E+01
   6.167369E+00   4.794982E+01
   6.157140E+00   4.796084E+01
   6.148042E+00   4.796387E+01
   6.147928E+00   4.797118E+01
   6.157606E+00   4.797801E+01
   6.155722E+00   4.798830E+01
   6.149965E+00   4.799358E+01
   6.151739E+00   4.800606E+01
   6.144327E+00   4.801339E+01
   6.128194E+00   4.801885E+01
   6.119262E+00   4.801766E+01
   6.109353E+00   4.801025E+01
   6.097347E+00   4.801232E+01
   6.075489E+00   4.801108E+01
   6.043406E+00   4.800138E+01
   6.036655E+00   4.799693E+01
   6.034861E+00   4.798855E+01
   6.028201E+00   4.798601E+01
   6.027775E+00   4.798004E+01
   6.020796E+00   4.796780E+01
   6.012045E+00   4.796658E+01
   6.008876E+00   4.795722E+01
   6.001976E+00   4.795376E+01
   5.975030E+00   4.795457E+01
   5.970774E+00   4.794610E+01
   5.951016E+00   4.793337E+01
   5.935294E+00   4.793381E+01
   5.926467E+00   4.793768E+01
   5.936467E+00   4.795364E+01
   5.952425E+00   4.796479E+01
   5.951943E+00   4.796892E+01
   5.943358E+00   4.797664E+01
   5.937127E+00   4.797606E+01
   5.923941E+00   4.796883E+01
   5.920245E+00   4.794589E+01
   5.901275E+00   4.794144E+01
   5.898236E+00   4.793778E+01
   5.898840E+00   4.792944E+01
   5.885504E+00   4.792336E+01
   5.866486E+00   4.794200E+01
   5.854861E+00   4.794364E+01
   5.844133E+00   4.796309E+01
   5.830577E+00   4.795484E+01
   5.815988E+00   4.795430E+01
   5.811145E+00   4.794693E+01
   5.806048E+00   4.794473E+01
   5.786770E+00   4.794989E+01
   5.776020E+00   4.797832E+01
   5.787516E+00   4.798687E+01
   5.791246E+00   4.799558E+01
   5.784761E+00   4.800092E+01
   5.783033E+00   4.801155E+01
   5.772373E+00   4.802563E+01
   5.763134E+00   4.802782E+01
   5.757232E+00   4.803592E+01
   5.741503E+00   4.804667E+01
   5.719383E+00   4.804231E+01
   5.716942E+00   4.805235E+01
   5.712328E+00   4.805878E+01
   5.697420E+00   4.806466E+01
   5.693113E+00   4.807191E+01
   5.679981E+00   4.807772E+01
   5.672552E+00   4.807645E+01
   5.663304E+00   4.807956E+01
   5.663421E+00   4.807064E+01
   5.657146E+00   4.806642E+01
   5.645988E+00   4.807018E+01
   5.641277E+00   4.807639E+01
   5.632488E+00   4.807859E+01
   5.626578E+00   4.808405E+01
   5.636546E+00   4.810014E+01
   5.657979E+00   4.811042E+01
   5.654097E+00   4.812168E+01
   5.660714E+00   4.813116E+01
   5.671628E+00   4.813717E+01
   5.683035E+00   4.816248E+01
   5.678069E+00   4.818090E+01
   5.687153E+00   4.818379E+01
   5.696162E+00   4.819173E+01
   5.717197E+00   4.819230E+01
   5.724276E+00   4.819554E+01
   5.715429E+00   4.821294E+01
   5.689136E+00   4.823000E+01
   5.676224E+00   4.822662E+01
   5.640702E+00   4.823945E+01
   5.638889E+00   4.824382E+01
   5.649070E+00   4.825927E+01
   5.648899E+00   4.826740E+01
   5.615243E+00   4.828673E+01
   5.601708E+00   4.828247E+01
   5.587481E+00   4.827160E+01
   5.582654E+00   4.827954E+01
   5.535406E+00   4.831699E+01
   5.522189E+00   4.833286E+01
   5.518476E+00   4.834625E+01
   5.495844E+00   4.835273E+01
   5.480340E+00   4.835334E+01
   5.469606E+00   4.834665E+01
   5.461292E+00   4.834713E+01
   5.444050E+00   4.833410E+01
   5.424032E+00   4.832940E+01
   5.414669E+00   4.834183E+01
   5.416968E+00   4.835097E+01
   5.415068E+00   4.835845E+01
   5.421422E+00   4.836798E+01
   5.430719E+00   4.837360E+01
   5.431281E+00   4.837775E+01
   5.427425E+00   4.837999E+01
   5.405175E+00   4.838113E+01
   5.391270E+00   4.839238E+01
   5.400105E+00   4.839590E+01
   5.410689E+00   4.839576E+01
   5.427610E+00   4.840452E+01
   5.440920E+00   4.841313E+01
   5.445775E+00   4.842105E+01
   5.439398E+00   4.843024E+01
   5.431365E+00   4.842994E+01
   5.406072E+00   4.844503E+01
   5.400999E+00   4.845384E+01
   5.401403E+00   4.846572E+01
   5.397597E+00   4.846993E+01
   5.380092E+00   4.846876E+01
   5.355896E+00   4.847569E+01
   5.346171E+00   4.848129E+01
   5.342001E+00   4.848908E+01
   5.324757E+00   4.850455E+01
   5.315140E+00   4.850628E+01
   5.306912E+00   4.851164E+01
   5.294613E+00   4.850622E+01
   5.284347E+00   4.851186E+01
   5.270221E+00   4.851171E+01
   5.259652E+00   4.851852E+01
   5.228012E+00   4.852759E+01
   5.222237E+00   4.852419E+01
   5.211467E+00   4.852611E+01
   5.204236E+00   4.853482E+01
   5.192929E+00   4.853582E+01
   5.190444E+00   4.854587E+01
   5.172439E+00   4.855365E+01
   5.166608E+00   4.856132E+01
   5.159597E+00   4.856104E+01
   5.153599E+00   4.855731E+01
   5.144151E+00   4.855862E+01
   5.116541E+00   4.858242E+01
   5.112915E+00   4.859112E+01
   5.089211E+00   4.859043E+01
   5.069098E+00   4.859397E+01
   5.056825E+00   4.861329E+01
   5.053277E+00   4.862784E+01
   5.043221E+00   4.862214E+01
   5.032594E+00   4.861069E+01
   5.012913E+00   4.860766E+01
   4.996939E+00   4.861372E+01
   4.991866E+00   4.862199E+01
   4.999976E+00   4.863576E+01
   4.992462E+00   4.864508E+01
   4.990145E+00   4.865650E+01
   4.992731E+00   4.866314E+01
   5.003357E+00   4.866895E+01
   5.004854E+00   4.867595E+01
   5.002471E+00   4.867915E+01
   4.988682E+00   4.868138E+01
   4.985892E+00   4.868456E+01
   4.988043E+00   4.869443E+01
   5.000950E+00   4.869852E+01
   4.994538E+00   4.870932E+01
   5.002562E+00   4.871633E+01
   5.005859E+00   4.872727E+01
   5.003725E+00   4.873566E+01
   4.998596E+00   4.873929E+01
   4.979358E+00   4.874253E+01
   4.975157E+00   4.875120E+01
   4.948119E+00   4.876698E+01
   4.939911E+00   4.877710E+01
   4.932178E+00   4.878140E+01
   4.929189E+00   4.878738E+01
   4.919836E+00   4.878758E+01
   4.887743E+00   4.879613E+01
   4.886022E+00   4.880097E+01
   4.889534E+00   4.881012E+01
   4.886321E+00   4.881763E+01
   4.913272E+00   4.883738E+01
   4.928324E+00   4.884248E+01
   4.917785E+00   4.886278E+01
   4.909270E+00   4.886807E+01
   4.917512E+00   4.888129E+01
   4.918839E+00   4.889080E+01
   4.909960E+00   4.889741E+01
   4.916378E+00   4.890691E+01
   4.928574E+00   4.891382E+01
   4.934794E+00   4.892448E+01
   4.948605E+00   4.893293E+01
   4.970335E+00   4.893106E+01
   4.999943E+00   4.894092E+01
   5.009948E+00   4.894023E+01
   5.011735E+00   4.894755E+01
   5.026925E+00   4.895639E+01
   5.033705E+00   4.897143E+01
   5.030466E+00   4.897620E+01
   5.006989E+00   4.897645E+01
   5.002645E+00   4.897992E+01
   4.995032E+00   4.898031E+01
   4.991465E+00   4.898443E+01
   5.004943E+00   4.899584E+01
   5.027082E+00   4.899805E+01
   5.028974E+00   4.900702E+01
   5.033875E+00   4.901302E+01
   5.028758E+00   4.902469E+01
   5.010079E+00   4.903243E+01
   4.972697E+00   4.901921E+01
   4.963119E+00   4.902085E+01
   4.995905E+00   4.905174E+01
   5.001335E+00   4.906629E+01
   4.996378E+00   4.907716E+01
   4.994940E+00   4.910259E+01
   4.991395E+00   4.911113E+01
   4.970318E+00   4.913461E+01
   4.949247E+00   4.917345E+01
   4.937215E+00   4.918516E+01
   4.949775E+00   4.919595E+01
   4.965161E+00   4.920183E+01
   4.975716E+00   4.920207E+01
   4.984599E+00   4.920983E+01
   4.975416E+00   4.921803E+01
   4.967931E+00   4.923214E+01
   4.950312E+00   4.923445E+01
   4.949188E+00   4.923881E+01
   4.958204E+00   4.924223E+01
   4.964502E+00   4.925030E+01
   4.991569E+00   4.925922E+01
   4.994505E+00   4.926539E+01
   4.999507E+00   4.926793E+01
   5.026391E+00   4.927695E+01
   5.035758E+00   4.927398E+01
   5.047096E+00   4.927660E+01
   5.046983E+00   4.929015E+01
   5.038347E+00   4.929325E+01
   5.035764E+00   4.930221E+01
   5.023204E+00   4.930948E+01
   5.031540E+00   4.931809E+01
   5.024749E+00   4.932658E+01
   5.024597E+00   4.933837E+01
   5.035204E+00   4.934391E+01
   5.051714E+00   4.935887E+01
   5.051262E+00   4.936699E+01
   5.058047E+00   4.937320E+01
   5.087602E+00   4.937376E+01
   5.096240E+00   4.938021E+01
   5.097090E+00   4.939052E+01
   5.078042E+00   4.939955E+01
   5.074621E+00   4.940366E+01
   5.091263E+00   4.941067E+01
   5.096220E+00   4.941686E+01
   5.104118E+00   4.941856E+01
   5.103240E+00   4.943088E+01
   5.097707E+00   4.944301E+01
   5.098985E+00   4.944672E+01
   5.104553E+00   4.944951E+01
   5.104509E+00   4.945504E+01
   5.094415E+00   4.945717E+01
   5.081517E+00   4.946849E+01
   5.079518E+00   4.948223E+01
   5.072018E+00   4.948492E+01
   5.066924E+00   4.949294E+01
   5.056162E+00   4.950167E+01
   5.057014E+00   4.950698E+01
   5.060737E+00   4.950986E+01
   5.076690E+00   4.951221E+01
   5.089463E+00   4.952784E+01
   5.089996E+00   4.953152E+01
   5.085735E+00   4.953712E+01
   5.086219E+00   4.954595E+01
   5.095648E+00   4.955972E+01
   5.103421E+00   4.956004E+01
   5.107117E+00   4.956408E+01
   5.107245E+00   4.956960E+01
   5.102517E+00   4.957748E+01
   5.111643E+00   4.959418E+01
   5.119279E+00   4.959569E+01
   5.146183E+00   4.959272E+01
   5.152674E+00   4.958754E+01
   5.157234E+00   4.957636E+01
   5.167162E+00   4.956670E+01
   5.184021E+00   4.957201E+01
   5.198984E+00   4.957084E+01
   5.208133E+00   4.957723E+01
   5.235770E+00   4.957184E+01
   5.241019E+00   4.956265E+01
   5.255802E+00   4.955777E+01
   5.265506E+00   4.954646E+01
   5.276296E+00   4.954743E+01
   5.283325E+00   4.955512E+01
   5.303898E+00   4.955991E+01
   5.314521E+00   4.956987E+01
   5.316366E+00   4.957552E+01
   5.328028E+00   4.958298E+01
   5.339232E+00   4.959705E+01
   5.344208E+00   4.959682E+01
   5.352277E+00   4.959148E+01
   5.375145E+00   4.959553E+01
   5.379389E+00   4.960675E+01
   5.386988E+00   4.961627E+01
   5.395143E+00   4.961949E+01
   5.406329E+00   4.961850E+01
END
END
