none
1
   1.039272E+01   4.897675E+01
   1.038586E+01   4.898371E+01
   1.034786E+01   4.900356E+01
   1.030250E+01   4.902394E+01
   1.027977E+01   4.902997E+01
   1.026466E+01   4.903233E+01
   1.025043E+01   4.903805E+01
   1.024438E+01   4.904834E+01
   1.023891E+01   4.906127E+01
   1.023361E+01   4.906899E+01
   1.022491E+01   4.907785E+01
   1.020956E+01   4.908892E+01
   1.020216E+01   4.909713E+01
   1.021362E+01   4.911533E+01
   1.025063E+01   4.913791E+01
   1.021581E+01   4.915871E+01
   1.020108E+01   4.915108E+01
   1.012269E+01   4.919741E+01
   1.010738E+01   4.926148E+01
   1.013316E+01   4.929252E+01
   1.012512E+01   4.931760E+01
   1.010954E+01   4.932445E+01
   1.010212E+01   4.933575E+01
   1.009995E+01   4.934295E+01
   1.009954E+01   4.935050E+01
   1.010143E+01   4.936827E+01
   1.010402E+01   4.937669E+01
   1.011075E+01   4.938613E+01
   1.014715E+01   4.939503E+01
   1.013493E+01   4.940370E+01
   1.014493E+01   4.940712E+01
   1.012766E+01   4.942954E+01
   1.009321E+01   4.944710E+01
   1.009281E+01   4.945502E+01
   1.011091E+01   4.947285E+01
   1.009585E+01   4.948139E+01
   1.009739E+01   4.950032E+01
   1.011377E+01   4.950800E+01
   1.008161E+01   4.950881E+01
   1.007797E+01   4.951273E+01
   1.007668E+01   4.951479E+01
   1.007555E+01   4.952447E+01
   1.008480E+01   4.953759E+01
   1.008179E+01   4.953864E+01
   1.007450E+01   4.955622E+01
   1.006804E+01   4.957368E+01
   1.006565E+01   4.959472E+01
   1.009773E+01   4.962101E+01
   1.011377E+01   4.962483E+01
   1.015248E+01   4.961300E+01
   1.016760E+01   4.959496E+01
   1.019176E+01   4.961133E+01
   1.019268E+01   4.962925E+01
   1.021941E+01   4.963581E+01
   1.030422E+01   4.962913E+01
   1.037723E+01   4.963665E+01
   1.034534E+01   4.967807E+01
   1.033003E+01   4.969727E+01
   1.033520E+01   4.970729E+01
   1.041687E+01   4.974900E+01
   1.043808E+01   4.975234E+01
   1.054759E+01   4.975817E+01
   1.064568E+01   4.974209E+01
   1.066301E+01   4.972684E+01
   1.069712E+01   4.973887E+01
   1.066559E+01   4.975782E+01
   1.071205E+01   4.979103E+01
   1.072902E+01   4.978842E+01
   1.078488E+01   4.976544E+01
   1.081088E+01   4.974233E+01
   1.083116E+01   4.975377E+01
   1.086766E+01   4.977282E+01
   1.093035E+01   4.978949E+01
   1.093828E+01   4.978413E+01
   1.093477E+01   4.976603E+01
   1.093865E+01   4.974733E+01
   1.094584E+01   4.972851E+01
   1.096667E+01   4.971742E+01
   1.095764E+01   4.971027E+01
   1.093164E+01   4.970741E+01
   1.093957E+01   4.970264E+01
   1.097128E+01   4.969202E+01
   1.101522E+01   4.968555E+01
   1.105616E+01   4.968403E+01
   1.106659E+01   4.965990E+01
   1.108301E+01   4.962766E+01
   1.110778E+01   4.960248E+01
   1.114429E+01   4.959403E+01
   1.115355E+01   4.959115E+01
   1.116756E+01   4.959121E+01
   1.118895E+01   4.959115E+01
   1.119844E+01   4.959378E+01
   1.120665E+01   4.960245E+01
   1.121199E+01   4.960687E+01
   1.121928E+01   4.961224E+01
   1.122665E+01   4.960961E+01
   1.123744E+01   4.959982E+01
   1.125366E+01   4.959904E+01
   1.125809E+01   4.960567E+01
   1.126371E+01   4.960788E+01
   1.128205E+01   4.960681E+01
   1.128500E+01   4.961905E+01
   1.129671E+01   4.963111E+01
   1.133017E+01   4.964383E+01
   1.133460E+01   4.965189E+01
   1.134474E+01   4.966311E+01
   1.136318E+01   4.966866E+01
   1.137728E+01   4.967087E+01
   1.138060E+01   4.966705E+01
   1.138917E+01   4.965469E+01
   1.139830E+01   4.963756E+01
   1.141462E+01   4.962640E+01
   1.142918E+01   4.962938E+01
   1.145979E+01   4.963613E+01
   1.147352E+01   4.964652E+01
   1.150339E+01   4.964968E+01
   1.151261E+01   4.965052E+01
   1.154036E+01   4.964682E+01
   1.155769E+01   4.965261E+01
   1.155483E+01   4.965923E+01
   1.155474E+01   4.967313E+01
   1.153778E+01   4.969353E+01
   1.155225E+01   4.969961E+01
   1.155621E+01   4.971726E+01
   1.156331E+01   4.971660E+01
   1.156645E+01   4.970569E+01
   1.156534E+01   4.969472E+01
   1.156534E+01   4.968882E+01
   1.156755E+01   4.968208E+01
   1.157751E+01   4.966854E+01
   1.157760E+01   4.966233E+01
   1.157511E+01   4.964968E+01
   1.158922E+01   4.964377E+01
   1.159991E+01   4.963517E+01
   1.160553E+01   4.962240E+01
   1.159438E+01   4.961021E+01
   1.156921E+01   4.960812E+01
   1.157898E+01   4.957788E+01
   1.155575E+01   4.956946E+01
   1.155695E+01   4.956228E+01
   1.154174E+01   4.955798E+01
   1.153132E+01   4.956043E+01
   1.151823E+01   4.955427E+01
   1.152377E+01   4.954889E+01
   1.153501E+01   4.954745E+01
   1.154976E+01   4.954530E+01
   1.155244E+01   4.954051E+01
   1.155207E+01   4.953788E+01
   1.154617E+01   4.953579E+01
   1.154875E+01   4.953261E+01
   1.154930E+01   4.951682E+01
   1.153593E+01   4.951227E+01
   1.154008E+01   4.950658E+01
   1.156838E+01   4.950514E+01
   1.156765E+01   4.949898E+01
   1.156599E+01   4.949712E+01
   1.157124E+01   4.949239E+01
   1.157935E+01   4.948988E+01
   1.159346E+01   4.948586E+01
   1.159171E+01   4.947994E+01
   1.159825E+01   4.947335E+01
   1.159392E+01   4.946592E+01
   1.158055E+01   4.945004E+01
   1.156258E+01   4.943481E+01
   1.155898E+01   4.942684E+01
   1.156110E+01   4.941551E+01
   1.155234E+01   4.940993E+01
   1.153695E+01   4.940735E+01
   1.149159E+01   4.941689E+01
   1.148053E+01   4.942300E+01
   1.146560E+01   4.942024E+01
   1.145638E+01   4.942348E+01
   1.145306E+01   4.941904E+01
   1.146449E+01   4.941449E+01
   1.146320E+01   4.940933E+01
   1.143702E+01   4.939277E+01
   1.142135E+01   4.937309E+01
   1.138337E+01   4.934751E+01
   1.139480E+01   4.934078E+01
   1.138466E+01   4.932540E+01
   1.135682E+01   4.931411E+01
   1.132971E+01   4.929944E+01
   1.129892E+01   4.930954E+01
   1.126998E+01   4.931170E+01
   1.126666E+01   4.931940E+01
   1.125394E+01   4.932012E+01
   1.125412E+01   4.930690E+01
   1.124398E+01   4.930497E+01
   1.122075E+01   4.931194E+01
   1.119549E+01   4.929932E+01
   1.120305E+01   4.929391E+01
   1.122001E+01   4.929355E+01
   1.122776E+01   4.928213E+01
   1.124951E+01   4.927551E+01
   1.128823E+01   4.927647E+01
   1.129487E+01   4.926661E+01
   1.129487E+01   4.925650E+01
   1.130741E+01   4.924134E+01
   1.132713E+01   4.920015E+01
   1.131644E+01   4.920172E+01
   1.127219E+01   4.920738E+01
   1.127938E+01   4.919015E+01
   1.132013E+01   4.917991E+01
   1.131460E+01   4.916279E+01
   1.133008E+01   4.915556E+01
   1.132935E+01   4.911973E+01
   1.135553E+01   4.911913E+01
   1.136309E+01   4.911261E+01
   1.137101E+01   4.909921E+01
   1.136511E+01   4.909414E+01
   1.138263E+01   4.908787E+01
   1.139959E+01   4.907289E+01
   1.142227E+01   4.906105E+01
   1.143001E+01   4.904957E+01
   1.141932E+01   4.904849E+01
   1.141674E+01   4.903374E+01
   1.138410E+01   4.901404E+01
   1.135755E+01   4.901307E+01
   1.132640E+01   4.899480E+01
   1.129966E+01   4.900315E+01
   1.127569E+01   4.900291E+01
   1.125928E+01   4.901440E+01
   1.124527E+01   4.904643E+01
   1.120434E+01   4.904317E+01
   1.118922E+01   4.902951E+01
   1.119346E+01   4.901766E+01
   1.118535E+01   4.901065E+01
   1.117005E+01   4.900944E+01
   1.116230E+01   4.899226E+01
   1.114221E+01   4.896068E+01
   1.108745E+01   4.895995E+01
   1.105758E+01   4.893186E+01
   1.107915E+01   4.891478E+01
   1.107122E+01   4.890926E+01
   1.103343E+01   4.888514E+01
   1.097627E+01   4.887399E+01
   1.096705E+01   4.885628E+01
   1.096355E+01   4.885325E+01
   1.092410E+01   4.886247E+01
   1.086657E+01   4.887278E+01
   1.085182E+01   4.888369E+01
   1.083836E+01   4.889351E+01
   1.082103E+01   4.889351E+01
   1.080389E+01   4.890745E+01
   1.082232E+01   4.891811E+01
   1.080296E+01   4.893870E+01
   1.078139E+01   4.892671E+01
   1.078065E+01   4.891690E+01
   1.077181E+01   4.891217E+01
   1.074526E+01   4.892199E+01
   1.072737E+01   4.889957E+01
   1.071612E+01   4.889702E+01
   1.069363E+01   4.890308E+01
   1.067003E+01   4.891120E+01
   1.066303E+01   4.892356E+01
   1.068478E+01   4.894100E+01
   1.068552E+01   4.895626E+01
   1.067409E+01   4.897163E+01
   1.066634E+01   4.898059E+01
   1.065067E+01   4.898131E+01
   1.063519E+01   4.897914E+01
   1.062523E+01   4.899269E+01
   1.063611E+01   4.901216E+01
   1.062726E+01   4.901676E+01
   1.061288E+01   4.901119E+01
   1.060237E+01   4.901639E+01
   1.059131E+01   4.903284E+01
   1.055314E+01   4.902788E+01
   1.055775E+01   4.902171E+01
   1.054724E+01   4.900527E+01
   1.051424E+01   4.900200E+01
   1.044455E+01   4.900224E+01
   1.043145E+01   4.899305E+01
   1.043551E+01   4.898301E+01
   1.042792E+01   4.897665E+01
   1.039272E+01   4.897675E+01
END
END
