Архангельская область
1
	43.8764742592	67.3378553417
	43.8773451411	67.3374272352
	43.8809133172	67.3376987678
	43.8827936087	67.3381637489
	43.89088218	67.3399673217
	43.9024949689	67.3418846009
	43.9034372212	67.34200612
	43.9082704426	67.3426164715
	43.9090948057	67.3427186408
	43.9200124692	67.3440461555
	43.9299591749	67.3449761285
	43.9417228699	67.345361232
	43.9477484603	67.3452602728
	43.95594243	67.3449856146
	43.9616805346	67.3447014703
	43.9733938556	67.3435478089
	43.9850066445	67.3416305297
	43.9883801252	67.3409258394
	44.0240327924	67.342722416
	44.0448485644	67.3425652399
	44.0565618854	67.3414115784
	44.0681746742	67.3394942992
	44.0693403541	67.3392584221
	44.1273962318	67.3273107902
	44.1376930808	67.3248739805
	44.1451190059	67.3227120568
	44.1576349633	67.3187744522
	44.1620682447	67.3191201105
	44.1738319397	67.319505214
	44.1855956347	67.3191201105
	44.1973089557	67.317966449
	44.2089217446	67.3160491698
	44.2203842735	67.313376483
	44.2316474581	67.3099598332
	44.2426630679	67.3058138513
	44.2504750394	67.302358477
	44.2567273282	67.2994135307
	44.259636221	67.2980113446
	44.2700164314	67.2924630065
	44.2800115384	67.2862476496
	44.2895787413	67.279391889
	44.2986770718	67.2719250821
	44.3072675696	67.2638792029
	44.3148823687	67.2557489647
	44.3347144866	67.2609591788
	44.3453270653	67.2634063476
	44.3569398541	67.2653236268
	44.3686531751	67.2664772882
	44.3804168701	67.2668623917
	44.3921805651	67.2664772882
	44.4038938861	67.2653236268
	44.415506675	67.2634063476
	44.4269692039	67.2607336607
	44.4382323886	67.257317011
	44.4492479983	67.253171029
	44.4599688626	67.2483134686
	44.470349073	67.2427651306
	44.48034418	67.2365497736
	44.4899113829	67.229694013
	44.4990097134	67.2222272061
	44.5076002112	67.2141813269
	44.5156460904	67.2055908291
	44.5231128973	67.1964924986
	44.5299686579	67.1869252957
	44.5361840148	67.1769301888
	44.5365451657	67.1763017361
	44.5382121884	67.1733873074
	44.5433993756	67.1636355496
	44.548256936	67.1529146853
	44.552402918	67.1418990756
	44.5558195677	67.1306358909
	44.5584922546	67.119173362
	44.5604095338	67.1075605731
	44.5613472255	67.0980400291
	44.5628855801	67.0973430096
	44.5732657906	67.0917946716
	44.5832608975	67.0855793147
	44.5928281004	67.078723554
	44.6019264309	67.0712567471
	44.6105169287	67.0632108679
	44.613611813	67.0600387703
	44.6164956032	67.0583749963
	44.6165435429	67.0583473281
	44.6265386499	67.0521319712
	44.6361058527	67.0452762106
	44.6452041833	67.0378094037
	44.6537946811	67.0297635245
	44.6618405603	67.0211730267
	44.6693073672	67.0120746961
	44.6761631278	67.0025074933
	44.6823784847	66.9925123863
	44.6879268228	66.9821321759
	44.6927843832	66.9714113116
	44.6969303651	66.9603957018
	44.7003470149	66.9491325172
	44.7030197017	66.9376699882
	44.7049369809	66.9260571994
	44.7060906424	66.9143438784
	44.7064757459	66.9025801834
	44.7060906424	66.8908164884
	44.7049369809	66.8791031674
	44.7030197017	66.8674903785
	44.7003470149	66.8560278496
	44.6969303651	66.8447646649
	44.6927843832	66.8337490552
	44.6879268228	66.8230281909
	44.6823784847	66.8126479805
	44.6808636864	66.8102119865
	44.6904435082	66.8039598179
	44.6920675076	66.8028873591
	44.7016347105	66.7960315985
	44.710733041	66.7885647916
	44.7193235388	66.7805189124
	44.727369418	66.7719284146
	44.7348362249	66.762830084
	44.7416919856	66.7532628812
	44.7479073425	66.7432677742
	44.7534556805	66.7328875638
	44.758313241	66.7221666995
	44.7624592229	66.7111510897
	44.7658758726	66.6998879051
	44.7685485595	66.6884253761
	44.7704658387	66.6768125873
	44.7716195001	66.6650992663
	44.7720046036	66.6533355713
	44.7716195001	66.6415718763
	44.7704658387	66.6298585553
	44.7685485595	66.6182457664
	44.7658758726	66.6067832375
	44.7624592229	66.5955200528
	44.758313241	66.5845044431
	44.7534556805	66.5737835788
	44.7479073425	66.5634033684
	44.7416919856	66.5534082614
	44.7348362249	66.5438410586
	44.727369418	66.534742728
	44.7193235388	66.5261522302
	44.7143127131	66.5213314767
	44.7035056758	66.5113293405
	44.6999260037	66.5081042148
	44.6908276731	66.5006374079
	44.6812604703	66.4937816473
	44.6712653633	66.4875662903
	44.6608851529	66.4820179523
	44.6501642886	66.4771603919
	44.6483269801	66.4764688779
	44.649648074	66.4756473689
	44.651091048	66.4746730694
	44.6589426381	66.4693161481
	44.6780236401	66.4664274112
	44.6861899636	66.4649978393
	44.6880811716	66.4646110932
	44.7753080393	66.4462852875
	44.7848793601	66.4439993467
	44.7925994344	66.4417446044
	44.8455520197	66.4249855148
	44.8741516059	66.4186527064
	44.8818184471	66.416777667
	44.8900227713	66.4143689104
	44.8995513592	66.4113235417
	44.9110992973	66.4120205653
	44.9219360352	66.412347316
	44.949432373	66.412347316
	44.961196068	66.4119622125
	44.9729093891	66.4108085511
	44.9807010455	66.4096085001
	44.9885122779	66.4082295527
	44.9981895271	66.4072301968
	45.003190456	66.4066429017
	45.0132273811	66.405031777
	45.0396174568	66.4000268941
	45.0411933205	66.3997207397
	45.0444398705	66.3990437877
	45.0927720849	66.3884999645
	45.1009880638	66.3865042295
	45.1114309493	66.3833638344
	45.1127258363	66.3829312177
	45.1883848681	66.3696167187
	45.1923011086	66.368882727
	45.2037636375	66.3662100401
	45.2150268222	66.3627933904
	45.2217550976	66.3603591566
	45.2349210835	66.3552974552
	45.2372575131	66.3545522224
	45.2805314708	66.347515521
	45.2867530129	66.3463912719
	45.2900583015	66.3457014957
	45.3089291928	66.3415781433
	45.3177455955	66.3402013222
	45.325083091	66.3388992065
	45.329795765	66.3378959962
	45.4020156137	66.3215080568
	45.4087654685	66.3198385801
	45.4192083541	66.316698185
	45.4206128347	66.3162289535
	45.4559531731	66.3082620889
	45.5062051392	66.2992437757
	45.5095237038	66.2986160033
	45.5128174248	66.2979287543
	45.5310208326	66.2939525048
	45.5830317202	66.2862421249
	45.5917456886	66.2847305053
	45.5964845259	66.2837213561
	45.6087144454	66.2809442565
	45.615438137	66.2792807188
	45.6267013217	66.2758640691
	45.6273635452	66.2756378368
	45.6277717573	66.2754974939
	45.6662162309	66.2668294798
	45.6732079124	66.2651053038
	45.6834165174	66.2620430021
	45.6852346033	66.2614383603
	45.7292712971	66.25134859
	45.761558454	66.259932037
	45.7699404266	66.2619465957
	45.7802248504	66.2641591201
	45.7829643944	66.2647262328
	45.7945771832	66.266643512
	45.8060025377	66.2677780671
	45.8184994859	66.2686173005
	45.8187874525	66.2686364069
	45.8305511475	66.2690215104
	45.8423148424	66.2686364069
	45.849369745	66.2680343386
	45.9443709657	66.2580398318
	45.9490293842	66.2574882386
	45.960642173	66.2555709594
	45.9662990227	66.254350824
	45.9901790276	66.2487966247
	45.9959847068	66.2473440733
	46.0054146947	66.2445387473
	46.0247855184	66.2381945042
	46.0249650804	66.2381727391
	46.0966064301	66.232645728
	46.1029197743	66.2320465327
	46.1298257643	66.2290134237
	46.1397628744	66.2284574308
	46.1414786608	66.2283532037
	46.1507057932	66.2275092553
	46.2090466962	66.220653816
	46.2184686793	66.2201362299
	46.2203666003	66.2200219049
	46.2266325214	66.2195010822
	46.2712664594	66.2150043253
	46.2779218588	66.2145074993
	46.2996710987	66.2142782424
	46.3095389635	66.2139031305
	46.3100974539	66.2138656522
	46.354538677	66.2108138944
	46.3656935077	66.2096977112
	46.3773062966	66.207780432
	46.3887688255	66.2051077452
	46.3998257387	66.2017609759
	46.4137780181	66.1970436482
	46.4390443916	66.1903671309
	46.4721350387	66.1826145056
	46.4776589012	66.1812277403
	46.4879065156	66.1781524603
	46.4902450505	66.1773741388
	46.4996517886	66.1751554251
	46.5070925278	66.1739616362
	46.5136893532	66.1727767699
	46.5216920137	66.1709944198
	46.5453126192	66.1651655624
	46.5487724876	66.1642752256
	46.5593236319	66.1610986235
	46.6101263432	66.1440897862
	46.6137734217	66.1432420617
	46.6196037864	66.1417837706
	46.6308669711	66.1383671208
	46.6315291946	66.1381408886
	46.6326555859	66.1377536363
	46.6593610972	66.1314956066
	46.6648766136	66.1301107969
	46.6750852186	66.1270484953
	46.6774565201	66.1262598702
	46.693235002	66.1225370868
	46.6984840965	66.1212149229
	46.7067304346	66.1187927328
	46.7072482406	66.1187000339
	46.710642173	66.1180587524
	46.7149235723	66.1171528487
	46.787975025	66.1007649092
	46.7951561546	66.098998126
	46.7992722399	66.0978426233
	47.1402273716	65.9977404083
	47.1466928345	65.9959671745
	47.1549004286	65.9966942682
	47.1647513459	65.9970692006
	47.1755195911	65.9971837226
	47.1823660433	65.9984131911
	47.1906800885	65.9997062562
	47.2018182069	66.0008212909
	47.2324165319	66.0029253267
	47.2494341571	66.0052057455
	47.2498460431	66.0052604554
	47.2604573926	66.0063384909
	47.2607399681	66.006394934
	47.2723527569	66.0083122132
	47.281229306	66.0092574033
	47.3290045746	66.0131483945
	47.3318413465	66.0133568658
	47.3398214729	66.01370217
	47.35690651	66.0140616448
	47.3593387644	66.0143581419
	47.3693398206	66.015294732
	47.3791591492	66.0156693258
	47.4313823547	66.016233901
	47.4333267212	66.0162444107
	47.446937561	66.0162444107
	47.458701256	66.0158593072
	47.470414577	66.0147056458
	47.4758836092	66.0138999496
	47.5680896641	65.9988650142
	47.5731070618	66.0082519051
	47.5793224187	66.018247012
	47.5861781794	66.0278142149
	47.5936449863	66.0369125454
	47.6016908655	66.0455030432
	47.6032809958	66.0470735367
	47.6269016013	66.0701143082
	47.6339019687	66.0765896939
	47.6430002993	66.0840565008
	47.6525675021	66.0909122614
	47.6625626091	66.0971276183
	47.6717078601	66.1020610427
	47.6778366569	66.105764093
	47.6879369819	66.1111741047
	47.7082590173	66.1212397138
	47.7110101148	66.123165482
	47.7142282687	66.1253666071
	47.7242233757	66.131581964
	47.7315008977	66.1355627715
	47.733234541	66.1367763218
	47.736452695	66.138977447
	47.746447802	66.1451928039
	47.7499554445	66.1471659516
	47.7650086376	66.1554134677
	47.7670084201	66.156769195
	47.7770035271	66.1629845519
	47.7873837375	66.16853289
	47.7880351939	66.1688525207
	47.8050545368	66.1771603398
	47.8243905883	66.1889072704
	47.8278458122	66.1909539123
	47.8349353036	66.1948372911
	47.8393756113	66.1971413682
	47.8426663303	66.1988063275
	47.8533871946	66.2036638879
	47.8635138138	66.2075055062
	47.8779101739	66.2144548603
	47.8872693357	66.2186480188
	47.8975263369	66.2225346009
	47.9121900332	66.22758526
	47.9129486417	66.2278446599
	47.9242118264	66.2312613096
	47.9269865822	66.2319811539
	47.941215403	66.2355517106
	47.9499031761	66.2375045531
	47.9558737443	66.2385878097
	47.9778235124	66.2421888839
	47.983465733	66.2430229066
	47.985244384	66.243248058
	47.9872239571	66.2434886254
	47.9907786196	66.2462879461
	47.9954154865	66.24972911
	48.0041148012	66.2568470282
	48.0118194796	66.2624413719
	48.0259796358	66.2721612206
	48.0278421603	66.2734226374
	48.0378372673	66.2796379943
	48.0482174777	66.2851863324
	48.0484155807	66.2852838748
	48.0648035202	66.2933405155
	48.0753262815	66.2981005334
	48.0863418912	66.3022465154
	48.0976050759	66.3056631651
	48.1090676048	66.308335852
	48.1206803937	66.3102531312
	48.1323937147	66.3114067926
	48.1441574097	66.3117918961
	48.146189106	66.311780421
	48.4906333809	66.3078894298
	48.4944369067	66.3078062258
	48.5355266583	66.3064724761
	48.8799451462	66.3017653349
	48.8812599552	66.3017425579
	49.0099907291	66.2990417523
	49.0179816515	66.2986962213
	49.0296949726	66.2975425599
	49.0413077614	66.2956252807
	49.0527702903	66.2929525938
	49.064033475	66.2895359441
	49.0750490847	66.2853899621
	49.085769949	66.2805324017
	49.0961501595	66.2749840637
	49.1061452664	66.2687687068
	49.1157124693	66.2619129461
	49.1248107998	66.2544461392
	49.1334012976	66.24640026
	49.1414471768	66.2378097622
	49.1489139837	66.2287114317
	49.1557697444	66.2191442288
	49.1619851013	66.2091491219
	49.1675334393	66.1987689114
	49.1723909997	66.1880480471
	49.1765369817	66.1770324374
	49.1799536314	66.1657692527
	49.1821220544	66.1567529398
	49.1836784509	66.1494592386
	49.1841827148	66.1470130226
	49.186099994	66.1354002338
	49.1872536554	66.1236869128
	49.1876387589	66.1119232178
	49.1872536554	66.1001595228
	49.1868731724	66.0953456009
	49.1859170645	66.0850161421
	49.185415233	66.0030642721
	49.1850335016	65.9924019544
	49.1846306793	65.9873484328
	49.1837155995	65.977604295
	49.1834717988	65.913742065
	49.183088006	65.902665016
	49.1826838394	65.8975971853
	49.1817700764	65.8878754149
	49.1815263032	65.8240203853
	49.1811425104	65.8129433363
	49.1807454884	65.8079516934
	49.1798117438	65.797971763
	49.1792962915	65.7158058806
	49.1789147272	65.7051705091
	49.1785190375	65.7001931117
	49.1776037113	65.6904016408
	49.1773529506	65.6264915465
	49.1769692316	65.6154335706
	49.1765722096	65.6104419278
	49.1756581806	65.6006727185
	49.1754074544	65.5367849758
	49.175023736	65.5257271497
	49.174626714	65.5207355069
	49.1737199359	65.5110437963
	49.1734845726	65.4341453594
	49.4087788238	65.4591321637
	49.409570145	65.4592144277
	49.5951246494	65.4780895498
	49.6015633314	65.4786278619
	49.6133270264	65.4790129654
	49.6250907213	65.4786278619
	49.6368040424	65.4774742005
	49.6484168312	65.4755569213
	49.6598793601	65.4728842344
	49.6711425448	65.4694675847
	49.6821581546	65.4653216028
	49.6928790189	65.4604640424
	49.7032592293	65.4549157043
	49.7132543362	65.4487003474
	49.7228215391	65.4418445868
	49.7319198697	65.4343777798
	49.7328871299	65.4335233568
	49.831222396	65.3460294603
	49.835600714	65.3420021685
	49.8562265165	65.3223905204
	49.9737486235	65.2169088746
	49.9784113574	65.2125723954
	49.9986429106	65.1930772929
	50.0913189028	65.1090978397
	50.0924080394	65.1081027408
	50.1898442297	65.0183434187
	50.3415112628	64.9986309033
	50.3418058734	64.9985923646
	50.3430903071	64.9984185552
	50.4950296992	64.9773003912
	50.5053580544	64.9755569213
	50.5168205833	64.9728842344
	50.528083768	64.9694675847
	50.5390993777	64.9653216028
	50.549820242	64.9604640424
	50.5602004524	64.9549157043
	50.5701955594	64.9487003474
	50.5797627623	64.9418445868
	50.5888610928	64.9343777798
	50.5974515906	64.9263319006
	50.6054974698	64.9177414029
	50.6129642767	64.9086430723
	50.6198200373	64.8990758694
	50.6260353942	64.8890807625
	50.6315837323	64.8787005521
	50.6364412927	64.8679796878
	50.6405872746	64.856964078
	50.6440039244	64.8457008933
	50.6466766112	64.8342383644
	50.6485938904	64.8226255756
	50.6497475519	64.8109122546
	50.6501326554	64.7991485596
	50.6497475519	64.7873848646
	50.6485938904	64.7756715436
	50.6466766112	64.7640587547
	50.6440039244	64.7525962258
	50.6405872746	64.7413330411
	50.6389192938	64.7366343232
	50.6361421942	64.7291422578
	50.6336641931	64.7228253659
	50.6288066327	64.7121045017
	50.6278729529	64.7102385492
	50.6225394691	64.6997323425
	50.6183336437	64.6894832401
	50.6181078577	64.6889355954
	50.6132502972	64.6782147311
	50.6125471111	64.6768044197
	50.5989845054	64.6498990434
	50.5948526159	64.6396555898
	50.5942202234	64.6381085691
	50.589362663	64.6273877048
	50.5891996849	64.6270580678
	50.5755978714	64.5996178875
	50.5712396398	64.5888133046
	50.5706072473	64.5872662839
	50.5657496869	64.5765454196
	50.5650611518	64.5751641793
	50.5514946401	64.5482389313
	50.5473470522	64.537958741
	50.546719613	64.5364239988
	50.5418620526	64.5257031345
	50.5416847635	64.5253446331
	50.528663155	64.4990867742
	50.5249533017	64.4895022789
	50.5233889245	64.4855969724
	50.5185313641	64.4748761081
	50.5180914966	64.4739902929
	50.4928153126	64.4234379248
	50.487706842	64.4139435295
	50.4814914851	64.4039484225
	50.4746357245	64.3943812197
	50.4671689175	64.3852828891
	50.4591230383	64.3766923913
	50.4505325406	64.3686465121
	50.44143421	64.3611797052
	50.4318670071	64.3543239446
	50.4218719002	64.3481085877
	50.4114916898	64.3425602496
	50.4007708255	64.3377026892
	50.3897552157	64.3335567073
	50.378492031	64.3301400576
	50.3670295021	64.3274673707
	50.3554167133	64.3255500915
	50.3437033922	64.3243964301
	50.3319396973	64.3240113266
	50.3201760023	64.3243964301
	50.3090862624	64.3254691042
	49.9060206811	64.3771007789
	49.659227262	64.4079554582
	49.598525639	64.3381122502
	49.597997775	64.3375076206
	49.5899518958	64.3289171228
	49.581361398	64.3208712436
	49.5722630674	64.3134044367
	49.5626958646	64.3065486761
	49.5527007576	64.3003333192
	49.5423205472	64.2947849811
	49.5315996829	64.2899274207
	49.5205840731	64.2857814387
	49.5093208885	64.282364789
	49.4978583595	64.2796921021
	49.4862455707	64.2777748229
	49.4745322497	64.2766211615
	49.4627685547	64.276236058
	49.4589849861	64.2762758574
	49.4459310921	64.2765505156
	49.4379509657	64.2768958197
	49.436242078	64.2770160018
	49.0269822039	64.3077576083
	48.9739744682	64.235803032
	48.9718586248	64.2329890078
	48.9643918179	64.2238906772
	48.9563459387	64.2153001794
	48.9477554409	64.2072543002
	48.9386571104	64.1997874933
	48.9290899075	64.1929317327
	48.9190948006	64.1867163758
	48.9087145901	64.1811680377
	48.8979937259	64.1763104773
	48.8869781161	64.1721644954
	48.8757149314	64.1687478457
	48.8642524025	64.1660751588
	48.8526396137	64.1641578796
	48.8409262926	64.1630042181
	48.8291625977	64.1626191146
	48.8208184847	64.1628127653
	48.6949792513	64.1686568815
	48.6935129684	64.1687309758
	48.6124947562	64.1731565632
	48.591739277	64.1333034994
	48.5879799743	64.1264526848
	48.5817646174	64.1164575778
	48.5749088568	64.106890375
	48.5674420499	64.0977920444
	48.5593961707	64.0892015466
	48.5508056729	64.0811556674
	48.5417073423	64.0736888605
	48.5321401395	64.0668330999
	48.5221450325	64.060617743
	48.5117648221	64.0550694049
	48.5010439578	64.0502118445
	48.490028348	64.0460658626
	48.4787651634	64.0426492128
	48.4673026344	64.039976526
	48.4556898456	64.0380592468
	48.4439765246	64.0369055853
	48.4322128296	64.0365204818
	48.4210054067	64.0368699909
	48.3721238759	64.0399217487
	48.3715676038	64.0399573431
	48.3697257497	64.0400875626
	48.1758246877	64.0547970353
	48.1659532208	64.0558204772
	48.154340432	64.0577377564
	48.142877903	64.0604104433
	48.1316147184	64.063827093
	48.1205991086	64.067973075
	48.1098782443	64.0728306354
	48.0994980339	64.0783789735
	48.0895029269	64.0845943304
	48.0799357241	64.091450091
	48.0725728043	64.097414465
	48.0306340226	64.1332573605
	48.0288986118	64.1347597934
	48.0260520864	64.1373101373
	48.0029960562	64.1584130426
	47.9972520837	64.1639085779
	47.9892062045	64.1724990757
	47.9857803132	64.1766735363
	47.9672575388	64.1770972866
	47.4397580949	64.1843033758
	47.4372433428	64.1843553184
	47.4035167326	64.1852879103
	46.6364024412	64.1505468627
	46.4243031576	64.0989170162
	46.3791180961	64.0870981347
	46.3686927101	64.0847000367
	46.3658001175	64.0842224677
	46.3675864479	64.083901953
	46.3676345866	64.0838923708
	46.4328641196	64.0708989042
	46.4655726571	64.065570533
	46.4717429421	64.0644546264
	46.4790551743	64.0628412066
	46.4893395981	64.0603463946
	46.4934898948	64.0592871275
	46.5047530795	64.0558704778
	46.5092938447	64.0542609615
	46.5604031586	64.0353705807
	46.5668780032	64.032834115
	46.5775988675	64.0279765546
	46.5790204985	64.0272676619
	46.582441968	64.025891366
	46.5855189368	64.0245832071
	46.5883636142	64.0236439153
	46.5992173718	64.0195648824
	46.605590787	64.0175327703
	46.6112288672	64.0155136124
	46.6179131752	64.0129934476
	46.6278203858	64.0105810014
	46.6318184471	64.0095587339
	46.6430816317	64.0061420842
	46.6486696978	64.0041417745
	46.6574719386	64.000826079
	46.698501647	63.9897581885
	46.7094726229	63.9864200994
	46.7150856869	63.9844103711
	46.7320305722	63.9780245679
	46.7374331179	63.9758883142
	46.7481539822	63.9710307538
	46.7505864371	63.969808228
	46.7527071658	63.9689455652
	46.7634280301	63.9640880048
	46.7658334664	63.9628793125
	46.767988843	63.9620028162
	46.7787097073	63.9571452557
	46.7859597497	63.9533626623
	46.7877834097	63.9523578093
	46.8007194255	63.9475734142
	46.8071581546	63.9450503015
	46.8178790189	63.9401927411
	46.8214065188	63.938404693
	46.8254349268	63.9368847444
	46.8282088282	63.9358118487
	46.8284210086	63.9357626242
	46.8343254661	63.9342871275
	46.8455886508	63.9308704778
	46.8496377541	63.92944187
	46.8579690529	63.9263901122
	46.8649355593	63.923672738
	46.8756564236	63.9188151776
	46.8785019332	63.9173804509
	46.8834869898	63.9154995515
	46.8888231936	63.9133883142
	46.8995440579	63.9085307538
	46.9080773572	63.9040342299
	46.9283562879	63.8926435438
	46.930203199	63.8915917297
	46.940198306	63.8853763728
	46.9482387099	63.8796792938
	46.9518636502	63.8773197321
	46.9583899897	63.8727466498
	46.963811282	63.8692630915
	46.971786221	63.863615123
	46.9754766263	63.8612140803
	46.9850438291	63.8543583197
	46.9921751868	63.8485915109
	46.9924215115	63.8484272151
	47.0019887144	63.8415714544
	47.0105737695	63.8345530604
	47.0119759681	63.833332734
	47.0143636502	63.8317646174
	47.0239308531	63.8249088568
	47.0328961586	63.817558594
	47.0413650567	63.8101462887
	47.0473314356	63.8059624023
	47.0496489998	63.8046471496
	47.0596441068	63.7984317927
	47.0692113096	63.7915760321
	47.0770791638	63.7851784984
	47.0870736706	63.7765725413
	47.088304147	63.7755032681
	47.0892448844	63.7746724392
	47.0992470206	63.7657765651
	47.106896781	63.7585615149
	47.1149426602	63.7499710171
	47.1168790576	63.7477259191
	47.123273959	63.7408081143
	47.130740766	63.7317097837
	47.1335811239	63.7279052189
	47.1349469327	63.7263656704
	47.1424137396	63.7172673399
	47.1492695002	63.707700137
	47.1495712164	63.7072471044
	47.1625163576	63.6877458341
	47.1630002164	63.6871963589
	47.1704670233	63.6780980284
	47.1773227839	63.6685308255
	47.1835381408	63.6585357186
	47.1836489279	63.6583435562
	47.1889284689	63.649173024
	47.1943660199	63.6389849759
	47.1992235803	63.6282641116
	47.2033695622	63.6172485018
	47.206786212	63.6059853172
	47.2094588988	63.5945227883
	47.2106696593	63.5877640959
	47.2114043945	63.5842536232
	47.2133216736	63.5726408344
	47.2144753351	63.5609275133
	47.2148604386	63.5491638184
	47.2144753351	63.5374001234
	47.2133216736	63.5256868023
	47.2114043945	63.5140740135
	47.2087317076	63.5026114846
	47.2053150578	63.4913482999
	47.2011690759	63.4803326902
	47.2004416755	63.4786021872
	47.1923850348	63.4597118063
	47.1882548749	63.450721445
	47.1827065368	63.4403412346
	47.1764911799	63.4303461276
	47.1705857988	63.4220287409
	47.1774534216	63.4155134192
	47.1790534091	63.41380513
	47.1983523205	63.4108778801
	47.2064688942	63.4094558471
	47.215033931	63.4075337579
	47.2187243891	63.4066104396
	47.2473187753	63.4016182636
	47.2514746926	63.4008422607
	47.2617069325	63.3984945687
	47.3214222035	63.3829458626
	47.3226524925	63.3826208677
	47.3339156771	63.379204218
	47.3409867013	63.3766378116
	47.3740448678	63.3638509464
	47.3779894534	63.3622713708
	47.3887103177	63.3574138104
	47.3978314618	63.3525856413
	47.4121087962	63.3462217864
	47.4184344388	63.3432536542
	47.4277596781	63.3383096591
	47.4353963905	63.3339691628
	47.4487713031	63.3320288191
	47.5141447838	63.3275740095
	47.5255862311	63.3269396668
	47.5296227196	63.327790808
	47.5412355084	63.3297080872
	47.5529488294	63.3308617486
	47.5647125244	63.3312468521
	47.5764762194	63.3308617486
	47.5881895404	63.3297080872
	47.5998023293	63.327790808
	47.6112648582	63.3251181211
	47.6225280429	63.3217014714
	47.6335436526	63.3175554895
	47.6442645169	63.3126979291
	47.6546447273	63.307149591
	47.6646398343	63.3009342341
	47.6742070372	63.2940784735
	47.6833053677	63.2866116666
	47.6917614933	63.2787000177
	47.6953778264	63.2750913141
	47.6955121985	63.2749570838
	47.7035580777	63.266366586
	47.7110248846	63.2572682554
	47.7178806452	63.2477010526
	47.7240960021	63.2377059456
	47.7296443402	63.2273257352
	47.7345019006	63.2166048709
	47.7386478826	63.2055892611
	47.7420645323	63.1943260764
	47.7447372192	63.1828635475
	47.7466544984	63.1712507587
	47.7478081598	63.1595374377
	47.7481932633	63.1477737427
	47.7478081598	63.1360100477
	47.7466544984	63.1242967267
	47.7447372192	63.1126839378
	47.7420645323	63.1012214089
	47.741792145	63.1002164893
	47.7362303164	63.0799299293
	47.7330860539	63.0696716642
	47.728940072	63.0586560544
	47.7283318958	63.0572057532
	47.7275150522	63.0541829831
	47.7241978093	63.0432892179
	47.7200518274	63.0322736081
	47.715194267	63.0215527438
	47.7136109811	63.0184196121
	47.7117205286	63.0136655149
	47.7068629681	63.0029446506
	47.7049560665	62.999189328
	47.6955185055	62.9811305511
	47.6946959209	62.9795751171
	47.6883024883	62.9676274853
	47.6854836364	62.9625580314
	47.6792682795	62.9525629245
	47.6730333836	62.9438096335
	47.6714862971	62.9414545261
	47.6646305365	62.9318873232
	47.6571637296	62.9227889926
	47.6491178504	62.9141984949
	47.6405273526	62.9061526157
	47.6334695524	62.9002750017
	47.6162500089	62.8866641619
	47.6142094786	62.8850749689
	47.6046422757	62.8782192083
	47.5954074794	62.872445298
	47.5826196431	62.8624871968
	47.5796751013	62.8594728479
	47.5710846035	62.8514269687
	47.570850882	62.8512223572
	47.5693983069	62.8497529993
	47.5608078091	62.8417071201
	47.5517094786	62.8342403131
	47.5512374706	62.8338793658
	47.5454009838	62.8294314288
	47.5363057889	62.8229366155
	47.5263106819	62.8167212586
	47.5201354587	62.8133156266
	47.4990249241	62.8022072282
	47.4948199368	62.8000645221
	47.4840990725	62.7952069617
	47.4795170842	62.7933822295
	47.4688250247	62.7885388709
	47.4602426212	62.7852383301
	47.4266351383	62.7732906983
	47.424201932	62.7724452571
	47.415043031	62.769606152
	47.4031926732	62.7662762573
	47.3815027102	62.7585441122
	47.3879658026	62.7506001646
	47.3948215632	62.7410329617
	47.4010369201	62.7310378548
	47.4065852582	62.7206576443
	47.4114428186	62.7099367801
	47.4155888005	62.6989211703
	47.4190054502	62.6876579856
	47.4216781371	62.6761954567
	47.4235954163	62.6645826679
	47.4247490778	62.6528693468
	47.4248307649	62.6515486173
	47.4251054231	62.6468260221
	47.425023736	62.6246193617
	47.4245763913	62.6190983061
	47.4237456314	62.6104934628
	47.4237456314	62.6019363403
	47.4233605279	62.5901726454
	47.4230305489	62.5859137177
	47.4176344864	62.5255802147
	47.4176344864	62.5163879395
	47.4176225101	62.5160221007
	47.4188397164	62.5159526913
	47.4203635485	62.5158593072
	47.4320768695	62.5147056458
	47.4436896584	62.5127883666
	47.4551521873	62.5101156797
	47.466415372	62.50669903
	47.4774309817	62.5025530481
	47.488151846	62.4976954877
	47.4985320564	62.4921471496
	47.5085271634	62.4859317927
	47.5180943663	62.4790760321
	47.5271926968	62.4716092252
	47.5351763828	62.4641316872
	47.5372299106	62.4660550259
	47.5463282412	62.4735218329
	47.555895444	62.4803775935
	47.565890551	62.4865929504
	47.5762707614	62.4921412885
	47.5869916257	62.4969988489
	47.5980072355	62.5011448308
	47.6092704201	62.5045614805
	47.620732949	62.5072341674
	47.6323457379	62.5091514466
	47.6440590589	62.510305108
	47.6558227539	62.5106902115
	47.6591666352	62.5106591256
	47.7933371674	62.5081643136
	47.7981808584	62.5080089504
	47.8329041049	62.5064266802
	48.0571048974	62.5010666198
	48.0590295229	62.5093208885
	48.0596216581	62.5114770669
	48.0615747831	62.518419816
	48.0643992976	62.5275268222
	48.0685452796	62.5385424319
	48.072746142	62.5479175512
	48.077524194	62.5578133272
	48.0812237816	62.5674596267
	48.0829877234	62.571882886
	48.0857221459	62.5781451781
	48.0917476492	62.5912595088
	48.1240616047	62.6712514616
	48.1246594763	62.6727129641
	48.1288743612	62.6821171185
	48.1336285369	62.6919589383
	48.137304661	62.7015555107
	48.1390942908	62.7060457888
	48.1428289275	62.7144478697
	48.1480598245	62.7254495954
	48.1587374647	62.7529233133
	48.1602124548	62.756598157
	48.1644133173	62.7659732763
	48.1693583475	62.7762148792
	48.1798275218	62.8031679552
	48.1813153601	62.806875867
	48.1861729205	62.8175967313
	48.1917212586	62.8279769417
	48.1979366155	62.8379720486
	48.2047923761	62.8475392515
	48.212259183	62.8566375821
	48.2203050622	62.8652280798
	48.22889556	62.873273959
	48.2379938906	62.880740766
	48.2475610934	62.8875965266
	48.2575562004	62.8938118835
	48.2679364108	62.8993602216
	48.2786572751	62.904217782
	48.2896728849	62.9083637639
	48.3009360695	62.9117804136
	48.3123985985	62.9144531005
	48.3240113873	62.9163703797
	48.3357247083	62.9175240411
	48.3474884033	62.9179091446
	48.3592520983	62.9175240411
	48.3709654193	62.9163703797
	48.3720008003	62.916231009
	48.4000608201	62.9123709004
	48.506719566	62.9003986953
	48.5085424309	62.9001846596
	48.5525141933	62.8947940353
	48.5612112522	62.9163790669
	48.5618695593	62.9179903689
	48.5667271198	62.9287112332
	48.5722754578	62.9390914437
	48.5784908147	62.9490865506
	48.5853465754	62.9586537535
	48.5928133823	62.967752084
	48.6008592615	62.9763425818
	48.6094497592	62.984388461
	48.6185480898	62.9918552679
	48.6281152927	62.9987110285
	48.6381103996	63.0049263854
	48.6484906101	63.0104747235
	48.6592114743	63.0153322839
	48.6702270841	63.0194782659
	48.6814902688	63.0228949156
	48.6929527977	63.0255676025
	48.7045655865	63.0274848817
	48.7162789076	63.0286385431
	48.7280426025	63.0290236466
	48.7398062975	63.0286385431
	48.7498591433	63.0276956321
	48.7846328631	63.0234464016
	48.8927217147	63.0122323993
	48.8976377826	63.011653888
	48.9043582129	63.010639608
	48.9997955597	63.0032040436
	49.001530962	63.0030603828
	49.2571130943	62.9806564916
	49.3296344601	62.9751843156
	49.3322155626	62.9749708563
	49.5866582981	62.95208267
	49.6213711127	62.9497208119
	49.632638393	62.9485969422
	49.6442511818	62.946679663
	49.6557137107	62.9440069761
	49.6669768954	62.9405903264
	49.6779925051	62.9364443445
	49.6887133694	62.9315867841
	49.6990935799	62.926038446
	49.7090886868	62.9198230891
	49.7186558897	62.9129673285
	49.7277542202	62.9055005215
	49.736344718	62.8974546423
	49.7443905972	62.8888641446
	49.7518574041	62.879765814
	49.7587131648	62.8701986111
	49.7649285217	62.8602035042
	49.7704768597	62.8498232938
	49.7753344202	62.8391024295
	49.7794804021	62.8280868197
	49.7828970518	62.816823635
	49.7855697387	62.8053611061
	49.7874870179	62.7937483173
	49.7886406793	62.7820349963
	49.7890257828	62.7702713013
	49.7886406793	62.7585076063
	49.7874870179	62.7467942853
	49.7855697387	62.7351814964
	49.7828970518	62.7237189675
	49.7794804021	62.7124557828
	49.7753344202	62.7014401731
	49.774409953	62.6992493848
	49.6917404226	62.5068999966
	49.6886858129	62.4975809194
	49.688087885	62.4957886075
	49.6839419031	62.4847729978
	49.679686758	62.4752855538
	49.6739587193	62.458381509
	49.6739277287	62.4582901334
	49.6697817468	62.4472745237
	49.6686397082	62.4445796284
	49.664715346	62.4355250019
	49.6617464208	62.426467333
	49.6611484929	62.4246750211
	49.657002511	62.4136594114
	49.6558485214	62.4109369481
	49.6519241329	62.4018864049
	49.643393965	62.3758802238
	49.6428074285	62.3741226529
	49.6386614465	62.3631070432
	49.6375469586	62.3604757488
	49.6336134924	62.3513905231
	49.6250795507	62.3253549673
	49.6244816228	62.3235626554
	49.6203356409	62.3125470456
	49.6191816512	62.3098245824
	49.615249976	62.3007572342
	49.6122698972	62.2916780092
	49.6116947576	62.2899551725
	49.6075487756	62.2789395627
	49.6074044148	62.2785920733
	49.6028244087	62.2676000588
	49.5934116915	62.2398035227
	49.5933689519	62.2396774625
	49.5909210085	62.2329135383
	49.5730265896	62.1863978775
	49.5632752792	62.1568894476
	49.5628132268	62.155509982
	49.558930126	62.1451324833
	49.5543781019	62.1340225432
	49.5385702154	62.0861241724
	49.5380863591	62.0846786832
	49.5339403772	62.0736630735
	49.5290828168	62.0629422092
	49.5235344787	62.0525619987
	49.5173191218	62.0425668918
	49.5104633612	62.0329996889
	49.5029965543	62.0239013584
	49.4949506751	62.0153108606
	49.4863601773	62.0072649814
	49.4772618467	61.9997981745
	49.4768800451	61.9995060176
	49.4710511877	61.9950580806
	49.4618657864	61.9884944768
	49.4518706795	61.9822791199
	49.441490469	61.9767307819
	49.4307696048	61.9718732214
	49.419753995	61.9677272395
	49.4084908103	61.9643105898
	49.3970282814	61.9616379029
	49.3872103592	61.9600169574
	49.3855946714	61.9586909967
	49.3760274686	61.9518352361
	49.3660323616	61.9456198792
	49.3556521512	61.9400715411
	49.3449312869	61.9352139807
	49.34361604	61.9347189569
	49.3369274384	61.9183115242
	49.3339088999	61.9086373912
	49.3325275823	61.9043960904
	49.3283816003	61.8933804807
	49.3235240399	61.8826596164
	49.3230988965	61.8818032562
	49.3180093809	61.8716195642
	49.2940512234	61.8121332013
	49.5046648519	61.790285991
	49.5095838886	61.7897071717
	49.5211966774	61.7877898925
	49.5326592063	61.7851172056
	49.543922391	61.7817005559
	49.5549380008	61.777554574
	49.565658865	61.7726970135
	49.5760390755	61.7671486755
	49.5860341824	61.7609333186
	49.5956013853	61.754077558
	49.6046997158	61.746610751
	49.6132902136	61.7385648718
	49.6213360928	61.7299743741
	49.6288028997	61.7208760435
	49.6356586604	61.7113088406
	49.6418740173	61.7013137337
	49.6474223553	61.6909335232
	49.6522799158	61.680212659
	49.6564258977	61.6691970492
	49.6598425474	61.6579338645
	49.6625152343	61.6464713356
	49.6644325135	61.6348585468
	49.6655861749	61.6231452257
	49.6659712784	61.6113815308
	49.6655861749	61.5996178358
	49.6644325135	61.5879045147
	49.6625152343	61.5762917259
	49.6598425474	61.564829197
	49.6564258977	61.5535660123
	49.6522799158	61.5425504026
	49.6474223553	61.5318295383
	49.6450164425	61.5271262457
	49.631512048	61.494539662
	49.6286771279	61.4854318146
	49.6272587224	61.4810715055
	49.623422537	61.4708086237
	49.5577408065	61.3101867382
	49.5547644781	61.3006384014
	49.5533680364	61.2963486051
	49.5498581451	61.286889185
	49.4848152937	61.1256145419
	49.4817122419	61.1156551803
	49.4803089543	61.1113434171
	49.4761629724	61.1003278074
	49.471305412	61.0896069431
	49.4657570739	61.0792267326
	49.459541717	61.0692316257
	49.4526859564	61.0596644228
	49.4452191495	61.0505660923
	49.4371732703	61.0419755945
	49.4285827725	61.0339297153
	49.4194844419	61.0264629084
	49.4099172391	61.0196071477
	49.3999221321	61.0133917908
	49.3895419217	61.0078434528
	49.3788210574	61.0029858923
	49.3678054476	60.9988399104
	49.356542263	60.9954232607
	49.3450797341	60.9927505738
	49.3334669452	60.9908332946
	49.3217536242	60.9896796332
	49.3099899292	60.9892945297
	49.2982262342	60.9896796332
	49.2931647163	60.9900832066
	49.1397751478	61.0044950544
	49.0186707525	60.9539837189
	49.0182635012	60.9538144446
	49.0072478915	60.9496684627
	48.9959847068	60.9462518129
	48.9845221779	60.9435791261
	48.9729093891	60.9416618469
	48.961196068	60.9405081854
	48.949432373	60.9401230819
	48.9376686781	60.9405081854
	48.925955357	60.9416618469
	48.9143425682	60.9435791261
	48.9028800393	60.9462518129
	48.8916168546	60.9496684627
	48.8820883882	60.9532547235
	48.8072279144	60.9361250022
	48.7924715586	60.9318196582
	48.791063069	60.9312848056
	48.785026517	60.9291148738
	48.7737633323	60.9256982241
	48.7677564326	60.9241989929
	48.7631192158	60.9225215149
	48.7597503329	60.9213405208
	48.7521352053	60.9189426525
	48.7349156618	60.9139377697
	48.7312676048	60.9129189882
	48.7258138101	60.9115486535
	48.68914694	60.9029426965
	48.6831382057	60.9016403443
	48.6715254169	60.8997230651
	48.6715158597	60.8997218072
	48.6692247512	60.8994203019
	48.6406823619	60.892935015
	48.635919883	60.8919204957
	48.6318007809	60.8911509241
	48.6098279218	60.8873100683
	48.6094719781	60.8787850111
	48.6091147452	60.8742242228
	48.6085577994	60.8681130778
	48.6077613709	60.860960545
	48.6058440917	60.8493477562
	48.6031714048	60.8378852273
	48.5997547551	60.8266220426
	48.5956087732	60.8156064328
	48.5942872899	60.8124989226
	48.5929785337	60.807306614
	48.589561884	60.7960434293
	48.5854159021	60.7850278196
	48.5805583417	60.7743069553
	48.5750100036	60.7639267448
	48.5687946467	60.7539316379
	48.5619388861	60.744364435
	48.5544720792	60.7352661045
	48.5464262	60.7266756067
	48.5378357022	60.7186297275
	48.5287373716	60.7111629206
	48.5191701688	60.7043071599
	48.5091750618	60.698091803
	48.4987948514	60.692543465
	48.4880739871	60.6876859046
	48.4770583773	60.6835399226
	48.4657951927	60.6801232729
	48.4543326637	60.677450586
	48.4427198749	60.6755333068
	48.4310065539	60.6743796454
	48.4221903695	60.6740186945
	48.3896052254	60.6734846369
	48.3883421584	60.6735156273
	48.3866577148	60.6734604843
	48.3748940199	60.6738455878
	48.371689885	60.6740843574
	47.9725275926	60.7074171821
	47.9640184064	60.7083320739
	47.9524056175	60.7102493531
	47.9409430886	60.71292204
	47.9296799039	60.7163386897
	47.9186642942	60.7204846716
	47.9079434299	60.7253422321
	47.8975632194	60.7308905701
	47.8875681125	60.737105927
	47.8780009096	60.7439616877
	47.8689025791	60.7514284946
	47.8603120813	60.7594743738
	47.8522662021	60.7680648716
	47.8447993952	60.7771632021
	47.8379436346	60.786730405
	47.8317282777	60.7967255119
	47.8261799396	60.8071057224
	47.8213223792	60.8178265866
	47.8205165749	60.8198051233
	47.8188457375	60.8239784021
	47.8171840421	60.8284742298
	47.7926643593	60.8355856785
	47.7849502897	60.8380122737
	47.7739346799	60.8421582556
	47.7649065654	60.846192029
	47.7595104207	60.8487832565
	47.7079295512	60.8512406356
	47.699432373	60.8512406356
	47.6887191146	60.8515599759
	47.6467803329	60.8540624173
	47.6457298963	60.8541281805
	47.6340165753	60.855281842
	47.6224037865	60.8571991212
	47.6109412575	60.8598718081
	47.5996780729	60.8632884578
	47.5886624631	60.8674344397
	47.5779415988	60.8722920001
	47.5699903226	60.8764630193
	47.5442331471	60.8703182162
	47.5375846169	60.8688644654
	47.525971828	60.8669471862
	47.525945603	60.8669437356
	47.5153865209	60.8655551858
	47.503699425	60.864404975
	47.49193573	60.8640198715
	47.4791564941	60.8640198715
	47.4673927992	60.864404975
	47.4556794781	60.8655586364
	47.4525325546	60.866001253
	47.4140904857	60.871754918
	47.3379420263	60.8762760602
	47.3368385999	60.8763449774
	47.3326509335	60.8766685973
	47.3263441934	60.8772301262
	47.3185590735	60.8689180383
	47.3099685757	60.8608721591
	47.3008702452	60.8534053522
	47.2913030423	60.8465495916
	47.2813079354	60.8403342347
	47.2795775784	60.8393479461
	47.2662490262	60.8318482512
	47.2575991727	60.8272862018
	47.2570319727	60.8270077272
	47.2564672153	60.82547984
	47.2549317259	60.8192392729
	47.2540121641	60.815660801
	47.2505955144	60.8043976163
	47.2464495325	60.7933820066
	47.241591972	60.7826611423
	47.236043634	60.7722809318
	47.2298282771	60.7622858249
	47.2229725164	60.752718622
	47.221302564	60.750575996
	47.2171292852	60.7453040844
	47.2113324307	60.7383483799
	47.2032865515	60.7297578821
	47.1946960537	60.7217120029
	47.1855977232	60.714245196
	47.1760305203	60.7073894353
	47.1660354134	60.7011740784
	47.1556552029	60.6956257404
	47.1449343386	60.6907681799
	47.1339187289	60.686622198
	47.1226555442	60.6832055483
	47.1111930153	60.6805328614
	47.1049672	60.6794079175
	47.0946904056	60.6777370801
	47.089303432	60.6769447448
	47.077590111	60.6757910834
	47.0769934374	60.6757529712
	47.0576491909	60.6745496472
	47.0389509947	60.6726850071
	47.0328666003	60.6721823798
	47.0211029053	60.6717972763
	47.016560324	60.6718546482
	46.9507262786	60.6735178562
	46.9445751897	60.6737786568
	46.916521906	60.6754494942
	46.9154518812	60.6755164252
	46.9037385602	60.6766700866
	46.8921257713	60.6785873658
	46.8806632424	60.6812600527
	46.8694000577	60.6846767024
	46.858384448	60.6888226843
	46.8476635837	60.6936802448
	46.8372833732	60.6992285828
	46.8272882663	60.7054439397
	46.8190264329	60.7113074755
	46.7621264276	60.7145919044
	46.7607277601	60.7146781073
	46.7497764289	60.7157331062
	46.7344947517	60.7176786018
	46.7337327618	60.7177772643
	46.722119973	60.7196945435
	46.7106574441	60.7223672304
	46.6993942594	60.7257838801
	46.6883786496	60.7299298621
	46.6776577853	60.7347874225
	46.6672775749	60.7403357606
	46.657282468	60.7465511175
	46.6477152651	60.7534068781
	46.6386169345	60.760873685
	46.6300264368	60.7689195642
	46.6219805576	60.777510062
	46.6145137506	60.7866083925
	46.60765799	60.7961755954
	46.6014426331	60.8061707023
	46.5986784592	60.811342108
	46.5954042096	60.8116645934
	46.5934445574	60.8119335569
	46.5701062395	60.8152676023
	46.5604531029	60.816915918
	46.5489905739	60.8195886049
	46.5377273893	60.8230052547
	46.5267117795	60.8271512366
	46.5201364316	60.830029859
	46.4984765805	60.8400319952
	46.4943310642	60.8420109332
	46.4857977648	60.8465074571
	46.479685842	60.8499405274
	46.4773257352	60.848679024
	46.4666048709	60.8438214636
	46.4555892611	60.8396754817
	46.4443260764	60.836258832
	46.4328635475	60.8335861451
	46.4218572932	60.8317497675
	46.4179864169	60.8312267538
	46.4128130188	60.8268694199
	46.4064381773	60.8217433649
	46.3968709744	60.8148876043
	46.3868758675	60.8086722474
	46.376495657	60.8031239093
	46.3657747927	60.7982663489
	46.354759183	60.794120367
	46.3434959983	60.7907037172
	46.3320334694	60.7880310304
	46.3204206806	60.7861137512
	46.3087073595	60.7849600897
	46.2969436646	60.7845749862
	46.2851799696	60.7849600897
	46.2821792467	60.7851819893
	46.2585586412	60.7871274849
	46.2498460431	60.7880592468
	46.2419668678	60.7892747701
	46.2343305364	60.7906267327
	46.2093980233	60.7909787098
	46.2030475224	60.7911805946
	46.1749866093	60.7925691444
	46.1721123426	60.7927344428
	46.1603990216	60.7938881042
	46.1584312178	60.7941582323
	46.1442936051	60.7961785517
	46.1394129387	60.7963678879
	46.1346214979	60.7966178046
	46.1299260284	60.7969873629
	46.0785344269	60.8017099581
	46.0715165753	60.8024940612
	46.0632025301	60.8037871263
	46.0607246656	60.8042320949
	46.0425199934	60.8057530575
	46.0340181012	60.80666734
	46.0224053123	60.8085846192
	46.0109427834	60.8112573061
	46.0101085418	60.81148299
	46.0088889067	60.8118160793
	46.0017205524	60.8130843075
	45.9834697368	60.8149116175
	45.9779115338	60.8155555847
	45.9700043827	60.8167760632
	45.9557641961	60.8192995153
	45.9510741617	60.8197146893
	45.9434571881	60.8205528381
	45.93858855	60.8212616769
	45.8981899325	60.8277088442
	45.8280948897	60.8349814455
	45.8231797833	60.8355598571
	45.8148657382	60.8368529222
	45.8101459414	60.8377004913
	45.7399355647	60.8453582751
	45.735960545	60.8458366515
	45.7243477562	60.8477539307
	45.7128852273	60.8504266176
	45.7016220426	60.8538432673
	45.6906064328	60.8579892493
	45.6798855686	60.8628468097
	45.6695053581	60.8683951478
	45.6595102512	60.8746105047
	45.6499430483	60.8814662653
	45.6408447177	60.8889330722
	45.63225422	60.8969789514
	45.6242083408	60.9055694492
	45.6167415338	60.9146677797
	45.6098857732	60.9242349826
	45.6036704163	60.9342300896
	45.5981220782	60.9446103
	45.5932645178	60.9553311643
	45.5891185359	60.966346774
	45.5857018862	60.9776099587
	45.5830291993	60.9890724876
	45.5811119201	61.0006852765
	45.580218051	61.0097608816
	45.5704121013	61.0107423743
	45.5648484845	61.0113868835
	45.5572968017	61.0125447385
	45.5551162842	61.0129266286
	45.5138141405	61.0159337508
	45.4884792919	61.0169296819
	45.4837807386	61.0171759711
	45.4756817328	61.017890966
	45.4699217726	61.0185309616
	45.4636739878	61.0187517253
	45.4615241943	61.0107179592
	45.4615088072	61.0106604958
	45.4580921575	60.9993973111
	45.4556170335	60.9925627767
	45.4537268248	60.9848273659
	45.4503760553	60.9737586226
	45.4458531902	60.9603845592
	45.4420768676	60.9462724636
	45.4420614805	60.9462150002
	45.4386448308	60.9349518155
	45.4347998626	60.9246674597
	45.4273001677	60.9063340246
	45.426999154	60.9056027707
	45.4246612281	60.9002095171
	45.4219822331	60.8916168546
	45.4178513556	60.8806377215
	45.4078492194	60.856475429
	45.407834115	60.8564389524
	45.4029765546	60.8457180881
	45.4009797585	60.841790978
	45.3918092262	60.8242891469
	45.3882576843	60.8178360466
	45.3820423274	60.8078409396
	45.3751865667	60.7982737368
	45.3690726796	60.7907361021
	45.3657386341	60.7868451109
	45.3643857144	60.785284415
	45.3563398352	60.7766939172
	45.3477493374	60.768648038
	45.3386510069	60.7611812311
	45.329083804	60.7543254705
	45.3190886971	60.7481101136
	45.3087084866	60.7425617755
	45.2979876223	60.7377042151
	45.2869720126	60.7335582332
	45.2757088279	60.7301415835
	45.264246299	60.7274688966
	45.2526335102	60.7255516174
	45.2409201891	60.7243979559
	45.2291564941	60.7240128524
	45.2192912267	60.7242836031
	45.1556563498	60.7277791335
	45.1078040018	60.7292336527
	45.0996900452	60.7290592632
	45.0981368023	60.7290934094
	45.0958251953	60.7290177353
	45.087835312	60.729195285
	45.0317287446	60.731690097
	45.0279549329	60.7318976508
	45.0264947783	60.7319993227
	45.0031581701	60.7337197145
	44.9639888312	60.735269504
	44.9593361585	60.7355139838
	44.9512371527	60.7362289787
	44.9450745393	60.7369137135
	44.9095040214	60.7383308399
	44.9049004286	60.738573371
	44.8968133938	60.7392870362
	44.890677153	60.7399684247
	44.8548585972	60.7413794195
	44.8501747816	60.7416251288
	44.8462966549	60.7419214579
	44.7728131608	60.7483362176
	44.6946061237	60.7526173025
	44.6926735609	60.7527335272
	44.6865238566	60.7532426795
	44.6650634378	60.755390686
	44.6060193737	60.7589489892
	44.551748512	60.7611035904
	44.547119972	60.7613471137
	44.5470161574	60.7613539482
	44.4696530289	60.7664695388
	44.4439670867	60.7674894321
	44.4393395155	60.7677329169
	44.4366220472	60.7679317116
	44.3872784553	60.7719173798
	44.2679392493	60.7784504661
	44.2660073011	60.7785666571
	44.2613324519	60.7789343218
	44.1782254257	60.7865617353
	44.1687580839	60.7869341038
	44.1640633314	60.7871802435
	44.1535251333	60.7881831327
	44.1313007071	60.7909602323
	44.1301255841	60.7911110046
	44.1185127952	60.7930282838
	44.1070502663	60.7957009707
	44.0957870817	60.7991176204
	44.0847714719	60.8032636023
	44.0740506076	60.8081211627
	44.0636703972	60.8136695008
	44.0536752902	60.8198848577
	44.0441080874	60.8267406183
	44.0350097568	60.8342074252
	44.026419259	60.8422533044
	44.0183733798	60.8508438022
	44.0109065729	60.8599421328
	44.0040508123	60.8695093356
	44.0029549575	60.8712716135
	43.9950460928	60.8710507429
	43.9888122078	60.8672812562
	43.9784319974	60.8617329181
	43.9677111331	60.8568753577
	43.9566955233	60.8527293757
	43.9454323387	60.849312726
	43.9339698097	60.8466400391
	43.9276797863	60.845504668
	43.9227949184	60.8447122822
	43.9205936833	60.8374557828
	43.916724431	60.8271120934
	43.9142219896	60.8210009484
	43.91394526	60.8203290281
	43.9090876996	60.8096081638
	43.9035393615	60.7992279533
	43.899850798	60.7931220927
	43.8965167525	60.7878425517
	43.8939899592	60.7839533054
	43.8871341986	60.7743861025
	43.8796673917	60.7652877719
	43.8716215125	60.7566972742
	43.8630310147	60.748651395
	43.8539326841	60.741184588
	43.8443654813	60.7343288274
	43.8343703743	60.7281134705
	43.8239901639	60.7225651324
	43.8132692996	60.717707572
	43.8022536898	60.7135615901
	43.7909905052	60.7101449404
	43.7795279762	60.7074722535
	43.7679151874	60.7055549743
	43.7562018664	60.7044013129
	43.7547542808	60.7043122929
	43.7305843589	60.7029237431
	43.7202682495	60.7026276596
	43.7183995628	60.7026373671
	43.6991597754	60.7028372681
	43.6892703152	60.697571236
	43.6872474541	60.6966546895
	43.6824183881	60.6859967136
	43.67687005	60.6756165031
	43.6706546931	60.6656213962
	43.6637989325	60.6560541933
	43.6563321255	60.6469558628
	43.6482862464	60.638365365
	43.6396957486	60.6303194858
	43.630597418	60.6228526789
	43.6210302151	60.6159969182
	43.6110351082	60.6097815613
	43.6006548978	60.6042332233
	43.5899340335	60.5993756629
	43.5789184237	60.5952296809
	43.567655239	60.5918130312
	43.5561927101	60.5891403443
	43.5445799213	60.5872230651
	43.5328666003	60.5860694037
	43.5211029053	60.5856843002
	43.5093392103	60.5860694037
	43.4976258893	60.5872230651
	43.4973313563	60.5872620886
	43.4765031092	60.5900391882
	43.4651848533	60.5919174439
	43.4615810634	60.5926727094
	43.4049075743	60.5969969425
	43.3251878649	60.5993751203
	43.3192378201	60.5996512923
	43.2971214464	60.6010451545
	43.2466774771	60.6018187272
	43.2376717298	60.6021826849
	43.2335259383	60.6025025814
	43.2085244125	60.6047227352
	43.2009568829	60.6055565002
	43.1893440941	60.6074737794
	43.1813113356	60.6092635595
	43.1780980284	60.6067393976
	43.1685308255	60.599883637
	43.1651376558	60.5976712516
	43.1529153657	60.5898968985
	43.1463134285	60.5858939271
	43.1359332181	60.580345589
	43.1294465923	60.577305796
	43.1219468975	60.5739717506
	43.117712659	60.5721539832
	43.1066970492	60.5680080012
	43.0954338645	60.5645913515
	43.0839713356	60.5619186646
	43.0723585468	60.5600013854
	43.0606846416	60.5588503118
	43.001518687	60.5549593206
	43.0014792712	60.5549567328
	42.9897155762	60.5545716293
	42.9779518812	60.5549567328
	42.9662385602	60.5561103942
	42.9546257713	60.5580276734
	42.9449036509	60.5602433377
	42.9351761728	60.5627457791
	42.9334357644	60.5632028017
	42.9221725797	60.5666194514
	42.9111569699	60.5707654334
	42.9004361057	60.5756229938
	42.8900558952	60.5811713319
	42.8800607883	60.5873866888
	42.8704935854	60.5942424494
	42.8613952549	60.6017092563
	42.8610770635	60.602007275
	42.8595450783	60.6023644838
	42.8482818937	60.6057811336
	42.8372662839	60.6099271155
	42.8265454196	60.6147846759
	42.8161652092	60.620333014
	42.8061701022	60.6265483709
	42.7966028994	60.6334041315
	42.7875045688	60.6408709384
	42.778914071	60.6489168176
	42.7708681918	60.6575073154
	42.7634013849	60.666605646
	42.7631814012	60.6668929322
	42.7595726976	60.6716155274
	42.7558463592	60.6768266895
	42.7335834288	60.6774140383
	42.7265633314	60.677736579
	42.7233946272	60.6779723935
	42.7094176288	60.6791367879
	42.7074085516	60.676333124
	42.6999417447	60.6672347934
	42.6918958655	60.6586442956
	42.6871732703	60.6539217004
	42.6785827725	60.6458758212
	42.6694844419	60.6384090143
	42.6599172391	60.6315532537
	42.6499221321	60.6253378968
	42.6395419217	60.6197895587
	42.6288210574	60.6149319983
	42.6178054476	60.6107860164
	42.6102108375	60.6083941129
	42.6016048805	60.6058916715
	42.5979363059	60.6048669252
	42.586473777	60.6021942384
	42.5748609882	60.6002769592
	42.5688893545	60.5995920806
	42.5574986685	60.598478189
	42.5517569811	60.5980094061
	42.5399932861	60.5976243026
	42.5282295912	60.5980094061
	42.5240343894	60.5983336971
	42.5115298118	60.5994475887
	42.5040116925	60.6002769592
	42.5011676593	60.6006745055
	42.4975280429	60.5993953303
	42.4884573557	60.5965810371
	42.479569111	60.5940785957
	42.4773766136	60.5934762392
	42.4659140846	60.5908035523
	42.4543012958	60.5888862731
	42.4425879748	60.5877326117
	42.4347763893	60.5873909327
	42.422279441	60.5871162745
	42.4183273315	60.58707285
	42.4065636366	60.5874579535
	42.4063919998	60.5874692856
	42.3938874221	60.5883008896
	42.3823457379	60.5894432189
	42.3791341204	60.5898955304
	42.3398391006	60.5957914698
	42.2964068361	60.5997584469
	42.2892900128	60.6005516174
	42.2865948126	60.6009272103
	42.209095423	60.6123255257
	42.2001778343	60.613867212
	42.1901331141	60.6161661853
	42.1672584094	60.6194070739
	42.1573998192	60.6210846192
	42.151167408	60.6224396206
	42.1474862336	60.6233085802
	42.1102591513	60.6295482718
	42.1049019554	60.6305298097
	42.0991655418	60.6317684697
	42.0705553123	60.6384365605
	42.0693466458	60.6387226639
	42.0404617581	60.645665413
	42.0359443093	60.6468133364
	42.0325505207	60.6477584173
	42.0102020872	60.6542183615
	42.0059150002	60.6533111817
	42.0004605514	60.6523133706
	41.9904584152	60.6506425332
	41.9843000751	60.6497230651
	41.9725867541	60.6485694037
	41.9608230591	60.6481843002
	41.9490593641	60.6485694037
	41.9373460431	60.6497230651
	41.9257332542	60.6516403443
	41.9142707253	60.6543130312
	41.9030075406	60.6577296809
	41.8919919309	60.6618756629
	41.8812710666	60.6667332233
	41.8768843025	60.6689717133
	41.8673170584	60.6740199767
	41.863663989	60.6754865027
	41.8529431247	60.6803440631
	41.8468870428	60.6834746474
	41.840218952	60.687083351
	41.8358948234	60.6895011048
	41.8323651318	60.6916960081
	41.8285799602	60.6891032666
	41.8268636502	60.6879421087
	41.8168685433	60.6817267518
	41.8064883328	60.6761784137
	41.7957674685	60.6713208533
	41.7847518588	60.6671748714
	41.7734886741	60.6637582216
	41.7620261452	60.6610855347
	41.7504133563	60.6591682556
	41.7387000353	60.6580145941
	41.7372176214	60.6579235767
	41.7274901434	60.6573666309
	41.7172088623	60.6570725448
	41.7054451673	60.6574576483
	41.6937318463	60.6586113097
	41.6905157472	60.6590642937
	41.6682989504	60.6623983391
	41.6599022606	60.6638626344
	41.654544464	60.6650134826
	41.6256519469	60.6716815734
	41.6195472146	60.6732034121
	41.6082840299	60.6766200618
	41.5972684201	60.6807660437
	41.5865475559	60.6856236041
	41.5761673454	60.6911719422
	41.5665428506	60.6971568377
	41.5659336237	60.6961771213
	41.5591883893	60.6867541096
	41.5550998835	60.6803461276
	41.5482441229	60.6707789248
	41.5468355732	60.6689673137
	41.5409320979	60.6595102512
	41.5367886498	60.6535715173
	41.5367604382	60.6524805963
	41.536805629	60.6511001587
	41.5364205255	60.6393364637
	41.5352668641	60.6276231427
	41.5333495849	60.6160103538
	41.530676898	60.6045478249
	41.5272602483	60.5932846402
	41.5231142663	60.5822690305
	41.5182567059	60.5715481662
	41.5127083679	60.5611679558
	41.5125080439	60.5608218734
	41.5094486567	60.5555499618
	41.5034336237	60.5459009372
	41.4965778631	60.5363337343
	41.4891110562	60.5272354038
	41.481065177	60.518644906
	41.4724746792	60.5105990268
	41.4633763487	60.5031322199
	41.4538091458	60.4962764593
	41.4438140389	60.4900611024
	41.4334338284	60.4845127643
	41.4227129641	60.4796552039
	41.4116973544	60.4755092219
	41.4004341697	60.4720925722
	41.3889716408	60.4694198853
	41.377358852	60.4675026061
	41.3656455309	60.4663489447
	41.3538818359	60.4659638412
	41.3503267268	60.4659989789
	41.3364335994	60.4662736371
	41.3282250135	60.4666236029
	41.3165116925	60.4677772643
	41.3048989036	60.4696945435
	41.2934363747	60.4723672304
	41.2822306957	60.4757643704
	41.2701378854	60.4798647737
	41.2534098539	60.4758730909
	41.2467520973	60.4744171388
	41.2351393085	60.4724998596
	41.2234259875	60.4713461981
	41.2187729617	60.4711017044
	41.1557160159	60.4686068924
	41.1486053467	60.4684662826
	41.145048285	60.4685014589
	41.1362455683	60.4686755786
	41.105343247	60.4675398309
	41.0582504998	60.4648647747
	41.0570520958	60.4648699919
	41.0480499268	60.4645752914
	41.036370022	60.4649549226
	41.0235907862	60.4657865266
	41.0235069959	60.4657919989
	41.0117936749	60.4669456603
	41.0001808861	60.4688629395
	40.9887183571	60.4715356264
	40.9774551725	60.4749522761
	40.9664395627	60.4790982581
	40.9557186984	60.4839558185
	40.945338488	60.4895041566
	40.935343381	60.4957195135
	40.9257761782	60.5025752741
	40.9240092526	60.503948632
	40.8780479148	60.5076521035
	40.8690171856	60.5086097839
	40.8574043968	60.5105270631
	40.8459418679	60.51319975
	40.8346786832	60.5166163997
	40.8236630735	60.5207623816
	40.8129422092	60.525619942
	40.8025619987	60.5311682801
	40.7994163811	60.533027258
	40.7953614874	60.5332950185
	40.7837358136	60.5344429138
	40.7721230247	60.536360193
	40.7670299622	60.5374501539
	40.7573101136	60.5396779371
	40.7509406472	60.541260663
	40.7396774625	60.5446773128
	40.7286618528	60.5488232947
	40.7179409885	60.5536808551
	40.7171289103	60.5540838752
	40.7104684488	60.5574102913
	40.7009003166	60.5625556092
	40.6985528823	60.5640153376
	40.6963118763	60.5631349816
	40.6883620883	60.5602260188
	40.6807264592	60.5578221931
	40.6721128727	60.5553197517
	40.6684853172	60.5543069277
	40.6570227883	60.5516342408
	40.6565534748	60.5515415372
	40.6268369831	60.5457126798
	40.6166044149	60.5440103958
	40.5841031942	60.5395624588
	40.583192287	60.5394401672
	40.571478966	60.5382865057
	40.559715271	60.5379014022
	40.555146016	60.53795945
	40.5440376176	60.5382417376
	40.5368431776	60.5385687933
	40.5251298565	60.5397224548
	40.5135170677	60.541639734
	40.5134390714	60.5416552663
	40.5037192228	60.5435931325
	40.4923346902	60.5462502871
	40.4810715055	60.5496669368
	40.4700558957	60.5538129187
	40.4593350314	60.5586704791
	40.4572442982	60.5597879993
	40.4520419217	60.5570072711
	40.4486442515	60.5553757574
	40.441365668	60.5519740647
	40.4366275588	60.5486631715
	40.4335302151	60.5465465398
	40.4235351082	60.5403311829
	40.4131548978	60.5347828448
	40.4114647823	60.5339603228
	40.4045220333	60.5306262774
	40.3954912844	60.526591239
	40.3844756747	60.5224452571
	40.37321249	60.5190286074
	40.3617499611	60.5163559205
	40.3608970069	60.516188399
	40.3509025001	60.5142505327
	40.3401426654	60.5125007751
	40.3284293444	60.5113471137
	40.320906829	60.5110120203
	40.2972938529	60.5104550745
	40.2812889784	60.5107901679
	40.2755776389	60.5112559856
	40.2634363028	60.5124412051
	40.2535463992	60.5079907752
	40.2425307894	60.5038447932
	40.2364568142	60.5019023392
	40.2281255154	60.4993998978
	40.2229363059	60.4979257021
	40.211473777	60.4952530152
	40.1998609882	60.493335736
	40.1981487234	60.4931186647
	40.1867580374	60.4917301149
	40.1767569811	60.4907935248
	40.1649932861	60.4904084213
	40.1532295912	60.4907935248
	40.1426989289	60.4917954725
	40.131582901	60.4931840223
	40.1304002423	60.493335736
	40.1187874534	60.4952530152
	40.1137915357	60.4963207389
	40.0940149268	60.5008419935
	40.0804775336	60.4944705978
	40.07271449	60.4910382605
	40.0616988803	60.4868922786
	40.057387117	60.485488991
	40.0404422318	60.48020945
	40.0334908103	60.4781960878
	40.0245451867	60.4760427641
	40.0050978601	60.471884744
	40.0025809548	60.4713653809
	39.9909681659	60.4694481017
	39.9849965322	60.4687632232
	39.9736058462	60.4676493316
	39.9678641588	60.4671805487
	39.9561004639	60.4667954452
	39.9480924775	60.4669738008
	39.9355955293	60.4675307466
	39.9318398206	60.4677374945
	39.9201264996	60.4688911559
	39.9085137108	60.4708084351
	39.9061146691	60.4713026392
	39.8852787927	60.4757429468
	39.8762153054	60.4779214296
	39.8658895199	60.4810227467
	39.8575582211	60.4837998463
	39.8566208219	60.484115179
	39.8456052121	60.4882611609
	39.8348843478	60.4931187213
	39.8339985327	60.4935585888
	39.8273304419	60.4968926342
	39.8178360466	60.5020011048
	39.8078409396	60.5082164617
	39.7982737368	60.5150722223
	39.7953764842	60.5173428402
	39.7914993607	60.5204459591
	39.7854381631	60.5242708246
	39.7678341743	60.5331312393
	39.7603314695	60.5360440588
	39.7496106052	60.5409016193
	39.7487601337	60.5413238198
	39.7348670063	60.5482665688
	39.7261746759	60.5529122203
	39.7231916767	60.5524940612
	39.7175266982	60.5518394356
	39.7064106703	60.5507331734
	39.7003623278	60.5502341376
	39.6885986328	60.5498490341
	39.6768349378	60.5502341376
	39.6651216168	60.551387799
	39.653508828	60.5533050782
	39.642046299	60.5559777651
	39.6366179548	60.5575239698
	39.6335802304	60.5568492353
	39.6246996152	60.5549571455
	39.6223090431	60.5544647462
	39.614652483	60.5531130967
	39.5975958675	60.5504807932
	39.5827180836	60.5473383289
	39.5806372902	60.5469116456
	39.5690245014	60.5449943664
	39.5633716363	60.5443409467
	39.5620181448	60.5442061553
	39.5518877003	60.5420664173
	39.5498069069	60.541639734
	39.5381941181	60.5397224548
	39.5367508546	60.539538381
	39.520911937	60.5375833569
	39.5177648517	60.5369539399
	39.5175803444	60.5369171388
	39.5059675556	60.5349998596
	39.5047848968	60.5348481458
	39.493668869	60.533459596
	39.4831382067	60.5324576483
	39.4745437564	60.5321004683
	39.474369764	60.5319998841
	39.4639895535	60.526451546
	39.4532686892	60.5215939856
	39.4422530795	60.5174480037
	39.4404607676	60.5168500758
	39.4235158823	60.5112958766
	39.4140450096	60.5084771547
	39.4026604769	60.5058200002
	39.3929406283	60.503882134
	39.392862632	60.5038666016
	39.3812498432	60.5019493224
	39.3695365221	60.500795661
	39.3577728271	60.5004105575
	39.3460091322	60.500795661
	39.3342958111	60.5019493224
	39.3297866368	60.5026011678
	39.3086684727	60.5059275838
	39.3015648582	60.5071930177
	39.2939281513	60.508973648
	39.2915887216	60.5072938501
	39.2868356088	60.5041047632
	39.2865499295	60.5039134832
	39.2765548226	60.4976981263
	39.2661746121	60.4921497882
	39.2554537478	60.4872922278
	39.2444381381	60.4831462459
	39.2331749534	60.4797295961
	39.2217124245	60.4770569093
	39.2100996356	60.4751396301
	39.1983863146	60.4739859686
	39.1866226196	60.4736008651
	39.1748589246	60.4739859686
	39.1631456036	60.4751396301
	39.1564879575	60.4761432288
	38.8141039178	60.5343290427
	38.8129133563	60.5341682556
	38.8012000353	60.5330145941
	38.7966235907	60.5327731466
	38.7619022162	60.5313845968
	38.7547149658	60.5312409408
	38.7453639783	60.53148418
	38.7233639452	60.5326294906
	38.7074753709	60.5326294906
	38.6839367341	60.531688152
	38.6648099205	60.5292966163
	38.6542578966	60.5282919989
	38.6424942017	60.5279068954
	38.6307305067	60.5282919989
	38.6190171856	60.5294456603
	38.6074043968	60.5313629395
	38.5959418679	60.5340356264
	38.5846786832	60.5374522761
	38.5736630735	60.5415982581
	38.5629422092	60.5464558185
	38.5525619987	60.5520041566
	38.5425668918	60.5582195135
	38.5329996889	60.5650752741
	38.5239013584	60.572542081
	38.5153108606	60.5805879602
	38.5072649814	60.589178458
	38.4997981745	60.5982767885
	38.4968347811	60.6022509824
	38.4909982943	60.610307623
	38.487105927	60.615900632
	38.4828228587	60.6226290067
	38.4231726312	60.6249862624
	38.4185112684	60.6252310858
	38.4067979474	60.6263847472
	38.3951851585	60.6283020264
	38.3949541287	60.6283481384
	38.3893923001	60.62946203
	38.378160801	60.6320886049
	38.3668976163	60.6355052547
	38.3558820066	60.6396512366
	38.3451611423	60.644508797
	38.3347809318	60.6500571351
	38.3248519596	60.6562283233
	38.3190231022	60.6601193145
	38.3189569675	60.6601634832
	38.3093897646	60.6670192438
	38.3002914341	60.6744860507
	38.2917009363	60.6825319299
	38.2836550571	60.6911224277
	38.2761882502	60.7002207583
	38.2693324895	60.7097879611
	38.2631171326	60.7197830681
	38.2575687946	60.7301632785
	38.2566958004	60.7320900178
	38.2547411071	60.732111021
	38.2419618713	60.7323856792
	38.2340630262	60.7327292548
	38.2223497052	60.7338829162
	38.2159052357	60.7348504189
	38.1928415761	60.7387414101
	38.1876732567	60.7396911866
	38.1762107278	60.7423638735
	38.1649475431	60.7457805232
	38.1539319333	60.7499265051
	38.1494959846	60.7518340927
	38.1420039191	60.7551757675
	38.1357190036	60.7581257404
	38.1253387932	60.7636740784
	38.1153436862	60.7698894353
	38.1057764834	60.776745196
	38.0966781528	60.7842120029
	38.088087655	60.7922578821
	38.0840954004	60.7963795818
	38.0799297509	60.8008198894
	38.0758761264	60.8052886875
	38.0698853971	60.8124897432
	38.0628038415	60.8191972742
	38.0600838995	60.8219766702
	38.0473122931	60.8353128519
	38.0419863559	60.8411239536
	38.034519549	60.8502222841
	38.0276637884	60.859789487
	38.0214484315	60.8697845939
	38.0181261964	60.8758015197
	38.0100695558	60.8910755675
	38.0078434528	60.8954388522
	38.0029858923	60.9061597165
	37.9988399104	60.9171753263
	37.9954232607	60.928438511
	37.9927505738	60.9399010399
	37.9908332946	60.9515138287
	37.99003982	60.9595701121
	37.9816589355	60.9592957504
	37.9777940856	60.9593372783
	37.9650148498	60.9596119365
	37.9571160047	60.9599555121
	37.9454026837	60.9611091735
	37.9337898948	60.9630264527
	37.9223273659	60.9656991396
	37.9110641813	60.9691157893
	37.9000485715	60.9732617713
	37.8893277072	60.9781193317
	37.8789474968	60.9836676697
	37.8710872514	60.9884783918
	37.8663646562	60.991537779
	37.8642297946	60.9929424139
	37.8546625918	60.9997981745
	37.8455642612	61.0072649814
	37.8369737634	61.0153108606
	37.8289278842	61.0239013584
	37.8214610773	61.0329996889
	37.8146053167	61.0425668918
	37.8083899598	61.0525619987
	37.8028416217	61.0629422092
	37.7979840613	61.0736630735
	37.7938380794	61.0846786832
	37.7904214296	61.0959418679
	37.7877487428	61.1074043968
	37.7876191706	61.1080622052
	37.7863903762	61.1143624153
	37.7791222176	61.1175951739
	37.7726666354	61.1206211627
	37.762286425	61.1261695008
	37.7522913181	61.1323848577
	37.7427241152	61.1392406183
	37.7336257846	61.1467074252
	37.7250352868	61.1547533044
	37.7205873498	61.1592012414
	37.7125414706	61.1677917392
	37.7050746637	61.1768900698
	37.6982189031	61.1864572726
	37.6920035462	61.1964523796
	37.6864552081	61.20683259
	37.6815976477	61.2175534543
	37.6774516658	61.2285690641
	37.6740350161	61.2398322487
	37.6713623292	61.2512947777
	37.6698842386	61.2597835564
	37.6686824518	61.2613322085
	37.6618266912	61.2708994113
	37.6556113343	61.2808945183
	37.6500629962	61.2912747287
	37.6452054358	61.301995593
	37.6410594539	61.3130112027
	37.6376428042	61.3242743874
	37.6366243679	61.3282567184
	37.6339875091	61.3332522701
	37.6317371906	61.3376614475
	37.6268796301	61.3483823117
	37.6227336482	61.3593979215
	37.6193169985	61.3706611062
	37.6166443116	61.3821236351
	37.6163770708	61.3834949589
	37.6152631792	61.3893314458
	37.6136131408	61.3995729107
	37.6124594794	61.4112862318
	37.6120743759	61.4230499268
	37.6124594794	61.4348136217
	37.6129062298	61.4403285221
	37.6117329181	61.4426648044
	37.6068753577	61.4533856687
	37.6027293757	61.4644012784
	37.599312726	61.4756644631
	37.5966400391	61.487126992
	37.5947227599	61.4987397809
	37.5935690985	61.5104531019
	37.5933388182	61.5147555365
	37.5916670636	61.5251018385
	37.5891403443	61.5360161522
	37.5890879602	61.5362805402
	37.5884500571	61.5395128019
	37.5880122737	61.5407867765
	37.584595624	61.5520499611
	37.5819229371	61.5635124901
	37.5800056579	61.5751252789
	37.5788519965	61.5868385999
	37.5786378251	61.5907626532
	37.5775032165	61.5981813092
	37.5763495551	61.6098946302
	37.5759644516	61.6216583252
	37.5763495551	61.6334220202
	37.5765065471	61.6356123042
	37.5784520427	61.6606138301
	37.5794487121	61.6701368671
	37.5813659913	61.6817496559
	37.5840386782	61.6932121848
	37.5874553279	61.7044753695
	37.5916013098	61.7154909793
	37.5964588702	61.7262118436
	37.6020072083	61.736592054
	37.6048461836	61.741339202
	37.6084548872	61.7471680595
	37.6118312688	61.7524160184
	37.6186870295	61.7619832212
	37.6255360044	61.7703733254
	37.6346989072	61.7809324074
	37.6353167392	61.7816406338
	37.6433626184	61.7902311316
	37.6519531162	61.7982770108
	37.6610514467	61.8057438177
	37.6615234547	61.806104765
	37.6673599415	61.810552702
	37.6764551364	61.8170475153
	37.6864502434	61.8232628723
	37.6935008356	61.8271260602
	37.700451214	61.8307347638
	37.7037808322	61.8324199139
	37.7048486905	61.8329421436
	37.708672005	61.8412173367
	37.7090636571	61.8420066487
	37.7029978579	61.8464626032
	37.6938995273	61.8539294101
	37.6853090295	61.8619752893
	37.6772631503	61.8705657871
	37.6697963434	61.8796641176
	37.6629405828	61.8892313205
	37.6567252259	61.8992264274
	37.6552456213	61.9018393065
	37.649691422	61.9118414428
	37.6456226886	61.9196087741
	37.6407651282	61.9303296384
	37.6366191463	61.9413452482
	37.6332024965	61.9526084328
	37.6305298097	61.9640709617
	37.6304344049	61.9645540491
	37.6286649098	61.9735789598
	37.6282878474	61.9746780729
	37.6248711977	61.9859412575
	37.6221985108	61.9974037865
	37.6202812316	62.0090165753
	37.6199563409	62.0116323347
	37.6189364291	62.0127853305
	37.6114696222	62.0218836611
	37.6046138616	62.031450864
	37.6029226974	62.0341704772
	37.5690775406	62.0370054098
	37.5461538823	62.0368091549
	37.5213235465	62.028259896
	37.5205840731	62.0280070857
	37.5093208885	62.024590436
	37.4978583595	62.0219177491
	37.4862455707	62.0200004699
	37.4856345501	62.019921092
	37.4748008098	62.0185325422
	37.4636985094	62.0174582587
	37.4519348145	62.0170731552
	37.4401711195	62.0174582587
	37.4287213749	62.0185774177
	37.4159421391	62.0202406257
	37.4156785626	62.0202751281
	37.4040657738	62.0221924073
	37.3926032448	62.0248650942
	37.3813400602	62.0282817439
	37.3703244504	62.0324277258
	37.3682643629	62.0332960806
	37.3604900098	62.036630126
	37.3518292331	62.0406193317
	37.3414490227	62.0461676697
	37.3314539157	62.0523830266
	37.3218867128	62.0592387873
	37.3127883823	62.0667055942
	37.3041978845	62.0747514734
	37.2961520053	62.0833419712
	37.2886851984	62.0924403017
	37.2818294378	62.1020075046
	37.2756140809	62.1120026115
	37.2700657428	62.122382822
	37.2652081824	62.1331036863
	37.2610622005	62.144119296
	37.2576455507	62.1553824807
	37.255352815	62.1649861586
	37.2506302198	62.1874852431
	37.2502502686	62.1893440941
	37.2483329894	62.2009568829
	37.247179328	62.2126702039
	37.2467942245	62.2244338989
	37.247179328	62.2361975939
	37.247536561	62.2407583822
	37.2480935068	62.2468695272
	37.2488899352	62.25402206
	37.2508072144	62.2656348488
	37.2534799013	62.2770973777
	37.2558800072	62.2852746274
	37.258100161	62.2922250059
	37.2591167048	62.2953109408
	37.2632626868	62.3063265506
	37.2681202472	62.3170474148
	37.2724003967	62.3251943881
	37.2790684875	62.3371343905
	37.2803366761	62.3393676277
	37.286552033	62.3493627347
	37.2934077936	62.3589299375
	37.3008746005	62.3680282681
	37.3089204797	62.3766187659
	37.3175109775	62.3846646451
	37.3182720972	62.3853283585
	37.3205965854	62.3880325406
	37.321811301	62.3894035128
	37.3312564914	62.3999549654
	37.338087655	62.407174491
	37.3466781528	62.4152203702
	37.3557764834	62.4226871771
	37.356158285	62.4229793339
	37.3619871424	62.4274272709
	37.3711725436	62.4339908747
	37.3811676506	62.4402062316
	37.3877528283	62.4438269092
	37.387705741	62.4439404783
	37.383559759	62.454956088
	37.3832242147	62.4559541583
	37.3796763972	62.4655075406
	37.3762597475	62.4767707253
	37.3739644941	62.4863863999
	37.3730346569	62.4908177727
	37.3721767024	62.4932861661
	37.3702025991	62.4997939126
	37.3419006864	62.504622935
	37.303596768	62.5048289
	37.2796616841	62.5037412133
	37.2771950503	62.5024108003
	37.2630272646	62.4949111055
	37.2584307767	62.4925617755
	37.2477099124	62.4877042151
	37.2366943026	62.4835582332
	37.225431118	62.4801415835
	37.213968589	62.4774688966
	37.2072981882	62.4762722416
	37.1864623117	62.4729381961
	37.1815199237	62.472217572
	37.1731123985	62.4713111986
	37.1500639976	62.4693733324
	37.1467582018	62.4691260443
	37.1349945068	62.4687409408
	37.1312909909	62.4687790737
	37.1179548093	62.4690537319
	37.1114183073	62.4693073273
	37.0967012052	62.4701465607
	37.0951775282	62.4702399359
	37.0834642071	62.4713935973
	37.0726675069	62.473150507
	37.0612691915	62.4753630314
	37.0604531029	62.475523401
	37.0489905739	62.4781960878
	37.047231311	62.4786770539
	36.9926477983	62.4938975156
	36.9670715817	62.4969812082
	36.9651246686	62.4972267272
	36.9616816927	62.4977139063
	36.8926080803	62.5081698058
	36.8427331279	62.5132914906
	36.8376298565	62.5138893249
	36.8287544793	62.5152841117
	36.8059731072	62.5194497611
	36.8032356956	62.5199722535
	36.7931249176	62.5222883644
	36.750238568	62.5334231966
	36.7463753038	62.5340830307
	36.7415672996	62.5349716431
	36.7301047707	62.53764433
	36.727244552	62.5384360713
	36.7175247034	62.5412131709
	36.7091217374	62.5438380794
	36.6981061277	62.5479840613
	36.6981054969	62.5479843226
	36.6900564857	62.551318368
	36.6793362521	62.5561756671
	36.6689560417	62.5617240052
	36.6654468532	62.5638034443
	36.6631537374	62.5651976478
	36.6587750339	62.5672840656
	36.6483948234	62.5728324036
	36.6472211846	62.5735159254
	36.6452521548	62.574672657
	36.6407256001	62.5765437187
	36.6406033811	62.5765942908
	36.6298825168	62.5814518512
	36.6259609778	62.5834457283
	36.602180336	62.5914304321
	36.6016159391	62.5916209773
	36.5931370717	62.5947387497
	36.5867328969	62.5972779701
	36.5770921665	62.5998587769
	36.577051487	62.5998696718
	36.5657883024	62.6032863215
	36.561840076	62.6046780122
	36.5443527884	62.6110717695
	36.5432312876	62.6113602811
	36.5414908791	62.6118173037
	36.5302276944	62.6152339534
	36.5207418294	62.6187545125
	36.5124588346	62.6213450984
	36.5040070949	62.6244521174
	36.4968054172	62.6273061914
	36.4960397857	62.6275187695
	36.4863434171	62.6305080012
	36.4753278074	62.6346539832
	36.4646069431	62.6395115436
	36.4570863974	62.6434434897
	36.4528837395	62.6451826578
	36.4528287229	62.6452054358
	36.4421078586	62.6500629962
	36.4330269028	62.6548683995
	36.4266410996	62.6584847325
	36.4253418449	62.6592276673
	36.4216842487	62.6613974358
	36.4152984455	62.665288427
	36.4089609348	62.6693340154
	36.3993937319	62.676189776
	36.3927842508	62.6815138006
	36.3819428812	62.6906767034
	36.3794540317	62.6928194858
	36.3756642542	62.6962393793
	36.3444930777	62.7251812635
	36.3393809145	62.728962298
	36.330282584	62.7364291049
	36.3255763124	62.7407059186
	36.3112807402	62.7541660103
	36.301960797	62.7597755922
	36.2947870456	62.7643276067
	36.2852198427	62.7711833673
	36.2761215122	62.7786501743
	36.2714328416	62.7829104179
	36.2663695707	62.7876764909
	36.2646662539	62.788967486
	36.2555679233	62.7964342929
	36.2534905789	62.7982846906
	36.2488488279	62.8017286826
	36.247011777	62.8029399724
	36.2374445742	62.8097957331
	36.2360542798	62.8108733856
	36.230292001	62.814327588
	36.2228418552	62.8190456243
	36.2132746523	62.8259013849
	36.212453508	62.8265352415
	36.2006448489	62.8335206946
	36.1922937595	62.8387752386
	36.1827265566	62.8456309992
	36.173628226	62.8530978061
	36.1699308141	62.856432
	36.1507581457	62.8742084893
	36.1458650598	62.8789201745
	36.1378191806	62.8875106723
	36.130369637	62.8965865086
	36.1300448276	62.8969558628
	36.1225780207	62.9060541933
	36.11572226	62.9156213962
	36.1118743264	62.9216352888
	36.1088149392	62.9266325422
	36.1064475159	62.9306137565
	36.1008991779	62.940993967
	36.0960416174	62.9517148313
	36.0950237606	62.9542254692
	36.0913266516	62.9625485715
	36.0871806697	62.9735641813
	36.08376402	62.9848273659
	36.0810913331	62.9962898948
	36.0791740539	63.0079026837
	36.0780203925	63.0196160047
	36.077635289	63.0313796997
	36.0780203925	63.0431433947
	36.0791740539	63.0548567157
	36.0810913331	63.0664695046
	36.0815150441	63.0685362226
	36.0833114869	63.0792487404
	36.0859841738	63.0907112693
	36.0884017191	63.0989430847
	36.0906218729	63.1058858337
	36.0916209773	63.108917203
	36.0957669592	63.1199328128
	36.1006245197	63.1306536771
	36.1033118868	63.1358856774
	36.1075351517	63.1437872696
	36.1064475159	63.1456177238
	36.1008991779	63.1559979343
	36.0960416174	63.1667187986
	36.0918956355	63.1777344083
	36.0884789858	63.188997593
	36.0858062989	63.2004601219
	36.0838890197	63.2120729107
	36.0827353583	63.2237862318
	36.0823502548	63.2355499268
	36.0827353583	63.2473136217
	36.0828822782	63.2493738591
	36.0833572355	63.2555352916
	36.0818472421	63.2580536237
	36.0803397278	63.2606155876
	36.0747913898	63.270995798
	36.0738572699	63.2729187307
	36.0675485027	63.2742964819
	36.0362810783	63.2797553326
	36.032125161	63.2805313355
	36.020662632	63.2832040224
	36.0117173072	63.2858513739
	35.9932541725	63.2918404486
	35.9909363126	63.2926097468
	35.9799207029	63.2967557288
	35.9691998386	63.3016132892
	35.9588747464	63.3071298177
	35.9565224858	63.3084867865
	35.9476620578	63.3125614703
	35.9372818474	63.3181098084
	35.9363969082	63.318624091
	35.9036210293	63.3377967595
	35.8945108615	63.3434978338
	35.8849436586	63.3503535944
	35.8841317437	63.3509802846
	35.8828378879	63.351836762
	35.873270685	63.3586925226
	35.8641723545	63.3661593295
	35.8624480518	63.3676911718
	35.8550414099	63.3743565682
	35.8481993825	63.3792807104
	35.8351372993	63.3868445591
	35.8253427707	63.3929439397
	35.8165633599	63.3991986467
	35.8164187766	63.3992828491
	35.8070093356	63.4051586004
	35.798359788	63.4113148844
	35.7932096749	63.414247424
	35.7922775749	63.4147818665
	35.782282468	63.4209972234
	35.7727152651	63.427852984
	35.7636169345	63.435319791
	35.7626252762	63.4361959262
	35.7576280228	63.4406438632
	35.7500291833	63.4478136072
	35.7419833041	63.456404105
	35.7403860665	63.4582505354
	35.7396871952	63.4588715568
	35.7319780359	63.4661394128
	35.7239321567	63.4747299106
	35.7164653498	63.4838282412
	35.7096095891	63.493395444
	35.7056979136	63.4995135331
	35.7026385264	63.504518416
	35.700334845	63.5083954338
	35.694786507	63.5187756442
	35.6899289465	63.5294965085
	35.6857829646	63.5405121183
	35.6823663149	63.5517753029
	35.679693628	63.5632378319
	35.6777763488	63.5748506207
	35.6766226874	63.5865639417
	35.6762375839	63.5983276367
	35.6766226874	63.6100913317
	35.6777763488	63.6218046527
	35.679693628	63.6334174416
	35.6822151638	63.6443121586
	35.683611343	63.6495916996
	35.6837624941	63.6501595115
	35.6871791438	63.6614226962
	35.6913251257	63.6724383059
	35.6961826862	63.6831591702
	35.7017310242	63.6935393807
	35.7079463811	63.7035344876
	35.7148021418	63.7131016905
	35.7222689487	63.722200021
	35.7303148279	63.7307905188
	35.7389053257	63.738836398
	35.7480036562	63.7463032049
	35.7575708591	63.7531589655
	35.767565966	63.7593743224
	35.7721446554	63.7619295774
	35.7793620626	63.7658205686
	35.7851635837	63.7688136517
	35.795884448	63.7736712121
	35.8069000577	63.7778171941
	35.8070454842	63.7778664905
	35.8242650276	63.7836953479
	35.8353827859	63.7870627012
	35.8468453148	63.7897353881
	35.8584581036	63.7916526673
	35.8596407624	63.791804381
	35.8623337675	63.7921407756
	35.8640417783	63.7925201887
	35.8679558494	63.7933440917
	35.8795686383	63.7952613709
	35.8845963139	63.7958514261
	35.9195923466	63.7994601298
	35.926277992	63.800023736
	35.9281786612	63.8001382119
	35.9534624746	63.8015267617
	35.9633255005	63.8017973893
	35.9679753351	63.8017372757
	36.0058893258	63.8007567998
	36.0290791914	63.8014117531
	36.0616964003	63.806399059
	36.0654054303	63.8069267152
	36.0746773641	63.807903668
	36.1588448445	63.8145717588
	36.1612862318	63.8147484674
	36.1636193526	63.8148861708
	36.2641747725	63.8201657118
	36.2726680379	63.8204106696
	36.307943492	63.8205944995
	36.2999419101	63.826328352
	36.2908435795	63.8337951589
	36.2822530817	63.8418410381
	36.2742072025	63.8504315359
	36.2667403956	63.8595298664
	36.259884635	63.8690970693
	36.2536692781	63.8790921762
	36.24812094	63.8894723867
	36.2432633796	63.900193251
	36.2391173977	63.9112088607
	36.235700748	63.9224720454
	36.2330280611	63.9339345743
	36.2311107819	63.9455473632
	36.2299571205	63.9572606842
	36.229572017	63.9690243792
	36.2299571205	63.9807880742
	36.2311107819	63.9925013952
	36.2330280611	64.004114184
	36.235700748	64.0155767129
	36.2391173977	64.0268398976
	36.2432633796	64.0378555074
	36.24812094	64.0485763717
	36.2505953386	64.0534087051
	36.2955542079	64.1380371649
	36.2986281473	64.1435850418
	36.3048435042	64.1535801488
	36.3116992649	64.1631473516
	36.3191660718	64.1722456822
	36.327211951	64.18083618
	36.3358024488	64.1888820592
	36.3449007793	64.1963488661
	36.3544679822	64.2032046267
	36.3580703438	64.2055498726
	36.5292818032	64.3141229932
	36.5252526416	64.3280700912
	36.3456622147	64.4045623101
	36.3365922597	64.4087263937
	36.3262120493	64.4142747317
	36.3162169424	64.4204900886
	36.3066497395	64.4273458493
	36.2975514089	64.4348126562
	36.2889609112	64.4428585354
	36.280915032	64.4514490332
	36.2789514242	64.4537262179
	35.9695561718	64.8186539514
	35.9523371116	64.8163580767
	35.9435894542	64.8066384574
	35.9370806353	64.7997780603
	35.9284901375	64.7917321811
	35.919391807	64.7842653742
	35.9098246041	64.7774096136
	35.8998294971	64.7711942567
	35.8894492867	64.7656459186
	35.8787284224	64.7607883582
	35.8677128127	64.7566423763
	35.856449628	64.7532257266
	35.8543927346	64.7526875931
	35.7067386414	64.7149886757
	35.6973330058	64.7128541223
	35.685720217	64.7109368431
	35.674006896	64.7097831816
	35.662243201	64.7093980781
	35.650479506	64.7097831816
	35.638766185	64.7109368431
	35.6271533961	64.7128541223
	35.6232251331	64.7136811784
	35.4253058166	64.7576632487
	35.4177715508	64.7595088795
	35.4065083661	64.7629255292
	35.3954927563	64.7670715111
	35.3847718921	64.7719290715
	35.3743916816	64.7774774096
	35.3643965747	64.7836927665
	35.3548293718	64.7905485271
	35.3457310413	64.798015334
	35.3371405435	64.8060612132
	35.3290946643	64.814651711
	35.3216278574	64.8237500416
	35.3147720967	64.8333172444
	35.3085567398	64.8433123514
	35.3030084018	64.8536925618
	35.2981508413	64.8644134261
	35.2940048594	64.8754290359
	35.2931928815	64.8778786416
	35.2240781996	65.0915058403
	35.2214735278	65.1003194193
	35.2188008409	65.1117819482
	35.2168835617	65.123394737
	35.2157299002	65.135108058
	35.2153447967	65.146871753
	35.2157299002	65.158635448
	35.2168835617	65.170348769
	35.2188008409	65.1819615579
	35.2214735278	65.1934240868
	35.2248901775	65.2046872715
	35.2290361594	65.2157028812
	35.2338937198	65.2264237455
	35.2394420579	65.236803956
	35.2456574148	65.2467990629
	35.2525131754	65.2563662658
	35.2599799823	65.2654645963
	35.2680258615	65.2740550941
	35.2766163593	65.2821009733
	35.2857146899	65.2895677802
	35.2952818927	65.2964235408
	35.3052769997	65.3026388977
	35.3096806137	65.3050996424
	35.7746339286	65.5564257586
	35.780610525	65.5595133519
	35.7913313892	65.5643709124
	35.802346999	65.5685168943
	35.8136101837	65.571933544
	35.8250727126	65.5746062309
	35.8289047216	65.5753253789
	36.4697863177	65.6884221311
	36.4775670975	65.6896202623
	36.4892804186	65.6907739238
	36.5010441136	65.6911590273
	36.5128078085	65.6907739238
	36.5169192675	65.6904570728
	37.0132883468	65.6464750025
	37.0208902089	65.645638192
	37.0325029978	65.6437209128
	37.0439655267	65.6410482259
	37.0552287114	65.6376315762
	37.0662443211	65.6334855943
	37.0769651854	65.6286280339
	37.0824127601	65.6258252574
	37.2991815352	65.5095869287
	37.304114171	65.5068413671
	37.3141092779	65.5006260102
	37.3236764808	65.4937702496
	37.3327748114	65.4863034427
	37.3413653091	65.4782575635
	37.3494111883	65.4696670657
	37.3568779953	65.4605687351
	37.3637337559	65.4510015323
	37.3699491128	65.4410064253
	37.3707874959	65.4395384137
	37.4711991981	65.2617825625
	37.5804890456	65.2317292855
	37.6032064544	65.2289139321
	37.6045622211	65.22874068
	37.6111121037	65.2277553612
	37.701997266	65.2123668724
	37.7070601723	65.211434912
	37.7185227012	65.2087622251
	37.7211053437	65.2080495505
	37.7374398774	65.2034108786
	37.7461204196	65.2007069036
	37.7571360293	65.1965609216
	37.7678568936	65.1917033612
	37.7782371041	65.1861550231
	37.788232211	65.1799396662
	37.7957403748	65.1746405162
	37.8159926026	65.1595572032
	37.8180516416	65.1580005926
	37.8271499722	65.1505337857
	37.83574047	65.1424879065
	37.8437863492	65.1338974087
	37.8512531561	65.1247990782
	37.8581089167	65.1152318753
	37.8643242736	65.1052367684
	37.8698726117	65.0948565579
	37.8711573057	65.0921712833
	37.9098746862	65.0803184585
	37.9150390292	65.0786518498
	37.919461458	65.0770860244
	37.953387286	65.0645738238
	37.9662302408	65.061974837
	37.9977352721	65.0587886003
	38.003114162	65.0581626771
	38.0147269509	65.0562453979
	38.0248301005	65.0539312674
	38.0359690166	65.0510397269
	38.0373283958	65.0506811705
	38.0485915805	65.0472645207
	38.0596071902	65.0431185388
	38.0640245003	65.0412192634
	38.0803891973	65.033922368
	38.1052510655	65.0228464647
	38.1071898542	65.0225275429
	38.1606636965	65.0185550066
	38.215454152	65.0210512444
	38.2682454196	65.0548376556
	38.2752697895	65.0591101553
	38.28565	65.0646584934
	38.2963708643	65.0695160538
	38.307386474	65.0736620357
	38.3186496587	65.0770786854
	38.3301121876	65.0797513723
	38.3417249765	65.0816686515
	38.3534382975	65.0828223129
	38.3652019925	65.0832074164
	38.3769656875	65.0828223129
	38.3784888793	65.0827159827
	38.6616311438	65.0617424817
	38.671821273	65.0606951504
	38.6834340618	65.0587778713
	38.6948965907	65.0561051844
	38.7061597754	65.0526885346
	38.7171753852	65.0485425527
	38.7278962495	65.0436849923
	38.7382764599	65.0381366542
	38.7482715668	65.0319212973
	38.7578387697	65.0250655367
	38.7669371003	65.0175987298
	38.775527598	65.0095528506
	38.7782042365	65.0068186566
	38.8581852937	64.9233601621
	38.8954962346	64.9208428365
	38.9068655353	64.9197120545
	38.9154534437	64.9183695911
	38.9456467725	64.9128993152
	38.948671653	64.9123244994
	38.9601341819	64.9096518125
	38.9645242099	64.9084156457
	38.9766040324	64.9048482461
	39.0240680334	64.890868532
	39.0308753283	64.8906456842
	39.0425886493	64.8894920228
	39.0542014382	64.8875747436
	39.0656639671	64.8849020567
	39.0675242795	64.8843928815
	39.0753863706	64.8821956159
	39.0847892428	64.8792881413
	39.0958048526	64.8751421594
	39.1065257169	64.870284599
	39.1081311671	64.8694828975
	39.1479070155	64.8493718135
	39.1480650443	64.8492918148
	39.1663270803	64.8400357463
	39.1812226314	64.837329824
	39.1955861917	64.8352589383
	39.2078367055	64.83460419
	39.6657501911	65.1615596922
	39.6361524274	65.1796997114
	39.6302133762	65.1835018011
	39.6206461733	65.1903575617
	39.6197096255	65.1910811078
	39.612206116	65.1969175946
	39.6040443332	65.2036608554
	39.5954538354	65.2117067346
	39.5874079562	65.2202972324
	39.5799411493	65.2293955629
	39.5730853887	65.2389627658
	39.5668700318	65.2489578728
	39.5613216937	65.2593380832
	39.5607158482	65.2605785954
	39.5532733739	65.2759670842
	39.5490216589	65.2854474363
	39.544875677	65.296463046
	39.5414590273	65.3077262307
	39.5387863404	65.3191887596
	39.5368690612	65.3308015484
	39.535978079	65.3390271226
	39.5347840787	65.3530575792
	39.5345213995	65.356545326
	39.534136296	65.368309021
	39.5345213995	65.380072716
	39.535675061	65.391786037
	39.5369369627	65.3999260538
	39.5356178405	65.4083848614
	39.5344641791	65.4200981825
	39.5341129873	65.4283693312
	39.5333653067	65.466867256
	39.5333985099	65.4683096507
	39.5333313949	65.4703598022
	39.5337164984	65.4821234972
	39.5348701598	65.4938368183
	39.536787439	65.5054496071
	39.5375620878	65.5091412842
	39.5427271879	65.5325330078
	39.544625226	65.5403038597
	39.5480418757	65.5515670443
	39.5521878577	65.5625826541
	39.5570454181	65.5733035184
	39.5588216647	65.5768083535
	39.5601568704	65.5793730757
	39.568408688	65.5953270918
	39.5724013428	65.6026275154
	39.5786166997	65.6126226224
	39.5808552329	65.6158941957
	39.598658425	65.6413077089
	39.6032756525	65.6476033384
	39.6107424594	65.656701669
	39.6112089977	65.6572315524
	39.6490965709	65.7000934909
	39.6566759119	65.7081541052
	39.6652664096	65.7161999844
	39.6653712889	65.7162918892
	39.6771777769	65.7266297187
	39.6861712282	65.7340046209
	39.6957384311	65.7408603816
	39.705733538	65.7470757385
	39.7161137485	65.7526240765
	39.7166406246	65.7528828352
	39.7561685177	65.7722157209
	39.7663625058	65.7768145227
	39.7719084025	65.7790047295
	39.7940259507	65.7916352493
	39.8036686801	65.7967601239
	39.8143895444	65.8016176843
	39.8254051542	65.8057636662
	39.8366683388	65.809180316
	39.8438632632	65.8109501932
	39.8664195681	65.8160084818
	39.8706871727	65.8169112914
	39.8806539578	65.8186041323
	39.9384826874	65.8267614737
	39.9638165404	65.8319642692
	39.9638670558	65.831974636
	40.0558933041	65.8508465059
	40.1293038253	65.8684524023
	40.1457061845	65.8753411396
	40.1743238842	65.893811901
	40.1819298271	65.8984581848
	40.1923100375	65.9040065228
	40.2030309018	65.9088640832
	40.2140465116	65.9130100652
	40.2178494658	65.9142539947
	40.2541272368	65.9256751983
	40.2615874673	65.9278479185
	40.2649521813	65.9287147465
	40.3267531696	65.9440011115
	40.3545127847	65.9528631715
	40.4030085668	65.9701206146
	40.4185854933	65.9784831967
	40.4229091768	65.9818024751
	40.4295408165	65.9895069596
	40.430631528	65.9907623379
	40.4386774072	65.9993528357
	40.447267905	66.0073987149
	40.4535609147	66.0126684336
	40.4685339053	66.0246362419
	40.4720668327	66.0274713978
	40.4751459902	66.0298877996
	40.4847131931	66.0367435603
	40.4895112903	66.0398405111
	40.5079652979	66.0513408695
	40.5287548785	66.068797571
	40.5349222963	66.0737491888
	40.5444894992	66.0806049494
	40.5544846062	66.0868203063
	40.561101689	66.0904576636
	40.6045426959	66.1131627483
	40.6151003037	66.1206251696
	40.6189905368	66.1232990412
	40.6289856437	66.1295143981
	40.6393658542	66.1350627362
	40.6429966931	66.1368030197
	40.6625775341	66.1459201462
	40.6696675595	66.1490374231
	40.6806831693	66.153183405
	40.6913053973	66.1564270424
	40.7108061297	66.1617294716
	40.7114470864	66.1619024839
	40.7229096153	66.1645751708
	40.7328385075	66.1662626624
	40.7666443546	66.1710386634
	40.7683282513	66.171268451
	40.7800415724	66.1724221124
	40.7812987874	66.1725000944
	40.9023408649	66.1795826596
	40.9661415932	66.1857089795
	40.9663349851	66.1857274441
	40.9998005904	66.1889044271
	41.022917931	66.1919942846
	41.0882616481	66.2042177221
	41.0978570599	66.2057456849
	41.0979761262	66.2057613198
	41.2005001495	66.219189232
	41.2353001216	66.225235252
	41.3544826765	66.2551520856
	41.4375437431	66.2808560461
	41.4664247071	66.2924352216
	41.4746816533	66.2983540258
	41.4795442783	66.3017200617
	41.4895393852	66.3079354186
	41.4999195956	66.3134837567
	41.5106404599	66.3183413171
	41.5216560697	66.3224872991
	41.5238146741	66.323204856
	41.5487530702	66.4553783551
	41.5490905629	66.4571198856
	41.5517632498	66.4685824145
	41.5551798995	66.4798455991
	41.5593258815	66.4908612089
	41.5641834419	66.5015820732
	41.56973178	66.5119622836
	41.5759471369	66.5219573906
	41.5828028975	66.5315245934
	41.5839355801	66.5329851345
	41.8741188685	66.9032189853
	41.8804529928	66.9108567747
	41.888498872	66.9194472725
	41.8970893698	66.9274931517
	41.9061877004	66.9349599586
	41.9157549032	66.9418157192
	41.9257500102	66.9480310762
	41.9361302206	66.9535794142
	41.9468510849	66.9584369746
	41.9578666946	66.9625829566
	41.9691298793	66.9659996063
	41.9805924082	66.9686722932
	41.9807004392	66.9686937475
	42.5610670161	67.0837664308
	42.5725717739	67.0856622557
	42.5842850949	67.0868159171
	42.5960487899	67.0872010206
	42.6078124849	67.0868159171
	42.6195258059	67.0856622557
	42.6311385948	67.0837449765
	42.6426011237	67.0810722896
	42.6538643084	67.0776556399
	42.6632778368	67.0741642496
	42.8883115095	66.9834790383
	43.6951098133	67.3558474862
	43.7016523352	67.3587109541
	43.7126679449	67.362856936
	43.7239311296	67.3662735858
	43.7353936585	67.3689462727
	43.7470064474	67.3708635519
	43.7587197684	67.3720172133
	43.7704834634	67.3724023168
	43.7822471584	67.3720172133
	43.7939604794	67.3708635519
	43.8055732682	67.3689462727
	43.8170357971	67.3662735858
	43.8282989818	67.362856936
	43.8393145916	67.3587109541
	43.8500354559	67.3538533937
	43.8604156663	67.3483050556
	43.8704107733	67.3420896987
	43.8764742592	67.3378553417
END
END
