none
1
   5.005792E+01   4.463640E+01
   4.963260E+01   4.596458E+01
   4.911762E+01   4.633243E+01
   4.853792E+01   4.653374E+01
   4.839751E+01   4.671807E+01
   4.864801E+01   4.683175E+01
   4.879586E+01   4.672116E+01
   4.896123E+01   4.676441E+01
   4.809811E+01   4.771271E+01
   4.747302E+01   4.772679E+01
   4.741602E+01   4.761977E+01
   4.707906E+01   4.775922E+01
   4.696770E+01   4.798846E+01
   4.704842E+01   4.824170E+01
   4.642304E+01   4.841238E+01
   4.674713E+01   4.897244E+01
   4.695852E+01   4.913633E+01
   4.673816E+01   4.932680E+01
   4.686685E+01   4.988100E+01
   4.715396E+01   4.995756E+01
   4.724239E+01   5.031754E+01
   4.756066E+01   5.050604E+01
   4.788883E+01   5.035248E+01
   4.839472E+01   4.986952E+01
   4.876715E+01   4.998362E+01
   4.851491E+01   5.063916E+01
   4.861391E+01   5.069371E+01
   4.880647E+01   5.064442E+01
   4.917857E+01   5.086364E+01
   4.931393E+01   5.089303E+01
   4.927487E+01   5.100334E+01
   4.936358E+01   5.116883E+01
   4.976210E+01   5.114311E+01
   4.994391E+01   5.126126E+01
   5.018245E+01   5.131175E+01
   5.055348E+01   5.165316E+01
   5.074137E+01   5.179566E+01
   5.090300E+01   5.177435E+01
   5.092050E+01   5.170986E+01
   5.139847E+01   5.170390E+01
   5.147670E+01   5.158203E+01
   5.170510E+01   5.158249E+01
   5.184194E+01   5.170301E+01
   5.239274E+01   5.180834E+01
   5.259416E+01   5.154052E+01
   5.325583E+01   5.156864E+01
   5.367154E+01   5.143479E+01
   5.368970E+01   5.126192E+01
   5.404956E+01   5.118547E+01
   5.417795E+01   5.111964E+01
   5.435880E+01   5.092204E+01
   5.448021E+01   5.091689E+01
   5.449386E+01   5.100425E+01
   5.459015E+01   5.105846E+01
   5.476178E+01   5.106463E+01
   5.481291E+01   5.101058E+01
   5.508625E+01   5.094979E+01
   5.571482E+01   5.059464E+01
   5.606042E+01   5.075297E+01
   5.616113E+01   5.096153E+01
   5.652576E+01   5.111392E+01
   5.718911E+01   5.114391E+01
   5.732427E+01   5.105117E+01
   5.745171E+01   5.091218E+01
   5.753981E+01   5.096155E+01
   5.769849E+01   5.095073E+01
   5.775063E+01   5.116331E+01
   5.809629E+01   5.114982E+01
   5.815636E+01   5.110174E+01
   5.817858E+01   5.115288E+01
   5.834007E+01   5.118912E+01
   5.837721E+01   5.110384E+01
   5.853442E+01   5.111145E+01
   5.865673E+01   5.104118E+01
   5.890022E+01   5.072633E+01
   5.953181E+01   5.066727E+01
   5.962855E+01   5.056170E+01
   5.978734E+01   5.056268E+01
   6.000783E+01   5.087955E+01
   6.024565E+01   5.084878E+01
   6.033863E+01   5.069623E+01
   6.080391E+01   5.068365E+01
   6.141404E+01   5.082423E+01
   6.153491E+01   5.125401E+01
   6.146765E+01   5.138989E+01
   6.110791E+01   5.141810E+01
   6.092963E+01   5.146947E+01
   6.084777E+01   5.158975E+01
   6.045887E+01   5.159341E+01
   6.030918E+01   5.168472E+01
   6.040818E+01   5.176672E+01
   6.019033E+01   5.183830E+01
   6.003854E+01   5.185075E+01
   5.994652E+01   5.195225E+01
   5.998515E+01   5.201802E+01
   6.023552E+01   5.202254E+01
   6.049862E+01   5.218128E+01
   6.060051E+01   5.218280E+01
   6.095085E+01   5.231974E+01
   6.095762E+01   5.248482E+01
   6.081185E+01   5.250331E+01
   6.080789E+01   5.260727E+01
   6.068157E+01   5.264712E+01
   6.067907E+01   5.277736E+01
   6.096460E+01   5.291281E+01
   6.096184E+01   5.298887E+01
   6.125563E+01   5.305812E+01
   6.146477E+01   5.306198E+01
   6.168131E+01   5.301555E+01
   6.186079E+01   5.302716E+01
   6.200679E+01   5.297525E+01
   6.209240E+01   5.300146E+01
   6.207666E+01   5.309908E+01
   6.179286E+01   5.314830E+01
   6.169239E+01   5.320370E+01
   6.151206E+01   5.318967E+01
   6.136759E+01   5.325288E+01
   6.115297E+01   5.328099E+01
   6.111399E+01   5.340834E+01
   6.121933E+01   5.352025E+01
   6.110666E+01   5.359094E+01
   6.087156E+01   5.360628E+01
   6.087111E+01   5.368852E+01
   6.101526E+01   5.368997E+01
   6.103430E+01   5.374183E+01
   6.110910E+01   5.374606E+01
   6.119454E+01   5.383362E+01
   6.111893E+01   5.388031E+01
   6.096722E+01   5.388861E+01
   6.096031E+01   5.395113E+01
   6.113477E+01   5.400013E+01
   6.121596E+01   5.399208E+01
   6.119958E+01   5.404501E+01
   6.137189E+01   5.410532E+01
   6.148871E+01   5.408920E+01
   6.150527E+01   5.403471E+01
   6.157851E+01   5.402814E+01
   6.159272E+01   5.401294E+01
   6.166230E+01   5.403505E+01
   6.173154E+01   5.404244E+01
   6.177965E+01   5.400478E+01
   6.182552E+01   5.404689E+01
   6.191905E+01   5.404521E+01
   6.207825E+01   5.407647E+01
   6.255644E+01   5.408519E+01
   6.313636E+01   5.420810E+01
   6.381671E+01   5.429456E+01
   6.404475E+01   5.433994E+01
   6.462160E+01   5.442263E+01
   6.498131E+01   5.444835E+01
   6.515539E+01   5.437584E+01
   6.518139E+01   5.455771E+01
   6.539204E+01   5.460417E+01
   6.544250E+01   5.468833E+01
   6.573474E+01   5.466001E+01
   6.578035E+01   5.472387E+01
   6.603460E+01   5.475228E+01
   6.607329E+01   5.466129E+01
   6.732153E+01   5.489333E+01
   6.767562E+01   5.488768E+01
   6.779238E+01   5.498877E+01
   6.792334E+01   5.500604E+01
   6.815773E+01   5.498120E+01
   6.814483E+01   5.520720E+01
   6.859769E+01   5.526617E+01
   6.873729E+01   5.540088E+01
   6.891258E+01   5.546187E+01
   6.971771E+01   5.550799E+01
   6.975553E+01   5.538143E+01
   7.020396E+01   5.517300E+01
   7.044258E+01   5.530312E+01
   7.084129E+01   5.530917E+01
   7.106639E+01   5.509177E+01
   7.102939E+01   5.488182E+01
   7.134585E+01   5.467851E+01
   7.125765E+01   5.421843E+01
   7.163417E+01   5.416139E+01
   7.170521E+01   5.429203E+01
   7.196939E+01   5.426529E+01
   7.197748E+01   5.438561E+01
   7.222049E+01   5.437691E+01
   7.237580E+01   5.425993E+01
   7.234961E+01   5.420066E+01
   7.303226E+01   5.411368E+01
   7.314441E+01   5.399819E+01
   7.333432E+01   5.396912E+01
   7.360252E+01   5.409431E+01
   7.381749E+01   5.407372E+01
   7.372341E+01   5.383947E+01
   7.348280E+01   5.385422E+01
   7.348380E+01   5.379152E+01
   7.341393E+01   5.376064E+01
   7.328805E+01   5.357786E+01
   7.350096E+01   5.351870E+01
   7.364645E+01   5.363137E+01
   7.380133E+01   5.360630E+01
   7.389250E+01   5.367522E+01
   7.438092E+01   5.360443E+01
   7.444044E+01   5.371094E+01
   7.476683E+01   5.384533E+01
   7.501417E+01   5.384809E+01
   7.537153E+01   5.401375E+01
   7.531470E+01   5.408076E+01
   7.624551E+01   5.438342E+01
   7.696341E+01   5.449444E+01
   7.702830E+01   5.441545E+01
   7.686109E+01   5.414803E+01
   7.659825E+01   5.404828E+01
   7.794492E+01   5.330733E+01
   7.921974E+01   5.194381E+01
   8.002815E+01   5.087736E+01
   8.044591E+01   5.098836E+01
   8.038823E+01   5.111772E+01
   8.042507E+01   5.122675E+01
   8.056385E+01   5.122839E+01
   8.065711E+01   5.134231E+01
   8.117196E+01   5.123352E+01
   8.122087E+01   5.114714E+01
   8.113301E+01   5.099400E+01
   8.144616E+01   5.099356E+01
   8.154258E+01   5.077413E+01
   8.167055E+01   5.077903E+01
   8.176140E+01   5.085600E+01
   8.216879E+01   5.075992E+01
   8.235801E+01   5.080627E+01
   8.255066E+01   5.076790E+01
   8.268790E+01   5.085316E+01
   8.269884E+01   5.094705E+01
   8.309279E+01   5.103182E+01
   8.345785E+01   5.103545E+01
   8.384660E+01   5.090020E+01
   8.401422E+01   5.079933E+01
   8.428774E+01   5.052480E+01
   8.432061E+01   5.029085E+01
   8.467700E+01   5.022706E+01
   8.507166E+01   5.006604E+01
   8.502996E+01   4.992122E+01
   8.511319E+01   4.988938E+01
   8.524649E+01   4.974970E+01
   8.528860E+01   4.964444E+01
   8.538264E+01   4.966397E+01
   8.560608E+01   4.964742E+01
   8.612941E+01   4.955538E+01
   8.637430E+01   4.963073E+01
   8.653848E+01   4.973819E+01
   8.656874E+01   4.984005E+01
   8.681562E+01   4.982832E+01
   8.682844E+01   4.963133E+01
   8.706330E+01   4.927301E+01
   8.735359E+01   4.924764E+01
   8.730413E+01   4.908589E+01
   8.692858E+01   4.910018E+01
   8.678841E+01   4.896946E+01
   8.686240E+01   4.882944E+01
   8.680931E+01   4.870677E+01
   8.661711E+01   4.851995E+01
   8.623101E+01   4.840444E+01
   8.581239E+01   4.838566E+01
   8.559657E+01   4.807868E+01
   8.574704E+01   4.738590E+01
   8.572734E+01   4.721730E+01
   8.558819E+01   4.702715E+01
   8.526720E+01   4.701107E+01
   8.494998E+01   4.683238E+01
   8.472300E+01   4.698478E+01
   8.450932E+01   4.694970E+01
   8.391975E+01   4.694176E+01
   8.305961E+01   4.719525E+01
   8.277718E+01   4.647129E+01
   8.246367E+01   4.594062E+01
   8.238197E+01   4.592549E+01
   8.237733E+01   4.570942E+01
   8.231659E+01   4.555937E+01
   8.251197E+01   4.543392E+01
   8.262218E+01   4.520174E+01
   8.247110E+01   4.516982E+01
   8.228879E+01   4.521226E+01
   8.207574E+01   4.518006E+01
   8.177111E+01   4.536025E+01
   8.146224E+01   4.523062E+01
   8.090606E+01   4.509606E+01
   8.072928E+01   4.511262E+01
   8.038553E+01   4.500741E+01
   8.010704E+01   4.501865E+01
   7.997785E+01   4.491675E+01
   8.002414E+01   4.483726E+01
   8.019154E+01   4.486731E+01
   8.023402E+01   4.476447E+01
   8.033470E+01   4.473390E+01
   8.044222E+01   4.462725E+01
   8.039182E+01   4.447783E+01
   8.044743E+01   4.411546E+01
   8.054151E+01   4.396825E+01
   8.057120E+01   4.382629E+01
   8.079442E+01   4.348363E+01
   8.084639E+01   4.317250E+01
   8.083004E+01   4.311985E+01
   8.049657E+01   4.302605E+01
   8.065747E+01   4.288124E+01
   8.032102E+01   4.276113E+01
   8.023356E+01   4.263419E+01
   8.032094E+01   4.250471E+01
   8.024936E+01   4.242598E+01
   8.032729E+01   4.232208E+01
   8.030858E+01   4.220482E+01
   8.009312E+01   4.217805E+01
   8.004787E+01   4.230941E+01
   7.985418E+01   4.238770E+01
   7.948931E+01   4.242674E+01
   7.932794E+01   4.256425E+01
   7.918441E+01   4.263250E+01
   7.912763E+01   4.272442E+01
   7.866683E+01   4.279062E+01
   7.848844E+01   4.287093E+01
   7.833486E+01   4.282275E+01
   7.805100E+01   4.280590E+01
   7.777362E+01   4.287886E+01
   7.745157E+01   4.290282E+01
   7.724904E+01   4.288170E+01
   7.715931E+01   4.292925E+01
   7.687222E+01   4.295352E+01
   7.673622E+01   4.287367E+01
   7.656517E+01   4.287567E+01
   7.632541E+01   4.283162E+01
   7.586841E+01   4.290682E+01
   7.572445E+01   4.276560E+01
   7.520662E+01   4.282205E+01
   7.486107E+01   4.296086E+01
   7.473203E+01   4.295954E+01
   7.452380E+01   4.313018E+01
   7.421888E+01   4.322626E+01
   7.419446E+01   4.316578E+01
   7.404945E+01   4.312543E+01
   7.396920E+01   4.316104E+01
   7.391205E+01   4.306827E+01
   7.378615E+01   4.307647E+01
   7.359208E+01   4.300130E+01
   7.354447E+01   4.290151E+01
   7.354795E+01   4.277769E+01
   7.346848E+01   4.262191E+01
   7.348032E+01   4.252220E+01
   7.355868E+01   4.244081E+01
   7.351042E+01   4.237910E+01
   7.331870E+01   4.240098E+01
   7.327184E+01   4.247921E+01
   7.289895E+01   4.250305E+01
   7.259683E+01   4.264922E+01
   7.248821E+01   4.265306E+01
   7.227651E+01   4.272653E+01
   7.211403E+01   4.270383E+01
   7.186142E+01   4.279990E+01
   7.162451E+01   4.273185E+01
   7.150998E+01   4.277659E+01
   7.130495E+01   4.275451E+01
   7.118876E+01   4.256432E+01
   7.104200E+01   4.257183E+01
   7.112178E+01   4.248441E+01
   7.109379E+01   4.245033E+01
   7.103377E+01   4.245341E+01
   7.090979E+01   4.231423E+01
   7.098105E+01   4.228141E+01
   7.096095E+01   4.221619E+01
   7.086500E+01   4.216568E+01
   7.077380E+01   4.216542E+01
   7.066042E+01   4.198790E+01
   7.052900E+01   4.199724E+01
   7.047655E+01   4.207473E+01
   7.036236E+01   4.202550E+01
   7.037572E+01   4.195938E+01
   7.025964E+01   4.191138E+01
   7.020573E+01   4.183031E+01
   6.994856E+01   4.168951E+01
   6.965252E+01   4.163033E+01
   6.951220E+01   4.151457E+01
   6.945607E+01   4.152826E+01
   6.949789E+01   4.145051E+01
   6.936792E+01   4.144045E+01
   6.930124E+01   4.140214E+01
   6.922708E+01   4.142917E+01
   6.918864E+01   4.141560E+01
   6.919267E+01   4.136816E+01
   6.907412E+01   4.133204E+01
   6.905131E+01   4.119535E+01
   6.876766E+01   4.104729E+01
   6.880613E+01   4.100679E+01
   6.876685E+01   4.094875E+01
   6.862635E+01   4.091142E+01
   6.862228E+01   4.072594E+01
   6.869636E+01   4.069096E+01
   6.866608E+01   4.063623E+01
   6.870756E+01   4.059386E+01
   6.858548E+01   4.053480E+01
   6.835065E+01   4.058724E+01
   6.805417E+01   4.076002E+01
   6.789321E+01   4.080986E+01
   6.794907E+01   4.089085E+01
   6.803338E+01   4.089509E+01
   6.805201E+01   4.093590E+01
   6.802161E+01   4.099953E+01
   6.796549E+01   4.099408E+01
   6.793877E+01   4.112284E+01
   6.785908E+01   4.110157E+01
   6.772742E+01   4.114958E+01
   6.736810E+01   4.109335E+01
   6.667718E+01   4.111600E+01
   6.650333E+01   4.185446E+01
   6.596463E+01   4.191541E+01
   6.597359E+01   4.238647E+01
   6.582806E+01   4.282767E+01
   6.549580E+01   4.329744E+01
   6.515231E+01   4.347354E+01
   6.497344E+01   4.369205E+01
   6.493556E+01   4.370285E+01
   6.453803E+01   4.353961E+01
   6.329947E+01   4.362148E+01
   6.245737E+01   4.349400E+01
   6.198673E+01   4.347533E+01
   6.109822E+01   4.421047E+01
   6.106826E+01   4.434273E+01
   5.996819E+01   4.497577E+01
   5.947741E+01   4.512312E+01
   5.907354E+01   4.529561E+01
   5.858021E+01   4.555910E+01
   5.603505E+01   4.498153E+01
   5.602986E+01   4.129496E+01
   5.560171E+01   4.121263E+01
   5.540082E+01   4.125413E+01
   5.508164E+01   4.158670E+01
   5.490755E+01   4.182222E+01
   5.488841E+01   4.191389E+01
   5.474884E+01   4.202815E+01
   5.420425E+01   4.234490E+01
   5.358280E+01   4.225694E+01
   5.300830E+01   4.209278E+01
   5.247219E+01   4.173330E+01
   5.225359E+01   4.167685E+01
   5.109542E+01   4.305925E+01
   5.006832E+01   4.432259E+01
   5.005792E+01   4.463640E+01
END
END
