none
1
   1.289756E+00   5.195415E+01
   1.303131E+00   5.195074E+01
   1.306135E+00   5.194820E+01
   1.307251E+00   5.194508E+01
   1.306307E+00   5.193386E+01
   1.293085E+00   5.193619E+01
   1.286476E+00   5.193418E+01
   1.267937E+00   5.191022E+01
   1.269782E+00   5.190829E+01
   1.269911E+00   5.190710E+01
   1.265631E+00   5.190038E+01
   1.267422E+00   5.189926E+01
   1.286991E+00   5.190784E+01
   1.287378E+00   5.190697E+01
   1.282013E+00   5.190072E+01
   1.280726E+00   5.189664E+01
   1.276005E+00   5.189365E+01
   1.277164E+00   5.189100E+01
   1.296991E+00   5.187238E+01
   1.294974E+00   5.186146E+01
   1.275361E+00   5.184897E+01
   1.275318E+00   5.184725E+01
   1.274331E+00   5.184590E+01
   1.271756E+00   5.184537E+01
   1.271713E+00   5.184423E+01
   1.243776E+00   5.182325E+01
   1.243432E+00   5.182232E+01
   1.242402E+00   5.182240E+01
   1.220258E+00   5.181036E+01
   1.219614E+00   5.180877E+01
   1.144040E+00   5.178148E+01
   1.142367E+00   5.177978E+01
   1.135457E+00   5.177718E+01
   1.135028E+00   5.177625E+01
   1.118677E+00   5.177274E+01
   1.118162E+00   5.177219E+01
   1.100567E+00   5.177062E+01
   1.098550E+00   5.177139E+01
   1.093186E+00   5.177086E+01
   1.093143E+00   5.177107E+01
   1.041773E+00   5.176823E+01
   1.039971E+00   5.176765E+01
   1.038254E+00   5.176850E+01
   1.037825E+00   5.176799E+01
   1.034091E+00   5.177054E+01
   1.034735E+00   5.176956E+01
   1.033104E+00   5.177035E+01
   1.029027E+00   5.178334E+01
   1.027439E+00   5.178440E+01
   1.025809E+00   5.178830E+01
   1.026409E+00   5.178936E+01
   1.024221E+00   5.179000E+01
   1.024607E+00   5.179088E+01
   1.023405E+00   5.179279E+01
   1.022161E+00   5.179282E+01
   1.020745E+00   5.179417E+01
   1.017140E+00   5.179459E+01
   1.017311E+00   5.179552E+01
   1.016625E+00   5.179648E+01
   1.017397E+00   5.179666E+01
   1.016754E+00   5.179781E+01
   1.014779E+00   5.179873E+01
   1.013063E+00   5.179834E+01
   1.012548E+00   5.179953E+01
   1.012891E+00   5.180062E+01
   1.004694E+00   5.180001E+01
   1.006315E+00   5.179888E+01
   1.009558E+00   5.179339E+01
   1.009512E+00   5.179140E+01
   1.006508E+00   5.178471E+01
   9.958620E-01   5.177540E+01
   9.774970E-01   5.177372E+01
   9.206660E-01   5.176956E+01
   9.199790E-01   5.176863E+01
   9.144860E-01   5.176682E+01
   9.144430E-01   5.176616E+01
   9.111820E-01   5.176634E+01
   9.110100E-01   5.176201E+01
   8.812270E-01   5.175261E+01
   8.810980E-01   5.175224E+01
   8.771500E-01   5.175041E+01
   8.771070E-01   5.174998E+01
   8.763770E-01   5.174964E+01
   8.753470E-01   5.174993E+01
   8.635030E-01   5.174257E+01
   8.623010E-01   5.174299E+01
   8.025630E-01   5.172524E+01
   8.035070E-01   5.172008E+01
   8.154380E-01   5.172077E+01
   8.182700E-01   5.172221E+01
   8.848750E-01   5.174235E+01
   9.505350E-01   5.174926E+01
   9.526810E-01   5.174746E+01
   9.687310E-01   5.174485E+01
   9.970550E-01   5.172742E+01
   9.966260E-01   5.172593E+01
   9.889010E-01   5.172194E+01
   9.852970E-01   5.171301E+01
   9.880430E-01   5.170093E+01
   9.822930E-01   5.168630E+01
   9.840090E-01   5.168242E+01
   9.834080E-01   5.168050E+01
   9.857260E-01   5.167108E+01
   9.687310E-01   5.164632E+01
   9.590320E-01   5.163791E+01
   9.409220E-01   5.163279E+01
   9.494190E-01   5.162475E+01
   1.034435E+00   5.165466E+01
   1.031517E+00   5.160943E+01
   1.010574E+00   5.159429E+01
   9.954680E-01   5.159130E+01
   9.956400E-01   5.158986E+01
   9.976140E-01   5.158864E+01
   1.013578E+00   5.158709E+01
   1.014522E+00   5.158592E+01
   1.014265E+00   5.158442E+01
   9.970130E-01   5.158101E+01
   9.969270E-01   5.158069E+01
   1.017956E+00   5.157573E+01
   1.021858E+00   5.157184E+01
   1.021904E+00   5.157091E+01
   1.019586E+00   5.156960E+01
   1.010918E+00   5.157232E+01
   1.008686E+00   5.157173E+01
   1.006454E+00   5.156581E+01
   9.924640E-01   5.155828E+01
   9.879150E-01   5.155850E+01
   9.818210E-01   5.156197E+01
   9.816490E-01   5.156165E+01
   9.939230E-01   5.155449E+01
   9.938370E-01   5.155391E+01
   9.722080E-01   5.154985E+01
   9.728090E-01   5.154660E+01
   9.530680E-01   5.154606E+01
   9.528100E-01   5.154676E+01
   9.539260E-01   5.154942E+01
   9.534970E-01   5.155039E+01
   9.521240E-01   5.155039E+01
   9.517800E-01   5.154820E+01
   9.502350E-01   5.154702E+01
   9.460300E-01   5.154820E+01
   9.450850E-01   5.154782E+01
   9.454290E-01   5.154622E+01
   9.516940E-01   5.154334E+01
   9.483470E-01   5.154291E+01
   9.480900E-01   5.154249E+01
   9.672300E-01   5.154035E+01
   9.462870E-01   5.153309E+01
   9.403650E-01   5.153261E+01
   9.356440E-01   5.152903E+01
   9.331550E-01   5.152978E+01
   9.327260E-01   5.153325E+01
   9.335840E-01   5.153608E+01
   9.333270E-01   5.153822E+01
   9.323830E-01   5.153875E+01
   9.318680E-01   5.153854E+01
   9.304940E-01   5.153437E+01
   9.284340E-01   5.153378E+01
   9.176200E-01   5.153523E+01
   9.167610E-01   5.153480E+01
   9.167610E-01   5.153435E+01
   9.244860E-01   5.153341E+01
   9.250870E-01   5.153293E+01
   9.231130E-01   5.152978E+01
   9.231130E-01   5.152754E+01
   9.261170E-01   5.152326E+01
   9.085210E-01   5.152273E+01
   9.068050E-01   5.152401E+01
   9.062040E-01   5.152631E+01
   9.019130E-01   5.152887E+01
   9.012260E-01   5.152999E+01
   8.996810E-01   5.153069E+01
   8.990800E-01   5.153010E+01
   8.995950E-01   5.152855E+01
   9.049170E-01   5.152503E+01
   9.054320E-01   5.152342E+01
   9.033720E-01   5.152017E+01
   9.023420E-01   5.151974E+01
   8.983080E-01   5.152070E+01
   8.960760E-01   5.152278E+01
   8.943600E-01   5.152652E+01
   8.911840E-01   5.152850E+01
   8.902400E-01   5.152759E+01
   8.937590E-01   5.152476E+01
   8.942740E-01   5.152321E+01
   8.927600E-01   5.151932E+01
   8.813130E-01   5.151408E+01
   8.595120E-01   5.151632E+01
   8.583960E-01   5.151589E+01
   8.580530E-01   5.151525E+01
   8.586540E-01   5.151477E+01
   8.614010E-01   5.151488E+01
   8.615720E-01   5.151461E+01
   8.583960E-01   5.151237E+01
   8.520450E-01   5.151178E+01
   8.508430E-01   5.151290E+01
   8.510150E-01   5.151456E+01
   8.524740E-01   5.151686E+01
   8.518730E-01   5.151728E+01
   8.495710E-01   5.151653E+01
   8.488690E-01   5.151552E+01
   8.492130E-01   5.151162E+01
   8.445780E-01   5.150820E+01
   8.315310E-01   5.150836E+01
   8.283560E-01   5.150655E+01
   8.314460E-01   5.151189E+01
   8.284420E-01   5.151226E+01
   8.264670E-01   5.150628E+01
   7.614940E-01   5.150703E+01
   7.591760E-01   5.150788E+01
   7.553140E-01   5.151306E+01
   7.552280E-01   5.151413E+01
   7.561720E-01   5.151520E+01
   7.587470E-01   5.151605E+01
   7.588330E-01   5.151648E+01
   7.538550E-01   5.151552E+01
   7.523950E-01   5.151381E+01
   7.523950E-01   5.150879E+01
   7.184930E-01   5.151865E+01
   7.185360E-01   5.151959E+01
   7.268610E-01   5.152114E+01
   7.267330E-01   5.152135E+01
   7.011550E-01   5.152164E+01
   6.981940E-01   5.152084E+01
   6.854910E-01   5.152285E+01
   6.768290E-01   5.152149E+01
   6.774840E-01   5.150137E+01
   4.732320E-01   5.149557E+01
   4.375990E-01   5.145471E+01
   3.389230E-01   5.145008E+01
   3.316750E-01   5.145430E+01
   3.194370E-01   5.146897E+01
   3.058320E-01   5.147010E+01
   2.880680E-01   5.145899E+01
   2.780300E-01   5.145767E+01
   2.101560E-01   5.148582E+01
   2.105420E-01   5.149016E+01
   2.117260E-01   5.149101E+01
   2.132370E-01   5.149492E+01
   2.146270E-01   5.149633E+01
   2.304190E-01   5.149912E+01
   2.277580E-01   5.150308E+01
   2.244110E-01   5.150313E+01
   2.238100E-01   5.150457E+01
   2.408900E-01   5.150767E+01
   2.401180E-01   5.151323E+01
   2.417490E-01   5.151344E+01
   2.370280E-01   5.151948E+01
   2.443230E-01   5.151846E+01
   2.451820E-01   5.151905E+01
   2.438940E-01   5.152076E+01
   2.406330E-01   5.152129E+01
   2.407190E-01   5.152236E+01
   2.429500E-01   5.152423E+01
   2.459540E-01   5.152380E+01
   2.474130E-01   5.152530E+01
   2.462980E-01   5.152621E+01
   2.492160E-01   5.152850E+01
   2.512760E-01   5.152888E+01
   2.541080E-01   5.151755E+01
   2.641500E-01   5.151782E+01
   2.642360E-01   5.152284E+01
   2.670690E-01   5.152289E+01
   2.670690E-01   5.152439E+01
   2.656090E-01   5.152434E+01
   2.653520E-01   5.153197E+01
   2.737630E-01   5.153320E+01
   2.751370E-01   5.153261E+01
   2.971090E-01   5.153566E+01
   2.967660E-01   5.153768E+01
   3.104990E-01   5.153918E+01
   3.104130E-01   5.153977E+01
   3.307550E-01   5.154121E+01
   3.319570E-01   5.154030E+01
   3.343600E-01   5.154067E+01
   3.342740E-01   5.154196E+01
   3.314420E-01   5.154607E+01
   3.298110E-01   5.154607E+01
   3.283520E-01   5.154852E+01
   3.281800E-01   5.155108E+01
   3.252620E-01   5.155332E+01
   3.224290E-01   5.155306E+01
   3.223440E-01   5.155434E+01
   3.187660E-01   5.155535E+01
   3.189960E-01   5.155717E+01
   3.152950E-01   5.155788E+01
   3.131600E-01   5.156581E+01
   2.846640E-01   5.156346E+01
   2.837200E-01   5.157136E+01
   2.816600E-01   5.157403E+01
   2.820890E-01   5.157877E+01
   2.713150E-01   5.158864E+01
   2.692800E-01   5.159556E+01
   2.699930E-01   5.159950E+01
   2.538930E-01   5.160189E+01
   2.543230E-01   5.160215E+01
   2.540870E-01   5.160223E+01
   2.547300E-01   5.160270E+01
   2.552450E-01   5.160257E+01
   2.566830E-01   5.160356E+01
   2.564470E-01   5.160391E+01
   2.570480E-01   5.160420E+01
   2.572840E-01   5.160487E+01
   2.580780E-01   5.160483E+01
   2.580190E-01   5.160655E+01
   2.633320E-01   5.160755E+01
   2.641150E-01   5.160839E+01
   2.513230E-01   5.161835E+01
   2.381990E-01   5.162162E+01
   2.376840E-01   5.162327E+01
   2.403450E-01   5.163073E+01
   2.389720E-01   5.163222E+01
   2.329000E-01   5.163281E+01
   2.296160E-01   5.163574E+01
   2.221490E-01   5.162988E+01
   1.343650E-01   5.162338E+01
   1.184870E-01   5.161490E+01
   1.159980E-01   5.161687E+01
   1.040670E-01   5.161282E+01
   1.032090E-01   5.161336E+01
   1.003760E-01   5.161298E+01
   9.840200E-02   5.161533E+01
   9.273700E-02   5.161336E+01
   9.496900E-02   5.161091E+01
   9.187900E-02   5.160749E+01
   9.205100E-02   5.160632E+01
   8.672900E-02   5.160440E+01
   8.441200E-02   5.160653E+01
   7.703000E-02   5.160659E+01
   7.222400E-02   5.160462E+01
   4.799200E-02   5.161326E+01
   4.853000E-02   5.161381E+01
   4.853100E-02   5.161529E+01
   5.182500E-02   5.161688E+01
   5.335300E-02   5.161631E+01
   5.416300E-02   5.161663E+01
   5.437400E-02   5.161761E+01
   5.349300E-02   5.161857E+01
   4.209700E-02   5.161639E+01
   4.123900E-02   5.161560E+01
   4.029500E-02   5.161581E+01
   4.046700E-02   5.161608E+01
   3.051000E-02   5.162300E+01
   3.102500E-02   5.162380E+01
   2.203300E-02   5.162885E+01
   2.581500E-02   5.163420E+01
   2.564400E-02   5.163719E+01
   2.315500E-02   5.163788E+01
   2.272500E-02   5.164060E+01
   1.182000E-03   5.164150E+01
   -1.136000E-03   5.164358E+01
   -8.002000E-03   5.164337E+01
   -7.436000E-03   5.164615E+01
   -1.207900E-02   5.164631E+01
   -8.877000E-03   5.166102E+01
   -1.103400E-02   5.166300E+01
   -1.040100E-02   5.166924E+01
   -1.123800E-02   5.167077E+01
   -1.020700E-02   5.167675E+01
   -1.190700E-02   5.168371E+01
   -1.085100E-02   5.168509E+01
   -1.210100E-02   5.168725E+01
   -1.580500E-02   5.168962E+01
   -1.965100E-02   5.170315E+01
   -1.395200E-02   5.173141E+01
   -1.313600E-02   5.173447E+01
   -1.377700E-02   5.173557E+01
   -1.263400E-02   5.173780E+01
   -1.358300E-02   5.174098E+01
   -1.316400E-02   5.174265E+01
   -7.150000E-03   5.174165E+01
   1.455000E-03   5.174524E+01
   3.077000E-03   5.175376E+01
   2.289000E-03   5.175403E+01
   2.249000E-03   5.175432E+01
   4.634000E-03   5.175557E+01
   1.037200E-02   5.175570E+01
   1.345800E-02   5.175818E+01
   1.199000E-02   5.176094E+01
   1.294200E-02   5.176296E+01
   1.458300E-02   5.176342E+01
   1.385300E-02   5.176438E+01
   1.517700E-02   5.176492E+01
   1.624900E-02   5.176669E+01
   1.804900E-02   5.176724E+01
   1.816200E-02   5.176984E+01
   3.065000E-02   5.177520E+01
   5.825100E-02   5.177990E+01
   5.963500E-02   5.178292E+01
   6.107100E-02   5.178376E+01
   8.611400E-02   5.178380E+01
   8.611400E-02   5.178348E+01
   9.199600E-02   5.178400E+01
   9.190600E-02   5.178434E+01
   9.865300E-02   5.178320E+01
   1.208940E-01   5.179020E+01
   1.259140E-01   5.179503E+01
   1.287370E-01   5.179516E+01
   1.292080E-01   5.179584E+01
   1.422440E-01   5.179732E+01
   1.482720E-01   5.179611E+01
   1.509730E-01   5.179756E+01
   1.515000E-01   5.179883E+01
   1.505400E-01   5.180065E+01
   1.509330E-01   5.180258E+01
   1.541260E-01   5.180342E+01
   1.581300E-01   5.180974E+01
   1.587080E-01   5.181280E+01
   1.582470E-01   5.181353E+01
   1.632140E-01   5.181440E+01
   1.671270E-01   5.181319E+01
   1.704920E-01   5.181654E+01
   1.725690E-01   5.181628E+01
   1.732810E-01   5.181751E+01
   1.730240E-01   5.181890E+01
   1.700460E-01   5.181923E+01
   1.691960E-01   5.181828E+01
   1.651020E-01   5.181916E+01
   1.663050E-01   5.182232E+01
   1.634630E-01   5.182280E+01
   1.622100E-01   5.182514E+01
   1.615060E-01   5.182524E+01
   1.613600E-01   5.182741E+01
   1.630560E-01   5.182889E+01
   1.654460E-01   5.182956E+01
   1.660870E-01   5.183051E+01
   1.645490E-01   5.183206E+01
   1.617400E-01   5.183209E+01
   1.618390E-01   5.183311E+01
   1.609160E-01   5.183395E+01
   1.622430E-01   5.184275E+01
   1.651040E-01   5.184694E+01
   1.650650E-01   5.184993E+01
   1.668380E-01   5.185073E+01
   1.732050E-01   5.184970E+01
   1.735670E-01   5.185128E+01
   1.711450E-01   5.185228E+01
   1.730420E-01   5.185422E+01
   1.689760E-01   5.185607E+01
   1.708500E-01   5.185678E+01
   1.706690E-01   5.185711E+01
   1.711130E-01   5.185728E+01
   1.708640E-01   5.185757E+01
   1.724600E-01   5.185807E+01
   1.705310E-01   5.186149E+01
   1.828000E-01   5.186363E+01
   1.820410E-01   5.186461E+01
   1.853510E-01   5.186480E+01
   1.854430E-01   5.186506E+01
   1.858130E-01   5.186490E+01
   1.857580E-01   5.186444E+01
   1.867230E-01   5.186371E+01
   1.875230E-01   5.186414E+01
   1.872200E-01   5.186494E+01
   1.940330E-01   5.186581E+01
   1.956330E-01   5.186814E+01
   1.939500E-01   5.186983E+01
   1.942530E-01   5.187003E+01
   1.936470E-01   5.187173E+01
   1.906400E-01   5.187177E+01
   1.906680E-01   5.187202E+01
   1.930120E-01   5.187250E+01
   1.934810E-01   5.187315E+01
   1.863710E-01   5.187643E+01
   1.852550E-01   5.187827E+01
   1.823650E-01   5.187884E+01
   1.814000E-01   5.187991E+01
   1.762420E-01   5.188158E+01
   1.764900E-01   5.188190E+01
   1.748630E-01   5.188287E+01
   1.769470E-01   5.188443E+01
   1.753680E-01   5.188487E+01
   1.781000E-01   5.188612E+01
   1.760060E-01   5.188737E+01
   1.821760E-01   5.189063E+01
   1.822050E-01   5.189118E+01
   1.816570E-01   5.189140E+01
   1.816570E-01   5.189196E+01
   1.824830E-01   5.189208E+01
   1.831720E-01   5.189361E+01
   1.795230E-01   5.189417E+01
   1.795230E-01   5.189485E+01
   1.787650E-01   5.189540E+01
   1.675680E-01   5.189391E+01
   1.687830E-01   5.189188E+01
   1.656850E-01   5.189108E+01
   1.645570E-01   5.189192E+01
   1.634550E-01   5.189148E+01
   1.618240E-01   5.189208E+01
   1.445020E-01   5.188730E+01
   1.414750E-01   5.188816E+01
   1.395880E-01   5.188544E+01
   1.276230E-01   5.188392E+01
   1.273910E-01   5.188543E+01
   1.248300E-01   5.188514E+01
   1.206390E-01   5.191158E+01
   1.221340E-01   5.191686E+01
   1.219100E-01   5.191885E+01
   1.235870E-01   5.192409E+01
   1.203460E-01   5.192540E+01
   1.198990E-01   5.192692E+01
   1.213520E-01   5.192892E+01
   1.183350E-01   5.193415E+01
   1.183350E-01   5.194752E+01
   1.133060E-01   5.195743E+01
   1.115180E-01   5.195833E+01
   1.100650E-01   5.196060E+01
   1.054840E-01   5.196336E+01
   1.044780E-01   5.196480E+01
   1.038080E-01   5.196845E+01
   1.059310E-01   5.197231E+01
   1.055960E-01   5.197313E+01
   9.687900E-02   5.197850E+01
   9.743800E-02   5.198229E+01
   9.509100E-02   5.198504E+01
   7.475400E-02   5.198136E+01
   6.950200E-02   5.198294E+01
   7.140100E-02   5.198439E+01
   7.455100E-02   5.200122E+01
   6.806400E-02   5.200533E+01
   8.040600E-02   5.200801E+01
   8.487200E-02   5.201392E+01
   8.487200E-02   5.201626E+01
   8.731200E-02   5.201840E+01
   9.016600E-02   5.201797E+01
   9.132400E-02   5.201921E+01
   9.070400E-02   5.201967E+01
   9.264800E-02   5.202168E+01
   9.140700E-02   5.202265E+01
   9.173800E-02   5.202542E+01
   9.479800E-02   5.202921E+01
   9.310300E-02   5.203066E+01
   9.417800E-02   5.203395E+01
   1.005470E-01   5.203934E+01
   9.988500E-02   5.204188E+01
   1.010430E-01   5.204545E+01
   1.047660E-01   5.204911E+01
   1.039380E-01   5.205035E+01
   1.038970E-01   5.205361E+01
   9.620400E-02   5.205053E+01
   9.475700E-02   5.204863E+01
   9.252400E-02   5.204995E+01
   9.268900E-02   5.205224E+01
   9.512900E-02   5.205536E+01
   9.624600E-02   5.205544E+01
   9.657700E-02   5.205687E+01
   9.591500E-02   5.205768E+01
   9.537700E-02   5.206104E+01
   1.007130E-01   5.206129E+01
   1.002570E-01   5.206482E+01
   9.785900E-02   5.206767E+01
   1.072060E-01   5.206673E+01
   1.054270E-01   5.206124E+01
   1.200680E-01   5.206070E+01
   1.234590E-01   5.205763E+01
   1.237490E-01   5.205536E+01
   1.278020E-01   5.205150E+01
   1.281500E-01   5.204682E+01
   1.308710E-01   5.204835E+01
   1.510710E-01   5.205311E+01
   1.527010E-01   5.205052E+01
   1.613840E-01   5.205228E+01
   1.620800E-01   5.205057E+01
   1.615830E-01   5.204843E+01
   1.674470E-01   5.204812E+01
   1.672890E-01   5.205184E+01
   1.685860E-01   5.205235E+01
   1.685360E-01   5.205498E+01
   1.769290E-01   5.205563E+01
   1.778560E-01   5.205658E+01
   1.891110E-01   5.205550E+01
   1.936130E-01   5.205900E+01
   1.878880E-01   5.206257E+01
   1.891310E-01   5.206366E+01
   1.846890E-01   5.206653E+01
   1.854080E-01   5.206790E+01
   1.849350E-01   5.206874E+01
   1.831580E-01   5.206961E+01
   1.816080E-01   5.207208E+01
   1.935220E-01   5.207541E+01
   2.047290E-01   5.209367E+01
   2.129260E-01   5.209209E+01
   2.132220E-01   5.209143E+01
   2.340590E-01   5.209058E+01
   2.465020E-01   5.208317E+01
   2.481170E-01   5.207901E+01
   2.523260E-01   5.207643E+01
   2.680450E-01   5.208700E+01
   2.687030E-01   5.208660E+01
   2.721470E-01   5.208875E+01
   2.718520E-01   5.208946E+01
   2.743770E-01   5.209309E+01
   2.818380E-01   5.209132E+01
   2.847850E-01   5.209464E+01
   2.890170E-01   5.209402E+01
   2.897360E-01   5.209325E+01
   2.923670E-01   5.209331E+01
   2.941480E-01   5.209158E+01
   2.947480E-01   5.208963E+01
   2.931180E-01   5.208858E+01
   2.995710E-01   5.208576E+01
   2.992420E-01   5.208504E+01
   3.016810E-01   5.208478E+01
   3.016630E-01   5.208442E+01
   3.024060E-01   5.208412E+01
   3.030020E-01   5.208436E+01
   3.036270E-01   5.208402E+01
   3.032480E-01   5.208345E+01
   3.252340E-01   5.207204E+01
   3.244480E-01   5.207141E+01
   3.256260E-01   5.207087E+01
   3.255770E-01   5.206975E+01
   3.329610E-01   5.206142E+01
   3.369900E-01   5.206005E+01
   3.385150E-01   5.205743E+01
   3.398760E-01   5.205730E+01
   3.403660E-01   5.205492E+01
   3.436820E-01   5.205321E+01
   3.431760E-01   5.205108E+01
   3.635010E-01   5.204467E+01
   3.629540E-01   5.204411E+01
   3.689030E-01   5.203867E+01
   3.783730E-01   5.203697E+01
   3.804600E-01   5.204022E+01
   3.911390E-01   5.203055E+01
   3.935370E-01   5.203157E+01
   3.871840E-01   5.204119E+01
   3.877710E-01   5.204312E+01
   3.790720E-01   5.204955E+01
   3.813200E-01   5.205075E+01
   3.927550E-01   5.206367E+01
   3.944170E-01   5.206199E+01
   3.971540E-01   5.206439E+01
   4.012590E-01   5.206518E+01
   4.021380E-01   5.206685E+01
   4.285690E-01   5.206781E+01
   4.288260E-01   5.206855E+01
   4.367230E-01   5.206987E+01
   4.376670E-01   5.207172E+01
   4.471940E-01   5.207203E+01
   4.448770E-01   5.206882E+01
   4.521730E-01   5.206792E+01
   4.523440E-01   5.206934E+01
   4.531170E-01   5.206929E+01
   4.532880E-01   5.206792E+01
   4.543180E-01   5.206834E+01
   4.544040E-01   5.207098E+01
   4.793220E-01   5.207490E+01
   4.775200E-01   5.207285E+01
   4.792270E-01   5.207245E+01
   4.796290E-01   5.207275E+01
   4.826420E-01   5.207248E+01
   4.840980E-01   5.207044E+01
   4.866720E-01   5.206991E+01
   4.895820E-01   5.206678E+01
   4.877620E-01   5.206455E+01
   4.877620E-01   5.206288E+01
   4.946030E-01   5.205742E+01
   4.996160E-01   5.205680E+01
   5.007220E-01   5.205413E+01
   5.058360E-01   5.205543E+01
   5.060140E-01   5.205598E+01
   5.126810E-01   5.205914E+01
   5.227630E-01   5.205683E+01
   5.347760E-01   5.206015E+01
   5.405730E-01   5.205879E+01
   5.456150E-01   5.206033E+01
   5.468250E-01   5.206265E+01
   5.505000E-01   5.206265E+01
   5.508460E-01   5.206339E+01
   5.492780E-01   5.206532E+01
   5.497600E-01   5.206786E+01
   5.664080E-01   5.207116E+01
   5.683500E-01   5.206917E+01
   5.704920E-01   5.206884E+01
   5.758180E-01   5.207118E+01
   5.763800E-01   5.207367E+01
   5.812510E-01   5.207467E+01
   5.813910E-01   5.207578E+01
   5.827820E-01   5.207595E+01
   5.846570E-01   5.207433E+01
   5.890000E-01   5.207474E+01
   5.894000E-01   5.207527E+01
   5.932090E-01   5.207519E+01
   5.948790E-01   5.207367E+01
   5.958810E-01   5.207396E+01
   5.954140E-01   5.207593E+01
   5.987540E-01   5.207486E+01
   6.034980E-01   5.207683E+01
   6.036310E-01   5.207848E+01
   6.046330E-01   5.207987E+01
   6.067720E-01   5.208065E+01
   6.193320E-01   5.207692E+01
   6.198670E-01   5.207761E+01
   6.193990E-01   5.207852E+01
   6.200670E-01   5.207905E+01
   6.253450E-01   5.207958E+01
   6.253450E-01   5.208061E+01
   6.313430E-01   5.208238E+01
   6.346060E-01   5.208608E+01
   6.431890E-01   5.208526E+01
   6.441110E-01   5.208573E+01
   6.510620E-01   5.208342E+01
   6.570910E-01   5.208573E+01
   6.595030E-01   5.208412E+01
   6.620570E-01   5.208430E+01
   6.651070E-01   5.208665E+01
   6.795060E-01   5.208369E+01
   6.816340E-01   5.208613E+01
   6.846840E-01   5.208643E+01
   6.873800E-01   5.208552E+01
   6.900750E-01   5.208024E+01
   6.931960E-01   5.207819E+01
   7.016370E-01   5.207937E+01
   7.068860E-01   5.207675E+01
   7.069310E-01   5.207200E+01
   7.076390E-01   5.207176E+01
   7.103450E-01   5.207251E+01
   7.114970E-01   5.207192E+01
   7.119230E-01   5.207100E+01
   7.107170E-01   5.207008E+01
   7.106460E-01   5.206725E+01
   7.085180E-01   5.206620E+01
   7.050210E-01   5.206643E+01
   7.036050E-01   5.206535E+01
   7.037770E-01   5.206384E+01
   7.112960E-01   5.205299E+01
   7.151870E-01   5.205140E+01
   7.164420E-01   5.204940E+01
   7.160020E-01   5.204832E+01
   6.998740E-01   5.204770E+01
   6.995600E-01   5.204658E+01
   6.986110E-01   5.204652E+01
   6.987830E-01   5.204470E+01
   6.958260E-01   5.204036E+01
   6.987190E-01   5.203666E+01
   7.025160E-01   5.203757E+01
   7.038040E-01   5.203609E+01
   7.126870E-01   5.203477E+01
   7.075800E-01   5.202894E+01
   7.114920E-01   5.202715E+01
   6.996050E-01   5.201956E+01
   7.002980E-01   5.201856E+01
   7.016000E-01   5.201912E+01
   7.034520E-01   5.201884E+01
   7.128590E-01   5.202519E+01
   7.122150E-01   5.202556E+01
   7.151340E-01   5.202759E+01
   7.380860E-01   5.203251E+01
   7.391570E-01   5.203133E+01
   7.403050E-01   5.203100E+01
   7.407650E-01   5.202912E+01
   7.416070E-01   5.202831E+01
   7.410710E-01   5.202323E+01
   7.423720E-01   5.202276E+01
   7.422190E-01   5.202045E+01
   7.416070E-01   5.201984E+01
   7.425250E-01   5.201616E+01
   7.417600E-01   5.201433E+01
   7.404590E-01   5.201433E+01
   7.380200E-01   5.201279E+01
   7.384400E-01   5.201079E+01
   7.436500E-01   5.200762E+01
   7.440280E-01   5.200804E+01
   7.453320E-01   5.200760E+01
   7.452640E-01   5.200707E+01
   7.488170E-01   5.200577E+01
   7.504050E-01   5.200276E+01
   7.495720E-01   5.200223E+01
   7.497180E-01   5.199989E+01
   7.524910E-01   5.199852E+01
   7.589670E-01   5.199841E+01
   7.612600E-01   5.199727E+01
   7.611340E-01   5.199687E+01
   7.602670E-01   5.199663E+01
   7.605240E-01   5.199577E+01
   7.597260E-01   5.199529E+01
   7.603870E-01   5.199473E+01
   7.596920E-01   5.199381E+01
   7.615710E-01   5.199348E+01
   7.629790E-01   5.199101E+01
   7.612970E-01   5.198785E+01
   7.597260E-01   5.198681E+01
   7.601550E-01   5.198636E+01
   7.596630E-01   5.198525E+01
   7.746350E-01   5.198238E+01
   7.739140E-01   5.197993E+01
   7.726090E-01   5.197895E+01
   7.738450E-01   5.197184E+01
   7.722400E-01   5.197037E+01
   7.811490E-01   5.196652E+01
   7.831160E-01   5.196755E+01
   7.852410E-01   5.196735E+01
   7.864420E-01   5.196597E+01
   7.856900E-01   5.196395E+01
   7.869000E-01   5.196316E+01
   7.903080E-01   5.196321E+01
   7.908740E-01   5.196362E+01
   7.918350E-01   5.196343E+01
   7.916470E-01   5.196295E+01
   7.989760E-01   5.196325E+01
   8.000580E-01   5.196226E+01
   8.105920E-01   5.196058E+01
   8.141940E-01   5.196235E+01
   8.138850E-01   5.196294E+01
   8.145960E-01   5.196343E+01
   8.139110E-01   5.196417E+01
   8.140650E-01   5.196543E+01
   8.155420E-01   5.196700E+01
   8.163830E-01   5.196687E+01
   8.183060E-01   5.196814E+01
   8.299610E-01   5.196692E+01
   8.304080E-01   5.196633E+01
   8.405790E-01   5.196308E+01
   8.409910E-01   5.196221E+01
   8.587700E-01   5.196338E+01
   8.593790E-01   5.196458E+01
   8.588610E-01   5.196535E+01
   8.644910E-01   5.196875E+01
   8.656260E-01   5.197091E+01
   8.653740E-01   5.197164E+01
   8.691380E-01   5.197199E+01
   8.733220E-01   5.196845E+01
   8.723010E-01   5.196747E+01
   8.798190E-01   5.196644E+01
   8.867370E-01   5.196835E+01
   8.882480E-01   5.197068E+01
   8.878020E-01   5.197177E+01
   8.897820E-01   5.197334E+01
   8.911410E-01   5.197295E+01
   8.913550E-01   5.197339E+01
   8.971740E-01   5.197221E+01
   9.209340E-01   5.197480E+01
   9.214230E-01   5.197539E+01
   9.231830E-01   5.197574E+01
   9.266330E-01   5.197257E+01
   9.304780E-01   5.197123E+01
   9.309070E-01   5.197174E+01
   9.395210E-01   5.197237E+01
   9.415500E-01   5.197095E+01
   9.512370E-01   5.197259E+01
   9.531850E-01   5.197409E+01
   9.526530E-01   5.197465E+01
   9.562150E-01   5.197639E+01
   9.637200E-01   5.197683E+01
   9.634250E-01   5.197615E+01
   9.655220E-01   5.197463E+01
   9.642350E-01   5.197352E+01
   9.650930E-01   5.197281E+01
   9.648790E-01   5.197207E+01
   9.716620E-01   5.196931E+01
   9.714480E-01   5.196879E+01
   9.722600E-01   5.196810E+01
   9.680830E-01   5.196410E+01
   9.714830E-01   5.196231E+01
   9.738080E-01   5.196243E+01
   9.761850E-01   5.196128E+01
   9.989990E-01   5.196395E+01
   1.003716E+00   5.196257E+01
   1.005179E+00   5.196072E+01
   1.005137E+00   5.195937E+01
   1.006338E+00   5.195877E+01
   1.006596E+00   5.195784E+01
   1.010158E+00   5.195596E+01
   1.016638E+00   5.195538E+01
   1.017153E+00   5.195427E+01
   1.018483E+00   5.195363E+01
   1.025553E+00   5.195484E+01
   1.025527E+00   5.195561E+01
   1.028302E+00   5.195612E+01
   1.028345E+00   5.195667E+01
   1.033065E+00   5.195783E+01
   1.034207E+00   5.195728E+01
   1.035320E+00   5.195779E+01
   1.040052E+00   5.195594E+01
   1.042232E+00   5.195683E+01
   1.041766E+00   5.195763E+01
   1.042352E+00   5.195923E+01
   1.045991E+00   5.195931E+01
   1.047027E+00   5.195851E+01
   1.048529E+00   5.195851E+01
   1.048839E+00   5.195894E+01
   1.051705E+00   5.195694E+01
   1.053465E+00   5.195716E+01
   1.060229E+00   5.195504E+01
   1.062160E+00   5.195266E+01
   1.060478E+00   5.194912E+01
   1.063381E+00   5.194753E+01
   1.070314E+00   5.194899E+01
   1.072632E+00   5.195206E+01
   1.074872E+00   5.195181E+01
   1.081976E+00   5.194552E+01
   1.097567E+00   5.194846E+01
   1.098381E+00   5.195037E+01
   1.105336E+00   5.194814E+01
   1.154389E+00   5.194757E+01
   1.289756E+00   5.195415E+01
END
END
