none
1
   6.102928E+00   4.642441E+01
   6.108289E+00   4.641643E+01
   6.166216E+00   4.638839E+01
   6.178173E+00   4.636922E+01
   6.137482E+00   4.631297E+01
   6.133713E+00   4.630227E+01
   6.130383E+00   4.623737E+01
   6.110298E+00   4.622344E+01
   6.088648E+00   4.623081E+01
   6.077173E+00   4.623123E+01
   6.018573E+00   4.621601E+01
   6.006813E+00   4.620752E+01
   6.003882E+00   4.619332E+01
   6.007866E+00   4.616977E+01
   6.017834E+00   4.615564E+01
   6.035090E+00   4.615456E+01
   6.055639E+00   4.616288E+01
   6.124683E+00   4.615415E+01
   6.137776E+00   4.615702E+01
   6.240258E+00   4.622094E+01
   6.249058E+00   4.623299E+01
   6.247073E+00   4.624777E+01
   6.211480E+00   4.631057E+01
   6.212186E+00   4.632485E+01
   6.239462E+00   4.636705E+01
   6.316478E+00   4.641557E+01
   6.410826E+00   4.642495E+01
   6.417483E+00   4.642682E+01
   6.504978E+00   4.646871E+01
   6.630473E+00   4.647435E+01
   6.746646E+00   4.645695E+01
   6.822442E+00   4.642925E+01
   6.818324E+00   4.638181E+01
   6.804843E+00   4.636179E+01
   6.801885E+00   4.634639E+01
   6.810949E+00   4.633359E+01
   6.864911E+00   4.630038E+01
   6.875036E+00   4.628007E+01
   6.860917E+00   4.624390E+01
   6.826978E+00   4.621188E+01
   6.820746E+00   4.619862E+01
   6.818627E+00   4.616592E+01
   6.822593E+00   4.615261E+01
   6.834266E+00   4.614509E+01
   6.903819E+00   4.612971E+01
   6.904911E+00   4.609595E+01
   6.909323E+00   4.608406E+01
   6.920006E+00   4.607721E+01
   6.948976E+00   4.606990E+01
   7.015561E+00   4.600883E+01
   7.051911E+00   4.593066E+01
   7.045335E+00   4.592217E+01
   7.044967E+00   4.592064E+01
   7.043936E+00   4.592036E+01
   6.995822E+00   4.585822E+01
   6.940965E+00   4.583551E+01
   6.843757E+00   4.582387E+01
   6.831016E+00   4.581711E+01
   6.826141E+00   4.580353E+01
   6.827870E+00   4.573217E+01
   6.831740E+00   4.572082E+01
   6.841405E+00   4.571373E+01
   6.907294E+00   4.569124E+01
   6.924190E+00   4.566935E+01
   6.942468E+00   4.566172E+01
   6.971313E+00   4.566528E+01
   7.005970E+00   4.564945E+01
   7.011511E+00   4.563652E+01
   6.997797E+00   4.560877E+01
   6.996431E+00   4.559465E+01
   7.015803E+00   4.552354E+01
   7.027743E+00   4.551020E+01
   7.107198E+00   4.547877E+01
   7.122797E+00   4.544924E+01
   7.133040E+00   4.544001E+01
   7.185604E+00   4.541894E+01
   7.195150E+00   4.540409E+01
   7.170749E+00   4.535069E+01
   7.142319E+00   4.532298E+01
   7.136488E+00   4.530576E+01
   7.144580E+00   4.525048E+01
   7.084166E+00   4.520279E+01
   6.992792E+00   4.519823E+01
   6.981064E+00   4.519368E+01
   6.900091E+00   4.512689E+01
   6.858430E+00   4.511699E+01
   6.782826E+00   4.514228E+01
   6.770557E+00   4.514242E+01
   6.677507E+00   4.511356E+01
   6.665295E+00   4.510289E+01
   6.665142E+00   4.509421E+01
   6.626597E+00   4.510753E+01
   6.614060E+00   4.511828E+01
   6.592213E+00   4.511657E+01
   6.577636E+00   4.511939E+01
   6.565736E+00   4.511136E+01
   6.563502E+00   4.510328E+01
   6.538918E+00   4.509652E+01
   6.530104E+00   4.509635E+01
   6.518286E+00   4.510277E+01
   6.509098E+00   4.510410E+01
   6.487060E+00   4.509173E+01
   6.488439E+00   4.507706E+01
   6.492217E+00   4.506786E+01
   6.488623E+00   4.505448E+01
   6.453900E+00   4.504924E+01
   6.442499E+00   4.505264E+01
   6.434801E+00   4.506063E+01
   6.422096E+00   4.505777E+01
   6.405692E+00   4.506197E+01
   6.395163E+00   4.505869E+01
   6.363806E+00   4.506789E+01
   6.362941E+00   4.507310E+01
   6.370729E+00   4.508354E+01
   6.368329E+00   4.509166E+01
   6.359635E+00   4.510347E+01
   6.336564E+00   4.511569E+01
   6.317773E+00   4.510965E+01
   6.294396E+00   4.510609E+01
   6.273386E+00   4.511390E+01
   6.263845E+00   4.512203E+01
   6.247546E+00   4.511722E+01
   6.241696E+00   4.511072E+01
   6.234179E+00   4.510876E+01
   6.232489E+00   4.510524E+01
   6.247007E+00   4.506975E+01
   6.241547E+00   4.506549E+01
   6.222260E+00   4.506191E+01
   6.217819E+00   4.504680E+01
   6.212815E+00   4.504216E+01
   6.210497E+00   4.503142E+01
   6.204464E+00   4.502188E+01
   6.204950E+00   4.501550E+01
   6.212746E+00   4.501084E+01
   6.247482E+00   4.499996E+01
   6.307843E+00   4.500744E+01
   6.320058E+00   4.500613E+01
   6.325076E+00   4.500122E+01
   6.325925E+00   4.499747E+01
   6.318911E+00   4.498292E+01
   6.325092E+00   4.497395E+01
   6.332223E+00   4.497026E+01
   6.326594E+00   4.495881E+01
   6.326893E+00   4.495374E+01
   6.331808E+00   4.494972E+01
   6.356262E+00   4.494499E+01
   6.359042E+00   4.494170E+01
   6.357771E+00   4.492533E+01
   6.360214E+00   4.491627E+01
   6.358133E+00   4.490006E+01
   6.360534E+00   4.489375E+01
   6.351550E+00   4.487771E+01
   6.355704E+00   4.486284E+01
   6.355191E+00   4.485311E+01
   6.333184E+00   4.484735E+01
   6.324449E+00   4.485155E+01
   6.304360E+00   4.486993E+01
   6.290268E+00   4.487181E+01
   6.265950E+00   4.486750E+01
   6.256352E+00   4.485286E+01
   6.246556E+00   4.484935E+01
   6.228858E+00   4.484857E+01
   6.197836E+00   4.485600E+01
   6.189547E+00   4.485142E+01
   6.179502E+00   4.485329E+01
   6.166888E+00   4.485051E+01
   6.160407E+00   4.485260E+01
   6.155857E+00   4.485900E+01
   6.131850E+00   4.486055E+01
   6.111634E+00   4.484106E+01
   6.105514E+00   4.484163E+01
   6.098158E+00   4.483833E+01
   6.091232E+00   4.483147E+01
   6.072429E+00   4.482413E+01
   6.067960E+00   4.481858E+01
   6.056842E+00   4.481365E+01
   6.043372E+00   4.482153E+01
   6.030641E+00   4.483381E+01
   6.018921E+00   4.483350E+01
   6.006428E+00   4.481787E+01
   5.979277E+00   4.481553E+01
   5.959533E+00   4.480662E+01
   5.959496E+00   4.480285E+01
   5.963450E+00   4.479929E+01
   5.980372E+00   4.479171E+01
   5.982777E+00   4.478098E+01
   5.956342E+00   4.476934E+01
   5.952643E+00   4.475735E+01
   5.939481E+00   4.476009E+01
   5.919409E+00   4.474957E+01
   5.909315E+00   4.475514E+01
   5.900467E+00   4.475536E+01
   5.892807E+00   4.475212E+01
   5.888613E+00   4.474582E+01
   5.881490E+00   4.474446E+01
   5.850612E+00   4.474751E+01
   5.836330E+00   4.475555E+01
   5.830241E+00   4.475549E+01
   5.828629E+00   4.475149E+01
   5.830995E+00   4.474069E+01
   5.820743E+00   4.473078E+01
   5.812758E+00   4.471003E+01
   5.815742E+00   4.470646E+01
   5.828514E+00   4.470233E+01
   5.832414E+00   4.468870E+01
   5.827604E+00   4.468369E+01
   5.803890E+00   4.467287E+01
   5.799977E+00   4.466195E+01
   5.791626E+00   4.465108E+01
   5.772928E+00   4.465094E+01
   5.759187E+00   4.465484E+01
   5.755931E+00   4.465240E+01
   5.754910E+00   4.464653E+01
   5.742571E+00   4.464454E+01
   5.739894E+00   4.463855E+01
   5.728400E+00   4.463672E+01
   5.713320E+00   4.464050E+01
   5.706458E+00   4.463967E+01
   5.680048E+00   4.464890E+01
   5.669352E+00   4.464604E+01
   5.652212E+00   4.465047E+01
   5.644352E+00   4.464851E+01
   5.644363E+00   4.462869E+01
   5.652134E+00   4.461895E+01
   5.649571E+00   4.461057E+01
   5.647548E+00   4.460733E+01
   5.639789E+00   4.460531E+01
   5.628694E+00   4.458582E+01
   5.619520E+00   4.458037E+01
   5.616780E+00   4.457161E+01
   5.606229E+00   4.456148E+01
   5.601359E+00   4.454652E+01
   5.615361E+00   4.453681E+01
   5.628981E+00   4.453664E+01
   5.654726E+00   4.451688E+01
   5.664295E+00   4.450757E+01
   5.667107E+00   4.450109E+01
   5.650810E+00   4.449655E+01
   5.641807E+00   4.449944E+01
   5.631325E+00   4.449840E+01
   5.627953E+00   4.449437E+01
   5.626972E+00   4.448302E+01
   5.612814E+00   4.446721E+01
   5.604069E+00   4.446294E+01
   5.595480E+00   4.446398E+01
   5.570144E+00   4.447326E+01
   5.558712E+00   4.447103E+01
   5.544881E+00   4.447961E+01
   5.518866E+00   4.448799E+01
   5.481217E+00   4.448864E+01
   5.468686E+00   4.449713E+01
   5.461081E+00   4.449549E+01
   5.470405E+00   4.447330E+01
   5.463362E+00   4.446569E+01
   5.467824E+00   4.445121E+01
   5.479678E+00   4.444501E+01
   5.497849E+00   4.444067E+01
   5.500636E+00   4.443665E+01
   5.495282E+00   4.442646E+01
   5.487486E+00   4.442567E+01
   5.477149E+00   4.441714E+01
   5.439088E+00   4.443078E+01
   5.424352E+00   4.442500E+01
   5.425067E+00   4.441931E+01
   5.434618E+00   4.441398E+01
   5.445159E+00   4.439249E+01
   5.444718E+00   4.437220E+01
   5.465620E+00   4.436844E+01
   5.472155E+00   4.435449E+01
   5.482569E+00   4.435264E+01
   5.493348E+00   4.434160E+01
   5.521419E+00   4.435356E+01
   5.530268E+00   4.434596E+01
   5.541386E+00   4.434450E+01
   5.542034E+00   4.433650E+01
   5.548086E+00   4.433322E+01
   5.560627E+00   4.433804E+01
   5.578748E+00   4.433493E+01
   5.616065E+00   4.433494E+01
   5.623663E+00   4.433793E+01
   5.630557E+00   4.433617E+01
   5.634645E+00   4.432725E+01
   5.621613E+00   4.431859E+01
   5.619048E+00   4.431350E+01
   5.626326E+00   4.430557E+01
   5.637670E+00   4.430308E+01
   5.644383E+00   4.429614E+01
   5.644285E+00   4.429230E+01
   5.636343E+00   4.428816E+01
   5.635906E+00   4.428385E+01
   5.651255E+00   4.427274E+01
   5.675327E+00   4.427810E+01
   5.689360E+00   4.426626E+01
   5.676048E+00   4.425190E+01
   5.679153E+00   4.423976E+01
   5.685985E+00   4.423568E+01
   5.680113E+00   4.421332E+01
   5.689050E+00   4.419796E+01
   5.688912E+00   4.419393E+01
   5.675606E+00   4.418644E+01
   5.656215E+00   4.418589E+01
   5.649766E+00   4.417390E+01
   5.651822E+00   4.417005E+01
   5.684252E+00   4.416538E+01
   5.679870E+00   4.414400E+01
   5.630186E+00   4.414871E+01
   5.629165E+00   4.415810E+01
   5.633592E+00   4.416661E+01
   5.625555E+00   4.417304E+01
   5.614862E+00   4.417568E+01
   5.607049E+00   4.418724E+01
   5.580192E+00   4.418551E+01
   5.569108E+00   4.417375E+01
   5.574888E+00   4.416512E+01
   5.585128E+00   4.415874E+01
   5.580802E+00   4.415059E+01
   5.568760E+00   4.414550E+01
   5.554648E+00   4.414629E+01
   5.543672E+00   4.413137E+01
   5.516080E+00   4.412272E+01
   5.505379E+00   4.411398E+01
   5.494046E+00   4.411274E+01
   5.453477E+00   4.411710E+01
   5.448279E+00   4.412059E+01
   5.444820E+00   4.413360E+01
   5.434364E+00   4.413902E+01
   5.432027E+00   4.414689E+01
   5.423869E+00   4.414680E+01
   5.415771E+00   4.415194E+01
   5.397453E+00   4.414945E+01
   5.381724E+00   4.415353E+01
   5.380016E+00   4.416196E+01
   5.383635E+00   4.418291E+01
   5.379384E+00   4.419023E+01
   5.378739E+00   4.419920E+01
   5.357857E+00   4.421004E+01
   5.348845E+00   4.420803E+01
   5.337338E+00   4.420109E+01
   5.318495E+00   4.420663E+01
   5.307978E+00   4.420606E+01
   5.302671E+00   4.420298E+01
   5.289575E+00   4.421277E+01
   5.249187E+00   4.422859E+01
   5.243116E+00   4.422649E+01
   5.238795E+00   4.421093E+01
   5.207459E+00   4.421102E+01
   5.190639E+00   4.421658E+01
   5.175392E+00   4.421784E+01
   5.154109E+00   4.422804E+01
   5.146966E+00   4.423604E+01
   5.157709E+00   4.424591E+01
   5.159108E+00   4.425375E+01
   5.155921E+00   4.426357E+01
   5.146034E+00   4.426774E+01
   5.144445E+00   4.427480E+01
   5.147178E+00   4.428261E+01
   5.165800E+00   4.429430E+01
   5.168722E+00   4.430644E+01
   5.165280E+00   4.431105E+01
   5.158645E+00   4.430886E+01
   5.156203E+00   4.429989E+01
   5.120554E+00   4.428470E+01
   5.108602E+00   4.427483E+01
   5.097326E+00   4.427941E+01
   5.075454E+00   4.428187E+01
   5.067674E+00   4.428954E+01
   5.064056E+00   4.430077E+01
   5.057569E+00   4.430347E+01
   5.023233E+00   4.429327E+01
   5.005008E+00   4.428423E+01
   4.977243E+00   4.428026E+01
   4.940532E+00   4.426513E+01
   4.934246E+00   4.425984E+01
   4.904869E+00   4.425745E+01
   4.899530E+00   4.425431E+01
   4.890789E+00   4.425947E+01
   4.878076E+00   4.425816E+01
   4.870133E+00   4.425338E+01
   4.867434E+00   4.424749E+01
   4.845805E+00   4.423833E+01
   4.841985E+00   4.423327E+01
   4.826339E+00   4.422586E+01
   4.817248E+00   4.422719E+01
   4.811513E+00   4.423220E+01
   4.809591E+00   4.425776E+01
   4.801543E+00   4.426888E+01
   4.801930E+00   4.429263E+01
   4.799457E+00   4.430007E+01
   4.788133E+00   4.430566E+01
   4.779744E+00   4.431474E+01
   4.770647E+00   4.431487E+01
   4.759964E+00   4.432267E+01
   4.721917E+00   4.432408E+01
   4.712224E+00   4.431796E+01
   4.682899E+00   4.431779E+01
   4.657491E+00   4.432373E+01
   4.652849E+00   4.431270E+01
   4.656172E+00   4.429855E+01
   4.653981E+00   4.427619E+01
   4.651500E+00   4.426872E+01
   4.646994E+00   4.426770E+01
   4.639462E+00   4.427285E+01
   4.635226E+00   4.428059E+01
   4.628056E+00   4.428106E+01
   4.615572E+00   4.427624E+01
   4.604360E+00   4.428867E+01
   4.586013E+00   4.429215E+01
   4.575236E+00   4.429804E+01
   4.561369E+00   4.429858E+01
   4.541737E+00   4.431959E+01
   4.531395E+00   4.432035E+01
   4.522231E+00   4.432720E+01
   4.511635E+00   4.432574E+01
   4.504541E+00   4.433590E+01
   4.480619E+00   4.433423E+01
   4.473782E+00   4.433843E+01
   4.461892E+00   4.433950E+01
   4.456808E+00   4.433788E+01
   4.454365E+00   4.433321E+01
   4.451891E+00   4.430495E+01
   4.455716E+00   4.429762E+01
   4.446760E+00   4.428521E+01
   4.435317E+00   4.428067E+01
   4.427255E+00   4.428537E+01
   4.399207E+00   4.428541E+01
   4.393445E+00   4.428955E+01
   4.387332E+00   4.430096E+01
   4.399410E+00   4.433280E+01
   4.393427E+00   4.434175E+01
   4.388608E+00   4.434376E+01
   4.368551E+00   4.433680E+01
   4.334678E+00   4.433596E+01
   4.322457E+00   4.432119E+01
   4.295265E+00   4.430986E+01
   4.291655E+00   4.429124E+01
   4.279126E+00   4.427322E+01
   4.258372E+00   4.426188E+01
   4.240208E+00   4.426765E+01
   4.211585E+00   4.428920E+01
   4.185169E+00   4.429758E+01
   4.174160E+00   4.431215E+01
   4.162409E+00   4.430961E+01
   4.141914E+00   4.431080E+01
   4.137480E+00   4.432417E+01
   4.127095E+00   4.433367E+01
   4.116791E+00   4.432451E+01
   4.104340E+00   4.433056E+01
   4.097980E+00   4.433093E+01
   4.086046E+00   4.432607E+01
   4.074009E+00   4.432564E+01
   4.052406E+00   4.431460E+01
   4.045523E+00   4.431723E+01
   4.034688E+00   4.432721E+01
   4.034949E+00   4.433220E+01
   4.048810E+00   4.433907E+01
   4.048451E+00   4.434660E+01
   4.051908E+00   4.435370E+01
   4.048804E+00   4.437574E+01
   4.040072E+00   4.438526E+01
   4.037504E+00   4.439319E+01
   4.046380E+00   4.440000E+01
   4.058421E+00   4.439765E+01
   4.062401E+00   4.440485E+01
   4.054016E+00   4.441230E+01
   4.033515E+00   4.441829E+01
   4.041108E+00   4.443123E+01
   4.038177E+00   4.443947E+01
   4.021718E+00   4.444352E+01
   4.010001E+00   4.445229E+01
   3.997516E+00   4.445718E+01
   3.986072E+00   4.447085E+01
   3.981849E+00   4.448400E+01
   3.983598E+00   4.450040E+01
   3.981114E+00   4.451005E+01
   3.974595E+00   4.451512E+01
   3.973939E+00   4.452061E+01
   3.961377E+00   4.453742E+01
   3.950433E+00   4.456687E+01
   3.943919E+00   4.457072E+01
   3.936736E+00   4.457068E+01
   3.929703E+00   4.456646E+01
   3.923320E+00   4.456920E+01
   3.914573E+00   4.457822E+01
   3.912337E+00   4.458754E+01
   3.902541E+00   4.459217E+01
   3.901068E+00   4.459716E+01
   3.903508E+00   4.460772E+01
   3.891050E+00   4.461365E+01
   3.892166E+00   4.464857E+01
   3.888757E+00   4.465308E+01
   3.881819E+00   4.465547E+01
   3.874766E+00   4.467063E+01
   3.867428E+00   4.467656E+01
   3.874340E+00   4.469126E+01
   3.867370E+00   4.469590E+01
   3.863831E+00   4.470677E+01
   3.858711E+00   4.471076E+01
   3.859279E+00   4.472156E+01
   3.871814E+00   4.473519E+01
   3.860400E+00   4.474189E+01
   3.862826E+00   4.475082E+01
   3.868161E+00   4.475704E+01
   3.875907E+00   4.475968E+01
   3.890936E+00   4.475620E+01
   3.898762E+00   4.476618E+01
   3.910238E+00   4.476902E+01
   3.911805E+00   4.477278E+01
   3.908233E+00   4.477990E+01
   3.919150E+00   4.478309E+01
   3.926354E+00   4.479460E+01
   3.933341E+00   4.479751E+01
   3.943155E+00   4.482658E+01
   3.963582E+00   4.483192E+01
   3.969618E+00   4.482234E+01
   3.973844E+00   4.482028E+01
   3.977284E+00   4.482205E+01
   3.978094E+00   4.483191E+01
   3.982038E+00   4.483496E+01
   3.991772E+00   4.483627E+01
   3.997326E+00   4.483163E+01
   4.004164E+00   4.484031E+01
   4.010363E+00   4.484076E+01
   4.016465E+00   4.483955E+01
   4.018672E+00   4.483381E+01
   4.022541E+00   4.483440E+01
   4.023692E+00   4.483871E+01
   4.018551E+00   4.484145E+01
   4.017933E+00   4.484625E+01
   4.021895E+00   4.485264E+01
   4.021475E+00   4.486008E+01
   4.032345E+00   4.487374E+01
   4.056113E+00   4.487557E+01
   4.065759E+00   4.487138E+01
   4.073282E+00   4.487316E+01
   4.082588E+00   4.487156E+01
   4.115268E+00   4.488168E+01
   4.133762E+00   4.487702E+01
   4.155674E+00   4.487639E+01
   4.162018E+00   4.488303E+01
   4.176281E+00   4.488993E+01
   4.180020E+00   4.491008E+01
   4.186685E+00   4.491338E+01
   4.200587E+00   4.492860E+01
   4.213034E+00   4.493445E+01
   4.219317E+00   4.494808E+01
   4.219467E+00   4.496217E+01
   4.225028E+00   4.496747E+01
   4.236640E+00   4.497253E+01
   4.255583E+00   4.496241E+01
   4.277923E+00   4.496972E+01
   4.294952E+00   4.497014E+01
   4.306183E+00   4.497529E+01
   4.304572E+00   4.498411E+01
   4.292087E+00   4.498965E+01
   4.287655E+00   4.499701E+01
   4.289882E+00   4.500849E+01
   4.300403E+00   4.502834E+01
   4.310864E+00   4.503388E+01
   4.340821E+00   4.502949E+01
   4.355975E+00   4.503632E+01
   4.378418E+00   4.504136E+01
   4.375907E+00   4.505139E+01
   4.359121E+00   4.505320E+01
   4.343019E+00   4.506680E+01
   4.344733E+00   4.507779E+01
   4.352374E+00   4.507969E+01
   4.353525E+00   4.508739E+01
   4.359711E+00   4.509223E+01
   4.357649E+00   4.510145E+01
   4.366138E+00   4.510369E+01
   4.371247E+00   4.510875E+01
   4.382800E+00   4.510556E+01
   4.396898E+00   4.511035E+01
   4.394712E+00   4.511612E+01
   4.385577E+00   4.512023E+01
   4.376437E+00   4.512044E+01
   4.367749E+00   4.512672E+01
   4.367512E+00   4.513102E+01
   4.371949E+00   4.513686E+01
   4.371702E+00   4.514531E+01
   4.379215E+00   4.514737E+01
   4.398027E+00   4.514232E+01
   4.415448E+00   4.514413E+01
   4.424170E+00   4.513948E+01
   4.435045E+00   4.512592E+01
   4.443126E+00   4.512561E+01
   4.444679E+00   4.512909E+01
   4.440594E+00   4.514425E+01
   4.445236E+00   4.516260E+01
   4.454471E+00   4.516955E+01
   4.458343E+00   4.517713E+01
   4.469593E+00   4.518129E+01
   4.476371E+00   4.519463E+01
   4.474791E+00   4.521354E+01
   4.483637E+00   4.521972E+01
   4.485132E+00   4.522494E+01
   4.479247E+00   4.523444E+01
   4.470559E+00   4.523775E+01
   4.465489E+00   4.524541E+01
   4.440778E+00   4.526054E+01
   4.432891E+00   4.527188E+01
   4.421168E+00   4.527268E+01
   4.404779E+00   4.526720E+01
   4.387298E+00   4.525274E+01
   4.377257E+00   4.525817E+01
   4.370761E+00   4.525744E+01
   4.364099E+00   4.526035E+01
   4.356989E+00   4.526908E+01
   4.347998E+00   4.527225E+01
   4.347298E+00   4.528127E+01
   4.356518E+00   4.528595E+01
   4.360736E+00   4.529788E+01
   4.349782E+00   4.530133E+01
   4.329237E+00   4.531852E+01
   4.360816E+00   4.534007E+01
   4.359325E+00   4.534601E+01
   4.345344E+00   4.535962E+01
   4.330471E+00   4.536573E+01
   4.315543E+00   4.536802E+01
   4.309524E+00   4.536039E+01
   4.287881E+00   4.535302E+01
   4.271073E+00   4.535591E+01
   4.265750E+00   4.536869E+01
   4.255392E+00   4.536808E+01
   4.250014E+00   4.537173E+01
   4.246008E+00   4.538028E+01
   4.231862E+00   4.538610E+01
   4.223853E+00   4.538625E+01
   4.219299E+00   4.538219E+01
   4.206823E+00   4.538220E+01
   4.201845E+00   4.537898E+01
   4.179393E+00   4.538945E+01
   4.163255E+00   4.538681E+01
   4.154301E+00   4.538176E+01
   4.161885E+00   4.537317E+01
   4.155676E+00   4.536155E+01
   4.138468E+00   4.536581E+01
   4.118712E+00   4.536573E+01
   4.112363E+00   4.536071E+01
   4.111511E+00   4.535462E+01
   4.108474E+00   4.535229E+01
   4.096928E+00   4.535624E+01
   4.085970E+00   4.535474E+01
   4.080524E+00   4.534714E+01
   4.078287E+00   4.533695E+01
   4.069981E+00   4.533366E+01
   4.062076E+00   4.533519E+01
   4.054791E+00   4.534832E+01
   4.044610E+00   4.535236E+01
   4.031680E+00   4.534491E+01
   4.022895E+00   4.532709E+01
   4.019067E+00   4.532516E+01
   4.013266E+00   4.532843E+01
   4.000956E+00   4.535184E+01
   3.989566E+00   4.535421E+01
   3.980695E+00   4.537166E+01
   3.971948E+00   4.537157E+01
   3.960708E+00   4.536472E+01
   3.947647E+00   4.537146E+01
   3.941659E+00   4.536915E+01
   3.937073E+00   4.535737E+01
   3.925220E+00   4.535311E+01
   3.925589E+00   4.534601E+01
   3.918925E+00   4.533701E+01
   3.908811E+00   4.533082E+01
   3.902141E+00   4.533301E+01
   3.888461E+00   4.536968E+01
   3.887784E+00   4.539690E+01
   3.896729E+00   4.541156E+01
   3.912904E+00   4.542456E+01
   3.957933E+00   4.543813E+01
   3.957873E+00   4.544426E+01
   3.965258E+00   4.545044E+01
   3.968804E+00   4.545787E+01
   3.964085E+00   4.546721E+01
   3.964622E+00   4.547374E+01
   3.968182E+00   4.547911E+01
   3.979367E+00   4.548455E+01
   3.979837E+00   4.549244E+01
   3.971110E+00   4.549800E+01
   3.964693E+00   4.549814E+01
   3.958929E+00   4.550544E+01
   3.943353E+00   4.554401E+01
   3.947941E+00   4.555598E+01
   3.931641E+00   4.557691E+01
   3.917131E+00   4.558464E+01
   3.903935E+00   4.559573E+01
   3.880790E+00   4.560045E+01
   3.868736E+00   4.560991E+01
   3.859349E+00   4.561309E+01
   3.853543E+00   4.562303E+01
   3.838128E+00   4.562389E+01
   3.822653E+00   4.562986E+01
   3.814707E+00   4.564585E+01
   3.800017E+00   4.565842E+01
   3.791877E+00   4.567388E+01
   3.774014E+00   4.568990E+01
   3.773738E+00   4.570157E+01
   3.779093E+00   4.571018E+01
   3.773101E+00   4.572259E+01
   3.766215E+00   4.572663E+01
   3.758610E+00   4.574068E+01
   3.752318E+00   4.574306E+01
   3.745294E+00   4.573878E+01
   3.725673E+00   4.575360E+01
   3.732860E+00   4.576735E+01
   3.729017E+00   4.577290E+01
   3.709077E+00   4.578011E+01
   3.699804E+00   4.577902E+01
   3.686075E+00   4.579076E+01
   3.693713E+00   4.579719E+01
   3.709275E+00   4.580185E+01
   3.717375E+00   4.581184E+01
   3.714813E+00   4.582007E+01
   3.721857E+00   4.582686E+01
   3.723390E+00   4.583255E+01
   3.722328E+00   4.583826E+01
   3.716852E+00   4.584199E+01
   3.716306E+00   4.585103E+01
   3.719028E+00   4.585609E+01
   3.714720E+00   4.586238E+01
   3.713436E+00   4.587200E+01
   3.736831E+00   4.587622E+01
   3.748498E+00   4.589011E+01
   3.737511E+00   4.590671E+01
   3.729312E+00   4.590993E+01
   3.722454E+00   4.591891E+01
   3.691987E+00   4.592941E+01
   3.688707E+00   4.594169E+01
   3.692158E+00   4.595114E+01
   3.700570E+00   4.595574E+01
   3.699293E+00   4.597107E+01
   3.708475E+00   4.597643E+01
   3.716084E+00   4.597664E+01
   3.738588E+00   4.596894E+01
   3.745298E+00   4.596965E+01
   3.750223E+00   4.597295E+01
   3.751705E+00   4.598192E+01
   3.756222E+00   4.598542E+01
   3.766839E+00   4.597959E+01
   3.784914E+00   4.597554E+01
   3.797643E+00   4.598637E+01
   3.817258E+00   4.598934E+01
   3.822809E+00   4.599782E+01
   3.821652E+00   4.600736E+01
   3.813310E+00   4.601823E+01
   3.810585E+00   4.603664E+01
   3.804540E+00   4.604470E+01
   3.802838E+00   4.605263E+01
   3.805234E+00   4.606269E+01
   3.814182E+00   4.607705E+01
   3.812640E+00   4.608473E+01
   3.814951E+00   4.609160E+01
   3.801970E+00   4.610711E+01
   3.790831E+00   4.611176E+01
   3.796929E+00   4.613187E+01
   3.794816E+00   4.613812E+01
   3.789272E+00   4.614331E+01
   3.787119E+00   4.615526E+01
   3.790552E+00   4.615902E+01
   3.799863E+00   4.616175E+01
   3.801775E+00   4.616537E+01
   3.798129E+00   4.617300E+01
   3.786441E+00   4.618489E+01
   3.785077E+00   4.620023E+01
   3.788379E+00   4.620947E+01
   3.782275E+00   4.621905E+01
   3.770274E+00   4.622603E+01
   3.766494E+00   4.624072E+01
   3.769754E+00   4.624403E+01
   3.781247E+00   4.624652E+01
   3.800640E+00   4.624309E+01
   3.802818E+00   4.624544E+01
   3.801039E+00   4.625752E+01
   3.803104E+00   4.626055E+01
   3.865353E+00   4.626611E+01
   3.877012E+00   4.627830E+01
   3.889431E+00   4.627660E+01
   3.902636E+00   4.627894E+01
   3.908402E+00   4.627143E+01
   3.912489E+00   4.624784E+01
   3.907223E+00   4.623657E+01
   3.900902E+00   4.623347E+01
   3.901020E+00   4.622481E+01
   3.897298E+00   4.621906E+01
   3.898463E+00   4.621417E+01
   3.920543E+00   4.620613E+01
   3.934683E+00   4.620890E+01
   3.973652E+00   4.620493E+01
   3.976866E+00   4.619026E+01
   3.989340E+00   4.617424E+01
   4.018659E+00   4.617484E+01
   4.027723E+00   4.617268E+01
   4.049761E+00   4.618369E+01
   4.058940E+00   4.619108E+01
   4.069960E+00   4.619047E+01
   4.103738E+00   4.620095E+01
   4.138591E+00   4.617956E+01
   4.178158E+00   4.617631E+01
   4.181578E+00   4.617893E+01
   4.180989E+00   4.618788E+01
   4.183680E+00   4.619144E+01
   4.206762E+00   4.619734E+01
   4.226557E+00   4.618232E+01
   4.232457E+00   4.618350E+01
   4.241331E+00   4.619111E+01
   4.255818E+00   4.619024E+01
   4.265749E+00   4.617523E+01
   4.255060E+00   4.616523E+01
   4.255604E+00   4.616106E+01
   4.279183E+00   4.615919E+01
   4.284316E+00   4.616217E+01
   4.286878E+00   4.617162E+01
   4.290588E+00   4.617449E+01
   4.305634E+00   4.617725E+01
   4.313748E+00   4.617536E+01
   4.325520E+00   4.618721E+01
   4.334940E+00   4.618513E+01
   4.345794E+00   4.619046E+01
   4.358886E+00   4.618540E+01
   4.362936E+00   4.618704E+01
   4.359649E+00   4.619520E+01
   4.361480E+00   4.620272E+01
   4.368912E+00   4.620641E+01
   4.374226E+00   4.621350E+01
   4.384393E+00   4.621732E+01
   4.383215E+00   4.622672E+01
   4.386789E+00   4.623884E+01
   4.381880E+00   4.624713E+01
   4.387606E+00   4.625269E+01
   4.386875E+00   4.625861E+01
   4.393741E+00   4.627013E+01
   4.395116E+00   4.628434E+01
   4.405193E+00   4.629850E+01
   4.421652E+00   4.629815E+01
   4.426819E+00   4.630527E+01
   4.442617E+00   4.629746E+01
   4.459068E+00   4.629958E+01
   4.474096E+00   4.628804E+01
   4.489838E+00   4.629005E+01
   4.503996E+00   4.627236E+01
   4.509616E+00   4.627060E+01
   4.539486E+00   4.627390E+01
   4.546223E+00   4.628709E+01
   4.555494E+00   4.629598E+01
   4.561783E+00   4.629751E+01
   4.571469E+00   4.629508E+01
   4.575838E+00   4.627890E+01
   4.578666E+00   4.627622E+01
   4.589861E+00   4.627115E+01
   4.614808E+00   4.626873E+01
   4.618845E+00   4.627203E+01
   4.614125E+00   4.628345E+01
   4.630865E+00   4.629231E+01
   4.634056E+00   4.630243E+01
   4.652871E+00   4.630681E+01
   4.665309E+00   4.629944E+01
   4.679381E+00   4.630902E+01
   4.686174E+00   4.630494E+01
   4.695206E+00   4.630424E+01
   4.696953E+00   4.629514E+01
   4.709442E+00   4.628653E+01
   4.712564E+00   4.627857E+01
   4.709401E+00   4.626788E+01
   4.700277E+00   4.626500E+01
   4.691995E+00   4.626718E+01
   4.687028E+00   4.626152E+01
   4.687954E+00   4.625745E+01
   4.692791E+00   4.625403E+01
   4.699678E+00   4.625528E+01
   4.721144E+00   4.624754E+01
   4.739065E+00   4.623343E+01
   4.732871E+00   4.622258E+01
   4.734085E+00   4.621642E+01
   4.738198E+00   4.621238E+01
   4.737158E+00   4.620665E+01
   4.725504E+00   4.620109E+01
   4.726260E+00   4.619051E+01
   4.733343E+00   4.618148E+01
   4.740256E+00   4.617848E+01
   4.755184E+00   4.617541E+01
   4.760927E+00   4.617872E+01
   4.772845E+00   4.617885E+01
   4.776928E+00   4.618165E+01
   4.778238E+00   4.619087E+01
   4.790454E+00   4.620405E+01
   4.792185E+00   4.621954E+01
   4.806442E+00   4.624022E+01
   4.809537E+00   4.626207E+01
   4.822871E+00   4.627560E+01
   4.830521E+00   4.630109E+01
   4.849635E+00   4.632823E+01
   4.849323E+00   4.635784E+01
   4.885723E+00   4.640465E+01
   4.889958E+00   4.644253E+01
   4.898355E+00   4.645275E+01
   4.910951E+00   4.646224E+01
   4.913243E+00   4.648963E+01
   4.923843E+00   4.649932E+01
   4.930341E+00   4.651293E+01
   4.941874E+00   4.652248E+01
   4.946466E+00   4.651793E+01
   4.957708E+00   4.651383E+01
   4.982008E+00   4.651816E+01
   5.010952E+00   4.651345E+01
   5.017454E+00   4.650210E+01
   5.056663E+00   4.648683E+01
   5.082637E+00   4.649273E+01
   5.096990E+00   4.650220E+01
   5.111119E+00   4.649516E+01
   5.127889E+00   4.650320E+01
   5.134901E+00   4.651179E+01
   5.160754E+00   4.650934E+01
   5.166462E+00   4.652120E+01
   5.183457E+00   4.651202E+01
   5.202692E+00   4.651055E+01
   5.205879E+00   4.650704E+01
   5.206613E+00   4.649765E+01
   5.212574E+00   4.649382E+01
   5.218698E+00   4.647406E+01
   5.235644E+00   4.646284E+01
   5.244285E+00   4.646296E+01
   5.260198E+00   4.645375E+01
   5.279275E+00   4.644974E+01
   5.291493E+00   4.645247E+01
   5.315842E+00   4.644765E+01
   5.320484E+00   4.643495E+01
   5.326934E+00   4.642841E+01
   5.316399E+00   4.642095E+01
   5.317847E+00   4.641099E+01
   5.325041E+00   4.640553E+01
   5.342341E+00   4.640436E+01
   5.354207E+00   4.639996E+01
   5.358346E+00   4.639545E+01
   5.363754E+00   4.639663E+01
   5.379121E+00   4.638385E+01
   5.379353E+00   4.638030E+01
   5.371491E+00   4.637174E+01
   5.379502E+00   4.636469E+01
   5.377755E+00   4.635366E+01
   5.382423E+00   4.634785E+01
   5.402987E+00   4.634146E+01
   5.408766E+00   4.633228E+01
   5.412333E+00   4.633407E+01
   5.414864E+00   4.634737E+01
   5.423686E+00   4.635034E+01
   5.430004E+00   4.634324E+01
   5.439585E+00   4.632138E+01
   5.453753E+00   4.632140E+01
   5.459711E+00   4.632566E+01
   5.469159E+00   4.632434E+01
   5.477178E+00   4.631674E+01
   5.476676E+00   4.631043E+01
   5.461164E+00   4.627980E+01
   5.475721E+00   4.626832E+01
   5.502934E+00   4.627389E+01
   5.511911E+00   4.626810E+01
   5.521955E+00   4.626750E+01
   5.541931E+00   4.627347E+01
   5.556920E+00   4.628514E+01
   5.564920E+00   4.629629E+01
   5.590477E+00   4.629616E+01
   5.596147E+00   4.630052E+01
   5.610839E+00   4.632861E+01
   5.631235E+00   4.633353E+01
   5.643196E+00   4.634774E+01
   5.652510E+00   4.634202E+01
   5.653529E+00   4.632732E+01
   5.665938E+00   4.632805E+01
   5.685249E+00   4.631905E+01
   5.689817E+00   4.631280E+01
   5.715773E+00   4.631091E+01
   5.721614E+00   4.629594E+01
   5.718402E+00   4.628219E+01
   5.725343E+00   4.626466E+01
   5.742291E+00   4.626924E+01
   5.767909E+00   4.627074E+01
   5.827623E+00   4.626410E+01
   5.850602E+00   4.626507E+01
   5.862877E+00   4.627390E+01
   5.870713E+00   4.626981E+01
   5.876269E+00   4.627138E+01
   5.893539E+00   4.628889E+01
   5.908873E+00   4.628877E+01
   5.916999E+00   4.631164E+01
   5.925798E+00   4.631631E+01
   5.940627E+00   4.631354E+01
   5.965141E+00   4.634483E+01
   5.976529E+00   4.635505E+01
   5.981816E+00   4.636522E+01
   6.004151E+00   4.637447E+01
   6.026401E+00   4.638800E+01
   6.058245E+00   4.641990E+01
   6.066757E+00   4.641911E+01
   6.102928E+00   4.642441E+01
END
END
