none
1
   -9.471704E+01   2.569551E+01
   -9.686662E+01   2.594066E+01
   -9.715895E+01   2.594683E+01
   -9.734010E+01   2.591345E+01
   -9.736620E+01   2.583499E+01
   -9.741947E+01   2.583645E+01
   -9.744890E+01   2.584712E+01
   -9.745561E+01   2.587124E+01
   -9.746804E+01   2.588043E+01
   -9.748923E+01   2.587615E+01
   -9.752514E+01   2.588441E+01
   -9.761372E+01   2.595007E+01
   -9.765540E+01   2.600627E+01
   -9.775157E+01   2.601347E+01
   -9.781249E+01   2.604516E+01
   -9.800484E+01   2.604660E+01
   -9.805133E+01   2.602932E+01
   -9.823246E+01   2.606244E+01
   -9.834948E+01   2.612578E+01
   -9.846649E+01   2.619772E+01
   -9.861396E+01   2.624086E+01
   -9.865724E+01   2.622360E+01
   -9.876464E+01   2.630410E+01
   -9.881433E+01   2.634720E+01
   -9.892173E+01   2.635295E+01
   -9.896982E+01   2.638024E+01
   -9.910579E+01   2.638771E+01
   -9.918141E+01   2.655100E+01
   -9.923270E+01   2.671291E+01
   -9.945551E+01   2.700892E+01
   -9.944590E+01   2.719015E+01
   -9.954849E+01   2.730701E+01
   -9.950200E+01   2.742516E+01
   -9.949577E+01   2.745847E+01
   -9.948302E+01   2.748451E+01
   -9.950361E+01   2.749644E+01
   -9.952967E+01   2.749420E+01
   -9.953345E+01   2.752402E+01
   -9.951748E+01   2.756426E+01
   -9.954862E+01   2.760200E+01
   -9.965107E+01   2.760429E+01
   -9.987158E+01   2.777818E+01
   -1.000438E+02   2.805483E+01
   -1.002120E+02   2.816874E+01
   -1.003047E+02   2.827900E+01
   -1.003612E+02   2.838883E+01
   -1.003540E+02   2.843034E+01
   -1.005120E+02   2.866284E+01
   -1.005150E+02   2.871002E+01
   -1.005690E+02   2.881072E+01
   -1.006437E+02   2.889986E+01
   -1.006968E+02   2.910208E+01
   -1.007824E+02   2.916536E+01
   -1.007955E+02   2.921480E+01
   -1.008370E+02   2.925078E+01
   -1.008752E+02   2.926636E+01
   -1.009061E+02   2.930301E+01
   -1.010147E+02   2.936297E+01
   -1.010549E+02   2.940582E+01
   -1.011025E+02   2.944290E+01
   -1.012503E+02   2.950178E+01
   -1.014632E+02   2.975215E+01
   -1.020793E+02   2.976085E+01
   -1.023212E+02   2.986989E+01
   -1.023642E+02   2.974998E+01
   -1.026460E+02   2.972279E+01
   -1.028417E+02   2.934143E+01
   -1.028299E+02   2.922879E+01
   -1.029552E+02   2.915363E+01
   -1.031254E+02   2.894289E+01
   -1.034091E+02   2.899972E+01
   -1.035461E+02   2.911945E+01
   -1.037418E+02   2.917755E+01
   -1.038396E+02   2.924928E+01
   -1.038944E+02   2.925270E+01
   -1.041762E+02   2.937554E+01
   -1.042623E+02   2.948120E+01
   -1.044690E+02   2.957619E+01
   -1.045519E+02   2.967180E+01
   -1.046262E+02   2.981791E+01
   -1.047201E+02   2.997058E+01
   -1.047240E+02   3.021437E+01
   -1.048688E+02   3.036981E+01
   -1.049354E+02   3.056545E+01
   -1.051244E+02   3.072546E+01
   -1.053893E+02   3.082457E+01
   -1.054363E+02   3.089176E+01
   -1.055889E+02   3.100252E+01
   -1.056437E+02   3.108299E+01
   -1.057689E+02   3.115670E+01
   -1.059255E+02   3.129725E+01
   -1.060155E+02   3.137413E+01
   -1.061407E+02   3.141087E+01
   -1.062268E+02   3.148099E+01
   -1.062488E+02   3.154022E+01
   -1.062826E+02   3.155929E+01
   -1.063062E+02   3.161130E+01
   -1.063476E+02   3.167950E+01
   -1.063607E+02   3.170017E+01
   -1.063779E+02   3.171661E+01
   -1.063815E+02   3.172999E+01
   -1.064089E+02   3.174522E+01
   -1.064228E+02   3.175198E+01
   -1.064385E+02   3.175408E+01
   -1.064516E+02   3.176294E+01
   -1.064647E+02   3.175923E+01
   -1.064691E+02   3.175094E+01
   -1.064866E+02   3.174484E+01
   -1.065138E+02   3.176209E+01
   -1.065296E+02   3.178038E+01
   -1.065312E+02   3.178981E+01
   -1.065464E+02   3.180409E+01
   -1.065655E+02   3.181095E+01
   -1.065760E+02   3.180895E+01
   -1.065928E+02   3.182180E+01
   -1.066061E+02   3.182534E+01
   -1.066062E+02   3.184314E+01
   -1.066194E+02   3.184535E+01
   -1.066294E+02   3.185826E+01
   -1.066418E+02   3.187040E+01
   -1.066346E+02   3.188203E+01
   -1.066398E+02   3.188891E+01
   -1.066494E+02   3.189672E+01
   -1.066387E+02   3.190974E+01
   -1.066145E+02   3.192048E+01
   -1.066166E+02   3.192359E+01
   -1.066360E+02   3.192355E+01
   -1.066257E+02   3.194459E+01
   -1.066250E+02   3.195366E+01
   -1.066290E+02   3.196208E+01
   -1.066303E+02   3.197027E+01
   -1.066397E+02   3.196905E+01
   -1.066404E+02   3.198701E+01
   -1.066283E+02   3.199096E+01
   -1.066180E+02   3.200255E+01
   -1.048435E+02   3.200302E+01
   -1.030663E+02   3.200188E+01
   -1.030670E+02   3.257985E+01
   -1.030642E+02   3.315319E+01
   -1.030446E+02   3.433982E+01
   -1.030429E+02   3.650143E+01
   -1.030035E+02   3.650175E+01
   -1.030034E+02   3.652145E+01
   -9.996781E+01   3.651778E+01
   -9.998637E+01   3.458982E+01
   -9.991081E+01   3.457897E+01
   -9.982074E+01   3.449790E+01
   -9.969671E+01   3.438925E+01
   -9.960269E+01   3.438073E+01
   -9.958926E+01   3.441937E+01
   -9.953080E+01   3.442526E+01
   -9.942019E+01   3.438532E+01
   -9.938780E+01   3.446388E+01
   -9.935434E+01   3.445817E+01
   -9.925982E+01   3.440758E+01
   -9.920214E+01   3.433880E+01
   -9.918002E+01   3.422009E+01
   -9.898804E+01   3.422797E+01
   -9.874471E+01   3.414590E+01
   -9.864912E+01   3.417086E+01
   -9.857643E+01   3.416101E+01
   -9.847452E+01   3.407361E+01
   -9.836865E+01   3.416035E+01
   -9.817509E+01   3.412553E+01
   -9.813559E+01   3.415969E+01
   -9.809039E+01   3.415897E+01
   -9.808898E+01   3.401376E+01
   -9.797916E+01   3.401179E+01
   -9.794203E+01   3.399600E+01
   -9.795783E+01   3.388735E+01
   -9.784723E+01   3.385967E+01
   -9.777296E+01   3.393412E+01
   -9.767263E+01   3.399731E+01
   -9.735977E+01   3.387153E+01
   -9.725944E+01   3.389921E+01
   -9.723100E+01   3.392095E+01
   -9.718596E+01   3.391436E+01
   -9.716305E+01   3.385308E+01
   -9.716384E+01   3.373369E+01
   -9.710775E+01   3.373435E+01
   -9.709116E+01   3.385110E+01
   -9.699112E+01   3.396383E+01
   -9.690529E+01   3.395782E+01
   -9.686788E+01   3.387186E+01
   -9.683107E+01   3.387793E+01
   -9.678698E+01   3.386815E+01
   -9.673723E+01   3.383102E+01
   -9.668667E+01   3.390964E+01
   -9.666321E+01   3.391976E+01
   -9.658473E+01   3.389547E+01
   -9.658433E+01   3.388400E+01
   -9.662680E+01   3.384520E+01
   -9.652595E+01   3.382383E+01
   -9.649460E+01   3.379091E+01
   -9.642212E+01   3.377849E+01
   -9.634544E+01   3.369079E+01
   -9.629539E+01   3.377022E+01
   -9.627466E+01   3.377064E+01
   -9.619780E+01   3.375755E+01
   -9.618314E+01   3.381032E+01
   -9.615634E+01   3.383910E+01
   -9.593892E+01   3.388964E+01
   -9.564566E+01   3.391241E+01
   -9.560470E+01   3.393727E+01
   -9.555941E+01   3.393559E+01
   -9.553998E+01   3.389470E+01
   -9.530133E+01   3.388163E+01
   -9.522911E+01   3.396515E+01
   -9.512537E+01   3.393727E+01
   -9.506217E+01   3.390229E+01
   -9.504447E+01   3.387150E+01
   -9.496964E+01   3.386349E+01
   -9.486245E+01   3.375459E+01
   -9.476739E+01   3.375586E+01
   -9.469205E+01   3.368952E+01
   -9.465716E+01   3.369544E+01
   -9.458334E+01   3.368191E+01
   -9.451963E+01   3.363371E+01
   -9.445238E+01   3.364809E+01
   -9.436247E+01   3.357615E+01
   -9.418519E+01   3.359764E+01
   -9.406377E+01   3.357619E+01
   -9.404180E+01   3.355470E+01
   -9.404256E+01   3.279048E+01
   -9.404021E+01   3.200651E+01
   -9.389344E+01   3.188585E+01
   -9.382321E+01   3.178662E+01
   -9.371667E+01   3.152943E+01
   -9.353585E+01   3.118351E+01
   -9.349441E+01   3.103441E+01
   -9.354715E+01   3.081031E+01
   -9.369030E+01   3.057916E+01
   -9.368277E+01   3.006605E+01
   -9.383014E+01   2.967643E+01
   -9.301897E+01   2.569944E+01
   -9.471704E+01   2.569551E+01
END
END
