none
1
   2.984993E+01   -1.349704E+01
   2.950184E+01   -1.343553E+01
   2.894238E+01   -1.350060E+01
   2.871447E+01   -1.291585E+01
   2.864964E+01   -1.283553E+01
   2.856724E+01   -1.291190E+01
   2.828148E+01   -1.246865E+01
   2.804047E+01   -1.243355E+01
   2.784462E+01   -1.230161E+01
   2.761656E+01   -1.229823E+01
   2.712302E+01   -1.177669E+01
   2.690719E+01   -1.208046E+01
   2.593479E+01   -1.196382E+01
   2.542731E+01   -1.185752E+01
   2.518229E+01   -1.133789E+01
   2.453739E+01   -1.156445E+01
   2.426682E+01   -1.149924E+01
   2.428133E+01   -1.114599E+01
   2.403250E+01   -1.099916E+01
   2.217158E+01   -1.132259E+01
   2.206476E+01   -1.084625E+01
   2.220469E+01   -1.038392E+01
   2.169152E+01   -9.420712E+00
   2.183678E+01   -8.489459E+00
   2.165508E+01   -8.012948E+00
   2.173227E+01   -7.381612E+00
   2.051651E+01   -7.376425E+00
   2.049451E+01   -7.016679E+00
   1.965232E+01   -7.100013E+00
   1.943421E+01   -8.084319E+00
   1.863085E+01   -8.016666E+00
   1.754934E+01   -8.226119E+00
   1.684636E+01   -7.268652E+00
   1.650920E+01   -5.887990E+00
   1.322694E+01   -5.964287E+00
   1.242657E+01   -6.102251E+00
   1.225110E+01   -6.026380E+00
   1.199770E+01   -6.080552E+00
   1.188343E+01   -5.970575E+00
   1.220610E+01   -5.713132E+00
   1.249974E+01   -5.723170E+00
   1.244279E+01   -5.089724E+00
   1.308751E+01   -4.534190E+00
   1.344968E+01   -4.772279E+00
   1.372041E+01   -4.409168E+00
   1.441373E+01   -4.224523E+00
   1.451013E+01   -4.436212E+00
   1.446340E+01   -4.808294E+00
   1.467889E+01   -4.856430E+00
   1.515069E+01   -4.398636E+00
   1.517206E+01   -4.367674E+00
   1.519092E+01   -4.323210E+00
   1.521664E+01   -4.316158E+00
   1.524696E+01   -4.313523E+00
   1.528552E+01   -4.281476E+00
   1.532327E+01   -4.264045E+00
   1.546271E+01   -4.234519E+00
   1.551620E+01   -4.049717E+00
   1.562603E+01   -3.998269E+00
   1.587960E+01   -3.940379E+00
   1.610535E+01   -3.321821E+00
   1.616694E+01   -2.155667E+00
   1.685423E+01   -1.218943E+00
   1.763037E+01   -5.880310E-01
   1.757987E+01   -1.428650E-01
   1.785971E+01   3.969930E-01
   1.774001E+01   9.831820E-01
   1.804497E+01   1.555348E+00
   1.804873E+01   2.238170E+00
   1.861057E+01   3.269397E+00
   1.854271E+01   4.314131E+00
   1.854418E+01   4.322538E+00
   1.855254E+01   4.333734E+00
   1.856427E+01   4.343667E+00
   1.857390E+01   4.346024E+00
   1.858229E+01   4.353855E+00
   1.859576E+01   4.363280E+00
   1.859736E+01   4.368498E+00
   1.860080E+01   4.371642E+00
   1.860521E+01   4.371711E+00
   1.861190E+01   4.365997E+00
   1.862097E+01   4.359331E+00
   1.862861E+01   4.358855E+00
   1.864604E+01   4.374330E+00
   1.909673E+01   4.949578E+00
   1.941680E+01   5.151514E+00
   1.973289E+01   5.163123E+00
   2.038835E+01   4.767896E+00
   2.058121E+01   4.447851E+00
   2.084644E+01   4.470795E+00
   2.106229E+01   4.431754E+00
   2.117213E+01   4.321288E+00
   2.127527E+01   4.357477E+00
   2.181394E+01   4.312716E+00
   2.240282E+01   4.142051E+00
   2.258183E+01   4.480316E+00
   2.278144E+01   4.723077E+00
   2.280286E+01   4.735247E+00
   2.283493E+01   4.725824E+00
   2.285958E+01   4.728516E+00
   2.287984E+01   4.756447E+00
   2.288167E+01   4.800768E+00
   2.289943E+01   4.819035E+00
   2.292881E+01   4.826438E+00
   2.295886E+01   4.839896E+00
   2.297364E+01   4.840057E+00
   2.340439E+01   4.671982E+00
   2.440406E+01   5.127633E+00
   2.455914E+01   5.083070E+00
   2.474379E+01   4.913597E+00
   2.502147E+01   5.022524E+00
   2.510737E+01   4.992625E+00
   2.512172E+01   5.014826E+00
   2.513388E+01   5.018022E+00
   2.514266E+01   5.022899E+00
   2.514873E+01   5.031477E+00
   2.515346E+01   5.031981E+00
   2.527462E+01   5.040756E+00
   2.532054E+01   5.282222E+00
   2.538392E+01   5.344962E+00
   2.553469E+01   5.401396E+00
   2.585192E+01   5.264128E+00
   2.614251E+01   5.272560E+00
   2.660166E+01   5.110038E+00
   2.713077E+01   5.218476E+00
   2.744113E+01   5.083372E+00
   2.841753E+01   4.341913E+00
   2.876056E+01   4.583059E+00
   2.929909E+01   4.444863E+00
   2.948134E+01   4.730551E+00
   2.969748E+01   4.737526E+00
   3.028954E+01   4.055698E+00
   3.096456E+01   3.551127E+00
   3.085397E+01   2.435977E+00
   3.113561E+01   2.384451E+00
   3.133569E+01   2.134187E+00
   3.056190E+01   1.259209E+00
   3.015312E+01   8.657830E-01
   3.000832E+01   8.087360E-01
   2.999267E+01   5.219780E-01
   2.982666E+01   1.397030E-01
   2.974817E+01   -4.915500E-02
   2.966794E+01   -6.202830E-01
   2.960306E+01   -1.399618E+00
   2.934390E+01   -1.605184E+00
   2.919846E+01   -1.994161E+00
   2.918276E+01   -2.184193E+00
   2.908413E+01   -2.310316E+00
   2.903322E+01   -2.288761E+00
   2.901566E+01   -2.294159E+00
   2.895353E+01   -2.382556E+00
   2.890940E+01   -2.375875E+00
   2.887215E+01   -2.426752E+00
   2.889477E+01   -2.474321E+00
   2.889139E+01   -2.506707E+00
   2.887113E+01   -2.515478E+00
   2.886641E+01   -2.529309E+00
   2.889545E+01   -2.555959E+00
   2.891820E+01   -2.662260E+00
   2.900046E+01   -2.693248E+00
   2.904283E+01   -2.740328E+00
   2.903828E+01   -2.792410E+00
   2.910444E+01   -2.895027E+00
   2.925725E+01   -3.048588E+00
   2.927635E+01   -3.094367E+00
   2.923254E+01   -3.352783E+00
   2.932634E+01   -3.844315E+00
   2.953592E+01   -4.444841E+00
   2.944776E+01   -4.921669E+00
   2.973075E+01   -5.708422E+00
   2.964537E+01   -6.263322E+00
   3.039459E+01   -7.081465E+00
   3.089239E+01   -8.262800E+00
   2.899974E+01   -8.500132E+00
   2.894404E+01   -8.895470E+00
   2.855603E+01   -9.260335E+00
   2.869321E+01   -9.767562E+00
   2.872731E+01   -1.069095E+01
   2.848822E+01   -1.155358E+01
   2.910827E+01   -1.227549E+01
   2.983439E+01   -1.209617E+01
   2.984993E+01   -1.349704E+01
END
END
