none
1
   -1.823872E+00   5.352051E+01
   -1.842210E+00   5.351822E+01
   -1.846759E+00   5.352337E+01
   -1.873841E+00   5.353872E+01
   -1.893918E+00   5.353191E+01
   -1.899817E+00   5.353647E+01
   -1.910533E+00   5.353694E+01
   -1.914198E+00   5.354991E+01
   -1.925478E+00   5.355101E+01
   -1.943675E+00   5.356023E+01
   -1.948236E+00   5.357086E+01
   -1.979325E+00   5.358548E+01
   -2.010457E+00   5.361472E+01
   -2.025543E+00   5.361592E+01
   -2.032650E+00   5.362872E+01
   -2.031200E+00   5.363478E+01
   -2.042975E+00   5.364099E+01
   -2.042178E+00   5.365132E+01
   -2.037866E+00   5.366002E+01
   -2.055567E+00   5.367134E+01
   -2.056386E+00   5.367650E+01
   -2.051957E+00   5.368171E+01
   -2.061281E+00   5.368106E+01
   -2.073140E+00   5.367583E+01
   -2.082127E+00   5.367659E+01
   -2.085155E+00   5.366984E+01
   -2.092896E+00   5.366846E+01
   -2.097844E+00   5.367085E+01
   -2.118827E+00   5.366972E+01
   -2.126437E+00   5.367350E+01
   -2.129010E+00   5.368047E+01
   -2.134329E+00   5.368353E+01
   -2.143294E+00   5.367643E+01
   -2.149555E+00   5.368429E+01
   -2.147249E+00   5.369115E+01
   -2.164309E+00   5.369775E+01
   -2.165337E+00   5.370712E+01
   -2.175545E+00   5.372210E+01
   -2.166301E+00   5.373113E+01
   -2.146439E+00   5.373712E+01
   -2.142656E+00   5.374230E+01
   -2.142812E+00   5.374702E+01
   -2.132635E+00   5.375275E+01
   -2.131630E+00   5.376977E+01
   -2.137819E+00   5.378039E+01
   -2.127883E+00   5.378741E+01
   -2.131773E+00   5.379041E+01
   -2.129859E+00   5.379925E+01
   -2.085714E+00   5.381947E+01
   -2.051093E+00   5.383021E+01
   -2.047596E+00   5.385101E+01
   -2.034571E+00   5.386020E+01
   -2.027498E+00   5.387241E+01
   -2.005365E+00   5.387298E+01
   -2.003620E+00   5.387558E+01
   -1.996632E+00   5.387437E+01
   -1.993408E+00   5.387095E+01
   -1.982229E+00   5.387056E+01
   -1.978620E+00   5.387895E+01
   -1.982131E+00   5.389844E+01
   -1.971471E+00   5.390610E+01
   -1.954846E+00   5.390625E+01
   -1.955239E+00   5.391092E+01
   -1.968240E+00   5.391712E+01
   -1.978264E+00   5.392621E+01
   -1.966182E+00   5.393488E+01
   -1.971506E+00   5.394356E+01
   -1.968673E+00   5.394643E+01
   -1.964574E+00   5.394593E+01
   -1.966526E+00   5.395384E+01
   -1.964550E+00   5.395686E+01
   -1.944469E+00   5.395778E+01
   -1.940760E+00   5.395435E+01
   -1.928683E+00   5.395208E+01
   -1.923034E+00   5.395756E+01
   -1.906436E+00   5.396005E+01
   -1.895111E+00   5.395689E+01
   -1.885510E+00   5.396462E+01
   -1.881706E+00   5.396491E+01
   -1.877682E+00   5.396363E+01
   -1.878068E+00   5.395625E+01
   -1.872567E+00   5.394602E+01
   -1.860668E+00   5.394136E+01
   -1.860065E+00   5.393389E+01
   -1.847882E+00   5.393366E+01
   -1.851252E+00   5.393686E+01
   -1.847788E+00   5.394213E+01
   -1.804766E+00   5.394054E+01
   -1.796618E+00   5.393812E+01
   -1.796632E+00   5.393113E+01
   -1.781899E+00   5.393109E+01
   -1.775137E+00   5.392301E+01
   -1.770264E+00   5.392284E+01
   -1.765709E+00   5.392631E+01
   -1.755376E+00   5.392267E+01
   -1.745080E+00   5.392457E+01
   -1.741857E+00   5.391649E+01
   -1.728611E+00   5.391192E+01
   -1.722317E+00   5.391358E+01
   -1.719741E+00   5.391174E+01
   -1.717258E+00   5.391916E+01
   -1.704146E+00   5.392093E+01
   -1.686389E+00   5.391796E+01
   -1.686368E+00   5.391353E+01
   -1.682936E+00   5.391218E+01
   -1.653951E+00   5.391386E+01
   -1.650708E+00   5.391149E+01
   -1.651633E+00   5.390740E+01
   -1.641918E+00   5.390900E+01
   -1.622113E+00   5.390512E+01
   -1.600158E+00   5.391134E+01
   -1.599025E+00   5.390577E+01
   -1.588895E+00   5.390308E+01
   -1.583948E+00   5.391089E+01
   -1.567594E+00   5.391250E+01
   -1.562175E+00   5.390555E+01
   -1.552001E+00   5.390465E+01
   -1.548986E+00   5.391260E+01
   -1.528581E+00   5.391039E+01
   -1.498734E+00   5.391699E+01
   -1.485679E+00   5.391255E+01
   -1.467891E+00   5.391265E+01
   -1.463086E+00   5.390756E+01
   -1.450948E+00   5.390882E+01
   -1.441104E+00   5.391543E+01
   -1.434168E+00   5.391276E+01
   -1.433277E+00   5.392897E+01
   -1.412307E+00   5.392987E+01
   -1.409321E+00   5.393683E+01
   -1.402431E+00   5.393862E+01
   -1.400562E+00   5.394293E+01
   -1.392704E+00   5.394478E+01
   -1.359641E+00   5.394379E+01
   -1.340565E+00   5.394767E+01
   -1.338552E+00   5.394550E+01
   -1.341095E+00   5.394243E+01
   -1.305797E+00   5.393584E+01
   -1.306977E+00   5.392732E+01
   -1.300255E+00   5.393091E+01
   -1.292497E+00   5.392835E+01
   -1.293190E+00   5.392513E+01
   -1.302171E+00   5.392318E+01
   -1.294991E+00   5.392262E+01
   -1.301803E+00   5.390996E+01
   -1.299275E+00   5.390900E+01
   -1.299830E+00   5.390634E+01
   -1.320177E+00   5.390190E+01
   -1.315633E+00   5.389163E+01
   -1.318892E+00   5.388389E+01
   -1.315044E+00   5.388210E+01
   -1.317096E+00   5.387643E+01
   -1.311868E+00   5.386510E+01
   -1.321659E+00   5.385981E+01
   -1.349108E+00   5.385600E+01
   -1.339172E+00   5.385221E+01
   -1.340769E+00   5.384644E+01
   -1.325754E+00   5.384124E+01
   -1.324085E+00   5.383388E+01
   -1.330854E+00   5.383320E+01
   -1.308480E+00   5.382370E+01
   -1.308216E+00   5.381986E+01
   -1.299664E+00   5.381521E+01
   -1.302239E+00   5.381221E+01
   -1.311320E+00   5.381205E+01
   -1.313318E+00   5.380770E+01
   -1.309968E+00   5.378752E+01
   -1.312079E+00   5.378230E+01
   -1.301819E+00   5.377657E+01
   -1.301839E+00   5.377381E+01
   -1.294427E+00   5.377301E+01
   -1.287952E+00   5.376325E+01
   -1.293402E+00   5.375785E+01
   -1.294015E+00   5.375373E+01
   -1.310858E+00   5.375370E+01
   -1.312743E+00   5.374517E+01
   -1.308534E+00   5.374525E+01
   -1.308741E+00   5.374058E+01
   -1.300114E+00   5.374335E+01
   -1.286154E+00   5.373676E+01
   -1.271197E+00   5.372653E+01
   -1.267055E+00   5.371634E+01
   -1.249713E+00   5.371358E+01
   -1.229744E+00   5.371653E+01
   -1.225952E+00   5.371342E+01
   -1.215519E+00   5.371598E+01
   -1.213411E+00   5.370713E+01
   -1.196000E+00   5.370120E+01
   -1.198754E+00   5.369362E+01
   -1.236868E+00   5.369120E+01
   -1.231877E+00   5.368546E+01
   -1.240649E+00   5.367941E+01
   -1.242686E+00   5.367226E+01
   -1.250602E+00   5.366652E+01
   -1.245510E+00   5.365489E+01
   -1.248520E+00   5.364835E+01
   -1.258768E+00   5.364500E+01
   -1.241556E+00   5.363380E+01
   -1.231803E+00   5.362004E+01
   -1.245910E+00   5.361546E+01
   -1.243637E+00   5.360791E+01
   -1.249661E+00   5.360560E+01
   -1.245675E+00   5.359998E+01
   -1.252855E+00   5.359876E+01
   -1.251376E+00   5.359626E+01
   -1.255667E+00   5.359134E+01
   -1.267856E+00   5.358759E+01
   -1.276171E+00   5.358793E+01
   -1.276122E+00   5.358461E+01
   -1.281253E+00   5.358131E+01
   -1.309328E+00   5.357402E+01
   -1.345669E+00   5.358195E+01
   -1.350985E+00   5.357835E+01
   -1.357753E+00   5.358806E+01
   -1.356801E+00   5.359350E+01
   -1.365614E+00   5.360062E+01
   -1.378657E+00   5.360504E+01
   -1.399276E+00   5.359729E+01
   -1.407014E+00   5.359972E+01
   -1.420291E+00   5.359782E+01
   -1.443117E+00   5.361026E+01
   -1.472889E+00   5.359941E+01
   -1.483857E+00   5.359269E+01
   -1.491722E+00   5.359683E+01
   -1.494465E+00   5.360126E+01
   -1.496271E+00   5.359606E+01
   -1.501292E+00   5.359806E+01
   -1.530809E+00   5.359130E+01
   -1.536924E+00   5.359242E+01
   -1.547978E+00   5.360184E+01
   -1.572022E+00   5.360700E+01
   -1.585004E+00   5.360418E+01
   -1.586734E+00   5.359236E+01
   -1.599256E+00   5.358718E+01
   -1.600614E+00   5.358445E+01
   -1.596056E+00   5.358088E+01
   -1.595514E+00   5.357565E+01
   -1.609017E+00   5.356989E+01
   -1.615810E+00   5.356140E+01
   -1.655619E+00   5.355890E+01
   -1.661806E+00   5.355703E+01
   -1.659834E+00   5.355336E+01
   -1.661759E+00   5.355167E+01
   -1.699298E+00   5.355199E+01
   -1.704816E+00   5.355850E+01
   -1.722000E+00   5.355819E+01
   -1.722828E+00   5.355143E+01
   -1.727461E+00   5.354629E+01
   -1.740892E+00   5.353946E+01
   -1.771571E+00   5.353215E+01
   -1.803226E+00   5.353419E+01
   -1.821164E+00   5.351975E+01
   -1.823872E+00   5.352051E+01
END
END
