none
1
   5.920645E+00   5.074848E+01
   5.914113E+00   5.074753E+01
   5.911786E+00   5.075229E+01
   5.900865E+00   5.074848E+01
   5.888615E+00   5.075349E+01
   5.885185E+00   5.076631E+01
   5.864401E+00   5.076060E+01
   5.849655E+00   5.075050E+01
   5.842990E+00   5.076171E+01
   5.831393E+00   5.075563E+01
   5.806889E+00   5.075315E+01
   5.792512E+00   5.076668E+01
   5.782796E+00   5.076470E+01
   5.773869E+00   5.078021E+01
   5.749096E+00   5.076820E+01
   5.740229E+00   5.075426E+01
   5.720635E+00   5.076030E+01
   5.699182E+00   5.075228E+01
   5.681583E+00   5.075474E+01
   5.680362E+00   5.076391E+01
   5.698492E+00   5.078262E+01
   5.688232E+00   5.079559E+01
   5.696357E+00   5.080536E+01
   5.652121E+00   5.081774E+01
   5.635965E+00   5.084691E+01
   5.642047E+00   5.087348E+01
   5.676125E+00   5.088390E+01
   5.693287E+00   5.089948E+01
   5.698111E+00   5.091344E+01
   5.721419E+00   5.091190E+01
   5.725882E+00   5.092762E+01
   5.738869E+00   5.093755E+01
   5.744784E+00   5.094970E+01
   5.756042E+00   5.095314E+01
   5.746100E+00   5.095863E+01
   5.725894E+00   5.095235E+01
   5.716823E+00   5.096198E+01
   5.735358E+00   5.098098E+01
   5.748154E+00   5.098499E+01
   5.764667E+00   5.100065E+01
   5.764155E+00   5.101341E+01
   5.773253E+00   5.102276E+01
   5.757832E+00   5.102830E+01
   5.755501E+00   5.103584E+01
   5.767694E+00   5.104987E+01
   5.772074E+00   5.106496E+01
   5.797835E+00   5.106284E+01
   5.793751E+00   5.107270E+01
   5.801836E+00   5.107913E+01
   5.793118E+00   5.108655E+01
   5.793639E+00   5.109330E+01
   5.806251E+00   5.109913E+01
   5.823016E+00   5.109533E+01
   5.829870E+00   5.109896E+01
   5.828523E+00   5.110386E+01
   5.811779E+00   5.110514E+01
   5.804669E+00   5.111301E+01
   5.819013E+00   5.112923E+01
   5.839765E+00   5.113404E+01
   5.847521E+00   5.114496E+01
   5.834189E+00   5.115161E+01
   5.829746E+00   5.116062E+01
   5.824630E+00   5.116433E+01
   5.816153E+00   5.115606E+01
   5.805567E+00   5.115941E+01
   5.777226E+00   5.114833E+01
   5.771871E+00   5.115387E+01
   5.774877E+00   5.116027E+01
   5.767215E+00   5.116382E+01
   5.772426E+00   5.117741E+01
   5.766246E+00   5.118077E+01
   5.745984E+00   5.118629E+01
   5.740733E+00   5.118192E+01
   5.709280E+00   5.117742E+01
   5.688692E+00   5.118217E+01
   5.657367E+00   5.118182E+01
   5.647189E+00   5.119204E+01
   5.648135E+00   5.119614E+01
   5.559201E+00   5.121960E+01
   5.551906E+00   5.124401E+01
   5.553776E+00   5.126420E+01
   5.527008E+00   5.127927E+01
   5.513870E+00   5.129247E+01
   5.485651E+00   5.129692E+01
   5.465753E+00   5.128171E+01
   5.444162E+00   5.127934E+01
   5.417866E+00   5.125932E+01
   5.349209E+00   5.127218E+01
   5.337141E+00   5.126014E+01
   5.295677E+00   5.125852E+01
   5.263199E+00   5.126375E+01
   5.236915E+00   5.125852E+01
   5.222979E+00   5.126846E+01
   5.238275E+00   5.130360E+01
   5.200519E+00   5.131929E+01
   5.162749E+00   5.130732E+01
   5.131953E+00   5.131370E+01
   5.128835E+00   5.134524E+01
   5.068350E+00   5.139250E+01
   5.100715E+00   5.143182E+01
   5.077345E+00   5.146836E+01
   5.044581E+00   5.146836E+01
   5.035358E+00   5.147774E+01
   5.036552E+00   5.148414E+01
   5.012929E+00   5.146986E+01
   5.013917E+00   5.145484E+01
   5.006537E+00   5.144165E+01
   4.921044E+00   5.139069E+01
   4.911727E+00   5.139296E+01
   4.913135E+00   5.139849E+01
   4.905760E+00   5.140561E+01
   4.888757E+00   5.141218E+01
   4.876084E+00   5.141217E+01
   4.867381E+00   5.140611E+01
   4.839025E+00   5.141159E+01
   4.789316E+00   5.140599E+01
   4.769536E+00   5.141241E+01
   4.763576E+00   5.143030E+01
   4.766441E+00   5.143365E+01
   4.787077E+00   5.143569E+01
   4.824689E+00   5.142610E+01
   4.820426E+00   5.144923E+01
   4.833136E+00   5.146093E+01
   4.837352E+00   5.147891E+01
   4.819916E+00   5.148033E+01
   4.814349E+00   5.149190E+01
   4.782196E+00   5.149669E+01
   4.778101E+00   5.150142E+01
   4.754141E+00   5.149710E+01
   4.748593E+00   5.148730E+01
   4.731148E+00   5.148153E+01
   4.718609E+00   5.146640E+01
   4.706865E+00   5.146444E+01
   4.694952E+00   5.144937E+01
   4.670006E+00   5.144242E+01
   4.671392E+00   5.142389E+01
   4.641470E+00   5.141902E+01
   4.574917E+00   5.142981E+01
   4.534364E+00   5.142022E+01
   4.526970E+00   5.145018E+01
   4.544128E+00   5.147294E+01
   4.537175E+00   5.147927E+01
   4.476857E+00   5.147526E+01
   4.465859E+00   5.146823E+01
   4.443222E+00   5.146573E+01
   4.393420E+00   5.144904E+01
   4.401744E+00   5.143458E+01
   4.397519E+00   5.142500E+01
   4.387858E+00   5.141998E+01
   4.393899E+00   5.141018E+01
   4.434043E+00   5.137691E+01
   4.432594E+00   5.136112E+01
   4.422241E+00   5.136214E+01
   4.384498E+00   5.135135E+01
   4.340371E+00   5.135473E+01
   4.332372E+00   5.137453E+01
   4.222024E+00   5.137104E+01
   4.244665E+00   5.135250E+01
   4.167273E+00   5.129012E+01
   4.062695E+00   5.124169E+01
   4.040278E+00   5.123833E+01
   4.014192E+00   5.124180E+01
   3.987056E+00   5.123040E+01
   3.980126E+00   5.122262E+01
   3.966785E+00   5.122128E+01
   3.959444E+00   5.121294E+01
   3.935476E+00   5.120893E+01
   3.928753E+00   5.121590E+01
   3.921538E+00   5.121408E+01
   3.919711E+00   5.120497E+01
   3.886517E+00   5.119717E+01
   3.874627E+00   5.120794E+01
   3.887993E+00   5.121951E+01
   3.859817E+00   5.120784E+01
   3.837323E+00   5.121064E+01
   3.824674E+00   5.120596E+01
   3.789446E+00   5.121154E+01
   3.785459E+00   5.122651E+01
   3.790882E+00   5.125407E+01
   3.775507E+00   5.126017E+01
   3.768807E+00   5.125690E+01
   3.753589E+00   5.126683E+01
   3.693150E+00   5.127314E+01
   3.657541E+00   5.128720E+01
   3.640011E+00   5.128518E+01
   3.589920E+00   5.130156E+01
   3.586048E+00   5.129815E+01
   3.590697E+00   5.129181E+01
   3.582435E+00   5.128398E+01
   3.562355E+00   5.129280E+01
   3.556428E+00   5.128689E+01
   3.545540E+00   5.128817E+01
   3.538944E+00   5.128078E+01
   3.519408E+00   5.128468E+01
   3.528826E+00   5.124330E+01
   3.448568E+00   5.123851E+01
   3.426458E+00   5.124184E+01
   3.420358E+00   5.125367E+01
   3.406010E+00   5.125430E+01
   3.373119E+00   5.127568E+01
   3.377565E+00   5.128580E+01
   3.363010E+00   5.129803E+01
   3.370756E+00   5.130293E+01
   3.355429E+00   5.131553E+01
   3.381920E+00   5.133537E+01
   3.380865E+00   5.133946E+01
   3.371422E+00   5.134710E+01
   3.371675E+00   5.135815E+01
   3.350258E+00   5.137673E+01
   3.306017E+00   5.143103E+01
   3.078404E+00   5.155197E+01
   2.992192E+00   5.163361E+01
   4.362889E+00   5.330506E+01
   5.530069E+00   5.401786E+01
   6.346609E+00   5.372827E+01
   6.414744E+00   5.369761E+01
   6.594984E+00   5.359519E+01
   6.821311E+00   5.349649E+01
   6.858844E+00   5.347153E+01
   6.891564E+00   5.346807E+01
   6.917659E+00   5.345981E+01
   6.934755E+00   5.343973E+01
   6.954578E+00   5.339570E+01
   6.995954E+00   5.335073E+01
   6.997671E+00   5.333402E+01
   7.006850E+00   5.332943E+01
   7.061512E+00   5.332704E+01
   7.111054E+00   5.333481E+01
   7.189534E+00   5.333448E+01
   7.220022E+00   5.321490E+01
   7.220549E+00   5.319716E+01
   7.212982E+00   5.318967E+01
   7.230455E+00   5.318079E+01
   7.205009E+00   5.317352E+01
   7.194018E+00   5.316090E+01
   7.192205E+00   5.314647E+01
   7.182299E+00   5.313582E+01
   7.188436E+00   5.312269E+01
   7.205696E+00   5.311417E+01
   7.202251E+00   5.308151E+01
   7.215711E+00   5.301248E+01
   7.220429E+00   5.300672E+01
   7.211986E+00   5.299862E+01
   7.183969E+00   5.293986E+01
   7.090966E+00   5.284905E+01
   7.095411E+00   5.283683E+01
   7.074470E+00   5.280930E+01
   7.057560E+00   5.264104E+01
   7.039568E+00   5.262971E+01
   6.975989E+00   5.264321E+01
   6.953745E+00   5.263600E+01
   6.918933E+00   5.263686E+01
   6.912264E+00   5.264401E+01
   6.872838E+00   5.265024E+01
   6.821407E+00   5.264469E+01
   6.784084E+00   5.264954E+01
   6.743337E+00   5.264256E+01
   6.717383E+00   5.262777E+01
   6.730256E+00   5.261537E+01
   6.722265E+00   5.259020E+01
   6.768056E+00   5.256619E+01
   6.769131E+00   5.255989E+01
   6.752295E+00   5.255604E+01
   6.727875E+00   5.255980E+01
   6.716428E+00   5.254553E+01
   6.687630E+00   5.254938E+01
   6.708209E+00   5.252186E+01
   6.700986E+00   5.248816E+01
   6.753652E+00   5.246699E+01
   6.774899E+00   5.246260E+01
   6.854735E+00   5.246267E+01
   6.856230E+00   5.245352E+01
   6.941407E+00   5.243853E+01
   6.959788E+00   5.244669E+01
   6.975400E+00   5.246779E+01
   6.988624E+00   5.247259E+01
   6.996353E+00   5.246722E+01
   7.013247E+00   5.243121E+01
   7.024209E+00   5.242500E+01
   7.037172E+00   5.240565E+01
   7.060917E+00   5.240146E+01
   7.075066E+00   5.237384E+01
   7.074867E+00   5.235040E+01
   7.059279E+00   5.233664E+01
   7.050042E+00   5.232263E+01
   7.050009E+00   5.231369E+01
   7.029410E+00   5.229096E+01
   7.031167E+00   5.227561E+01
   7.044544E+00   5.225833E+01
   7.068264E+00   5.224293E+01
   7.063317E+00   5.223251E+01
   7.026832E+00   5.222275E+01
   6.989159E+00   5.222325E+01
   6.953173E+00   5.217876E+01
   6.910407E+00   5.217356E+01
   6.907694E+00   5.216766E+01
   6.884791E+00   5.215500E+01
   6.875589E+00   5.212817E+01
   6.856423E+00   5.211762E+01
   6.763181E+00   5.211577E+01
   6.758851E+00   5.209534E+01
   6.748639E+00   5.209173E+01
   6.754072E+00   5.208577E+01
   6.750768E+00   5.208066E+01
   6.736213E+00   5.207173E+01
   6.699834E+00   5.206770E+01
   6.690838E+00   5.205374E+01
   6.690935E+00   5.204288E+01
   6.714943E+00   5.204295E+01
   6.753837E+00   5.203128E+01
   6.814332E+00   5.199746E+01
   6.828034E+00   5.199617E+01
   6.835752E+00   5.197306E+01
   6.830667E+00   5.196200E+01
   6.801478E+00   5.195626E+01
   6.799999E+00   5.194130E+01
   6.790685E+00   5.192721E+01
   6.771269E+00   5.191346E+01
   6.722739E+00   5.189316E+01
   6.693687E+00   5.191189E+01
   6.681975E+00   5.191416E+01
   6.634806E+00   5.189807E+01
   6.586462E+00   5.189115E+01
   6.561388E+00   5.187932E+01
   6.544918E+00   5.188131E+01
   6.505764E+00   5.186582E+01
   6.501361E+00   5.185947E+01
   6.472824E+00   5.185084E+01
   6.449746E+00   5.186238E+01
   6.431991E+00   5.185642E+01
   6.425879E+00   5.186294E+01
   6.392888E+00   5.186998E+01
   6.390379E+00   5.186480E+01
   6.411849E+00   5.185413E+01
   6.405673E+00   5.184382E+01
   6.411140E+00   5.183598E+01
   6.407495E+00   5.182503E+01
   6.380975E+00   5.183187E+01
   6.366882E+00   5.183060E+01
   6.360515E+00   5.183368E+01
   6.358099E+00   5.184371E+01
   6.346470E+00   5.184775E+01
   6.305316E+00   5.184621E+01
   6.295315E+00   5.186526E+01
   6.279113E+00   5.187118E+01
   6.262056E+00   5.186515E+01
   6.209305E+00   5.186615E+01
   6.181319E+00   5.188052E+01
   6.179351E+00   5.188717E+01
   6.185248E+00   5.188976E+01
   6.156526E+00   5.190204E+01
   6.116557E+00   5.189529E+01
   6.138796E+00   5.188830E+01
   6.147601E+00   5.187194E+01
   6.169398E+00   5.186342E+01
   6.167472E+00   5.183786E+01
   6.100394E+00   5.184609E+01
   6.064946E+00   5.186168E+01
   6.057291E+00   5.185011E+01
   6.036744E+00   5.183984E+01
   6.028512E+00   5.184175E+01
   5.994722E+00   5.182793E+01
   5.963244E+00   5.183340E+01
   5.950530E+00   5.182414E+01
   5.960760E+00   5.181841E+01
   5.957302E+00   5.181295E+01
   5.981246E+00   5.179971E+01
   5.978057E+00   5.178878E+01
   5.992548E+00   5.178532E+01
   5.987021E+00   5.177533E+01
   5.995037E+00   5.177067E+01
   5.991943E+00   5.176365E+01
   5.956302E+00   5.174809E+01
   5.956064E+00   5.174222E+01
   5.994732E+00   5.174126E+01
   6.046624E+00   5.171940E+01
   6.043521E+00   5.171075E+01
   6.029834E+00   5.170829E+01
   6.034777E+00   5.169268E+01
   6.033234E+00   5.167912E+01
   6.037929E+00   5.167553E+01
   6.119859E+00   5.165839E+01
   6.120054E+00   5.164966E+01
   6.110479E+00   5.164002E+01
   6.095011E+00   5.160750E+01
   6.123231E+00   5.159519E+01
   6.132643E+00   5.158330E+01
   6.158656E+00   5.156910E+01
   6.178861E+00   5.154098E+01
   6.201415E+00   5.152999E+01
   6.214704E+00   5.151474E+01
   6.215800E+00   5.149233E+01
   6.226676E+00   5.146874E+01
   6.209491E+00   5.140357E+01
   6.229287E+00   5.140173E+01
   6.218449E+00   5.138669E+01
   6.229390E+00   5.136029E+01
   6.194644E+00   5.133874E+01
   6.195852E+00   5.133235E+01
   6.172269E+00   5.133015E+01
   6.156020E+00   5.130540E+01
   6.131365E+00   5.128373E+01
   6.126709E+00   5.127270E+01
   6.077269E+00   5.124114E+01
   6.088301E+00   5.122072E+01
   6.071111E+00   5.121887E+01
   6.076000E+00   5.118415E+01
   6.083935E+00   5.117443E+01
   6.105466E+00   5.117517E+01
   6.165647E+00   5.119733E+01
   6.182602E+00   5.118870E+01
   6.183035E+00   5.118445E+01
   6.147734E+00   5.117298E+01
   6.177047E+00   5.116098E+01
   6.177587E+00   5.115639E+01
   6.164554E+00   5.114595E+01
   6.126782E+00   5.114171E+01
   6.093797E+00   5.113176E+01
   6.088709E+00   5.112214E+01
   6.061897E+00   5.111335E+01
   6.038192E+00   5.109400E+01
   5.999214E+00   5.108158E+01
   5.973847E+00   5.105961E+01
   5.971765E+00   5.104522E+01
   5.958617E+00   5.103185E+01
   5.936460E+00   5.103263E+01
   5.913405E+00   5.106338E+01
   5.893022E+00   5.105031E+01
   5.869790E+00   5.104862E+01
   5.880831E+00   5.103865E+01
   5.878007E+00   5.102840E+01
   5.881900E+00   5.101923E+01
   5.897435E+00   5.101349E+01
   5.898569E+00   5.100687E+01
   5.908300E+00   5.100329E+01
   5.906599E+00   5.098633E+01
   5.899490E+00   5.097778E+01
   5.955096E+00   5.099142E+01
   5.967899E+00   5.098238E+01
   5.981279E+00   5.098622E+01
   6.027451E+00   5.098612E+01
   6.029409E+00   5.097982E+01
   6.012523E+00   5.095730E+01
   6.019548E+00   5.095396E+01
   6.020674E+00   5.093729E+01
   6.051754E+00   5.093277E+01
   6.058370E+00   5.092471E+01
   6.097096E+00   5.092128E+01
   6.080364E+00   5.089836E+01
   6.079201E+00   5.089081E+01
   6.089250E+00   5.088100E+01
   6.091101E+00   5.087233E+01
   6.079903E+00   5.085881E+01
   6.076394E+00   5.084452E+01
   6.055450E+00   5.084833E+01
   6.053880E+00   5.085307E+01
   6.021010E+00   5.084336E+01
   6.019818E+00   5.083384E+01
   6.028167E+00   5.082860E+01
   6.027036E+00   5.081190E+01
   6.004115E+00   5.079850E+01
   5.985312E+00   5.080730E+01
   5.978653E+00   5.080110E+01
   6.029923E+00   5.077613E+01
   6.021710E+00   5.076260E+01
   6.023293E+00   5.075234E+01
   5.982748E+00   5.074985E+01
   5.958986E+00   5.075926E+01
   5.920645E+00   5.074848E+01
END
END
