none
1
   -5.663638E+01   -2.751975E+01
   -5.666697E+01   -2.763088E+01
   -5.684236E+01   -2.765675E+01
   -5.703238E+01   -2.754449E+01
   -5.751436E+01   -2.749793E+01
   -5.793981E+01   -2.732423E+01
   -5.864170E+01   -2.733667E+01
   -5.870893E+01   -2.712241E+01
   -5.831926E+01   -2.670532E+01
   -5.820707E+01   -2.615483E+01
   -5.794950E+01   -2.598385E+01
   -5.786612E+01   -2.571662E+01
   -5.763683E+01   -2.551427E+01
   -5.782030E+01   -2.520881E+01
   -5.823805E+01   -2.500575E+01
   -5.835778E+01   -2.504852E+01
   -5.851037E+01   -2.491394E+01
   -5.915526E+01   -2.466704E+01
   -6.002437E+01   -2.408705E+01
   -6.032388E+01   -2.409259E+01
   -6.102214E+01   -2.386301E+01
   -6.116568E+01   -2.364232E+01
   -6.152050E+01   -2.346726E+01
   -6.201161E+01   -2.307015E+01
   -6.231484E+01   -2.257240E+01
   -6.267604E+01   -2.233382E+01
   -6.269475E+01   -2.221539E+01
   -6.232279E+01   -2.105592E+01
   -6.232016E+01   -2.054603E+01
   -6.198450E+01   -2.007518E+01
   -6.176619E+01   -1.958822E+01
   -5.999721E+01   -1.924012E+01
   -5.901897E+01   -1.924958E+01
   -5.811153E+01   -1.981481E+01
   -5.814140E+01   -1.991933E+01
   -5.803486E+01   -2.032978E+01
   -5.794891E+01   -2.041691E+01
   -5.794091E+01   -2.059021E+01
   -5.782285E+01   -2.069440E+01
   -5.776251E+01   -2.094605E+01
   -5.780106E+01   -2.134787E+01
   -5.789337E+01   -2.153068E+01
   -5.782878E+01   -2.168285E+01
   -5.791372E+01   -2.203567E+01
   -5.760502E+01   -2.203982E+01
   -5.734060E+01   -2.216801E+01
   -5.684217E+01   -2.220836E+01
   -5.665106E+01   -2.217681E+01
   -5.652916E+01   -2.204557E+01
   -5.639033E+01   -2.201966E+01
   -5.617748E+01   -2.221584E+01
   -5.582388E+01   -2.223269E+01
   -5.556248E+01   -2.263364E+01
   -5.559991E+01   -2.286058E+01
   -5.547053E+01   -2.318636E+01
   -5.548745E+01   -2.349815E+01
   -5.536217E+01   -2.391182E+01
   -5.504817E+01   -2.391736E+01
   -5.466788E+01   -2.375817E+01
   -5.427459E+01   -2.397687E+01
   -5.420176E+01   -2.436402E+01
   -5.438012E+01   -2.497198E+01
   -5.437772E+01   -2.518595E+01
   -5.454543E+01   -2.546684E+01
   -5.456486E+01   -2.621692E+01
   -5.474862E+01   -2.667748E+01
   -5.508011E+01   -2.689488E+01
   -5.511966E+01   -2.700300E+01
   -5.538416E+01   -2.704592E+01
   -5.552713E+01   -2.720432E+01
   -5.554991E+01   -2.736220E+01
   -5.570967E+01   -2.748988E+01
   -5.612083E+01   -2.736713E+01
   -5.639157E+01   -2.761574E+01
   -5.663638E+01   -2.751975E+01
END
END
