Рязанская область
1
	40.3513870239	55.5204100602
	40.3631507189	55.5200249567
	40.3748640399	55.5188712952
	40.3768970751	55.5185918331
	40.3846714281	55.5174779415
	40.3942511818	55.5158401244
	40.4057137107	55.5131674375
	40.4169768954	55.5097507878
	40.4279925051	55.5056048059
	40.4387133694	55.5007472455
	40.4485852258	55.4954706283
	40.4505157804	55.4961475774
	40.4596797248	55.4989880996
	40.4755107185	55.5034360366
	40.4776099587	55.5040121641
	40.4890724876	55.506684851
	40.5006852765	55.5086021302
	40.5123985975	55.5097557916
	40.5152787539	55.5099213813
	40.5263871523	55.5104706977
	40.5281366408	55.5104566669
	40.5352706909	55.5106902115
	40.5470343859	55.510305108
	40.5587477069	55.5091514466
	40.5703604958	55.5072341674
	40.5818230247	55.5045614805
	40.5930862094	55.5011448308
	40.6020074279	55.4978509907
	40.6089578063	55.4950738911
	40.6110521975	55.4942217493
	40.6217730618	55.4893641888
	40.6321532723	55.4838158508
	40.6369004203	55.4809768755
	40.6427292777	55.4773681718
	40.6479772366	55.4739917902
	40.6575444395	55.4671360296
	40.66664277	55.4596692227
	40.6752332678	55.4516233435
	40.683279147	55.4430328457
	40.6907459539	55.4339345152
	40.6909659377	55.4336472289
	40.6945746413	55.4289246337
	40.7012104182	55.4196447171
	40.7074257751	55.4096496102
	40.7129741132	55.3992693997
	40.7154731952	55.3937538081
	40.7198576312	55.3933219788
	40.7213252514	55.3931226123
	40.7243957853	55.3941959783
	40.7356589699	55.397612628
	40.7471214989	55.4002853149
	40.7587342877	55.4022025941
	40.7704476087	55.4033562555
	40.7774957651	55.4035869882
	40.7791086977	55.4049106878
	40.7886759006	55.4117664485
	40.7986710075	55.4179818054
	40.809051218	55.4235301434
	40.8197720823	55.4283877038
	40.830787692	55.4325336858
	40.8420508767	55.4359503355
	40.8532668416	55.4385737986
	40.8616057698	55.440244636
	40.8618523338	55.4402938598
	40.8734651227	55.442211139
	40.8851784437	55.4433648004
	40.8969421387	55.4437499039
	40.9091567993	55.4437499039
	40.9209204943	55.4433648004
	40.9209328193	55.4433639922
	40.9721204579	55.4400054469
	40.9924705292	55.4395365216
	41.0000907213	55.439199151
	41.0118040424	55.4380454896
	41.0234168312	55.4361282104
	41.0346416472	55.4335190442
	41.042972946	55.4312988904
	41.043210659	55.4312353697
	41.0544738436	55.42781872
	41.0654894534	55.423672738
	41.0762103177	55.4188151776
	41.0865905281	55.4132668395
	41.0965856351	55.4070514826
	41.1061528379	55.400195722
	41.1152511685	55.3927289151
	41.1190907353	55.3891475275
	41.1198426477	55.3894316253
	41.127060055	55.3919264374
	41.1280060148	55.3922504827
	41.1392691994	55.3956671324
	41.1507317283	55.3983398193
	41.1623445172	55.4002570985
	41.1740578382	55.4014107599
	41.1765871771	55.401558658
	41.1874209174	55.4021156038
	41.1966552734	55.4023528092
	41.2084189684	55.4019677057
	41.2141298171	55.4015019358
	41.3194078323	55.3912251414
	41.3254103046	55.3905372498
	41.3370230934	55.3886199706
	41.3482083415	55.3860213439
	41.3565472698	55.38380119
	41.3568245506	55.3837271299
	41.3680877352	55.3803104802
	41.379103345	55.3761644983
	41.3898242093	55.3713069379
	41.4002044197	55.3657585998
	41.4101995267	55.3595432429
	41.4197667295	55.3526874823
	41.4288650601	55.3452206754
	41.4354130297	55.3391850364
	41.4359631798	55.3389520795
	41.4431831296	55.3356465389
	41.4487892845	55.3369537109
	41.4604020733	55.3388709901
	41.4721153944	55.3400246515
	41.4838790894	55.340409755
	41.4958267212	55.340409755
	41.5075904162	55.3400246515
	41.5193037372	55.3388709901
	41.527088598	55.3376721386
	41.5459789789	55.3343380932
	41.5498069069	55.3336196654
	41.5610317229	55.3310104993
	41.567740455	55.3292227328
	41.5759223244	55.327790808
	41.5871471403	55.3251816419
	41.5880234347	55.3249481239
	41.5907457288	55.3244676544
	41.6034469449	55.3234749469
	41.6129087787	55.3224830506
	41.6245215676	55.3205657714
	41.6278030238	55.3198812009
	41.6455871425	55.3159978391
	41.6537682151	55.3140097227
	41.6650313998	55.310593073
	41.6760470095	55.3064470911
	41.6802647414	55.3046366608
	41.6889561383	55.3056326922
	41.6976708143	55.3064171686
	41.7094345093	55.3068022721
	41.7211982043	55.3064171686
	41.7248769564	55.3061381322
	41.7571035189	55.3033610326
	41.7651380878	55.3024864075
	41.7666751275	55.3022773057
	41.7899254319	55.2990121154
	41.7953580517	55.2986478592
	41.8068022113	55.2975120423
	41.8184150002	55.2955947631
	41.8298775291	55.2929220762
	41.8411407138	55.2895054265
	41.8521563235	55.2853594446
	41.8628771878	55.2805018842
	41.8732573982	55.2749535461
	41.8832525052	55.2687381892
	41.8928197081	55.2618824286
	41.9011362125	55.2550572497
	41.9073803651	55.2575539962
	41.9163437223	55.2608646794
	41.927606907	55.2642813291
	41.9390694359	55.266954016
	41.9506822247	55.2688712952
	41.9623955457	55.2700249567
	41.9741592407	55.2704100602
	41.9809990242	55.2702799634
	41.9882164314	55.2700053052
	41.9931403429	55.2697502985
	42.004853664	55.268596637
	42.0164664528	55.2666793578
	42.0279289817	55.2640066709
	42.0391921664	55.2605900212
	42.0502077761	55.2564440393
	42.0510399219	55.2560969071
	42.0649330494	55.2502604203
	42.0748217679	55.2457499921
	42.0852019783	55.240201654
	42.0951970853	55.2339862971
	42.1047642881	55.2271305365
	42.1138626187	55.2196637296
	42.1224531165	55.2116178504
	42.1304989957	55.2030273526
	42.1379658026	55.193929022
	42.1448215632	55.1843618192
	42.1510369201	55.1743667122
	42.1539333507	55.1691521247
	42.1561535045	55.1649941047
	42.158805412	55.1598284817
	42.1636629724	55.1491076175
	42.1665577376	55.1414164107
	42.1673886203	55.1418605267
	42.1730383079	55.1445256947
	42.1927602928	55.1534139393
	42.1978314695	55.1556063318
	42.2088470792	55.1597523137
	42.2097324108	55.1600502816
	42.2172321056	55.162552723
	42.2276099587	55.1656714048
	42.2390724876	55.1683440917
	42.2506852765	55.1702613709
	42.2623985975	55.1714150323
	42.2741622925	55.1718001358
	42.2821950623	55.171620674
	42.2928794289	55.1748419371
	42.3043419578	55.1775146239
	42.3159547467	55.1794319031
	42.3189692453	55.1798029042
	42.3286967233	55.1809167958
	42.3373955457	55.1816994562
	42.3491592407	55.1820845597
	42.3569037264	55.1819177538
	42.3636279538	55.1816279576
	42.3638458585	55.1817020818
	42.3751090432	55.1851187315
	42.3865715721	55.1877914184
	42.3947123351	55.1892171187
	42.4130381407	55.1919942183
	42.4165101666	55.1924857972
	42.4282234876	55.1936394586
	42.4399871826	55.1940245621
	42.4517508776	55.1936394586
	42.4634641986	55.1924857972
	42.4711796759	55.1912991775
	42.4806248663	55.1896359695
	42.4845221779	55.18890531
	42.4959847068	55.1862326231
	42.4985738379	55.1855181057
	42.5230184179	55.1785753567
	42.5316924716	55.1758732244
	42.5427080813	55.1717272424
	42.5534289456	55.166869682
	42.5638091561	55.1613213439
	42.5702178276	55.1574411322
	42.5816085136	55.1502160956
	42.585194949	55.1478809504
	42.5947621519	55.1410251898
	42.6038604824	55.1335583829
	42.6124509802	55.1255125037
	42.6204968594	55.1169220059
	42.6279636663	55.1078236753
	42.634819427	55.0982564725
	42.6410347839	55.0882613655
	42.6465831219	55.0778811551
	42.6482881734	55.0743259382
	42.650233669	55.0701526594
	42.653386178	55.062987012
	42.6575321599	55.0519714022
	42.6609488096	55.0407082176
	42.6636214965	55.0292456886
	42.6655387757	55.0176328998
	42.6666924371	55.0059195788
	42.6670775406	54.9941558838
	42.6666924371	54.9823921888
	42.6655387757	54.9706788678
	42.6636214965	54.9590660789
	42.6609488096	54.94760355
	42.6575321599	54.9363403653
	42.6575321459	54.936340324
	42.6583535089	54.9273062975
	42.6586906589	54.9196956667
	42.6589729465	54.9074733766
	42.6586902915	54.8941293126
	42.6600821755	54.8938995116
	42.6715447044	54.8912268248
	42.6828078891	54.887810175
	42.6938234988	54.8836641931
	42.7045443631	54.8788066327
	42.7149245735	54.8732582946
	42.7249196805	54.8670429377
	42.7344868833	54.8601871771
	42.7435852139	54.8527203702
	42.7521757117	54.844674491
	42.7602215909	54.8360839932
	42.7676883978	54.8269856626
	42.7745441584	54.8174184598
	42.7764815746	54.8144562238
	42.7987060009	54.7797348493
	42.8029839416	54.7727019783
	42.8085322797	54.7623217679
	42.8133898401	54.7516009036
	42.817535822	54.7405852938
	42.8209524717	54.7293221092
	42.8213195626	54.7277477421
	42.8230070105	54.7260602942
	42.8310528897	54.7174697964
	42.8385196966	54.7083714659
	42.8453754572	54.698804263
	42.8468913589	54.696497431
	42.8499431167	54.6917748358
	42.854642572	54.6840865608
	42.86019091	54.6737063504
	42.8650484704	54.6629854861
	42.8691944524	54.6519698764
	42.8702969825	54.6486140209
	42.8739133155	54.6372309643
	42.8762274351	54.629323635
	42.878900122	54.6178611061
	42.8808174012	54.6062483173
	42.8819710626	54.5945349963
	42.8823561661	54.5827713013
	42.8819710626	54.5710076063
	42.8808174012	54.5592942853
	42.878900122	54.5476814964
	42.8762274351	54.5362189675
	42.8728107854	54.5249557828
	42.8686648035	54.5139401731
	42.863807243	54.5032193088
	42.858258905	54.4928390983
	42.8520435481	54.4828439914
	42.8451877874	54.4732767885
	42.8377209805	54.464178458
	42.8296751013	54.4555879602
	42.8278039526	54.4538107472
	42.826973383	54.4510727262
	42.8228274011	54.4400571164
	42.8179698407	54.4293362521
	42.8141882711	54.4222614329
	42.8158225892	54.4123625141
	42.8169762506	54.400649193
	42.8173613541	54.388885498
	42.8169762506	54.3771218031
	42.8167866572	54.3745187047
	42.8162297114	54.3675683263
	42.8152656434	54.3584581036
	42.8133483642	54.3468453148
	42.8106756773	54.3353827859
	42.8072590276	54.3241196012
	42.8031130456	54.3131039914
	42.7982554852	54.3023831271
	42.7927071472	54.2920029167
	42.7925634484	54.2917544811
	42.7895040612	54.2864749401
	42.783432403	54.2767282687
	42.7765766424	54.2671610659
	42.7691098355	54.2580627353
	42.7682262268	54.2571193159
	42.7722553655	54.2464141513
	42.7756720152	54.2351509666
	42.7783447021	54.2236884377
	42.7802619813	54.2120756488
	42.7810565642	54.2049433532
	42.78161351	54.1988398376
	42.7819725885	54.1942588122
	42.782357692	54.1824951172
	42.7819725885	54.1707314222
	42.7808189271	54.1590181012
	42.7789016479	54.1474053123
	42.776228961	54.1359427834
	42.7728123113	54.1246795987
	42.7686663293	54.113663989
	42.7638087689	54.1029431247
	42.7582604308	54.0925629143
	42.7520450739	54.0825678073
	42.7451893133	54.0730006044
	42.7413101618	54.0681225702
	42.7408276459	54.0675369282
	42.7390051451	54.0601066018
	42.7355884953	54.0488434171
	42.7314425134	54.0378278074
	42.726584953	54.0271069431
	42.7261450855	54.0262211279
	42.7233679859	54.0206669287
	42.7182595153	54.0111725334
	42.7120441584	54.0011774265
	42.7051883978	53.9916102236
	42.6977215909	53.982511893
	42.6896757117	53.9739213953
	42.6810852139	53.9658755161
	42.6733099413	53.9594337424
	42.6580358934	53.9474861106
	42.6567128355	53.9464610773
	42.6471456326	53.9396053167
	42.6438947085	53.9375837622
	42.6438712952	53.9373460431
	42.641954016	53.9257332542
	42.6392813291	53.9142707253
	42.6390973018	53.9135892774
	42.6374340938	53.9074781323
	42.6342014714	53.8968963956
	42.6300554895	53.8858807859
	42.6251979291	53.8751599216
	42.619649591	53.8647797111
	42.6134342341	53.8547846042
	42.6065784735	53.8452174013
	42.6026085124	53.8402292382
	42.5987175212	53.8355142723
	42.5952206754	53.831404105
	42.5871747962	53.8228136072
	42.5785842984	53.814767728
	42.5694859678	53.8073009211
	42.559918765	53.8004451604
	42.549923658	53.7942298035
	42.5395434476	53.7886814655
	42.5288225833	53.783823905
	42.5190736568	53.7801131705
	42.5118562496	53.7776030997
	42.5105895663	53.7771678523
	42.4993263816	53.7737512026
	42.488024321	53.7711105107
	42.487716184	53.771048927
	42.4843123922	53.7662113125
	42.4799076361	53.7602183169
	42.4724408292	53.7511199863
	42.46439495	53.7425294885
	42.4558044522	53.7344836093
	42.4518639059	53.7311269166
	42.4505094519	53.7297578821
	42.4419189541	53.7217120029
	42.4338271598	53.7150232092
	42.4288299064	53.711132218
	42.4278233702	53.7103542047
	42.4182561673	53.7034984441
	42.4082610604	53.6972830872
	42.4023898247	53.694037785
	42.3918688896	53.6884759564
	42.3873599148	53.6861729205
	42.3766390506	53.6813153601
	42.3656234408	53.6771693782
	42.3543602561	53.6737527285
	42.3509085046	53.6728643949
	42.3239233361	53.6662039335
	42.3159125588	53.6644195802
	42.3042997699	53.662502301
	42.3024193914	53.6622648165
	42.2981436989	53.661360193
	42.2865309101	53.6594429138
	42.2862086265	53.6594007805
	42.2794914452	53.6585287927
	42.2764895535	53.6570133746
	42.2657686892	53.6521558142
	42.2547530795	53.6480098323
	42.2434898948	53.6445931826
	42.2378030148	53.6431683048
	42.2294640865	53.6412228092
	42.2236884377	53.6399750001
	42.2120756488	53.6380577209
	42.2003623278	53.6369040595
	42.1980793622	53.6367689964
	42.1875279095	53.6362120506
	42.1828308194	53.6360256338
	42.1799677462	53.6350339886
	42.1789168978	53.6346736506
	42.1676537132	53.6312570009
	42.1561911843	53.628584314
	42.1445783954	53.6266670348
	42.1421839854	53.6263681304
	42.1327464244	53.6252542388
	42.1234275133	53.6243994818
	42.1116638184	53.6240143783
	42.0999001234	53.6243994818
	42.0995109371	53.6244254143
	42.0667274288	53.6266455681
	42.055403294	53.6277732971
	42.0466987065	53.6291369396
	42.0283652715	53.632470985
	42.0254570701	53.6330246217
	42.0139945412	53.6356973085
	42.0126981708	53.6360498643
	41.9930761935	53.64146496
	41.9368819123	53.6404398663
	41.9336013794	53.6404099472
	41.9323448208	53.6404143365
	41.8579941667	53.6409337735
	41.852796652	53.6406596272
	41.8433227539	53.6404099472
	41.8375288255	53.6405032906
	41.784045171	53.6422270411
	41.7805989439	53.6395152765
	41.771031741	53.6326595159
	41.7610366341	53.626444159
	41.7572466959	53.624316672
	41.7511355509	53.6209826266
	41.7445452786	53.6175617755
	41.7338244143	53.6127042151
	41.7228088046	53.6085582332
	41.7115456199	53.6051415835
	41.700083091	53.6024688966
	41.6884703021	53.6005516174
	41.6767569811	53.5993979559
	41.6743377575	53.5992557525
	41.6637786755	53.5987064361
	41.6544342041	53.598463536
	41.6426705091	53.5988486395
	41.6309571881	53.600002301
	41.6193443992	53.6019195802
	41.6078818703	53.604592267
	41.6066083093	53.6049385296
	41.5985592981	53.6071586834
	41.5885696744	53.6102290706
	41.5864160466	53.6109753798
	41.5858611727	53.6107860164
	41.5745979881	53.6073693667
	41.5689465963	53.6059527722
	41.5606152975	53.6040072766
	41.5548041603	53.6027511842
	41.5431913715	53.600833905
	41.5332284316	53.599852641
	41.5341125228	53.5932249922
	41.5341529725	53.592919765
	41.5353066339	53.581206444
	41.5356917374	53.569442749
	41.5353066339	53.557679054
	41.5341529725	53.545965733
	41.5327689925	53.5371495124
	41.5316505311	53.5259614605
	41.5297332519	53.5143486717
	41.5287187326	53.5095861928
	41.5273301828	53.5034750477
	41.5256720152	53.4967749978
	41.5222553655	53.4855118131
	41.5181093835	53.4744962033
	41.5132518231	53.4637753391
	41.507703485	53.4533951286
	41.5014881281	53.4434000217
	41.4946323675	53.4338328188
	41.4871655606	53.4247344883
	41.4810996801	53.4181553053
	41.4724860937	53.4092670607
	41.470506095	53.4072557458
	41.4619155972	53.3992098666
	41.4528172666	53.3917430597
	41.4432500638	53.3848872991
	41.4332549568	53.3786719422
	41.4228747464	53.3731236041
	41.4121538821	53.3682660437
	41.4022446726	53.3644996507
	41.3950272654	53.3619972093
	41.3939208651	53.3616176204
	41.3826576805	53.3582009707
	41.3776554839	53.3569372438
	41.3735811011	53.3559698624
	41.3685928433	53.3514269687
	41.3650634523	53.3484114551
	41.3600585695	53.3442458057
	41.3544896299	53.3397945124
	41.3449224271	53.3329387517
	41.3349273201	53.3267233948
	41.3245471097	53.3211750568
	41.3173200345	53.317808085
	41.3132871619	53.3136430749
	41.3046966641	53.3055971957
	41.3013952646	53.3027717621
	41.2963980112	53.2985984833
	41.2906010801	53.29395711
	41.2810338773	53.2871013494
	41.2710387703	53.2808859925
	41.2701682597	53.2803866358
	41.2643317729	53.2770602198
	41.2548220731	53.2720112384
	41.2441012088	53.267153678
	41.2341919993	53.2633872849
	41.226974592	53.2608848435
	41.2258681918	53.2605052547
	41.2146050071	53.2570886049
	41.2031424782	53.254415918
	41.1941929187	53.2528695325
	41.1847400989	53.2514809827
	41.1820768695	53.251110089
	41.1703635485	53.2499564276
	41.1585998535	53.2495713241
	41.1542548453	53.2496238132
	41.1312064444	53.250180759
	41.1237877577	53.2505133734
	41.1120744366	53.2516670348
	41.1059579919	53.2525795095
	41.0953704348	53.2543455704
	41.0926557575	53.2545575625
	41.0831819195	53.2555503967
	41.0715691307	53.2574676759
	41.0683873678	53.2581305068
	41.0382668451	53.2646897611
	41.0242853234	53.2670219533
	41.0187889793	53.2680267579
	41.0073264504	53.2706994448
	40.9960632657	53.2741160945
	40.985047656	53.2782620764
	40.9814343733	53.2798051958
	40.9744992536	53.2828569536
	40.9673916721	53.2861713947
	40.9570114616	53.2917197327
	40.9470163547	53.2979350896
	40.9374491518	53.3047908503
	40.9322018185	53.3090972254
	40.9209877586	53.3056954775
	40.9095252297	53.3030227906
	40.8979124408	53.3011055114
	40.8861991198	53.29995185
	40.8839161541	53.2998167869
	40.8733647015	53.2992598411
	40.8521202772	53.2993949042
	40.8496333308	53.299575228
	40.8390742488	53.3004144614
	40.8298478741	53.301387799
	40.8263977657	53.3018760579
	40.8172272335	53.3032646077
	40.8090645531	53.304693628
	40.7976020241	53.3073663149
	40.7962731953	53.3077278315
	40.7801675434	53.3121757685
	40.7702331876	53.3152309016
	40.7592175779	53.3193768836
	40.7484967136	53.324234444
	40.7381165031	53.329782782
	40.7300538306	53.3347248331
	40.7244996314	53.3383335367
	40.722567197	53.3396068426
	40.7129999941	53.3464626032
	40.7123860437	53.3469358093
	40.7087100125	53.3450703204
	40.6979891482	53.34021276
	40.6869735385	53.3360667781
	40.6757103538	53.3326501284
	40.6642478249	53.3299774415
	40.652635036	53.3280601623
	40.640921715	53.3269065009
	40.630880696	53.3265296471
	40.626866702	53.3237682195
	40.623758674	53.3217375837
	40.6160329617	53.3162761541
	40.6141175269	53.3150138947
	40.6074530621	53.310682755
	40.6042073423	53.3081325251
	40.5946401395	53.3012767644
	40.5846450325	53.2950614075
	40.5824455392	53.2938120685
	40.5704979074	53.2871363483
	40.5675859686	53.285606113
	40.5621372503	53.2780024355
	40.5563810818	53.2708835716
	40.5538096844	53.2654415988
	40.5482613464	53.2550613884
	40.5420459895	53.2450662814
	40.5351902288	53.2354990786
	40.5277234219	53.226400748
	40.5196775427	53.2178102502
	40.5145506403	53.21288216
	40.5109419367	53.2095481146
	40.5074783413	53.2064303256
	40.4983800108	53.1989635187
	40.4888128079	53.1921077581
	40.478817701	53.1858924012
	40.4684374905	53.1803440631
	40.4577166262	53.1754865027
	40.455622235	53.1746343609
	40.4486718566	53.1718572612
	40.4397506381	53.1685634212
	40.4284874534	53.1651467714
	40.4170249245	53.1624740846
	40.4054121356	53.1605568054
	40.3936988146	53.1594031439
	40.3819351196	53.1590180404
	40.3777014214	53.1590678743
	40.3660360772	53.1593425325
	40.3585060804	53.1596778021
	40.3479777431	53.1606794594
	40.3190852261	53.164288163
	40.3179002423	53.1644401672
	40.3062874534	53.1663574464
	40.3043940885	53.1667446456
	40.2925339869	53.1692365287
	40.2909186623	53.1688598878
	40.2793058734	53.1669426086
	40.2742962887	53.1663544198
	40.2662396481	53.1655228158
	40.2607880391	53.1650438004
	40.2589187289	53.1643977717
	40.2579813297	53.1640824391
	40.2521448429	53.1621369435
	40.2418190574	53.1590356264
	40.2303565285	53.1563629395
	40.2187437396	53.1544456603
	40.2070304186	53.1532919989
	40.1952667236	53.1529068954
	40.1835030287	53.1532919989
	40.1717897076	53.1544456603
	40.1683176818	53.1549372392
	40.1591547789	53.156325789
	40.1510140159	53.1577514893
	40.139551487	53.1604241762
	40.1331688643	53.1622613494
	40.1074272872	53.1701882903
	40.1025467252	53.1717677669
	40.0915311155	53.1759137488
	40.0808102512	53.1807713092
	40.0737608487	53.1844435146
	40.0533342788	53.1922428176
	40.0486615476	53.1941022254
	40.0379406833	53.1989597858
	40.0317650607	53.2022607248
	40.0272889752	53.2027015807
	40.0176083377	53.2042455074
	40.002395325	53.2070989009
	40.0004631737	53.2074722535
	39.9901061424	53.2098524865
	39.9709411033	53.2148573693
	39.9698356057	53.2151498232
	39.9668012315	53.2159914181
	39.9367948228	53.2245973751
	39.9301218966	53.2266521795
	39.9198158775	53.230046088
	39.8960807287	53.2341797375
	39.8918511131	53.2349685914
	39.8803885842	53.2376412783
	39.8795910325	53.2378569461
	39.8612499681	53.2428618289
	39.8507843351	53.2460628108
	39.8397687253	53.2502087927
	39.829047861	53.2550663531
	39.8186676506	53.2606146912
	39.8086725436	53.2668300481
	39.7991053408	53.2736858087
	39.7989054645	53.2738394019
	39.7952967609	53.2766165015
	39.7863983066	53.2839297153
	39.7778078088	53.2919755945
	39.7697619296	53.3005660923
	39.7622951227	53.3096644228
	39.7554393621	53.3192316257
	39.7492240052	53.3292267326
	39.7471341388	53.3329477499
	39.7454633014	53.3360071371
	39.7420048297	53.3426663303
	39.7371472693	53.3533871946
	39.7330012874	53.3644028043
	39.7295846376	53.375665989
	39.7269487519	53.3869440106
	39.725619929	53.3935881251
	39.7250594932	53.3937806737
	39.7150138312	53.3968110129
	39.7144698764	53.3966212825
	39.7032066917	53.3932046328
	39.6980939862	53.3919147046
	39.6916489499	53.390388757
	39.6871409833	53.3804394626
	39.6867011158	53.3795536474
	39.684480962	53.3751133398
	39.6793724914	53.3656189445
	39.6731571345	53.3556238376
	39.6663013739	53.3460566347
	39.658834567	53.3369583042
	39.6561301795	53.3339436922
	39.6530707923	53.3306096468
	39.6477293006	53.325033761
	39.6391388028	53.3169878818
	39.6300404722	53.3095210749
	39.6241179027	53.3051658965
	39.6091261425	53.2946068144
	39.6054815091	53.2921062322
	39.5954864021	53.2858908753
	39.5874348594	53.2815119555
	39.5749302818	53.2751185229
	39.5726016141	53.2739491046
	39.5618807498	53.2690915442
	39.55086514	53.2649455623
	39.5488432235	53.2642725453
	39.5343931503	53.2595575794
	39.5251518821	53.2568139467
	39.5136893532	53.2541412598
	39.5134320862	53.2540902812
	39.5014605983	53.2517271459
	39.4985491458	53.2504910803
	39.487533536	53.2463450984
	39.4779598652	53.2433899805
	39.4679577289	53.2406052515
	39.4662682151	53.2401437197
	39.4548056862	53.2374710328
	39.4431928974	53.2355537536
	39.4316865151	53.2344137755
	39.4084284685	53.2328624279
	39.4017069908	53.2319670514
	39.389459504	53.2280098666
	39.3807121848	53.2254266176
	39.3692496559	53.2227539307
	39.3576368671	53.2208366515
	39.3459235461	53.2196829901
	39.3341598511	53.2192978866
	39.3223961561	53.2196829901
	39.3197773709	53.2198738412
	39.3128346219	53.220430787
	39.311342998	53.2205566939
	39.3059898948	53.219033185
	39.2945273659	53.2163604981
	39.2905587805	53.2156173027
	39.2798318518	53.2137328423
	39.2723355694	53.2125782951
	39.2613950177	53.2111287101
	39.2612470966	53.2111091735
	39.2495337755	53.2099555121
	39.2377700806	53.2095704086
	39.2309218424	53.2097008273
	39.2284905052	53.2090310488
	39.2170279762	53.2063583619
	39.2054151874	53.2044410827
	39.1937018664	53.2032874213
	39.1819381714	53.2029023178
	39.1701744764	53.2032874213
	39.1584611554	53.2044410827
	39.1468483665	53.2063583619
	39.1353858376	53.2090310488
	39.1241226529	53.2124476985
	39.1131070432	53.2165936804
	39.1034449737	53.2209334069
	39.0942744414	53.2253813439
	39.0932156467	53.2258991779
	39.0828354362	53.2314475159
	39.0780607528	53.2343035421
	39.0663954086	53.2415285787
	39.061174985	53.2448879095
	39.0516077822	53.2517436701
	39.0425094516	53.259210477
	39.0339189538	53.2672563562
	39.0258730746	53.275846854
	39.0184062677	53.2849451845
	39.0127478403	53.2927432849
	39.0101097819	53.2965916774
	39.0075396396	53.2994598301
	39.0072418709	53.2998002325
	39.0050264368	53.3019777307
	38.9987414203	53.3085899225
	38.9909670673	53.3171958796
	38.9892062045	53.3191741855
	38.9869586354	53.3217871302
	38.9839235315	53.3247514734
	38.9806985763	53.3280603588
	38.9701394943	53.3391763866
	38.9653185703	53.344457999
	38.9578517633	53.3535563295
	38.9529952383	53.3601943947
	38.9476971777	53.3675283262
	38.9389581471	53.3802897763
	38.9354992998	53.3811262303
	38.9326923676	53.3817611183
	38.9245303164	53.3828694786
	38.9133467101	53.3833522873
	38.9093407362	53.383570014
	38.904834702	53.3839222654
	38.8792151951	53.3862492307
	38.8720079083	53.3870506408
	38.8603951195	53.38896792
	38.8489325905	53.3916406069
	38.8376694059	53.3950572566
	38.8266537961	53.3992032385
	38.8159329318	53.404060799
	38.8055527214	53.409609137
	38.8031896825	53.4109975499
	38.799642014	53.4131185216
	38.792009946	53.4179454656
	38.7824427431	53.4248012262
	38.7733444126	53.4322680331
	38.7647539148	53.4403139123
	38.7567080356	53.4489044101
	38.7492412287	53.4580027407
	38.7423854681	53.4675699435
	38.7361701111	53.4775650505
	38.7324959818	53.4842525261
	38.7291619364	53.4906383293
	38.7272877277	53.4943310642
	38.7224301672	53.5050519284
	38.7182841853	53.5160675382
	38.7164775089	53.5216916074
	38.7137752386	53.5256220065
	38.7075598817	53.5356171135
	38.7020115436	53.5459973239
	38.6971539832	53.5567181882
	38.6930080012	53.567733798
	38.6895913515	53.5789969826
	38.6869186646	53.5904595115
	38.6850013854	53.6020723004
	38.683847724	53.6137856214
	38.6834626205	53.6255493164
	38.6837240003	53.6335336418
	38.6753068933	53.6414171228
	38.668688463	53.648399422
	38.666193651	53.6511765216
	38.6647662021	53.6527847202
	38.6572993952	53.6618830507
	38.6504436346	53.6714502536
	38.6442282777	53.6814453605
	38.6386799396	53.691825571
	38.6338223792	53.7025464353
	38.6296763972	53.713562045
	38.6262597475	53.7248252297
	38.6254778519	53.7278480093
	38.6246462479	53.7311820547
	38.6227554566	53.739621804
	38.6208381774	53.7512345929
	38.619684516	53.7629479139
	38.6192994125	53.7747116089
	38.619684516	53.7864753039
	38.6198723142	53.7890559819
	38.6180610778	53.8001313824
	38.6169074164	53.8118447035
	38.6165223129	53.8236083984
	38.6165522513	53.8268899876
	38.6157580032	53.8300742666
	38.613867212	53.8385140159
	38.6119499328	53.8501268048
	38.6117004531	53.8526598144
	38.6052195376	53.8573039728
	38.596121207	53.8647707797
	38.5875307092	53.8728166589
	38.57948483	53.8814071567
	38.5720180231	53.8905054873
	38.5651622625	53.9000726901
	38.5630474913	53.9033125686
	38.5611019957	53.9063643265
	38.55700141	53.9131195549
	38.5518193459	53.9227613058
	38.5501561379	53.9260953512
	38.5497898639	53.9268338107
	38.5449323035	53.937554675
	38.5407863215	53.9485702848
	38.5373696718	53.9598334695
	38.5346969849	53.9712959984
	38.5327797057	53.9829087872
	38.5319634832	53.9902799887
	38.5296779231	53.9966202115
	38.5262612734	54.0078833962
	38.5260742478	54.0085870792
	38.5255046443	54.0102386808
	38.5236085149	54.0161586789
	38.5221705989	54.0202331876
	38.5187539492	54.0314963723
	38.5160812623	54.0429589012
	38.5147210738	54.0506708492
	38.514164128	54.0542871822
	38.5136070373	54.058188023
	38.5124533759	54.0699013441
	38.5120682724	54.0816650391
	38.5122112935	54.0860338838
	38.5100636066	54.0901638889
	38.5052060462	54.1008847532
	38.5010600642	54.1119003629
	38.4976434145	54.1231635476
	38.4949707276	54.1346260765
	38.4930534484	54.1462388653
	38.491899787	54.1579521864
	38.4915146835	54.1697158813
	38.4916331352	54.1762424764
	38.4919154227	54.1840168294
	38.4921820746	54.1892539294
	38.493335736	54.2009672504
	38.4952530152	54.2125800392
	38.4956898044	54.214708646
	38.4952812316	54.21762711
	38.4941275702	54.229340431
	38.4937424667	54.241104126
	38.4941275702	54.252867821
	38.4952812316	54.264581142
	38.4971985108	54.2761939308
	38.4998711977	54.2876564597
	38.5032878474	54.2989196444
	38.5074338294	54.3099352542
	38.5101365086	54.3161284193
	38.5117997166	54.3197523817
	38.5139545978	54.3242800809
	38.5195029359	54.3346602913
	38.5257182928	54.3446553983
	38.5318858459	54.3533198272
	38.5329217348	54.357373867
	38.5363383845	54.3686370516
	38.5404843665	54.3796526614
	38.5453419269	54.3903735257
	38.5461959315	54.3920823388
	38.5570296718	54.4134751611
	38.5617240052	54.4221465584
	38.5679393621	54.4321416653
	38.5710906808	54.436704102
	38.5738677804	54.4405950933
	38.5775722223	54.4455998594
	38.5850390292	54.45469819
	38.5930849084	54.4632886878
	38.6016754062	54.471334567
	38.607140726	54.4758198389
	38.6073748691	54.4829721725
	38.6052318172	54.4888458585
	38.6018151674	54.5001090432
	38.5991424805	54.5115715721
	38.5972252014	54.5231843609
	38.5960715399	54.534897682
	38.5956864364	54.546661377
	38.5960715399	54.5584250719
	38.5972252014	54.570138393
	38.5991424805	54.5817511818
	38.6018151674	54.5932137107
	38.6052318172	54.6044768954
	38.6093777991	54.6154925051
	38.6142353595	54.6262133694
	38.6197836976	54.6365935799
	38.6259990545	54.6465886868
	38.6328548151	54.6561558897
	38.640321622	54.6652542202
	38.6405389187	54.6655015427
	38.6489887324	54.6751012061
	38.6504183773	54.6780189007
	38.650619942	54.6784289456
	38.6561682801	54.6888091561
	38.662383637	54.698804263
	38.6692393976	54.7083714659
	38.6767062045	54.7174697964
	38.6847520837	54.7260602942
	38.6933425815	54.7341061734
	38.7024409121	54.7415729803
	38.7120081149	54.7484287409
	38.7156225647	54.7507816518
	38.7239614929	54.7560688222
	38.7303421501	54.7599312682
	38.7407223605	54.7654796063
	38.7514432248	54.7703371667
	38.7624588346	54.7744831487
	38.7737220193	54.7778997984
	38.7851845482	54.7805724853
	38.796797337	54.7824897645
	38.7985096018	54.7827068358
	38.8099002878	54.7840953856
	38.8199013441	54.7850319757
	38.8235410842	54.7852335178
	38.8289969826	54.786788043
	38.8404595115	54.7894607299
	38.8416516018	54.7896936698
	38.8633190823	54.7938516898
	38.8737397809	54.7955360291
	38.8854531019	54.7966896905
	38.8870162239	54.7967853107
	38.9114608039	54.7981738605
	38.9334250719	54.7980782403
	38.945138393	54.7969245789
	38.9498445345	54.7962415965
	38.9620591952	54.7943037303
	38.9666591561	54.7935126243
	38.9938658546	54.8003158054
	39.0024086693	54.8022323363
	39.0140214581	54.8041496155
	39.0257347791	54.805303277
	39.0335463646	54.8056449559
	39.0460433129	54.8059196141
	39.0617591173	54.8055779352
	39.0683393697	54.8050251655
	39.0784593243	54.8066520569
	39.085353164	54.8074247207
	39.0856417966	54.807451446
	39.086829743	54.8093618192
	39.0936855036	54.818929022
	39.1011523105	54.8280273526
	39.1091981897	54.8366178504
	39.1119001242	54.8392635658
	39.118568215	54.8456569984
	39.1244567783	54.8510571622
	39.1335551088	54.8585239691
	39.1431223117	54.8653797297
	39.1531174187	54.8715950866
	39.158452818	54.874555965
	39.1626184675	54.8767761188
	39.1676632785	54.8793635785
	39.1783841428	54.8842211389
	39.1893997525	54.8883671208
	39.1904932911	54.8887344206
	39.1954981739	54.8903976286
	39.2009975271	54.8920465997
	39.2019329674	54.895369019
	39.205541671	54.9075913091
	39.2077251033	54.914474454
	39.2118710852	54.9254900637
	39.2167286456	54.936210928
	39.2222769837	54.9465911385
	39.223824124	54.9492191578
	39.2288290068	54.957558086
	39.2334972234	54.9649251736
	39.240352984	54.9744923765
	39.247819791	54.9835907071
	39.2558656702	54.9921812048
	39.2633495975	54.9992485801
	39.2736263919	55.008411483
	39.2747329624	55.0093899869
	39.2838312929	55.0168567938
	39.2933984958	55.0237125544
	39.3033936027	55.0299279113
	39.3137738132	55.0354762494
	39.3156106321	55.0363691397
	39.3289391843	55.0427549429
	39.3358403225	55.0458843359
	39.3413255174	55.0517832399
	39.3510453661	55.0617777467
	39.3528047571	55.0635618201
	39.3613952549	55.0716076993
	39.3704935854	55.0790745062
	39.3800607883	55.0859302668
	39.3826950734	55.0876572675
	39.3865860646	55.0901597089
	39.3939468864	55.0946480651
	39.4043270969	55.1001964032
	39.4091708047	55.1024959463
	39.4171982783	55.1061613724
	39.4193791756	55.1076690457
	39.4217325412	55.1092685847
	39.4317276481	55.1154839416
	39.4421078586	55.1210322797
	39.4486410288	55.1240927564
	39.4711401132	55.1340872633
	39.4741201831	55.1353661138
	39.477232352	55.1382809781
	39.4863306826	55.145747785
	39.4958978854	55.1526035456
	39.5058929924	55.1588189025
	39.5154978222	55.163982543
	39.5199457593	55.1662026968
	39.5207211398	55.1665873944
	39.5314420041	55.1714449548
	39.5424576139	55.1755909368
	39.5462623918	55.1768354404
	39.5479644656	55.1773712784
	39.5499492244	55.1839141513
	39.5540952063	55.194929761
	39.5589527667	55.2056506253
	39.5645011048	55.2160308357
	39.5707164617	55.2260259427
	39.5775722223	55.2355931456
	39.5850390292	55.2446914761
	39.5930849084	55.2532819739
	39.6016754062	55.2613278531
	39.6107737368	55.26879466
	39.6203409396	55.2756504206
	39.6303360466	55.2818657775
	39.640716257	55.2874141156
	39.6514371213	55.292271676
	39.6520370399	55.2925189036
	39.6632550593	55.2971182173
	39.6636184604	55.2974377774
	39.6642707251	55.298007027
	39.6748298071	55.3071775592
	39.683275873	55.3140751165
	39.6881177148	55.3176631383
	39.6958920679	55.3232249669
	39.7006174289	55.3264927058
	39.7106125358	55.3327080627
	39.7209927463	55.3382564008
	39.7317136106	55.3431139612
	39.7407156924	55.346563115
	39.7548834781	55.3515603684
	39.756897006	55.3522571965
	39.7681601906	55.3556738462
	39.7796227196	55.3583465331
	39.7912355084	55.3602638123
	39.8029488294	55.3614174737
	39.8067069769	55.3616243303
	39.8193730794	55.3621886425
	39.8215165753	55.3624839661
	39.8326895687	55.3636013956
	39.8690741512	55.3660962076
	39.8696144788	55.3661324396
	39.8774159295	55.3664738955
	39.9026921136	55.3670308413
	39.9066543579	55.3670744889
	39.9117297149	55.3670028672
	39.920751224	55.3667481997
	39.9416375914	55.3700068636
	39.9434006218	55.3710381408
	39.9537808322	55.3765864789
	39.957003023	55.378135866
	39.9658912676	55.3823015155
	39.9733899411	55.3856096887
	39.9805388491	55.3883937649
	40.0132019576	55.4003182879
	40.0262719548	55.406058857
	40.0297711667	55.4075518274
	40.0402644801	55.4115196195
	40.0428916677	55.4124204285
	40.0436593273	55.4129876164
	40.050615903	55.4178775935
	40.0511409142	55.4182270648
	40.0560480898	55.4221302313
	40.0630888479	55.427266652
	40.083341618	55.4413026256
	40.0853136874	55.4435897915
	40.0933595666	55.4521802893
	40.0961389627	55.4549002313
	40.1028070535	55.4612860346
	40.1086181552	55.4666119717
	40.1177164858	55.4740787787
	40.1272836887	55.4809345393
	40.1287265627	55.4818886331
	40.1367832034	55.4871605447
	40.1453354362	55.4924218078
	40.1557156467	55.4979701459
	40.166436511	55.5028277063
	40.1774521207	55.5069736882
	40.1887153054	55.5103903379
	40.1999468045	55.5130169128
	40.2055086331	55.5141308044
	40.2057396629	55.5141769164
	40.2173524518	55.5160941956
	40.2290657728	55.517247857
	40.2408294678	55.5176329605
	40.2485584256	55.5174668232
	40.2549442288	55.517192165
	40.258978966	55.5169731988
	40.270692287	55.5158195374
	40.2823050759	55.5139022582
	40.2842371643	55.5135069185
	40.2850664126	55.5133324976
	40.2987042355	55.5159857953
	40.3095765729	55.5177574036
	40.3212898939	55.5189110651
	40.3221456123	55.5189651037
	40.3404790473	55.5200789953
	40.3412200851	55.520077229
	40.3513870239	55.5204100602
END
END
