none
1
   2.548516E+01   3.193884E+01
   2.508503E+01   3.157436E+01
   2.505513E+01   3.152339E+01
   2.505513E+01   3.148556E+01
   2.488826E+01   3.137610E+01
   2.488692E+01   3.130146E+01
   2.507884E+01   3.078997E+01
   2.502270E+01   2.940565E+01
   2.503673E+01   2.207996E+01
   2.523324E+01   1.993117E+01
   2.408227E+01   1.997075E+01
   2.403882E+01   1.945087E+01
   2.178034E+01   2.055012E+01
   1.599743E+01   2.341320E+01
   1.423256E+01   2.258795E+01
   1.347092E+01   2.311662E+01
   1.198404E+01   2.349672E+01
   1.156200E+01   2.411972E+01
   1.035516E+01   2.451512E+01
   1.018087E+01   2.465477E+01
   9.374405E+00   2.618864E+01
   9.742343E+00   2.730320E+01
   9.858723E+00   2.878537E+01
   9.662367E+00   2.963549E+01
   9.399669E+00   3.005313E+01
   9.385230E+00   3.017742E+01
   9.550958E+00   3.024243E+01
   9.747668E+00   3.035296E+01
   9.872759E+00   3.038286E+01
   9.974389E+00   3.046602E+01
   1.024243E+01   3.088316E+01
   1.014990E+01   3.123331E+01
   1.009209E+01   3.151977E+01
   1.060754E+01   3.205954E+01
   1.131408E+01   3.234019E+01
   1.154075E+01   3.249453E+01
   1.142906E+01   3.263891E+01
   1.150951E+01   3.332040E+01
   2.168181E+01   3.357972E+01
   2.548516E+01   3.193884E+01
END
END
