none
1
   -7.108974E+01   4.531132E+01
   -7.103325E+01   4.533310E+01
   -7.101924E+01   4.535701E+01
   -7.096121E+01   4.534576E+01
   -7.089917E+01   4.531340E+01
   -7.086516E+01   4.524299E+01
   -7.085315E+01   4.529369E+01
   -7.081713E+01   4.536685E+01
   -7.083314E+01   4.540199E+01
   -7.079512E+01   4.544131E+01
   -7.074108E+01   4.543570E+01
   -7.064703E+01   4.539215E+01
   -7.065904E+01   4.543570E+01
   -7.074108E+01   4.549324E+01
   -7.071507E+01   4.554092E+01
   -7.065103E+01   4.562075E+01
   -7.047693E+01   4.572003E+01
   -7.040689E+01   4.573819E+01
   -7.042490E+01   4.581077E+01
   -7.027282E+01   4.589022E+01
   -7.028482E+01   4.595426E+01
   -7.032685E+01   4.596261E+01
   -7.032485E+01   4.602517E+01
   -7.031684E+01   4.607517E+01
   -7.025881E+01   4.614315E+01
   -7.031284E+01   4.618473E+01
   -7.019677E+01   4.636454E+01
   -7.012673E+01   4.639077E+01
   -7.006470E+01   4.644458E+01
   -7.001454E+01   4.671266E+01
   -6.923773E+01   4.747763E+01
   -6.914491E+01   4.748423E+01
   -6.903743E+01   4.744790E+01
   -6.898857E+01   4.737847E+01
   -6.903743E+01   4.733545E+01
   -6.903254E+01   4.727582E+01
   -6.889086E+01   4.719620E+01
   -6.880780E+01   4.723934E+01
   -6.862703E+01   4.727913E+01
   -6.855864E+01   4.731889E+01
   -6.841207E+01   4.730564E+01
   -6.837787E+01   4.738178E+01
   -6.823619E+01   4.736524E+01
   -6.810428E+01   4.732551E+01
   -6.801145E+01   4.725261E+01
   -6.791862E+01   4.718956E+01
   -6.788289E+01   4.714154E+01
   -6.778684E+01   4.708298E+01
   -6.777283E+01   4.705844E+01
   -6.774138E+01   4.596752E+01
   -6.771696E+01   4.591656E+01
   -6.774749E+01   4.582301E+01
   -6.775360E+01   4.572504E+01
   -6.765589E+01   4.569945E+01
   -6.759482E+01   4.563971E+01
   -6.739939E+01   4.563544E+01
   -6.739446E+01   4.550219E+01
   -6.745699E+01   4.547414E+01
   -6.742448E+01   4.539515E+01
   -6.740196E+01   4.533715E+01
   -6.745699E+01   4.528086E+01
   -6.738695E+01   4.518397E+01
   -6.732192E+01   4.515223E+01
   -6.730191E+01   4.520160E+01
   -6.725688E+01   4.520160E+01
   -6.717433E+01   4.517515E+01
   -6.709929E+01   4.513988E+01
   -6.693920E+01   4.489055E+01
   -6.687576E+01   4.478922E+01
   -6.704752E+01   4.426541E+01
   -6.716045E+01   4.414659E+01
   -7.001214E+01   4.285443E+01
   -7.052961E+01   4.295387E+01
   -7.061422E+01   4.297474E+01
   -7.063058E+01   4.297825E+01
   -7.070436E+01   4.304144E+01
   -7.070726E+01   4.307457E+01
   -7.073819E+01   4.307310E+01
   -7.074154E+01   4.307628E+01
   -7.075774E+01   4.307998E+01
   -7.076464E+01   4.309034E+01
   -7.076948E+01   4.309333E+01
   -7.077892E+01   4.309496E+01
   -7.080016E+01   4.310983E+01
   -7.082780E+01   4.312632E+01
   -7.083467E+01   4.314591E+01
   -7.082892E+01   4.316610E+01
   -7.082884E+01   4.317081E+01
   -7.082499E+01   4.317470E+01
   -7.082955E+01   4.318809E+01
   -7.082052E+01   4.319426E+01
   -7.082189E+01   4.319924E+01
   -7.081512E+01   4.322617E+01
   -7.081924E+01   4.323019E+01
   -7.081655E+01   4.323381E+01
   -7.081841E+01   4.323806E+01
   -7.082473E+01   4.324006E+01
   -7.082824E+01   4.324284E+01
   -7.083862E+01   4.324172E+01
   -7.084564E+01   4.325462E+01
   -7.085739E+01   4.325488E+01
   -7.086094E+01   4.325796E+01
   -7.086150E+01   4.326159E+01
   -7.086309E+01   4.326467E+01
   -7.086459E+01   4.326551E+01
   -7.086540E+01   4.326573E+01
   -7.086736E+01   4.326568E+01
   -7.086920E+01   4.326568E+01
   -7.087082E+01   4.326633E+01
   -7.087318E+01   4.326891E+01
   -7.088270E+01   4.327263E+01
   -7.088396E+01   4.327363E+01
   -7.088666E+01   4.328223E+01
   -7.089793E+01   4.328538E+01
   -7.090787E+01   4.329263E+01
   -7.090741E+01   4.329660E+01
   -7.089749E+01   4.329829E+01
   -7.091447E+01   4.330828E+01
   -7.091706E+01   4.331630E+01
   -7.091835E+01   4.331912E+01
   -7.093176E+01   4.332938E+01
   -7.093521E+01   4.333620E+01
   -7.095545E+01   4.333221E+01
   -7.097374E+01   4.334821E+01
   -7.097914E+01   4.335864E+01
   -7.097567E+01   4.336399E+01
   -7.098192E+01   4.337056E+01
   -7.098673E+01   4.338025E+01
   -7.098898E+01   4.339330E+01
   -7.098411E+01   4.339583E+01
   -7.098739E+01   4.340355E+01
   -7.098819E+01   4.341318E+01
   -7.098123E+01   4.342159E+01
   -7.097487E+01   4.342289E+01
   -7.096931E+01   4.342910E+01
   -7.096990E+01   4.343443E+01
   -7.096183E+01   4.344128E+01
   -7.096801E+01   4.344933E+01
   -7.096203E+01   4.346823E+01
   -7.097775E+01   4.347672E+01
   -7.096490E+01   4.349799E+01
   -7.095473E+01   4.351918E+01
   -7.096536E+01   4.353865E+01
   -7.095161E+01   4.355082E+01
   -7.097307E+01   4.356971E+01
   -7.098241E+01   4.370105E+01
   -7.099151E+01   4.384486E+01
   -7.100426E+01   4.412088E+01
   -7.103760E+01   4.468283E+01
   -7.108870E+01   4.530759E+01
   -7.108974E+01   4.531132E+01
END
END
