Владимирская область
1
	39.9139175082	56.9530872746
	39.9249331179	56.9489412927
	39.9356539822	56.9440837323
	39.9460341927	56.9385353942
	39.9560292996	56.9323200373
	39.9655965025	56.9254642767
	39.974694833	56.9179974698
	39.9832853308	56.9099515906
	39.9889651938	56.9040059232
	39.9917499228	56.9009541654
	39.994115939	56.898309335
	40.0015827459	56.8892110044
	40.0084385066	56.8796438016
	40.0146538635	56.8696486946
	40.0202022015	56.8592684842
	40.025059762	56.8485476199
	40.0292057439	56.8375320101
	40.0326223936	56.8262688255
	40.0344583593	56.818778027
	40.0393731017	56.8107573982
	40.0449214398	56.8003771878
	40.0497790002	56.7896563235
	40.0518172548	56.7845132145
	40.055708246	56.7742364201
	40.0578159734	56.7683639193
	40.0612326231	56.7571007347
	40.06390531	56.7456382057
	40.0658225892	56.7340254169
	40.0669762506	56.7223120959
	40.0673613541	56.7105484009
	40.0669762506	56.6987847059
	40.0658485876	56.687269715
	40.0640534073	56.6735157875
	40.0685897915	56.6696683072
	40.0771802893	56.661622428
	40.0799573889	56.6588453284
	40.0836131053	56.6549421598
	40.0897341587	56.6548186407
	40.0978690417	56.6544701471
	40.1095823627	56.6533164857
	40.1211951515	56.6513992065
	40.1281898464	56.6498625102
	40.1351325954	56.6481916728
	40.1396004295	56.6470556822
	40.1508636142	56.6436390325
	40.1549558987	56.6421946011
	40.1688332909	56.6371072825
	40.1697876457	56.6377007385
	40.1801678561	56.6432490765
	40.1908887204	56.648106637
	40.2019043302	56.6522526189
	40.2063481024	56.6536006225
	40.2111694816	56.6565987487
	40.2215496921	56.6621470868
	40.2322705564	56.6670046472
	40.2432861661	56.6711506291
	40.2498997161	56.6732542328
	40.2601765105	56.6763059906
	40.2630215448	56.677125422
	40.2641093081	56.6779667181
	40.2736765109	56.6848224787
	40.2836716179	56.6910378356
	40.2940518283	56.6965861737
	40.3047726926	56.7014437341
	40.3157883024	56.7055897161
	40.3192629054	56.7067299263
	40.324534817	56.7084007637
	40.3323233986	56.7106772032
	40.3437859276	56.7133498901
	40.3553987164	56.7152671693
	40.3671120374	56.7164208307
	40.3676916999	56.7164398069
	40.3715086284	56.7201020409
	40.3820677105	56.7298218896
	40.3852905185	56.7327176236
	40.3943888491	56.7401844305
	40.4039560519	56.7470401911
	40.4139511589	56.753255548
	40.4243313693	56.7588038861
	40.4350522336	56.7636614465
	40.4460678434	56.7678074285
	40.457331028	56.7712240782
	40.4581338226	56.7714372008
	40.4634133636	56.7728257506
	40.474073098	56.7752853149
	40.4856858868	56.7772025941
	40.4973992079	56.7783562555
	40.5091629028	56.778741359
	40.5209265978	56.7783562555
	40.5326399188	56.7772025941
	40.5442527077	56.7752853149
	40.5557152366	56.772612628
	40.5658401578	56.7695781343
	40.5716766446	56.7676402681
	40.5728149081	56.767258112
	40.576447998	56.765894014
	40.5812171364	56.7673407164
	40.5926796654	56.7700134032
	40.6042924542	56.7719306824
	40.6079965731	56.7723793043
	40.6179987093	56.7734855665
	40.6260079115	56.7741906061
	40.6377716064	56.7745757096
	40.639748019	56.7745648505
	40.659306325	56.7743499241
	40.6775005517	56.7752501377
	40.6865157728	56.7767101957
	40.6917939801	56.7774848817
	40.7035073011	56.7786385431
	40.7062643823	56.7787980044
	40.7173727807	56.7793549502
	40.7263793945	56.7795805924
	40.7381430895	56.7791954889
	40.7498564105	56.7780418275
	40.7606790625	56.7762798783
	40.7792947852	56.7726635453
	40.780084922	56.7725082153
	40.791547451	56.7698355284
	40.8028106356	56.7664188786
	40.8127874061	56.7626994035
	40.8165275097	56.7611774895
	40.8191043532	56.7613203782
	40.8304874098	56.7618696946
	40.8322950647	56.7618541214
	40.8391571045	56.7620787613
	40.8509207995	56.7616936578
	40.8626341205	56.7605399964
	40.8645937727	56.760271033
	40.8743136213	56.7588824832
	40.883966758	56.7572341674
	40.8954292869	56.7545614805
	40.9066924716	56.7511448308
	40.9177080813	56.7469988489
	40.9284289456	56.7421412885
	40.9388091561	56.7365929504
	40.948804263	56.7303775935
	40.9583714659	56.7235218329
	40.9671394801	56.7163261095
	40.9728690417	56.7161385431
	40.9845823627	56.7149848817
	40.9961951515	56.7130676025
	41.0076576805	56.7103949156
	41.0189208651	56.7069782659
	41.0299364749	56.7028322839
	41.0391581419	56.6987054244
	41.040380161	56.6981168144
	41.0409712177	56.6980399964
	41.0525840065	56.6961227172
	41.0571542544	56.6951517651
	41.0657602114	56.6932062695
	41.0726524925	56.6915045347
	41.0839156771	56.688087885
	41.0949312869	56.6839419031
	41.1056521512	56.6790843427
	41.1160323616	56.6735360046
	41.1260274686	56.6673206477
	41.1316037085	56.663440427
	41.1343392103	56.6636406793
	41.1432181738	56.6640026481
	41.1669826025	56.6643838398
	41.1673494	56.6644325135
	41.179062721	56.6655861749
	41.1887340972	56.6659591083
	41.23595242	56.6665084247
	41.2498084338	56.6661354913
	41.2615217548	56.6649818299
	41.2731345436	56.6630645507
	41.2829375749	56.6608280517
	41.2873447792	56.6596920938
	41.2948029405	56.6603240862
	41.2982262342	56.6605812921
	41.3056502577	56.6609140354
	41.3411776899	56.6617714717
	41.3423524518	56.6619300721
	41.3540657728	56.6630837335
	41.3587177446	56.6633281855
	41.4055025873	56.6651794759
	41.4091896531	56.6657110676
	41.4120505715	56.6665030088
	41.421165552	56.6686924575
	41.4564438723	56.6761997817
	41.4587914207	56.6766830199
	41.4704042096	56.6786002991
	41.4740409743	56.6790414586
	41.4940452467	56.6812616124
	41.5021218031	56.6819741144
	41.513885498	56.6823592179
	41.5179288973	56.6823137638
	41.530143558	56.6820391056
	41.5378638537	56.6816994562
	41.5495771747	56.6805457947
	41.5508142069	56.6803785674
	41.5608239725	56.6789900175
	41.5711997292	56.6772399657
	41.5811847947	56.6749564459
	41.5897907518	56.6727286627
	41.5912682151	56.6723394957
	41.5946979161	56.67138403
	41.6153326823	56.6782253957
	41.6253837014	56.6812353697
	41.6368462303	56.6839080566
	41.6484590191	56.6858253358
	41.6523612963	56.6862957633
	41.6625673347	56.6874131287
	41.6657387474	56.688073706
	41.6773515362	56.6899909852
	41.6890648573	56.6911446466
	41.6964899232	56.691477415
	41.7078729798	56.6917520732
	41.7239753039	56.6914193048
	41.7256345746	56.6913028428
	41.7478590009	56.6896396347
	41.754429192	56.6890265586
	41.7553809548	56.6892843809
	41.7634743374	56.6912533263
	41.772362582	56.6931988219
	41.7757317283	56.6939025634
	41.7873445172	56.6958198426
	41.7989888888	56.6969689715
	41.7997848991	56.6974312682
	41.8101651096	56.7029796063
	41.8208859739	56.7078371667
	41.8319015836	56.7119831487
	41.8431647683	56.7153997984
	41.8546272972	56.7180724853
	41.866240086	56.7199897645
	41.8779534071	56.7211434259
	41.8809272806	56.7213136254
	41.8923103372	56.7218705712
	41.8940862905	56.7218558649
	41.9011001587	56.7220854752
	41.9128638537	56.7217003717
	41.9245771747	56.7205467103
	41.9315718324	56.7194855091
	41.941291681	56.7178146717
	41.9459098122	56.7169585937
	41.9573723411	56.7142859068
	41.9686355258	56.7108692571
	41.9796511355	56.7067232751
	41.9807426674	56.7062669363
	41.9879753334	56.7032151785
	41.9976046658	56.6988139569
	42.0079848763	56.6932656188
	42.0096526108	56.6922907735
	42.0157637558	56.6886744405
	42.0240911282	56.6834339289
	42.0336583311	56.6765781683
	42.0427566616	56.6691113614
	42.0472254597	56.6650577369
	42.0516657673	56.6608920874
	42.0557874671	56.6568998328
	42.0638333463	56.648309335
	42.0713001532	56.6392110044
	42.0750045951	56.6342062383
	42.0819473441	56.6244787603
	42.0850986628	56.6199163235
	42.0913140197	56.6099212166
	42.0968623578	56.5995410062
	42.1017199182	56.5888201419
	42.104630002	56.5812050996
	42.1073897447	56.5815397347
	42.1117336399	56.5820214077
	42.1166025942	56.5860172552
	42.1261697971	56.5928730158
	42.136164904	56.5990883727
	42.1425104441	56.6025025981
	42.1455827722	56.6057828894
	42.15417327	56.6138287686
	42.1632716005	56.6212955755
	42.1728388034	56.6281513361
	42.1828339104	56.6343666931
	42.1932141208	56.6399150311
	42.2039349851	56.6447725915
	42.2149505948	56.6489185735
	42.2262137795	56.6523352232
	42.2376763084	56.6550079101
	42.2492890973	56.6569251893
	42.2610024183	56.6580788507
	42.2683233247	56.6584090757
	42.2794393525	56.6586837339
	42.2838821411	56.6587386124
	42.2956458361	56.6583535089
	42.3073591571	56.6571998475
	42.3133858251	56.6563023247
	42.3233879614	56.6546391167
	42.3289740822	56.6536193603
	42.3404366111	56.6509466734
	42.3516997958	56.6475300237
	42.3617931114	56.6437630767
	42.3794983756	56.6365440504
	42.3850440069	56.6350901957
	42.3859840965	56.6348410215
	42.3972472811	56.6314243718
	42.4067930719	56.6278796208
	42.4162925832	56.624042701
	42.4390416082	56.6163896503
	42.4851371707	56.6030072958
	42.4916930586	56.6009675514
	42.4976011345	56.5995230315
	42.5047945837	56.5976347916
	42.5061088833	56.5976347916
	42.5216828308	56.5986456541
	42.5450965197	56.5986382379
	42.5568098407	56.5974845765
	42.5570693864	56.5974502144
	42.5645661969	56.5985984681
	42.5762795179	56.5997521295
	42.5880432129	56.600137233
	42.5998069079	56.5997521295
	42.6115202289	56.5985984681
	42.6231330177	56.5966811889
	42.6240043174	56.5965056375
	42.627358852	56.5960960267
	42.6330616742	56.5952520511
	42.6719486981	56.5888586185
	42.6778586647	56.5877853149
	42.6893211936	56.585112628
	42.7005843783	56.5816959783
	42.7075258806	56.5791796133
	42.716415372	56.5764164372
	42.7274309817	56.5722704553
	42.7371562191	56.5679000756
	42.7571604916	56.5581878564
	42.7581561185	56.5577006757
	42.7685363289	56.5521523376
	42.7785314359	56.5459369807
	42.7880986387	56.5390812201
	42.7906675654	56.5370727547
	42.7977164659	56.531458015
	42.7993596829	56.5303730158
	42.8089268858	56.5235172552
	42.8116692804	56.5213704405
	42.8279843279	56.511273291
	42.8332570828	56.5078815608
	42.8428242857	56.5010258001
	42.8466937	56.4979715451
	42.8529727157	56.4928741171
	42.8538106717	56.4923175959
	42.8633778746	56.4854618353
	42.8724762051	56.4779950284
	42.8769782539	56.4739102019
	42.9041999336	56.4483593597
	42.9082883826	56.4443983069
	42.9163342618	56.4358078091
	42.9238010687	56.4267094786
	42.9306568293	56.4171422757
	42.9368721862	56.4071471688
	42.9424205243	56.3967669583
	42.9433165504	56.3947893865
	42.9526380878	56.3938712952
	42.9594975724	56.3928332772
	42.969217421	56.3911700692
	42.9739707253	56.390290808
	42.9854332542	56.3876181211
	42.9966964389	56.3842014714
	43.0056808838	56.3808823547
	43.0126236328	56.378105255
	43.0146547976	56.3772783899
	43.0253756619	56.3724208295
	43.0357558724	56.3668724914
	43.0457509793	56.3606571345
	43.0553181822	56.3538013739
	43.0638492564	56.3468299403
	43.0704853223	56.3421388199
	43.0761540586	56.3379627508
	43.082695691	56.3326960419
	43.0864308531	56.3299061102
	43.0955291836	56.3224393033
	43.1041196814	56.3143934241
	43.1121655606	56.3058029263
	43.1196323675	56.2967045957
	43.1264881281	56.2871373929
	43.132703485	56.2771422859
	43.1382518231	56.2667620755
	43.1431093835	56.2560412112
	43.1472553655	56.2450256015
	43.1506720152	56.2337624168
	43.1533447021	56.2222998879
	43.1552619813	56.210687099
	43.1564156427	56.198973778
	43.1568007462	56.187210083
	43.1564156427	56.175446388
	43.1552619813	56.163733067
	43.1533447021	56.1521202781
	43.1506720152	56.1406577492
	43.1472553655	56.1293945646
	43.1431093835	56.1183789548
	43.1382518231	56.1076580905
	43.132703485	56.0972778801
	43.1264881281	56.0872827731
	43.1196323675	56.0777155703
	43.1121655606	56.0686172397
	43.1087724614	56.0648563267
	43.1048206477	56.0586725436
	43.0979648871	56.0491053408
	43.0904980801	56.0400070102
	43.0824522009	56.0314165124
	43.0738617032	56.0233706332
	43.0647633726	56.0159038263
	43.0551961697	56.0090480657
	43.0452010628	56.0028327088
	43.0348208523	55.9972843707
	43.0240999881	55.9924268103
	43.0130843783	55.9882808284
	43.0018211936	55.9848641787
	42.9903586647	55.9821914918
	42.9787458759	55.9802742126
	42.9696689835	55.9793128185
	42.9074512711	55.9743155651
	42.9048148424	55.9741232977
	42.8930511475	55.9737381942
	42.8916277761	55.9737610443
	42.8914046996	55.97240989
	42.8887320127	55.9609473611
	42.885315363	55.9496841764
	42.8811693811	55.9386685666
	42.8763118207	55.9279477023
	42.8757982923	55.9269147337
	42.8741274549	55.9235806883
	42.8690926452	55.9142334465
	42.8628772883	55.9042383395
	42.8560215277	55.8946711367
	42.8485547208	55.8855728061
	42.8405088416	55.8769823083
	42.8319183438	55.8689364291
	42.8228200132	55.8614696222
	42.8132528104	55.8546138616
	42.8032577034	55.8483985047
	42.792877493	55.8428501666
	42.7899841112	55.8414552874
	42.78911724	55.840582467
	42.7805267422	55.8325365878
	42.7714284117	55.8250697809
	42.7618612088	55.8182140203
	42.7518661019	55.8119986634
	42.7414858914	55.8064503253
	42.7307650271	55.8015927649
	42.7232066192	55.7986597519
	42.7146422859	55.7933905701
	42.7042620755	55.7878422321
	42.6935412112	55.7829846716
	42.6825256015	55.7788386897
	42.6712624168	55.77542204
	42.6632005621	55.7734599985
	42.6543199469	55.7715145029
	42.6529239578	55.7712227804
	42.6477028747	55.761454821
	42.6414875178	55.7514597141
	42.6346317572	55.7418925112
	42.6271649503	55.7327941806
	42.6191190711	55.7242036828
	42.6105285733	55.7161578037
	42.6034736089	55.7102824313
	42.5981940678	55.7061091525
	42.5961507017	55.7045177179
	42.5865834988	55.6976619573
	42.5765883919	55.6914466004
	42.5662081814	55.6858982623
	42.5643693777	55.6850044211
	42.5579835744	55.6819450339
	42.5491015139	55.6779813147
	42.5380859042	55.6738353328
	42.5374841523	55.6736322496
	42.5365787787	55.6724421328
	42.5291119717	55.6633438022
	42.5210660925	55.6547533044
	42.5124755948	55.6467074252
	42.5124204033	55.6466590436
	42.5119031897	55.646139718
	42.5033126919	55.6380938388
	42.4942143614	55.6306270319
	42.4846471585	55.6237712713
	42.4746520516	55.6175559144
	42.4678864869	55.6138410388
	42.4614930543	55.6105069934
	42.4578784085	55.6086735309
	42.4471575442	55.6038159705
	42.4361419345	55.5996699885
	42.4351003523	55.5993199636
	42.4276006575	55.5968251516
	42.417379055	55.5937585268
	42.4059165261	55.5910858399
	42.3943037372	55.5891685607
	42.3825904162	55.5880148993
	42.3753959762	55.5876878436
	42.3642875777	55.587405556
	42.3597183228	55.5873475082
	42.3489091413	55.5876725978
	42.341314451	55.5881298368
	42.3397043243	55.5879491338
	42.3328145201	55.5822948175
	42.3232473172	55.5754390569
	42.3132522103	55.5692237
	42.31217393	55.5686061111
	42.3115896024	55.5682140203
	42.3015944954	55.5619986634
	42.2918554022	55.5567680763
	42.2910519742	55.5558456333
	42.2871561569	55.5516037787
	42.2892688899	55.5485280789
	42.2954842468	55.538532972
	42.3010325848	55.5281527615
	42.3058901453	55.5174318972
	42.3100361272	55.5064162875
	42.3134527769	55.4951531028
	42.3161254638	55.4836905739
	42.318042743	55.4720777851
	42.3191964044	55.460364464
	42.3195815079	55.448600769
	42.3191964044	55.4368370741
	42.318042743	55.425123753
	42.3161254638	55.4135109642
	42.3134527769	55.4020484353
	42.3132137479	55.4011653565
	42.3115429105	55.3950542115
	42.3083652898	55.3846741056
	42.3042193078	55.3736584958
	42.2993617474	55.3629376315
	42.2938134094	55.3525574211
	42.2875980525	55.3425623141
	42.2807422918	55.3329951113
	42.274843415	55.3257088716
	42.2667867744	55.3162713105
	42.2652188443	55.3144592197
	42.2571729651	55.3058687219
	42.2505629746	55.2995856941
	42.2480100623	55.2969804773
	42.2394195645	55.2889345981
	42.2328370451	55.2834339643
	42.219027679	55.2724427529
	42.2182859412	55.2716966638
	42.2096954434	55.2636507846
	42.2005971128	55.2561839777
	42.1977944211	55.2540764834
	42.1872429684	55.2463021304
	42.1804784573	55.241553864
	42.1704833504	55.2353385071
	42.1666934122	55.2332110202
	42.1605822672	55.2298769747
	42.1539919949	55.2264561237
	42.1432711306	55.2215985632
	42.1368709444	55.2190897106
	42.1355038785	55.2175125034
	42.1274579993	55.2089220056
	42.1195536377	55.2015187631
	42.1188121259	55.1998822116
	42.1132637878	55.1895020012
	42.1070484309	55.1795068942
	42.1001926703	55.1699396914
	42.0927258633	55.1608413608
	42.0846799841	55.152250863
	42.0770614855	55.1450745698
	42.074478571	55.1366196012
	42.0703325891	55.1256039914
	42.0654750287	55.1148831271
	42.0599266906	55.1045029167
	42.0537113337	55.0945078098
	42.0468555731	55.0849406069
	42.0441144293	55.0814579754
	42.0428920209	55.0789296054
	42.0373436828	55.068549395
	42.0311283259	55.058554288
	42.0242725653	55.0489870852
	42.0168057584	55.0398887546
	42.0087598792	55.0312982568
	42.0001693814	55.0232523776
	41.9910710508	55.0157855707
	41.981503848	55.0089298101
	41.9813236031	55.0088095313
	41.9757770333	55.0051130897
	41.9659621712	54.9990180115
	41.9555819607	54.9934696735
	41.9448610965	54.988612113
	41.9338454867	54.9844661311
	41.9277288511	54.9825108691
	41.9198095396	54.9801343127
	41.9146629905	54.978672925
	41.9126806176	54.978153835
	41.9094175137	54.9759212347
	41.8994224068	54.9697058777
	41.8890421963	54.9641575397
	41.8783213321	54.9592999793
	41.8673057223	54.9551539973
	41.8631260183	54.9537919114
	41.8546764638	54.9511521408
	41.8475929832	54.9490975771
	41.8373065507	54.9466629114
	41.8195910966	54.9430160608
	41.8184150002	54.9427780396
	41.8068022113	54.9408607604
	41.7950888903	54.939707099
	41.7833251953	54.9393219955
	41.7715615003	54.939707099
	41.7712923389	54.9397249435
	41.7593447071	54.9405260299
	41.7479005475	54.9416618469
	41.7463635078	54.9418709487
	41.7397157197	54.9428045405
	41.7388216677	54.942431388
	41.727806058	54.938285406
	41.7269207264	54.9379874381
	41.7194210316	54.9354849967
	41.7090431785	54.9323663149
	41.6975806496	54.929693628
	41.6859678607	54.9277763488
	41.6828307527	54.9273913503
	41.673110904	54.9262850881
	41.6645346911	54.9255164252
	41.6527709961	54.9251313217
	41.6410073011	54.9255164252
	41.6292939801	54.9266700866
	41.6176811912	54.9285873658
	41.6062186623	54.9312600527
	41.6049871931	54.9315947106
	41.5969305525	54.9338148644
	41.586898837	54.9368968562
	41.5758832273	54.9410428381
	41.565162363	54.9459003986
	41.5547821525	54.9514487366
	41.5500350045	54.9542877119
	41.5442061471	54.9578964156
	41.5389581882	54.9612727972
	41.5293909853	54.9681285578
	41.5292440657	54.968243863
	41.5219726229	54.9655070857
	41.5128086785	54.9626665635
	41.4969776849	54.9582186265
	41.4948784446	54.957642499
	41.4883190748	54.9560163555
	41.4627606031	54.9501874981
	41.457857444	54.9491409547
	41.4462446552	54.9472236755
	41.4345313341	54.946070014
	41.4227676392	54.9456849105
	41.4110039442	54.946070014
	41.4049029169	54.9465743008
	41.3965716181	54.9474059049
	41.3909593243	54.9480552795
	41.3793465355	54.9499725587
	41.3678840066	54.9526452456
	41.3566208219	54.9560618953
	41.3456052121	54.9602078772
	41.3348843478	54.9650654376
	41.3245041374	54.9706137757
	41.3198465082	54.9733973652
	41.3140100214	54.9770060689
	41.3086725436	54.9804378362
	41.2991053408	54.9872935968
	41.2900070102	54.9947604037
	41.2875383099	54.9969659151
	41.278375407	55.0053048433
	41.2722536096	55.0111452112
	41.2662264865	55.0174725358
	41.2592175779	55.0202054358
	41.2484967136	55.0250629962
	41.2381165031	55.0306113343
	41.2345921884	55.032802894
	41.22910892	55.0261215122
	41.2210630408	55.0175310144
	41.212472543	55.0094851352
	41.2033742124	55.0020183283
	41.1938070096	54.9951625677
	41.1838119026	54.9889472108
	41.1734316922	54.9833988727
	41.1627108279	54.9785413123
	41.1516952182	54.9743953303
	41.1404320335	54.9709786806
	41.1290918851	54.9683303809
	41.1207605863	54.9666671729
	41.1206382057	54.9666427857
	41.1090254169	54.9647255065
	41.0973120959	54.9635718451
	41.0855484009	54.9631867416
	41.0737847059	54.9635718451
	41.0620713849	54.9647255065
	41.050458596	54.9666427857
	41.0389960671	54.9693154726
	41.0286032918	54.9724391343
	41.0227744343	54.9743846299
	41.021904025	54.9746776179
	41.0108884153	54.9788235999
	41.000167551	54.9836811603
	40.9897873405	54.9892294984
	40.9797922336	54.9954448553
	40.9702250307	55.0023006159
	40.9611267002	55.0097674228
	40.9525362024	55.017813302
	40.9444903232	55.0264037998
	40.9370235163	55.0355021303
	40.9311204663	55.043658009
	40.9284329363	55.0475988997
	40.9232833541	55.0519192153
	40.9202941806	55.0544833041
	40.9139697099	55.0604068174
	40.8813809248	55.0489360955
	40.8794784213	55.048278387
	40.8682152366	55.0448617373
	40.8611416349	55.0431191109
	40.8525280485	55.0411812447
	40.8481391213	55.0402511842
	40.8365263324	55.038333905
	40.8248130114	55.0371802435
	40.8130493164	55.03679514
	40.8079309561	55.03679514
	40.8054873172	55.0357617713
	40.7944717074	55.0316157893
	40.7832085227	55.0281991396
	40.7717459938	55.0255264527
	40.7638788866	55.0241424377
	40.7566538499	55.0230361755
	40.7529081684	55.0225029113
	40.7411948473	55.0213492499
	40.7294311523	55.0209641464
	40.7176674574	55.0213492499
	40.7059541363	55.0225029113
	40.6943413475	55.0244201905
	40.6828788186	55.0270928774
	40.675978664	55.0290902747
	40.6748237408	55.0288261145
	40.6698096535	55.0277542359
	40.6601369651	55.0261031281
	40.650409487	55.0247145783
	40.6484693866	55.0244484069
	40.6367560656	55.0232947455
	40.6249923706	55.022909642
	40.6199118879	55.0229814084
	40.6101920392	55.0232560666
	40.603508827	55.0235694037
	40.591795506	55.0247230651
	40.5801827171	55.0266403443
	40.5687201882	55.0293130312
	40.5574570035	55.0327296809
	40.5464413938	55.0368756629
	40.5357205295	55.0417332233
	40.525340319	55.0472815613
	40.5232836674	55.048487213
	40.5116183232	55.055429962
	40.5036798679	55.0604396673
	40.494112665	55.0672954279
	40.4850143344	55.0747622348
	40.4806579433	55.0787104959
	40.4762100062	55.0828761453
	40.4719758996	55.0869737634
	40.4644533381	55.0949701745
	40.4547830783	55.1009975286
	40.4452158754	55.1078532892
	40.4400845652	55.1120644467
	40.4334924651	55.1102073316
	40.4312721824	55.1095971499
	40.4198096535	55.106924463
	40.4081968646	55.1050071838
	40.3964835436	55.1038535223
	40.3900930415	55.103548695
	40.3712026607	55.1029841198
	40.3693100312	55.1030177855
	40.3658294678	55.1029038437
	40.3540657728	55.1032889472
	40.3481899869	55.1037708942
	40.3340222012	55.1051670734
	40.3281846661	55.1058387878
	40.3165718773	55.107756067
	40.3164223027	55.1077858851
	40.2941978764	55.1122261928
	40.2828849221	55.1148690615
	40.2716217374	55.1182857112
	40.2606061277	55.1224316931
	40.2498852634	55.1272892535
	40.2487785413	55.1278397642
	40.2443382337	55.1300675474
	40.2395304618	55.1326586343
	40.2301344257	55.1311073425
	40.2184211046	55.129953681
	40.2066574097	55.1295685775
	40.1948937147	55.129953681
	40.1831803937	55.1311073425
	40.1715676048	55.1330246217
	40.1601050759	55.1356973085
	40.1488418912	55.1391139583
	40.1378262815	55.1432599402
	40.1271054172	55.1481175006
	40.1167252067	55.1536658387
	40.1112471287	55.1569597635
	40.1023588841	55.1625215921
	40.0978418552	55.1654430242
	40.0882746523	55.1722987848
	40.0832425259	55.176305038
	40.0768490933	55.181584579
	40.0727828891	55.1850451328
	40.0641923913	55.1930910119
	40.0600127801	55.1974127265
	40.0519637689	55.2060186836
	40.0480975009	55.2102874668
	40.040630694	55.2193857973
	40.0379031505	55.2230351893
	40.0334552135	55.2291463343
	40.0293269964	55.2350641452
	40.0231116395	55.2450592521
	40.021317574	55.2482408381
	40.0198894353	55.2503458224
	40.0136740784	55.2603409294
	40.0081257404	55.2707211398
	40.0041667555	55.2793114888
	40.0023929069	55.2834429024
	40.001228	55.2849059401
	39.9992412287	55.2874476259
	39.9923854681	55.2970148288
	39.9889264466	55.3023963998
	39.9886821466	55.3027140444
	39.981826386	55.3122812473
	39.9756110291	55.3222763542
	39.9726689256	55.3275765358
	39.9660008348	55.3400811135
	39.9641755851	55.3436388597
	39.9548870944	55.34784742
	39.944506884	55.3533957581
	39.934511777	55.359611115
	39.9249445742	55.3664668756
	39.9158462436	55.3739336826
	39.9072557458	55.3819795618
	39.8992098666	55.3905700595
	39.8917430597	55.3996683901
	39.8891879119	55.4030813274
	39.8872951227	55.4055048769
	39.8804393621	55.4150720798
	39.8742240052	55.4250671867
	39.870590737	55.4316764465
	39.8672566916	55.4380546204
	39.8653416217	55.441825571
	39.8604840613	55.4525464353
	39.8563380794	55.463562045
	39.8529214296	55.4748252297
	39.8502487428	55.4862877586
	39.8492509316	55.4917422074
	39.8486939858	55.4950762528
	39.8477745178	55.5012345929
	39.8466208563	55.5129479139
	39.8462357528	55.5247116089
	39.8466208563	55.5364753039
	39.8477745178	55.5481886249
	39.848567707	55.5535808499
	39.8456613829	55.5560113362
	39.8353284177	55.5599240637
	39.8293154573	55.5625441586
	39.8195956087	55.5669920956
	39.8148877048	55.5692295612
	39.8045074943	55.5747778992
	39.7945123874	55.5809932561
	39.7849451845	55.5878490168
	39.775846854	55.5953158237
	39.7672563562	55.6033617029
	39.759210477	55.6119522007
	39.7530792403	55.6194231341
	39.748283812	55.6171915546
	39.7438435044	55.615246059
	39.7404925051	55.6138181067
	39.7294768954	55.6096721248
	39.7182137107	55.6062554751
	39.7067511818	55.6035827882
	39.695138393	55.601665509
	39.6834250719	55.6005118475
	39.671661377	55.600126744
	39.659897682	55.6005118475
	39.6578374446	55.6006587675
	39.650612408	55.6012157133
	39.6409593243	55.6022224548
	39.6293465355	55.604139734
	39.625931235	55.6048535842
	39.6201607322	55.6032037172
	39.608975876	55.6005864901
	39.6034216768	55.5994725985
	39.6031440041	55.5994171388
	39.5915312152	55.5974998596
	39.580263935	55.5963759899
	39.5603804465	55.5950231183
	39.5415815654	55.5927800351
	39.5320349963	55.5918982611
	39.5240548698	55.591552957
	39.5110009758	55.5912782988
	39.4954537122	55.5916236029
	39.490008458	55.5920636454
	39.4854567433	55.5925011485
	39.4757134056	55.5895928774
	39.474910611	55.5893797547
	39.46963107	55.5879912049
	39.4589713356	55.5855316407
	39.4473585468	55.5836143615
	39.4356452257	55.5824607001
	39.4238815308	55.5820755966
	39.4172134399	55.5820755966
	39.405449745	55.5824607001
	39.3979429091	55.5831108909
	39.3961966774	55.5827545411
	39.3845838886	55.5808372619
	39.3728705675	55.5796836005
	39.369182514	55.5794798805
	39.363071369	55.5792052223
	39.3611417003	55.5792250371
	39.3549957275	55.5790238388
	39.3432320326	55.5794089423
	39.3315187115	55.5805626037
	39.3199059227	55.5824798829
	39.3084433938	55.5851525698
	39.2971802091	55.5885692195
	39.2892583518	55.5914672127
	39.2736943869	55.5975783577
	39.2706006345	55.5988263464
	39.2619682259	55.6026706954
	39.2497535653	55.6084995529
	39.2476651096	55.6095127643
	39.2372848991	55.6150611024
	39.2283070699	55.620601718
	39.2169163838	55.6281014129
	39.2158991061	55.6287761541
	39.2063319033	55.6356319147
	39.1972335727	55.6430987216
	39.1886430749	55.6511446008
	39.1837454142	55.6562784756
	39.1654991871	55.6531974396
	39.1590284686	55.6522255065
	39.1477536066	55.6511011212
	39.1355236872	55.6502695172
	39.1350852282	55.6502402411
	39.1272124254	55.6498972271
	39.1141661608	55.6496149395
	39.112605535	55.649649135
	39.1102752686	55.64957285
	39.0985115736	55.6499579535
	39.0867982525	55.6511116149
	39.0786808231	55.6523694849
	39.0708988407	55.6537580347
	39.0674034813	55.6544174439
	39.0658252665	55.6547387226
	39.0591571757	55.6561272724
	39.0492728615	55.6584786806
	39.0413976672	55.6607825945
	39.0239034655	55.6663367937
	39.0205154752	55.6674495296
	39.0094998655	55.6715955115
	39.0018085883	55.6749940911
	38.9970859931	55.677214245
	38.994056406	55.6786732257
	38.9836761955	55.6842215638
	38.9748823537	55.6896412024
	38.9482176198	55.7071506629
	38.9470163547	55.7079463811
	38.9374491518	55.7148021418
	38.9283508213	55.7222689487
	38.9197603235	55.7303148279
	38.9175697375	55.7326536927
	38.9116973544	55.7305064754
	38.9004341697	55.7270898256
	38.8889716408	55.7244171388
	38.8805152092	55.7229438884
	38.87496101	55.7221122844
	38.8718046527	55.7216682556
	38.8600913317	55.7205145941
	38.8483276367	55.7201294906
	38.8365639417	55.7205145941
	38.8351886354	55.7206100312
	38.8276889406	55.7211593476
	38.8173509259	55.722217572
	38.805738137	55.7241348512
	38.7942756081	55.726807538
	38.7839498226	55.7299088551
	38.7781133358	55.7318543507
	38.7771759366	55.7321696834
	38.7661603269	55.7363156653
	38.7628737462	55.737715408
	38.7545686383	55.7386131408
	38.7429558494	55.74053042
	38.7314933205	55.7432031069
	38.7202301359	55.7466197566
	38.7092145261	55.7507657385
	38.6984936618	55.755623299
	38.6881134514	55.761171637
	38.6781183444	55.7673869939
	38.6694131817	55.7735854058
	38.6615129132	55.7744484069
	38.6499001243	55.7763656861
	38.6414134381	55.7782681914
	38.634759208	55.7799298434
	38.6295790058	55.7791710021
	38.6178656847	55.7780173407
	38.6061019897	55.7776322372
	38.5943382948	55.7780173407
	38.5826249737	55.7791710021
	38.5710121849	55.7810882813
	38.559549656	55.7837609682
	38.5482864713	55.7871776179
	38.5372708616	55.7913235999
	38.5265499973	55.7961811603
	38.5197386434	55.7997228274
	38.5111250569	55.8044377933
	38.5075562004	55.8064444642
	38.4975610934	55.8126598211
	38.4879938906	55.8195155817
	38.47889556	55.8269823886
	38.4703050622	55.8350282678
	38.4701307193	55.83520285
	38.4673536197	55.837987579
	38.4594820834	55.8464034946
	38.4520152765	55.8555018252
	38.4451595159	55.865069028
	38.4428568786	55.868604232
	38.4358767368	55.8761199863
	38.4284099298	55.8852183169
	38.4257684166	55.8887496103
	38.4239696222	55.8910548037
	38.4171138616	55.9006220065
	38.4108985047	55.9106171135
	38.4053501666	55.9209973239
	38.4004926062	55.9317181882
	38.3963466243	55.942733798
	38.3929299746	55.9539969826
	38.3902572877	55.9654595115
	38.3883400085	55.9770723004
	38.3871863471	55.9887856214
	38.3868012436	56.0005493164
	38.3868016414	56.0009276
	38.3833712436	56.0047286899
	38.3759044367	56.0138270205
	38.3690486761	56.0233942233
	38.3628333192	56.0333893303
	38.3572849811	56.0437695407
	38.3524274207	56.054490405
	38.3482814387	56.0655060148
	38.3465731335	56.0709630617
	38.3455186458	56.0716219225
	38.3408991061	56.0746074529
	38.3313319033	56.0814632135
	38.3222335727	56.0889300204
	38.3171962059	56.0935193707
	38.3127883823	56.0972613193
	38.3041978845	56.1053071985
	38.3023902786	56.1071408683
	38.2832176101	56.1268704826
	38.2769793369	56.1336273105
	38.2695125299	56.1427256411
	38.2679875518	56.1447422207
	38.2672594882	56.145567313
	38.2597926813	56.1546656435
	38.2529369207	56.1642328464
	38.2467215638	56.1742279533
	38.2445563744	56.1780870342
	38.2428931664	56.181138792
	38.2395100177	56.1876599216
	38.2346524573	56.1983807859
	38.2305064754	56.2093963956
	38.2270898256	56.2206595803
	38.2255360954	56.2269027471
	38.2247044914	56.2305190801
	38.2235855347	56.2357384422
	38.2216682556	56.2473512311
	38.2205145941	56.2590645521
	38.2201294906	56.2708282471
	38.2205145941	56.2825919421
	38.2216682556	56.2943052631
	38.2235855347	56.3059180519
	38.2247553904	56.3113581184
	38.2225592713	56.315058947
	38.2170109332	56.3254391574
	38.2121533728	56.3361600217
	38.2080073909	56.3471756315
	38.2048816149	56.357366519
	38.1997360141	56.3617113925
	38.1911455163	56.3697572717
	38.1830996371	56.3783477695
	38.1756328302	56.3874461001
	38.1687770696	56.3970133029
	38.166553023	56.4004248079
	38.1646075274	56.4034841951
	38.1623406122	56.4071450821
	38.1622637607	56.4072326572
	38.1551728819	56.4158428022
	38.1504502867	56.4219539473
	38.1500743586	56.4224421328
	38.1432185979	56.4320093356
	38.137003241	56.4420044426
	38.131454903	56.452384653
	38.1265973425	56.4631055173
	38.1224513606	56.4741211271
	38.1190347109	56.4853843117
	38.116362024	56.4968468406
	38.1144447448	56.5084596295
	38.1140857002	56.5113699816
	38.1132540962	56.5185950182
	38.1124594794	56.5273979871
	38.1120743759	56.5391616821
	38.112201653	56.5459269657
	38.1124839406	56.5534266605
	38.112741767	56.5584250719
	38.1138954284	56.570138393
	38.1158127076	56.5817511818
	38.1184853945	56.5932137107
	38.1192387149	56.5959392579
	38.1203449771	56.5998226197
	38.1230083064	56.6083602572
	38.1271542883	56.619375867
	38.1320118488	56.6300967313
	38.1375601868	56.6404769417
	38.1403536105	56.6451504741
	38.1394462707	56.6512361188
	38.1382926093	56.6629494398
	38.1379075058	56.6747131348
	38.1382926093	56.6864768297
	38.1394462707	56.6981901508
	38.1413635499	56.7098029396
	38.1440362368	56.7212654685
	38.1474528865	56.7325286532
	38.1515988684	56.743544263
	38.1564564288	56.7542651273
	38.1620047669	56.7646453377
	38.1682201238	56.7746404446
	38.1750758844	56.7842076475
	38.1772837608	56.7870264642
	38.1795039146	56.7898035638
	38.1847628452	56.7960830777
	38.1928087244	56.8046735755
	38.2013992221	56.8127194546
	38.2104975527	56.8201862616
	38.2200647556	56.8270420222
	38.2300598625	56.8332573791
	38.2404400729	56.8388057172
	38.2511609372	56.8436632776
	38.262176547	56.8478092595
	38.2734397317	56.8512259092
	38.2849022606	56.8538985961
	38.2880195311	56.8544901257
	38.2945935153	56.8579020917
	38.3053143796	56.8627596521
	38.3163299894	56.866905634
	38.327593174	56.8703222837
	38.339055703	56.8729949706
	38.3506684918	56.8749122498
	38.3623818128	56.8760659112
	38.3741455078	56.8764510147
	38.3859092028	56.8760659112
	38.3976225238	56.8749122498
	38.4092353127	56.8729949706
	38.4206978416	56.8703222837
	38.4319610263	56.866905634
	38.442976636	56.8627596521
	38.4443554868	56.862181788
	38.447268619	56.8616219252
	38.4484122536	56.8613982909
	38.4598747825	56.858725604
	38.4711379672	56.8553089543
	38.4821535769	56.8511629724
	38.4874500647	56.8488688511
	38.5021747961	56.8422083897
	38.5075991727	56.8396449506
	38.5179793831	56.8340966125
	38.5245878802	56.8300894682
	38.5286545811	56.8292213296
	38.5376564597	56.8270559874
	38.5467026485	56.8243758847
	38.5586502803	56.8204925229
	38.5608672763	56.8197559758
	38.571882886	56.8156099939
	38.5826037503	56.8107524335
	38.5929839607	56.8052040954
	38.5940089241	56.8046078191
	38.6020655647	56.7998852239
	38.6110357083	56.7942661433
	38.6206029112	56.7874103827
	38.6297012417	56.7799435757
	38.6323972794	56.7775308148
	38.6414875153	56.7712425539
	38.6486561949	56.7660175604
	38.6515975605	56.763603644
	38.6530905098	56.7637108383
	38.6621090793	56.7685313641
	38.6694789443	56.7719609722
	38.6739192519	56.7739064678
	38.6772702512	56.7753344202
	38.6882858609	56.7794804021
	38.6995490456	56.7828970518
	38.7107805447	56.7855236267
	38.7163423734	56.7866375183
	38.7165734031	56.7866836303
	38.728186192	56.7886009095
	38.739899513	56.7897545709
	38.751663208	56.7901396744
	38.758605957	56.7901396744
	38.770369652	56.7897545709
	38.7742964014	56.7894539906
	38.7905424975	56.7880313414
	38.7981687043	56.7878732632
	38.8062049181	56.7875267877
	38.8179182392	56.7863731263
	38.8246171621	56.7853625078
	38.8785035757	56.7761919756
	38.8834174416	56.7752853149
	38.8948799705	56.772612628
	38.9039261592	56.7699325253
	38.9158737911	56.7660491635
	38.918090787	56.7653126164
	38.9291063967	56.7611666345
	38.939827261	56.7563090741
	38.9502074715	56.750760736
	38.9577033932	56.7461854067
	38.961586755	56.7436829652
	38.9640859402	56.7420429377
	38.9647535315	56.7415645486
	38.9689868069	56.7396464764
	38.9793670174	56.7340981384
	38.9859725799	56.7300928609
	38.9861205967	56.7302228116
	38.9952189272	56.7376896185
	39.0047861301	56.7445453791
	39.014781237	56.750760736
	39.0251614475	56.7563090741
	39.0358823117	56.7611666345
	39.0468979215	56.7653126164
	39.0581611062	56.7687292662
	39.0696236351	56.771401953
	39.0812364239	56.7733192322
	39.0864420152	56.7739275443
	39.0972757554	56.7750338065
	39.1037834852	56.7755791559
	39.1155471802	56.7759642594
	39.1273108752	56.7755791559
	39.1390241962	56.7744254944
	39.1486390571	56.7728380745
	39.1522772889	56.7796447273
	39.1584926458	56.7896398343
	39.1653484064	56.7992070372
	39.1728152133	56.8083053677
	39.177618364	56.8134336395
	39.1791148738	56.8183669711
	39.1832608557	56.8293825808
	39.1844424306	56.8321686285
	39.1880587636	56.8404999273
	39.1917347491	56.8484347439
	39.1972830872	56.8588149544
	39.2034984441	56.8688100613
	39.2103542047	56.8783772642
	39.2178210117	56.8874755948
	39.2258668909	56.8960660925
	39.2292009363	56.899400138
	39.2377914341	56.9074460171
	39.2468897646	56.9149128241
	39.2564569675	56.9217685847
	39.2664520744	56.9279839416
	39.2768322849	56.9335322797
	39.2875531491	56.9383898401
	39.2985687589	56.942535822
	39.3098319436	56.9459524717
	39.3212944725	56.9486251586
	39.3329072613	56.9505424378
	39.3446205824	56.9516960992
	39.3563842773	56.9520812027
	39.3763809204	56.9520812027
	39.3881446154	56.9516960992
	39.3962806977	56.9509769808
	39.4054192274	56.9518105402
	39.4171829224	56.9521956437
	39.4289466173	56.9518105402
	39.4370320809	56.9510970494
	39.4565228174	56.963048512
	39.4606125358	56.9654824157
	39.4709927463	56.9710307538
	39.47216059	56.9716014338
	39.4813311223	56.9760417415
	39.4908841428	56.9803286218
	39.4970391115	56.9827465141
	39.5067665895	56.9863628471
	39.5116272306	56.9880909368
	39.5228904153	56.9915075865
	39.5244037923	56.9919060463
	39.5405094442	56.9960716958
	39.550458596	56.9983459228
	39.5620713849	57.000263202
	39.5718374072	57.0012786136
	39.6154470263	57.004612659
	39.617394325	57.0047509088
	39.62915802	57.0051360123
	39.6315604471	57.0051199671
	39.6521216654	57.0048453089
	39.6614829333	57.0044762506
	39.6638244804	57.0043074238
	39.6779846367	57.0031935322
	39.6873564105	57.0022086976
	39.6890736205	57.0019742004
	39.7204609496	56.9975338927
	39.7303565285	56.9958511108
	39.7370171231	56.9943944813
	39.7917503995	56.9813329579
	39.7965523338	56.9801169004
	39.8078155184	56.9767002507
	39.8172847817	56.9731863893
	39.8331157754	56.9668005861
	39.8346621218	56.9661684656
	39.8404766251	56.9636390419
	39.8460450547	56.963174534
	39.8632467201	56.9624906948
	39.8678656847	56.9622475519
	39.8795790058	56.9610938904
	39.8911917946	56.9591766112
	39.9026543235	56.9565039244
	39.9139175082	56.9530872746
END
END
