none
1
   1.764984E+01   4.288908E+01
   1.757853E+01   4.294382E+01
   1.766833E+01   4.296055E+01
   1.767667E+01   4.296333E+01
   1.768361E+01   4.296722E+01
   1.768802E+01   4.297461E+01
   1.768083E+01   4.299278E+01
   1.767056E+01   4.301666E+01
   1.766472E+01   4.302916E+01
   1.765916E+01   4.303944E+01
   1.764972E+01   4.305499E+01
   1.764306E+01   4.306389E+01
   1.763028E+01   4.307694E+01
   1.758944E+01   4.310222E+01
   1.757139E+01   4.311222E+01
   1.755917E+01   4.311778E+01
   1.743472E+01   4.317944E+01
   1.730944E+01   4.327055E+01
   1.729805E+01   4.328083E+01
   1.728972E+01   4.329694E+01
   1.728555E+01   4.330722E+01
   1.727916E+01   4.332527E+01
   1.727722E+01   4.333277E+01
   1.725611E+01   4.341444E+01
   1.725722E+01   4.342278E+01
   1.726194E+01   4.342860E+01
   1.727028E+01   4.343639E+01
   1.727194E+01   4.344444E+01
   1.727111E+01   4.344861E+01
   1.726944E+01   4.345194E+01
   1.726167E+01   4.345972E+01
   1.724778E+01   4.346833E+01
   1.722333E+01   4.347805E+01
   1.716027E+01   4.349777E+01
   1.711500E+01   4.350694E+01
   1.709833E+01   4.351361E+01
   1.707139E+01   4.352638E+01
   1.705972E+01   4.353194E+01
   1.704639E+01   4.354055E+01
   1.697639E+01   4.358611E+01
   1.695583E+01   4.360333E+01
   1.693750E+01   4.362167E+01
   1.682972E+01   4.372555E+01
   1.671194E+01   4.382639E+01
   1.670722E+01   4.384111E+01
   1.670138E+01   4.385055E+01
   1.669666E+01   4.385611E+01
   1.665028E+01   4.390805E+01
   1.664250E+01   4.391638E+01
   1.653722E+01   4.401361E+01
   1.652972E+01   4.401778E+01
   1.651611E+01   4.402194E+01
   1.650472E+01   4.402305E+01
   1.646361E+01   4.402667E+01
   1.643889E+01   4.403194E+01
   1.642667E+01   4.403694E+01
   1.641555E+01   4.404333E+01
   1.635472E+01   4.408167E+01
   1.633889E+01   4.409333E+01
   1.632972E+01   4.410416E+01
   1.632306E+01   4.411805E+01
   1.632250E+01   4.412221E+01
   1.631694E+01   4.413583E+01
   1.630944E+01   4.414861E+01
   1.630222E+01   4.415722E+01
   1.628028E+01   4.417694E+01
   1.626500E+01   4.418944E+01
   1.624929E+01   4.419673E+01
   1.623805E+01   4.419833E+01
   1.621444E+01   4.419750E+01
   1.619917E+01   4.419527E+01
   1.617222E+01   4.419221E+01
   1.616000E+01   4.419277E+01
   1.615000E+01   4.419444E+01
   1.614555E+01   4.419666E+01
   1.614306E+01   4.419944E+01
   1.614333E+01   4.420416E+01
   1.619194E+01   4.431389E+01
   1.619806E+01   4.435361E+01
   1.613333E+01   4.448611E+01
   1.612639E+01   4.449860E+01
   1.611916E+01   4.450694E+01
   1.611166E+01   4.451138E+01
   1.607417E+01   4.453055E+01
   1.603333E+01   4.457417E+01
   1.601056E+01   4.461694E+01
   1.596167E+01   4.469389E+01
   1.595694E+01   4.470000E+01
   1.594389E+01   4.470861E+01
   1.593944E+01   4.471055E+01
   1.592861E+01   4.471222E+01
   1.587500E+01   4.471027E+01
   1.586417E+01   4.471139E+01
   1.585889E+01   4.471249E+01
   1.585472E+01   4.471444E+01
   1.576750E+01   4.477611E+01
   1.576000E+01   4.478388E+01
   1.574222E+01   4.480360E+01
   1.573694E+01   4.481249E+01
   1.573639E+01   4.481694E+01
   1.573889E+01   4.482417E+01
   1.574361E+01   4.482999E+01
   1.576916E+01   4.492278E+01
   1.576500E+01   4.505639E+01
   1.576472E+01   4.507361E+01
   1.576555E+01   4.508222E+01
   1.578111E+01   4.516194E+01
   1.578666E+01   4.517194E+01
   1.579417E+01   4.517999E+01
   1.580250E+01   4.518805E+01
   1.581111E+01   4.519555E+01
   1.582333E+01   4.520528E+01
   1.583417E+01   4.521194E+01
   1.588250E+01   4.522250E+01
   1.592500E+01   4.522805E+01
   1.593667E+01   4.522861E+01
   1.601527E+01   4.521833E+01
   1.602305E+01   4.521500E+01
   1.603611E+01   4.520583E+01
   1.610944E+01   4.513083E+01
   1.611611E+01   4.512167E+01
   1.619722E+01   4.504444E+01
   1.620972E+01   4.503444E+01
   1.622028E+01   4.502833E+01
   1.624806E+01   4.501500E+01
   1.626388E+01   4.500833E+01
   1.629176E+01   4.499912E+01
   1.634271E+01   4.500090E+01
   1.635121E+01   4.500359E+01
   1.635702E+01   4.500850E+01
   1.635970E+01   4.501655E+01
   1.636640E+01   4.504202E+01
   1.641781E+01   4.512426E+01
   1.647639E+01   4.518583E+01
   1.650228E+01   4.520963E+01
   1.650854E+01   4.521455E+01
   1.652639E+01   4.522444E+01
   1.653044E+01   4.522617E+01
   1.654116E+01   4.522707E+01
   1.658988E+01   4.523019E+01
   1.660195E+01   4.523019E+01
   1.662966E+01   4.522081E+01
   1.666278E+01   4.521027E+01
   1.668278E+01   4.520499E+01
   1.681250E+01   4.518749E+01
   1.682444E+01   4.518749E+01
   1.683839E+01   4.519041E+01
   1.684599E+01   4.519443E+01
   1.684688E+01   4.519846E+01
   1.684644E+01   4.520203E+01
   1.691392E+01   4.526595E+01
   1.703639E+01   4.522722E+01
   1.704028E+01   4.521249E+01
   1.704361E+01   4.520611E+01
   1.705000E+01   4.520139E+01
   1.707111E+01   4.518833E+01
   1.717722E+01   4.514861E+01
   1.718833E+01   4.514805E+01
   1.723055E+01   4.514666E+01
   1.724056E+01   4.514861E+01
   1.724667E+01   4.515305E+01
   1.728250E+01   4.517638E+01
   1.748111E+01   4.513110E+01
   1.748444E+01   4.511805E+01
   1.748389E+01   4.511111E+01
   1.749416E+01   4.510999E+01
   1.751955E+01   4.510951E+01
   1.759639E+01   4.510889E+01
   1.769000E+01   4.512277E+01
   1.775805E+01   4.508666E+01
   1.783278E+01   4.505555E+01
   1.785194E+01   4.504944E+01
   1.786389E+01   4.504833E+01
   1.787361E+01   4.505028E+01
   1.791250E+01   4.506805E+01
   1.793305E+01   4.508028E+01
   1.807027E+01   4.510444E+01
   1.811083E+01   4.508611E+01
   1.812000E+01   4.508333E+01
   1.813028E+01   4.508222E+01
   1.816694E+01   4.507861E+01
   1.817917E+01   4.507777E+01
   1.819750E+01   4.508167E+01
   1.820556E+01   4.508500E+01
   1.821278E+01   4.508888E+01
   1.821805E+01   4.509528E+01
   1.821750E+01   4.510222E+01
   1.821278E+01   4.510777E+01
   1.821028E+01   4.511472E+01
   1.821139E+01   4.512333E+01
   1.821666E+01   4.512971E+01
   1.823306E+01   4.513583E+01
   1.825194E+01   4.513889E+01
   1.826972E+01   4.513667E+01
   1.841917E+01   4.510889E+01
   1.863416E+01   4.508333E+01
   1.879417E+01   4.499721E+01
   1.879583E+01   4.499000E+01
   1.880083E+01   4.494971E+01
   1.879778E+01   4.494221E+01
   1.879000E+01   4.493889E+01
   1.878055E+01   4.494028E+01
   1.877361E+01   4.494444E+01
   1.876388E+01   4.494500E+01
   1.876111E+01   4.493889E+01
   1.876806E+01   4.491583E+01
   1.878805E+01   4.489972E+01
   1.879417E+01   4.489500E+01
   1.883444E+01   4.486805E+01
   1.884139E+01   4.486361E+01
   1.885000E+01   4.486083E+01
   1.886111E+01   4.485860E+01
   1.895722E+01   4.485305E+01
   1.896833E+01   4.485361E+01
   1.902972E+01   4.486028E+01
   1.903972E+01   4.486138E+01
   1.912111E+01   4.490138E+01
   1.916805E+01   4.492139E+01
   1.917722E+01   4.492361E+01
   1.918805E+01   4.492333E+01
   1.929944E+01   4.491027E+01
   1.931028E+01   4.490861E+01
   1.937139E+01   4.488916E+01
   1.938162E+01   4.486658E+01
   1.938277E+01   4.486305E+01
   1.934583E+01   4.476917E+01
   1.934461E+01   4.476630E+01
   1.933611E+01   4.474721E+01
   1.931361E+01   4.470472E+01
   1.919398E+01   4.456016E+01
   1.913588E+01   4.452486E+01
   1.912814E+01   4.452142E+01
   1.912340E+01   4.451454E+01
   1.910555E+01   4.437666E+01
   1.910444E+01   4.435583E+01
   1.912770E+01   4.431657E+01
   1.913028E+01   4.431389E+01
   1.915805E+01   4.428833E+01
   1.916171E+01   4.428601E+01
   1.916583E+01   4.428444E+01
   1.923487E+01   4.426536E+01
   1.924000E+01   4.426500E+01
   1.935795E+01   4.420941E+01
   1.948583E+01   4.412028E+01
   1.959694E+01   4.406027E+01
   1.961703E+01   4.405491E+01
   1.961972E+01   4.405222E+01
   1.962048E+01   4.404845E+01
   1.962176E+01   4.402177E+01
   1.961944E+01   4.401888E+01
   1.961617E+01   4.401660E+01
   1.953225E+01   4.396238E+01
   1.952450E+01   4.395894E+01
   1.951418E+01   4.395808E+01
   1.948528E+01   4.395889E+01
   1.942853E+01   4.396066E+01
   1.937417E+01   4.396555E+01
   1.936583E+01   4.396916E+01
   1.935972E+01   4.397416E+01
   1.935527E+01   4.397972E+01
   1.935150E+01   4.398174E+01
   1.931111E+01   4.399694E+01
   1.930674E+01   4.399853E+01
   1.924433E+01   4.401445E+01
   1.923944E+01   4.401416E+01
   1.923702E+01   4.401101E+01
   1.923702E+01   4.400283E+01
   1.925122E+01   4.396238E+01
   1.936694E+01   4.385944E+01
   1.943750E+01   4.380028E+01
   1.947528E+01   4.377277E+01
   1.948750E+01   4.376333E+01
   1.949278E+01   4.375361E+01
   1.949833E+01   4.374027E+01
   1.950083E+01   4.373389E+01
   1.950555E+01   4.371889E+01
   1.950972E+01   4.370027E+01
   1.951028E+01   4.369194E+01
   1.951083E+01   4.367972E+01
   1.949389E+01   4.358805E+01
   1.948055E+01   4.357139E+01
   1.940861E+01   4.358444E+01
   1.928750E+01   4.354417E+01
   1.922881E+01   4.351321E+01
   1.922389E+01   4.351639E+01
   1.921167E+01   4.352166E+01
   1.901167E+01   4.355611E+01
   1.900666E+01   4.355583E+01
   1.895166E+01   4.351250E+01
   1.894944E+01   4.350944E+01
   1.894861E+01   4.350527E+01
   1.894972E+01   4.349694E+01
   1.895583E+01   4.345833E+01
   1.895667E+01   4.345444E+01
   1.896028E+01   4.345250E+01
   1.897694E+01   4.345305E+01
   1.898861E+01   4.345250E+01
   1.899861E+01   4.345000E+01
   1.901139E+01   4.344472E+01
   1.902305E+01   4.343556E+01
   1.902750E+01   4.342916E+01
   1.909361E+01   4.330888E+01
   1.909222E+01   4.330167E+01
   1.907889E+01   4.326250E+01
   1.907222E+01   4.324806E+01
   1.906861E+01   4.324139E+01
   1.906583E+01   4.323888E+01
   1.905500E+01   4.323250E+01
   1.904887E+01   4.323103E+01
   1.901667E+01   4.323944E+01
   1.895692E+01   4.329083E+01
   1.895444E+01   4.329361E+01
   1.895194E+01   4.330028E+01
   1.895417E+01   4.330888E+01
   1.896054E+01   4.331892E+01
   1.896029E+01   4.332668E+01
   1.895750E+01   4.332916E+01
   1.891972E+01   4.335722E+01
   1.891424E+01   4.335831E+01
   1.890861E+01   4.335833E+01
   1.888833E+01   4.335638E+01
   1.887333E+01   4.335469E+01
   1.883934E+01   4.334802E+01
   1.870667E+01   4.326028E+01
   1.870000E+01   4.325555E+01
   1.869778E+01   4.325250E+01
   1.864583E+01   4.314722E+01
   1.864389E+01   4.313916E+01
   1.864500E+01   4.313166E+01
   1.865056E+01   4.312221E+01
   1.865361E+01   4.311527E+01
   1.865778E+01   4.309166E+01
   1.865916E+01   4.308028E+01
   1.865778E+01   4.307194E+01
   1.865167E+01   4.304749E+01
   1.865000E+01   4.304417E+01
   1.864722E+01   4.304138E+01
   1.864083E+01   4.303722E+01
   1.863166E+01   4.303444E+01
   1.857972E+01   4.302916E+01
   1.855222E+01   4.302277E+01
   1.853555E+01   4.301722E+01
   1.852444E+01   4.301221E+01
   1.850889E+01   4.300055E+01
   1.849722E+01   4.299027E+01
   1.848389E+01   4.297194E+01
   1.848055E+01   4.296444E+01
   1.847861E+01   4.295638E+01
   1.845444E+01   4.283333E+01
   1.845556E+01   4.282555E+01
   1.845722E+01   4.282222E+01
   1.849083E+01   4.276639E+01
   1.851583E+01   4.273111E+01
   1.851861E+01   4.272861E+01
   1.852639E+01   4.272444E+01
   1.853555E+01   4.272222E+01
   1.854667E+01   4.272083E+01
   1.855139E+01   4.271916E+01
   1.855805E+01   4.271527E+01
   1.856028E+01   4.271222E+01
   1.856167E+01   4.270916E+01
   1.857638E+01   4.266305E+01
   1.857750E+01   4.265500E+01
   1.857444E+01   4.264333E+01
   1.857055E+01   4.263583E+01
   1.856583E+01   4.263055E+01
   1.855000E+01   4.261944E+01
   1.853666E+01   4.261083E+01
   1.846389E+01   4.256944E+01
   1.845556E+01   4.256583E+01
   1.841194E+01   4.260638E+01
   1.839750E+01   4.261444E+01
   1.836250E+01   4.262666E+01
   1.834666E+01   4.262917E+01
   1.833528E+01   4.262888E+01
   1.831167E+01   4.261944E+01
   1.830250E+01   4.261694E+01
   1.828805E+01   4.261444E+01
   1.827694E+01   4.261556E+01
   1.826861E+01   4.261833E+01
   1.826500E+01   4.262028E+01
   1.823194E+01   4.264222E+01
   1.822194E+01   4.264889E+01
   1.816055E+01   4.269500E+01
   1.799889E+01   4.276138E+01
   1.798222E+01   4.276805E+01
   1.796000E+01   4.277916E+01
   1.788277E+01   4.281916E+01
   1.787666E+01   4.282361E+01
   1.784750E+01   4.285667E+01
   1.784528E+01   4.285972E+01
   1.784111E+01   4.287028E+01
   1.779750E+01   4.290389E+01
   1.774444E+01   4.292027E+01
   1.771500E+01   4.292694E+01
   1.769806E+01   4.292722E+01
   1.768777E+01   4.292166E+01
   1.768444E+01   4.291888E+01
   1.764984E+01   4.288908E+01
END
END
