none
1
   1.726169E+00   4.256700E+01
   1.724794E+00   4.257499E+01
   1.710109E+00   4.259992E+01
   1.693770E+00   4.260975E+01
   1.602827E+00   4.261382E+01
   1.560687E+00   4.263920E+01
   1.546365E+00   4.264166E+01
   1.504443E+00   4.263310E+01
   1.492096E+00   4.262502E+01
   1.472384E+00   4.259703E+01
   1.437922E+00   4.259264E+01
   1.419356E+00   4.260643E+01
   1.380320E+00   4.267415E+01
   1.373353E+00   4.268127E+01
   1.333134E+00   4.270563E+01
   1.323642E+00   4.270850E+01
   1.232212E+00   4.271248E+01
   1.165543E+00   4.269928E+01
   1.085465E+00   4.276635E+01
   1.075637E+00   4.277079E+01
   9.593748E-01   4.278852E+01
   9.507323E-01   4.278794E+01
   9.226515E-01   4.277970E+01
   8.460624E-01   4.281570E+01
   7.151135E-01   4.284640E+01
   7.001699E-01   4.284402E+01
   6.911674E-01   4.283186E+01
   6.740937E-01   4.276479E+01
   6.747382E-01   4.275286E+01
   6.919171E-01   4.270684E+01
   6.689955E-01   4.267901E+01
   4.302428E-01   4.267863E+01
   3.715037E-01   4.270308E+01
   3.595376E-01   4.270415E+01
   3.491168E-01   4.269817E+01
   3.256688E-01   4.267274E+01
   2.957095E-01   4.266388E+01
   2.459353E-01   4.270175E+01
   2.397249E-01   4.270494E+01
   1.896690E-01   4.272039E+01
   1.791886E-01   4.272075E+01
   -1.993262E-02   4.267389E+01
   -6.725834E-02   4.268480E+01
   -1.694885E-01   4.277157E+01
   -2.998662E-01   4.282697E+01
   -3.014315E-01   4.282691E+01
   -3.146730E-01   4.284847E+01
   -3.113110E-01   4.285608E+01
   -3.118950E-01   4.286225E+01
   -3.089660E-01   4.287027E+01
   -3.172200E-01   4.288186E+01
   -3.174800E-01   4.289378E+01
   -3.260850E-01   4.290354E+01
   -3.249410E-01   4.290770E+01
   -3.275370E-01   4.291666E+01
   -3.121320E-01   4.291909E+01
   -3.082510E-01   4.292669E+01
   -2.966090E-01   4.293214E+01
   -2.873240E-01   4.293098E+01
   -2.825970E-01   4.293431E+01
   -2.808140E-01   4.294057E+01
   -2.843520E-01   4.295365E+01
   -2.921150E-01   4.296037E+01
   -2.890670E-01   4.296788E+01
   -2.924290E-01   4.297642E+01
   -2.916280E-01   4.298072E+01
   -2.944720E-01   4.299320E+01
   -2.904940E-01   4.299756E+01
   -2.904790E-01   4.300265E+01
   -2.882670E-01   4.300664E+01
   -2.681320E-01   4.300960E+01
   -2.611260E-01   4.301476E+01
   -2.603650E-01   4.301995E+01
   -2.575150E-01   4.302391E+01
   -2.585170E-01   4.302952E+01
   -2.625290E-01   4.303300E+01
   -2.614650E-01   4.303872E+01
   -2.469820E-01   4.304409E+01
   -2.228480E-01   4.303519E+01
   -2.128660E-01   4.303802E+01
   -2.087760E-01   4.304295E+01
   -1.996570E-01   4.304415E+01
   -1.925720E-01   4.305174E+01
   -1.923000E-01   4.305480E+01
   -1.990910E-01   4.306214E+01
   -2.004880E-01   4.306812E+01
   -1.888900E-01   4.308537E+01
   -1.898300E-01   4.309052E+01
   -1.963090E-01   4.309413E+01
   -1.990860E-01   4.309881E+01
   -1.989850E-01   4.310287E+01
   -1.930210E-01   4.310803E+01
   -1.948240E-01   4.311604E+01
   -1.851160E-01   4.311585E+01
   -1.816960E-01   4.311317E+01
   -1.753660E-01   4.311253E+01
   -1.669880E-01   4.312291E+01
   -1.578110E-01   4.312389E+01
   -1.463590E-01   4.313081E+01
   -1.432320E-01   4.313502E+01
   -1.436270E-01   4.314378E+01
   -1.391860E-01   4.315037E+01
   -1.287400E-01   4.315927E+01
   -1.226470E-01   4.317701E+01
   -1.184170E-01   4.318127E+01
   -1.112700E-01   4.318089E+01
   -1.041670E-01   4.317036E+01
   -1.012970E-01   4.316944E+01
   -9.869400E-02   4.317096E+01
   -9.527000E-02   4.317849E+01
   -7.358600E-02   4.317822E+01
   -7.036900E-02   4.318058E+01
   -7.257600E-02   4.319164E+01
   -7.122400E-02   4.320113E+01
   -7.422400E-02   4.320801E+01
   -7.418900E-02   4.321998E+01
   -8.987800E-02   4.322809E+01
   -9.357500E-02   4.324103E+01
   -1.091920E-01   4.324171E+01
   -1.223060E-01   4.324007E+01
   -1.273430E-01   4.325127E+01
   -1.374000E-01   4.326129E+01
   -1.419930E-01   4.327170E+01
   -1.384930E-01   4.328659E+01
   -1.306900E-01   4.329076E+01
   -1.278830E-01   4.329495E+01
   -1.273240E-01   4.329995E+01
   -1.214570E-01   4.330716E+01
   -1.135240E-01   4.331262E+01
   -1.170720E-01   4.332295E+01
   -1.158150E-01   4.333351E+01
   -1.099270E-01   4.333913E+01
   -9.254300E-02   4.333530E+01
   -8.931900E-02   4.333807E+01
   -9.045200E-02   4.334773E+01
   -9.294900E-02   4.335070E+01
   -9.347100E-02   4.335506E+01
   -1.050640E-01   4.335828E+01
   -1.081770E-01   4.336509E+01
   -1.082230E-01   4.337165E+01
   -9.461100E-02   4.337552E+01
   -8.114400E-02   4.337222E+01
   -7.841000E-02   4.336716E+01
   -7.111300E-02   4.336219E+01
   -6.735500E-02   4.335681E+01
   -6.413300E-02   4.335590E+01
   -6.060200E-02   4.334354E+01
   -3.333600E-02   4.333970E+01
   -2.429900E-02   4.333327E+01
   -9.510000E-04   4.333482E+01
   1.128000E-02   4.332900E+01
   2.486200E-02   4.334152E+01
   2.595300E-02   4.334517E+01
   1.693000E-02   4.335192E+01
   1.188800E-02   4.335869E+01
   5.306000E-03   4.336194E+01
   3.891000E-03   4.336657E+01
   -7.008000E-03   4.337277E+01
   -5.778000E-03   4.337869E+01
   -2.284000E-03   4.338325E+01
   -3.251000E-03   4.338976E+01
   -5.826000E-03   4.339313E+01
   -5.381000E-03   4.339862E+01
   -2.382000E-03   4.340600E+01
   4.337000E-03   4.341383E+01
   6.368000E-03   4.342077E+01
   4.491000E-03   4.342418E+01
   -5.883000E-03   4.343105E+01
   -3.476000E-03   4.343809E+01
   -4.536000E-03   4.344175E+01
   -8.368000E-03   4.344288E+01
   -1.494400E-02   4.344137E+01
   -2.284400E-02   4.342982E+01
   -3.015500E-02   4.342898E+01
   -3.714200E-02   4.341524E+01
   -4.344000E-02   4.340862E+01
   -5.531700E-02   4.341076E+01
   -6.474000E-02   4.340805E+01
   -6.835700E-02   4.340988E+01
   -6.339400E-02   4.341839E+01
   -5.901400E-02   4.342011E+01
   -5.747900E-02   4.342283E+01
   -5.933500E-02   4.342702E+01
   -6.948500E-02   4.343118E+01
   -7.191900E-02   4.343462E+01
   -6.770100E-02   4.344161E+01
   -6.747100E-02   4.344613E+01
   -6.303400E-02   4.345237E+01
   -6.730500E-02   4.346112E+01
   -6.650600E-02   4.346442E+01
   -5.724000E-02   4.346639E+01
   -3.727100E-02   4.346641E+01
   -3.374200E-02   4.346859E+01
   -3.346600E-02   4.347158E+01
   -3.592200E-02   4.347457E+01
   -3.494800E-02   4.347900E+01
   -3.664100E-02   4.348637E+01
   -5.085500E-02   4.349186E+01
   -4.282000E-02   4.351103E+01
   -4.536700E-02   4.351685E+01
   -4.569900E-02   4.352352E+01
   -5.662000E-02   4.353197E+01
   -6.107600E-02   4.353892E+01
   -6.752700E-02   4.353936E+01
   -7.090500E-02   4.354536E+01
   -7.864000E-02   4.354545E+01
   -8.754600E-02   4.354090E+01
   -9.437700E-02   4.354262E+01
   -9.501800E-02   4.354879E+01
   -9.029400E-02   4.355875E+01
   -9.448100E-02   4.356312E+01
   -9.374600E-02   4.356930E+01
   -9.784600E-02   4.357545E+01
   -9.891600E-02   4.358058E+01
   -1.077620E-01   4.358044E+01
   -1.182030E-01   4.358394E+01
   -1.284070E-01   4.357997E+01
   -1.390480E-01   4.357838E+01
   -1.435850E-01   4.358324E+01
   -1.504940E-01   4.358448E+01
   -1.611480E-01   4.357930E+01
   -1.768510E-01   4.359338E+01
   -1.904560E-01   4.358660E+01
   -2.048210E-01   4.358251E+01
   -2.103600E-01   4.359022E+01
   -2.132260E-01   4.359085E+01
   -2.293120E-01   4.358852E+01
   -2.332640E-01   4.358267E+01
   -2.419210E-01   4.358205E+01
   -2.488930E-01   4.358955E+01
   -2.506630E-01   4.359524E+01
   -2.555670E-01   4.359658E+01
   -2.556200E-01   4.360009E+01
   -2.493620E-01   4.360713E+01
   -2.503090E-01   4.361281E+01
   -2.624190E-01   4.361534E+01
   -2.773650E-01   4.361467E+01
   -2.807370E-01   4.361759E+01
   -2.826730E-01   4.362371E+01
   -2.833110E-01   4.364377E+01
   -2.793480E-01   4.364371E+01
   -2.699340E-01   4.363929E+01
   -2.668560E-01   4.363973E+01
   -2.652030E-01   4.364236E+01
   -2.642550E-01   4.365360E+01
   -2.530360E-01   4.365442E+01
   -2.475220E-01   4.365734E+01
   -2.460960E-01   4.366058E+01
   -2.463810E-01   4.366915E+01
   -2.590740E-01   4.367370E+01
   -2.575430E-01   4.367864E+01
   -2.582600E-01   4.368392E+01
   -2.511360E-01   4.368556E+01
   -2.489390E-01   4.368934E+01
   -2.429740E-01   4.369319E+01
   -2.431420E-01   4.369590E+01
   -2.464610E-01   4.369887E+01
   -2.467990E-01   4.370296E+01
   -2.516360E-01   4.370839E+01
   -2.438260E-01   4.371337E+01
   -2.305300E-01   4.371588E+01
   -2.103690E-01   4.372614E+01
   -1.982230E-01   4.373719E+01
   -1.966810E-01   4.374271E+01
   -2.000710E-01   4.374719E+01
   -2.080220E-01   4.374870E+01
   -2.172240E-01   4.374784E+01
   -2.194200E-01   4.375005E+01
   -2.188730E-01   4.375480E+01
   -2.128940E-01   4.375769E+01
   -2.116210E-01   4.376035E+01
   -2.133330E-01   4.376674E+01
   -2.182310E-01   4.376949E+01
   -2.187870E-01   4.377174E+01
   -2.151780E-01   4.377893E+01
   -2.171660E-01   4.378321E+01
   -2.234980E-01   4.378684E+01
   -2.215320E-01   4.379685E+01
   -2.273880E-01   4.380409E+01
   -2.283600E-01   4.380840E+01
   -2.268890E-01   4.381038E+01
   -2.190040E-01   4.381126E+01
   -2.159500E-01   4.381375E+01
   -2.107240E-01   4.381088E+01
   -1.988300E-01   4.380880E+01
   -1.945520E-01   4.381278E+01
   -1.992960E-01   4.382899E+01
   -1.979970E-01   4.383185E+01
   -1.940820E-01   4.383343E+01
   -1.935450E-01   4.383742E+01
   -1.962620E-01   4.384328E+01
   -2.022060E-01   4.385036E+01
   -2.079790E-01   4.385384E+01
   -2.096800E-01   4.385783E+01
   -2.006190E-01   4.386346E+01
   -1.993070E-01   4.386989E+01
   -1.938210E-01   4.387522E+01
   -1.936050E-01   4.387790E+01
   -1.987630E-01   4.388231E+01
   -2.114570E-01   4.388371E+01
   -2.207980E-01   4.389022E+01
   -2.266680E-01   4.388843E+01
   -2.344770E-01   4.388977E+01
   -2.396690E-01   4.389330E+01
   -2.413240E-01   4.389858E+01
   -2.353290E-01   4.390232E+01
   -2.301300E-01   4.391210E+01
   -2.254610E-01   4.391509E+01
   -2.228180E-01   4.391554E+01
   -2.184130E-01   4.391103E+01
   -2.156860E-01   4.391053E+01
   -2.013300E-01   4.391609E+01
   -1.925890E-01   4.392773E+01
   -1.829430E-01   4.393126E+01
   -1.799660E-01   4.394008E+01
   -1.699040E-01   4.393210E+01
   -1.642660E-01   4.393023E+01
   -1.556150E-01   4.393393E+01
   -1.533790E-01   4.394121E+01
   -1.370450E-01   4.393854E+01
   -1.298850E-01   4.394116E+01
   -1.253170E-01   4.394574E+01
   -1.095570E-01   4.393452E+01
   -1.023760E-01   4.393312E+01
   -9.954500E-02   4.393842E+01
   -9.933300E-02   4.394344E+01
   -9.398000E-02   4.394965E+01
   -8.802300E-02   4.395022E+01
   -8.058700E-02   4.394505E+01
   -7.490900E-02   4.394624E+01
   -7.174900E-02   4.394781E+01
   -6.964900E-02   4.395260E+01
   -6.006500E-02   4.396221E+01
   -4.655700E-02   4.396304E+01
   -3.626500E-02   4.398555E+01
   -1.877000E-02   4.397252E+01
   3.106000E-03   4.396052E+01
   7.422000E-03   4.395582E+01
   6.873000E-03   4.394289E+01
   -7.740000E-03   4.393765E+01
   -9.947000E-03   4.393389E+01
   -1.500300E-02   4.393259E+01
   -1.707800E-02   4.392902E+01
   -1.571200E-02   4.392636E+01
   -1.239100E-02   4.392458E+01
   -5.468000E-03   4.392475E+01
   4.685000E-03   4.391813E+01
   1.839900E-02   4.391265E+01
   3.155600E-02   4.390219E+01
   4.147300E-02   4.390533E+01
   5.575400E-02   4.389931E+01
   6.809800E-02   4.390612E+01
   7.203300E-02   4.391710E+01
   7.101600E-02   4.392698E+01
   6.727800E-02   4.393677E+01
   6.181700E-02   4.394039E+01
   6.112700E-02   4.394543E+01
   5.601100E-02   4.394888E+01
   5.406000E-02   4.395358E+01
   5.453700E-02   4.396158E+01
   6.379400E-02   4.396795E+01
   6.521100E-02   4.397373E+01
   7.409200E-02   4.398367E+01
   8.054800E-02   4.398293E+01
   8.854600E-02   4.398693E+01
   1.040230E-01   4.398593E+01
   1.139630E-01   4.398919E+01
   1.190810E-01   4.399666E+01
   1.240830E-01   4.399842E+01
   1.269580E-01   4.400339E+01
   1.386430E-01   4.399935E+01
   1.431840E-01   4.399484E+01
   1.408360E-01   4.397807E+01
   1.544490E-01   4.397417E+01
   1.584030E-01   4.397481E+01
   1.639220E-01   4.397962E+01
   1.649340E-01   4.398532E+01
   1.631890E-01   4.399485E+01
   1.659380E-01   4.399802E+01
   1.801770E-01   4.400384E+01
   1.830540E-01   4.400952E+01
   1.892130E-01   4.401576E+01
   2.012410E-01   4.401700E+01
   2.052450E-01   4.402226E+01
   2.095650E-01   4.402160E+01
   2.138520E-01   4.402426E+01
   2.244510E-01   4.402051E+01
   2.302370E-01   4.402386E+01
   2.343190E-01   4.402332E+01
   2.366380E-01   4.402125E+01
   2.353410E-01   4.401113E+01
   2.412450E-01   4.400812E+01
   2.512530E-01   4.400531E+01
   2.572470E-01   4.400936E+01
   2.630880E-01   4.400569E+01
   2.696890E-01   4.400525E+01
   2.739060E-01   4.400033E+01
   2.820160E-01   4.399947E+01
   3.013930E-01   4.399340E+01
   3.144970E-01   4.399791E+01
   3.155180E-01   4.400164E+01
   3.126160E-01   4.400868E+01
   3.150800E-01   4.401112E+01
   3.267710E-01   4.400878E+01
   3.582870E-01   4.401823E+01
   3.663750E-01   4.401551E+01
   3.712490E-01   4.400960E+01
   3.804390E-01   4.400804E+01
   3.891120E-01   4.401655E+01
   3.905060E-01   4.402089E+01
   3.969790E-01   4.402371E+01
   4.100460E-01   4.402315E+01
   4.171550E-01   4.403077E+01
   4.258220E-01   4.402795E+01
   4.386410E-01   4.403081E+01
   4.439000E-01   4.403999E+01
   4.591800E-01   4.405673E+01
   4.809210E-01   4.405570E+01
   4.856200E-01   4.406043E+01
   4.901640E-01   4.405797E+01
   5.045480E-01   4.405856E+01
   5.115130E-01   4.406469E+01
   5.231910E-01   4.405823E+01
   5.318940E-01   4.405891E+01
   5.384580E-01   4.405580E+01
   5.446950E-01   4.405784E+01
   5.536910E-01   4.405676E+01
   5.659260E-01   4.406149E+01
   5.677670E-01   4.406645E+01
   5.739790E-01   4.407215E+01
   5.750820E-01   4.407694E+01
   5.882350E-01   4.407864E+01
   5.916520E-01   4.408128E+01
   6.017180E-01   4.407923E+01
   6.032180E-01   4.407558E+01
   6.087830E-01   4.407167E+01
   6.253220E-01   4.406407E+01
   6.295180E-01   4.406044E+01
   6.331740E-01   4.405248E+01
   6.392980E-01   4.405082E+01
   6.436340E-01   4.404576E+01
   6.500460E-01   4.404579E+01
   6.548080E-01   4.404359E+01
   6.560090E-01   4.403305E+01
   6.615760E-01   4.402625E+01
   6.747260E-01   4.402811E+01
   6.777510E-01   4.403084E+01
   6.775350E-01   4.403708E+01
   6.847520E-01   4.404700E+01
   6.957140E-01   4.404812E+01
   6.993200E-01   4.405360E+01
   7.071500E-01   4.405948E+01
   7.183340E-01   4.405906E+01
   7.363230E-01   4.406490E+01
   7.374220E-01   4.407679E+01
   7.456880E-01   4.408769E+01
   7.467500E-01   4.409789E+01
   7.504230E-01   4.410017E+01
   7.557500E-01   4.410834E+01
   7.693180E-01   4.411377E+01
   7.738500E-01   4.411801E+01
   7.842960E-01   4.411367E+01
   7.900030E-01   4.411582E+01
   7.940700E-01   4.412228E+01
   7.943880E-01   4.413174E+01
   7.869220E-01   4.414306E+01
   7.878070E-01   4.414554E+01
   7.959120E-01   4.414697E+01
   8.001140E-01   4.414532E+01
   8.049240E-01   4.414644E+01
   8.196280E-01   4.414514E+01
   8.325550E-01   4.413871E+01
   8.641040E-01   4.412822E+01
   8.758550E-01   4.413159E+01
   8.771150E-01   4.413757E+01
   8.820940E-01   4.414356E+01
   8.867810E-01   4.414622E+01
   8.874650E-01   4.415407E+01
   8.835030E-01   4.416093E+01
   8.879560E-01   4.416602E+01
   8.879740E-01   4.416900E+01
   8.815750E-01   4.417274E+01
   8.707100E-01   4.416664E+01
   8.627320E-01   4.417186E+01
   8.528200E-01   4.417381E+01
   8.512500E-01   4.417673E+01
   8.521610E-01   4.418487E+01
   8.587040E-01   4.419382E+01
   8.617230E-01   4.419491E+01
   8.751920E-01   4.419461E+01
   8.875810E-01   4.419195E+01
   9.028320E-01   4.419365E+01
   9.042090E-01   4.419837E+01
   9.126630E-01   4.420720E+01
   9.192130E-01   4.421770E+01
   9.251350E-01   4.422997E+01
   9.239170E-01   4.423362E+01
   9.176220E-01   4.423813E+01
   9.234220E-01   4.424759E+01
   9.300400E-01   4.425166E+01
   9.308210E-01   4.425670E+01
   9.263610E-01   4.426151E+01
   9.266370E-01   4.426769E+01
   9.405830E-01   4.426593E+01
   9.441510E-01   4.426951E+01
   9.398100E-01   4.427878E+01
   9.329910E-01   4.428406E+01
   9.249690E-01   4.428558E+01
   9.172430E-01   4.429951E+01
   8.989790E-01   4.429832E+01
   8.946720E-01   4.429565E+01
   8.889670E-01   4.429870E+01
   8.834370E-01   4.430663E+01
   8.732410E-01   4.430689E+01
   8.679180E-01   4.430897E+01
   8.700020E-01   4.431522E+01
   8.730400E-01   4.431830E+01
   8.719530E-01   4.432439E+01
   8.795820E-01   4.432955E+01
   8.874980E-01   4.433939E+01
   8.930930E-01   4.434327E+01
   8.895530E-01   4.435346E+01
   8.909390E-01   4.435803E+01
   8.852030E-01   4.436527E+01
   8.933270E-01   4.437452E+01
   8.952630E-01   4.438241E+01
   9.199420E-01   4.438578E+01
   9.266570E-01   4.437709E+01
   9.360110E-01   4.437271E+01
   9.400480E-01   4.436147E+01
   9.433290E-01   4.435934E+01
   9.508430E-01   4.436302E+01
   9.599300E-01   4.436103E+01
   9.718990E-01   4.436338E+01
   9.812930E-01   4.435994E+01
   9.969230E-01   4.437036E+01
   1.006533E+00   4.436650E+01
   1.017985E+00   4.436502E+01
   1.048781E+00   4.436395E+01
   1.057241E+00   4.436772E+01
   1.058380E+00   4.437683E+01
   1.061677E+00   4.437994E+01
   1.059359E+00   4.438745E+01
   1.049693E+00   4.439184E+01
   1.058320E+00   4.440250E+01
   1.059073E+00   4.441916E+01
   1.053933E+00   4.442702E+01
   1.048392E+00   4.442818E+01
   1.043749E+00   4.443265E+01
   1.033342E+00   4.443091E+01
   1.027263E+00   4.443326E+01
   1.027382E+00   4.443964E+01
   1.020020E+00   4.444426E+01
   1.021403E+00   4.445261E+01
   1.019977E+00   4.445622E+01
   1.022755E+00   4.446626E+01
   1.020413E+00   4.447324E+01
   1.007979E+00   4.448004E+01
   1.011233E+00   4.448566E+01
   1.010519E+00   4.449620E+01
   1.015081E+00   4.449988E+01
   1.015257E+00   4.450458E+01
   1.005568E+00   4.451302E+01
   1.004876E+00   4.451710E+01
   9.989470E-01   4.452455E+01
   9.919150E-01   4.452693E+01
   9.871270E-01   4.453178E+01
   9.870400E-01   4.453900E+01
   9.815580E-01   4.454175E+01
   9.802170E-01   4.454499E+01
   9.947320E-01   4.455121E+01
   1.009545E+00   4.454822E+01
   1.012903E+00   4.454316E+01
   1.015747E+00   4.454219E+01
   1.027055E+00   4.454959E+01
   1.034342E+00   4.455680E+01
   1.041239E+00   4.455890E+01
   1.044522E+00   4.456347E+01
   1.069364E+00   4.456786E+01
   1.074659E+00   4.457844E+01
   1.086415E+00   4.457301E+01
   1.096171E+00   4.457362E+01
   1.100862E+00   4.458448E+01
   1.097518E+00   4.458868E+01
   1.092661E+00   4.458989E+01
   1.093240E+00   4.459325E+01
   1.109784E+00   4.460806E+01
   1.118902E+00   4.461145E+01
   1.122355E+00   4.461564E+01
   1.130910E+00   4.461995E+01
   1.151492E+00   4.463682E+01
   1.149417E+00   4.464602E+01
   1.144835E+00   4.465273E+01
   1.147957E+00   4.465730E+01
   1.145343E+00   4.466588E+01
   1.145529E+00   4.467179E+01
   1.159800E+00   4.467398E+01
   1.168375E+00   4.468133E+01
   1.181270E+00   4.468461E+01
   1.191207E+00   4.468358E+01
   1.197442E+00   4.468547E+01
   1.216783E+00   4.468430E+01
   1.221689E+00   4.468547E+01
   1.228830E+00   4.469271E+01
   1.237492E+00   4.469358E+01
   1.242048E+00   4.469662E+01
   1.242163E+00   4.470420E+01
   1.247053E+00   4.470875E+01
   1.262544E+00   4.471263E+01
   1.270323E+00   4.472404E+01
   1.275883E+00   4.472278E+01
   1.279628E+00   4.471758E+01
   1.286410E+00   4.471747E+01
   1.288527E+00   4.472190E+01
   1.297076E+00   4.472782E+01
   1.297532E+00   4.473235E+01
   1.294138E+00   4.473609E+01
   1.299208E+00   4.474526E+01
   1.313689E+00   4.474352E+01
   1.319014E+00   4.475754E+01
   1.318249E+00   4.476233E+01
   1.312748E+00   4.476407E+01
   1.308506E+00   4.476929E+01
   1.298005E+00   4.477321E+01
   1.295002E+00   4.477658E+01
   1.298324E+00   4.478557E+01
   1.292165E+00   4.479003E+01
   1.297662E+00   4.479727E+01
   1.324703E+00   4.480738E+01
   1.338947E+00   4.480720E+01
   1.360742E+00   4.481317E+01
   1.362844E+00   4.481794E+01
   1.358887E+00   4.482481E+01
   1.358687E+00   4.483537E+01
   1.359995E+00   4.484083E+01
   1.365130E+00   4.484710E+01
   1.371267E+00   4.484866E+01
   1.378214E+00   4.484455E+01
   1.386765E+00   4.485222E+01
   1.399777E+00   4.485087E+01
   1.401939E+00   4.485315E+01
   1.403667E+00   4.486345E+01
   1.409144E+00   4.486699E+01
   1.410934E+00   4.487390E+01
   1.430649E+00   4.487293E+01
   1.439642E+00   4.487670E+01
   1.441133E+00   4.488098E+01
   1.438082E+00   4.488723E+01
   1.421780E+00   4.489459E+01
   1.417190E+00   4.489964E+01
   1.417585E+00   4.490567E+01
   1.409565E+00   4.490872E+01
   1.413805E+00   4.491485E+01
   1.424735E+00   4.492116E+01
   1.433356E+00   4.492076E+01
   1.436097E+00   4.492551E+01
   1.431798E+00   4.493712E+01
   1.433003E+00   4.494195E+01
   1.417253E+00   4.495576E+01
   1.415467E+00   4.496154E+01
   1.416911E+00   4.496631E+01
   1.411239E+00   4.497282E+01
   1.414696E+00   4.498180E+01
   1.410110E+00   4.498828E+01
   1.412813E+00   4.499410E+01
   1.408092E+00   4.500520E+01
   1.408935E+00   4.500808E+01
   1.431183E+00   4.501141E+01
   1.438946E+00   4.501429E+01
   1.448128E+00   4.502063E+01
   1.456895E+00   4.501590E+01
   1.462116E+00   4.501528E+01
   1.473978E+00   4.501962E+01
   1.475591E+00   4.502185E+01
   1.475499E+00   4.502709E+01
   1.485734E+00   4.503313E+01
   1.491327E+00   4.503329E+01
   1.506332E+00   4.504106E+01
   1.519572E+00   4.504197E+01
   1.527837E+00   4.504651E+01
   1.537117E+00   4.504779E+01
   1.541260E+00   4.504700E+01
   1.544828E+00   4.503233E+01
   1.549194E+00   4.502983E+01
   1.554322E+00   4.503087E+01
   1.570150E+00   4.504088E+01
   1.576384E+00   4.504204E+01
   1.593035E+00   4.503629E+01
   1.605950E+00   4.503674E+01
   1.610190E+00   4.503433E+01
   1.618051E+00   4.503320E+01
   1.630318E+00   4.503473E+01
   1.636919E+00   4.503072E+01
   1.646667E+00   4.502978E+01
   1.653188E+00   4.502535E+01
   1.653540E+00   4.502112E+01
   1.657155E+00   4.501665E+01
   1.665914E+00   4.501297E+01
   1.674256E+00   4.500619E+01
   1.685340E+00   4.500329E+01
   1.690247E+00   4.499545E+01
   1.703903E+00   4.498842E+01
   1.707966E+00   4.498209E+01
   1.708285E+00   4.497458E+01
   1.711226E+00   4.497040E+01
   1.725615E+00   4.496914E+01
   1.733770E+00   4.496570E+01
   1.736220E+00   4.496234E+01
   1.749142E+00   4.495881E+01
   1.751693E+00   4.495660E+01
   1.752458E+00   4.494946E+01
   1.757126E+00   4.494633E+01
   1.756893E+00   4.493903E+01
   1.767766E+00   4.493473E+01
   1.774720E+00   4.492734E+01
   1.782901E+00   4.493150E+01
   1.784444E+00   4.493890E+01
   1.791234E+00   4.493385E+01
   1.799084E+00   4.493163E+01
   1.802840E+00   4.492756E+01
   1.810792E+00   4.493008E+01
   1.815581E+00   4.492847E+01
   1.823348E+00   4.492897E+01
   1.827803E+00   4.493326E+01
   1.830903E+00   4.494695E+01
   1.836695E+00   4.494668E+01
   1.842035E+00   4.494346E+01
   1.861066E+00   4.494982E+01
   1.867945E+00   4.495532E+01
   1.881903E+00   4.495721E+01
   1.887614E+00   4.496526E+01
   1.892637E+00   4.496622E+01
   1.897979E+00   4.497337E+01
   1.908049E+00   4.497959E+01
   1.913611E+00   4.498022E+01
   1.922691E+00   4.497818E+01
   1.928296E+00   4.498009E+01
   1.939424E+00   4.497433E+01
   1.941664E+00   4.497148E+01
   1.943455E+00   4.495771E+01
   1.948386E+00   4.495478E+01
   1.953968E+00   4.495762E+01
   1.956398E+00   4.496121E+01
   1.965320E+00   4.496325E+01
   1.980438E+00   4.497370E+01
   1.990242E+00   4.497725E+01
   1.998888E+00   4.497722E+01
   2.006029E+00   4.497945E+01
   2.014573E+00   4.497882E+01
   2.018590E+00   4.498099E+01
   2.044971E+00   4.498498E+01
   2.053716E+00   4.497820E+01
   2.059008E+00   4.497933E+01
   2.063598E+00   4.497762E+01
   2.068677E+00   4.497322E+01
   2.071385E+00   4.496466E+01
   2.081771E+00   4.495372E+01
   2.081357E+00   4.494323E+01
   2.078172E+00   4.493811E+01
   2.079051E+00   4.493539E+01
   2.105219E+00   4.492082E+01
   2.105156E+00   4.491640E+01
   2.109286E+00   4.491073E+01
   2.108756E+00   4.490886E+01
   2.100931E+00   4.490431E+01
   2.088619E+00   4.490058E+01
   2.085348E+00   4.489416E+01
   2.087077E+00   4.488581E+01
   2.090351E+00   4.488332E+01
   2.094780E+00   4.487386E+01
   2.102807E+00   4.486796E+01
   2.118334E+00   4.484993E+01
   2.129099E+00   4.484590E+01
   2.130123E+00   4.483734E+01
   2.136456E+00   4.482811E+01
   2.145931E+00   4.482467E+01
   2.154366E+00   4.481807E+01
   2.165668E+00   4.481490E+01
   2.169246E+00   4.481109E+01
   2.166855E+00   4.480444E+01
   2.169264E+00   4.479567E+01
   2.173089E+00   4.478991E+01
   2.170236E+00   4.478170E+01
   2.170910E+00   4.477750E+01
   2.166663E+00   4.477079E+01
   2.163662E+00   4.476954E+01
   2.159497E+00   4.477070E+01
   2.151917E+00   4.476626E+01
   2.153438E+00   4.475687E+01
   2.157612E+00   4.474907E+01
   2.155797E+00   4.473627E+01
   2.150196E+00   4.472497E+01
   2.150096E+00   4.472125E+01
   2.140780E+00   4.471474E+01
   2.134250E+00   4.470766E+01
   2.133868E+00   4.469985E+01
   2.140274E+00   4.469469E+01
   2.145718E+00   4.469612E+01
   2.153860E+00   4.470146E+01
   2.160416E+00   4.469844E+01
   2.165742E+00   4.468924E+01
   2.180582E+00   4.467472E+01
   2.170127E+00   4.466243E+01
   2.176146E+00   4.465230E+01
   2.170599E+00   4.464598E+01
   2.170651E+00   4.463954E+01
   2.174150E+00   4.463666E+01
   2.181032E+00   4.463555E+01
   2.185748E+00   4.463055E+01
   2.195076E+00   4.462901E+01
   2.196815E+00   4.462513E+01
   2.207387E+00   4.461892E+01
   2.212771E+00   4.462093E+01
   2.214190E+00   4.462440E+01
   2.210718E+00   4.463109E+01
   2.209991E+00   4.463956E+01
   2.206964E+00   4.464398E+01
   2.215338E+00   4.465179E+01
   2.223872E+00   4.465362E+01
   2.228790E+00   4.465698E+01
   2.250512E+00   4.465343E+01
   2.264069E+00   4.466171E+01
   2.272502E+00   4.466191E+01
   2.285237E+00   4.466803E+01
   2.295171E+00   4.466823E+01
   2.305136E+00   4.466419E+01
   2.327410E+00   4.467097E+01
   2.337315E+00   4.466299E+01
   2.338772E+00   4.465644E+01
   2.336635E+00   4.465211E+01
   2.337523E+00   4.464964E+01
   2.353642E+00   4.464174E+01
   2.365170E+00   4.464270E+01
   2.375078E+00   4.464780E+01
   2.380021E+00   4.465261E+01
   2.388387E+00   4.465087E+01
   2.393168E+00   4.464735E+01
   2.404296E+00   4.464865E+01
   2.416205E+00   4.464414E+01
   2.426525E+00   4.464522E+01
   2.434362E+00   4.464029E+01
   2.442308E+00   4.464435E+01
   2.444004E+00   4.464801E+01
   2.447404E+00   4.464979E+01
   2.464267E+00   4.464617E+01
   2.471586E+00   4.465352E+01
   2.478836E+00   4.465120E+01
   2.482455E+00   4.465185E+01
   2.487246E+00   4.465896E+01
   2.486808E+00   4.466993E+01
   2.493355E+00   4.467800E+01
   2.499069E+00   4.469098E+01
   2.510256E+00   4.469709E+01
   2.515834E+00   4.469779E+01
   2.517243E+00   4.470523E+01
   2.524041E+00   4.470683E+01
   2.531292E+00   4.471207E+01
   2.538379E+00   4.471360E+01
   2.547272E+00   4.471847E+01
   2.546949E+00   4.472243E+01
   2.542590E+00   4.472608E+01
   2.549836E+00   4.473284E+01
   2.548821E+00   4.475581E+01
   2.557908E+00   4.476035E+01
   2.560828E+00   4.476625E+01
   2.561238E+00   4.477792E+01
   2.573362E+00   4.478619E+01
   2.577910E+00   4.478718E+01
   2.585748E+00   4.478528E+01
   2.597573E+00   4.479335E+01
   2.599557E+00   4.481048E+01
   2.595427E+00   4.482042E+01
   2.607346E+00   4.482747E+01
   2.609187E+00   4.483100E+01
   2.602826E+00   4.483817E+01
   2.601525E+00   4.484283E+01
   2.611374E+00   4.484996E+01
   2.619488E+00   4.486008E+01
   2.622673E+00   4.486771E+01
   2.630352E+00   4.487423E+01
   2.652872E+00   4.487172E+01
   2.657469E+00   4.487874E+01
   2.656750E+00   4.488746E+01
   2.668950E+00   4.489586E+01
   2.675290E+00   4.490486E+01
   2.681347E+00   4.490850E+01
   2.689736E+00   4.490646E+01
   2.695058E+00   4.490928E+01
   2.699528E+00   4.490627E+01
   2.704518E+00   4.490778E+01
   2.713091E+00   4.492821E+01
   2.717289E+00   4.493037E+01
   2.722207E+00   4.492872E+01
   2.727676E+00   4.493757E+01
   2.738781E+00   4.494236E+01
   2.746886E+00   4.493442E+01
   2.753259E+00   4.493481E+01
   2.760424E+00   4.493086E+01
   2.762633E+00   4.492598E+01
   2.772624E+00   4.491891E+01
   2.776565E+00   4.491221E+01
   2.777390E+00   4.490894E+01
   2.773684E+00   4.490018E+01
   2.779709E+00   4.488732E+01
   2.772423E+00   4.487646E+01
   2.772089E+00   4.487094E+01
   2.769582E+00   4.486707E+01
   2.773567E+00   4.485977E+01
   2.778126E+00   4.485957E+01
   2.790035E+00   4.486903E+01
   2.797395E+00   4.487049E+01
   2.803769E+00   4.487527E+01
   2.808279E+00   4.487541E+01
   2.814822E+00   4.487100E+01
   2.819873E+00   4.487332E+01
   2.825236E+00   4.487185E+01
   2.831284E+00   4.487389E+01
   2.842726E+00   4.487403E+01
   2.849538E+00   4.487225E+01
   2.856290E+00   4.487678E+01
   2.860538E+00   4.487503E+01
   2.862787E+00   4.486706E+01
   2.858437E+00   4.486328E+01
   2.857047E+00   4.485461E+01
   2.866711E+00   4.484754E+01
   2.864443E+00   4.483762E+01
   2.869773E+00   4.483364E+01
   2.873171E+00   4.482014E+01
   2.877018E+00   4.481565E+01
   2.879029E+00   4.480702E+01
   2.884263E+00   4.479803E+01
   2.890387E+00   4.479249E+01
   2.892270E+00   4.478839E+01
   2.904054E+00   4.478547E+01
   2.911344E+00   4.479195E+01
   2.920782E+00   4.479558E+01
   2.931778E+00   4.478596E+01
   2.938946E+00   4.477551E+01
   2.936498E+00   4.477079E+01
   2.936723E+00   4.476663E+01
   2.929723E+00   4.475798E+01
   2.934917E+00   4.475033E+01
   2.936012E+00   4.474406E+01
   2.926690E+00   4.472806E+01
   2.930893E+00   4.471495E+01
   2.935906E+00   4.470594E+01
   2.935515E+00   4.469736E+01
   2.945480E+00   4.468520E+01
   2.945218E+00   4.467894E+01
   2.956213E+00   4.466841E+01
   2.957909E+00   4.466197E+01
   2.964489E+00   4.465896E+01
   2.965146E+00   4.465517E+01
   2.970091E+00   4.465026E+01
   2.974841E+00   4.464652E+01
   2.985333E+00   4.464531E+01
   2.992825E+00   4.463752E+01
   3.000499E+00   4.463398E+01
   3.015429E+00   4.462089E+01
   3.019389E+00   4.461230E+01
   3.030963E+00   4.460362E+01
   3.034070E+00   4.459825E+01
   3.050874E+00   4.459183E+01
   3.057077E+00   4.458755E+01
   3.062344E+00   4.458050E+01
   3.076678E+00   4.457438E+01
   3.078528E+00   4.456860E+01
   3.084872E+00   4.456083E+01
   3.084501E+00   4.455573E+01
   3.075542E+00   4.453094E+01
   3.077070E+00   4.452128E+01
   3.079746E+00   4.451639E+01
   3.072472E+00   4.450859E+01
   3.070655E+00   4.450189E+01
   3.076477E+00   4.449569E+01
   3.082703E+00   4.449433E+01
   3.101372E+00   4.448136E+01
   3.113659E+00   4.447794E+01
   3.118741E+00   4.447341E+01
   3.127063E+00   4.446113E+01
   3.134181E+00   4.446026E+01
   3.137147E+00   4.445789E+01
   3.137785E+00   4.444397E+01
   3.144163E+00   4.443548E+01
   3.142935E+00   4.442597E+01
   3.132498E+00   4.442090E+01
   3.130863E+00   4.441611E+01
   3.132549E+00   4.441241E+01
   3.138439E+00   4.441135E+01
   3.141814E+00   4.439189E+01
   3.123880E+00   4.438645E+01
   3.125344E+00   4.438006E+01
   3.123346E+00   4.437553E+01
   3.124395E+00   4.437009E+01
   3.121830E+00   4.436552E+01
   3.124034E+00   4.436199E+01
   3.133200E+00   4.435760E+01
   3.129186E+00   4.434710E+01
   3.137433E+00   4.433298E+01
   3.151432E+00   4.433382E+01
   3.155264E+00   4.433167E+01
   3.155495E+00   4.432931E+01
   3.150057E+00   4.432023E+01
   3.155620E+00   4.430898E+01
   3.133662E+00   4.428829E+01
   3.127549E+00   4.428532E+01
   3.126174E+00   4.427278E+01
   3.123448E+00   4.426734E+01
   3.124356E+00   4.426445E+01
   3.126599E+00   4.426291E+01
   3.133063E+00   4.426360E+01
   3.139474E+00   4.426825E+01
   3.143217E+00   4.427681E+01
   3.148555E+00   4.427751E+01
   3.155755E+00   4.427365E+01
   3.157076E+00   4.426706E+01
   3.160984E+00   4.426085E+01
   3.158958E+00   4.425167E+01
   3.162011E+00   4.424616E+01
   3.179832E+00   4.424699E+01
   3.189151E+00   4.425128E+01
   3.195041E+00   4.424228E+01
   3.201428E+00   4.424120E+01
   3.206608E+00   4.423768E+01
   3.218017E+00   4.423486E+01
   3.223710E+00   4.423155E+01
   3.231454E+00   4.423136E+01
   3.230816E+00   4.422527E+01
   3.225191E+00   4.421974E+01
   3.226046E+00   4.421188E+01
   3.215077E+00   4.419782E+01
   3.214742E+00   4.419485E+01
   3.216712E+00   4.419260E+01
   3.235932E+00   4.419148E+01
   3.252194E+00   4.419876E+01
   3.267570E+00   4.420290E+01
   3.285889E+00   4.420106E+01
   3.288912E+00   4.420300E+01
   3.289758E+00   4.420631E+01
   3.294474E+00   4.420846E+01
   3.308001E+00   4.420678E+01
   3.319855E+00   4.420188E+01
   3.335270E+00   4.420560E+01
   3.345610E+00   4.420246E+01
   3.363439E+00   4.420257E+01
   3.362240E+00   4.419232E+01
   3.364520E+00   4.418931E+01
   3.369076E+00   4.418775E+01
   3.372430E+00   4.418176E+01
   3.376189E+00   4.417954E+01
   3.374468E+00   4.416975E+01
   3.370860E+00   4.416724E+01
   3.357731E+00   4.416622E+01
   3.345917E+00   4.415795E+01
   3.335351E+00   4.415546E+01
   3.333111E+00   4.414084E+01
   3.325597E+00   4.413764E+01
   3.322226E+00   4.413387E+01
   3.325163E+00   4.412471E+01
   3.324540E+00   4.410773E+01
   3.318883E+00   4.410708E+01
   3.312339E+00   4.410286E+01
   3.291250E+00   4.410321E+01
   3.277113E+00   4.409497E+01
   3.275617E+00   4.409084E+01
   3.282930E+00   4.407924E+01
   3.290767E+00   4.407349E+01
   3.296901E+00   4.407378E+01
   3.300794E+00   4.407077E+01
   3.307394E+00   4.407133E+01
   3.318718E+00   4.408078E+01
   3.329814E+00   4.408016E+01
   3.338215E+00   4.406708E+01
   3.338838E+00   4.405960E+01
   3.351966E+00   4.405178E+01
   3.367160E+00   4.405917E+01
   3.375518E+00   4.405439E+01
   3.382749E+00   4.405839E+01
   3.390458E+00   4.405850E+01
   3.393103E+00   4.405086E+01
   3.400339E+00   4.404518E+01
   3.409197E+00   4.404246E+01
   3.417176E+00   4.404302E+01
   3.423587E+00   4.403752E+01
   3.429363E+00   4.403618E+01
   3.442626E+00   4.402697E+01
   3.452108E+00   4.402324E+01
   3.453264E+00   4.402132E+01
   3.450222E+00   4.401698E+01
   3.450498E+00   4.401109E+01
   3.441182E+00   4.399767E+01
   3.428856E+00   4.399545E+01
   3.419035E+00   4.399141E+01
   3.417753E+00   4.398618E+01
   3.412540E+00   4.398104E+01
   3.406443E+00   4.396840E+01
   3.391648E+00   4.396595E+01
   3.380444E+00   4.396614E+01
   3.378353E+00   4.396425E+01
   3.376253E+00   4.395489E+01
   3.358412E+00   4.394797E+01
   3.353797E+00   4.393888E+01
   3.353715E+00   4.393380E+01
   3.359767E+00   4.391410E+01
   3.356786E+00   4.391068E+01
   3.344319E+00   4.390426E+01
   3.341914E+00   4.390051E+01
   3.343534E+00   4.389334E+01
   3.319095E+00   4.388933E+01
   3.310645E+00   4.389256E+01
   3.290146E+00   4.389359E+01
   3.282885E+00   4.389173E+01
   3.274129E+00   4.389682E+01
   3.265358E+00   4.389363E+01
   3.260936E+00   4.388108E+01
   3.254777E+00   4.387603E+01
   3.243753E+00   4.387362E+01
   3.238711E+00   4.386842E+01
   3.236352E+00   4.386167E+01
   3.237287E+00   4.385516E+01
   3.241680E+00   4.384997E+01
   3.252905E+00   4.384393E+01
   3.253241E+00   4.383785E+01
   3.250151E+00   4.382910E+01
   3.232422E+00   4.382458E+01
   3.221991E+00   4.381583E+01
   3.207750E+00   4.381114E+01
   3.197435E+00   4.381327E+01
   3.180908E+00   4.381143E+01
   3.157392E+00   4.381610E+01
   3.149945E+00   4.381237E+01
   3.126311E+00   4.381652E+01
   3.121447E+00   4.381844E+01
   3.111200E+00   4.382669E+01
   3.086465E+00   4.383420E+01
   3.066045E+00   4.383413E+01
   3.062187E+00   4.383218E+01
   3.059710E+00   4.381990E+01
   3.065017E+00   4.381540E+01
   3.064763E+00   4.380861E+01
   3.053096E+00   4.380548E+01
   3.050338E+00   4.380098E+01
   3.056949E+00   4.379311E+01
   3.060165E+00   4.378106E+01
   3.066480E+00   4.377717E+01
   3.068405E+00   4.377318E+01
   3.073593E+00   4.377207E+01
   3.077074E+00   4.376851E+01
   3.071540E+00   4.376207E+01
   3.069499E+00   4.375607E+01
   3.058616E+00   4.375273E+01
   3.055107E+00   4.374726E+01
   3.055661E+00   4.374281E+01
   3.060490E+00   4.373794E+01
   3.056480E+00   4.373263E+01
   3.059822E+00   4.372659E+01
   3.056634E+00   4.371738E+01
   3.058040E+00   4.371517E+01
   3.068879E+00   4.370987E+01
   3.070483E+00   4.370719E+01
   3.063465E+00   4.370139E+01
   3.063360E+00   4.369372E+01
   3.061373E+00   4.369164E+01
   3.046095E+00   4.369565E+01
   3.033490E+00   4.369074E+01
   3.026705E+00   4.369146E+01
   3.001631E+00   4.370367E+01
   2.982222E+00   4.370682E+01
   2.958646E+00   4.369776E+01
   2.954038E+00   4.369392E+01
   2.938971E+00   4.368947E+01
   2.932057E+00   4.369271E+01
   2.921052E+00   4.368762E+01
   2.920169E+00   4.368456E+01
   2.922834E+00   4.367808E+01
   2.918940E+00   4.366895E+01
   2.920138E+00   4.366264E+01
   2.907330E+00   4.365343E+01
   2.895054E+00   4.365316E+01
   2.887983E+00   4.365624E+01
   2.882353E+00   4.365626E+01
   2.873599E+00   4.364386E+01
   2.857099E+00   4.364215E+01
   2.846468E+00   4.364406E+01
   2.828430E+00   4.363587E+01
   2.817678E+00   4.363825E+01
   2.813960E+00   4.363495E+01
   2.807586E+00   4.363309E+01
   2.795668E+00   4.362371E+01
   2.788683E+00   4.362256E+01
   2.781574E+00   4.362451E+01
   2.775191E+00   4.362088E+01
   2.771330E+00   4.362075E+01
   2.767760E+00   4.361628E+01
   2.758857E+00   4.361285E+01
   2.753929E+00   4.361265E+01
   2.743558E+00   4.361840E+01
   2.738568E+00   4.362832E+01
   2.733943E+00   4.363015E+01
   2.730933E+00   4.363428E+01
   2.724046E+00   4.363639E+01
   2.719711E+00   4.364323E+01
   2.714367E+00   4.364349E+01
   2.709871E+00   4.364055E+01
   2.706818E+00   4.364571E+01
   2.682678E+00   4.365167E+01
   2.665310E+00   4.364758E+01
   2.657171E+00   4.364907E+01
   2.653189E+00   4.364764E+01
   2.649319E+00   4.365080E+01
   2.645463E+00   4.365047E+01
   2.639828E+00   4.363427E+01
   2.636478E+00   4.362969E+01
   2.636186E+00   4.362420E+01
   2.629566E+00   4.361689E+01
   2.629590E+00   4.361029E+01
   2.619314E+00   4.360170E+01
   2.620208E+00   4.359781E+01
   2.628248E+00   4.359435E+01
   2.633061E+00   4.358425E+01
   2.619219E+00   4.356788E+01
   2.618964E+00   4.356519E+01
   2.627647E+00   4.355790E+01
   2.631258E+00   4.354983E+01
   2.638935E+00   4.354519E+01
   2.646117E+00   4.353743E+01
   2.650743E+00   4.353603E+01
   2.656642E+00   4.352815E+01
   2.668925E+00   4.352277E+01
   2.677590E+00   4.351343E+01
   2.673542E+00   4.351203E+01
   2.666417E+00   4.351437E+01
   2.662400E+00   4.351373E+01
   2.660894E+00   4.350969E+01
   2.661962E+00   4.350333E+01
   2.656523E+00   4.349636E+01
   2.660120E+00   4.348058E+01
   2.669185E+00   4.347045E+01
   2.666069E+00   4.346142E+01
   2.662091E+00   4.346130E+01
   2.654837E+00   4.346542E+01
   2.649245E+00   4.346533E+01
   2.647275E+00   4.346340E+01
   2.646320E+00   4.345744E+01
   2.630728E+00   4.344796E+01
   2.617632E+00   4.343667E+01
   2.610656E+00   4.343504E+01
   2.606965E+00   4.343013E+01
   2.589122E+00   4.342768E+01
   2.581391E+00   4.342201E+01
   2.568923E+00   4.342224E+01
   2.560934E+00   4.341909E+01
   2.552281E+00   4.342337E+01
   2.518607E+00   4.342248E+01
   2.511593E+00   4.342793E+01
   2.502371E+00   4.342803E+01
   2.498716E+00   4.342984E+01
   2.494366E+00   4.343556E+01
   2.490696E+00   4.343674E+01
   2.463833E+00   4.343432E+01
   2.459751E+00   4.343171E+01
   2.452551E+00   4.343057E+01
   2.428666E+00   4.343379E+01
   2.420795E+00   4.342721E+01
   2.409537E+00   4.342384E+01
   2.407743E+00   4.341846E+01
   2.396801E+00   4.341531E+01
   2.391930E+00   4.341844E+01
   2.383862E+00   4.341754E+01
   2.378752E+00   4.342182E+01
   2.363755E+00   4.342303E+01
   2.351631E+00   4.343017E+01
   2.341083E+00   4.343125E+01
   2.330900E+00   4.343694E+01
   2.311712E+00   4.344011E+01
   2.304566E+00   4.344599E+01
   2.287161E+00   4.344283E+01
   2.281621E+00   4.343983E+01
   2.260548E+00   4.345436E+01
   2.253363E+00   4.344897E+01
   2.246663E+00   4.344678E+01
   2.241263E+00   4.343901E+01
   2.225046E+00   4.342799E+01
   2.224462E+00   4.341779E+01
   2.230361E+00   4.341188E+01
   2.231321E+00   4.340473E+01
   2.227329E+00   4.339969E+01
   2.227688E+00   4.339502E+01
   2.223029E+00   4.339206E+01
   2.214498E+00   4.338160E+01
   2.204870E+00   4.338430E+01
   2.185077E+00   4.339394E+01
   2.179497E+00   4.339975E+01
   2.173173E+00   4.341092E+01
   2.167962E+00   4.341452E+01
   2.158630E+00   4.341360E+01
   2.141145E+00   4.340298E+01
   2.133339E+00   4.340138E+01
   2.127643E+00   4.339805E+01
   2.114528E+00   4.339694E+01
   2.109426E+00   4.339320E+01
   2.097061E+00   4.339487E+01
   2.090993E+00   4.339248E+01
   2.088226E+00   4.339617E+01
   2.085384E+00   4.339689E+01
   2.073676E+00   4.339361E+01
   2.068045E+00   4.339898E+01
   2.065057E+00   4.340495E+01
   2.064900E+00   4.340991E+01
   2.060529E+00   4.341419E+01
   2.052267E+00   4.342890E+01
   2.044017E+00   4.343269E+01
   2.039327E+00   4.343130E+01
   2.038596E+00   4.342830E+01
   2.040756E+00   4.342385E+01
   2.038123E+00   4.342114E+01
   2.030511E+00   4.341793E+01
   2.020417E+00   4.342085E+01
   2.014614E+00   4.341357E+01
   1.998477E+00   4.341204E+01
   1.988684E+00   4.340633E+01
   1.981188E+00   4.341244E+01
   1.971900E+00   4.341695E+01
   1.965115E+00   4.341425E+01
   1.961734E+00   4.341650E+01
   1.960185E+00   4.342196E+01
   1.957566E+00   4.342339E+01
   1.949367E+00   4.341813E+01
   1.932540E+00   4.342288E+01
   1.922975E+00   4.341847E+01
   1.922300E+00   4.341278E+01
   1.915631E+00   4.340446E+01
   1.915607E+00   4.340019E+01
   1.907853E+00   4.339272E+01
   1.903963E+00   4.339226E+01
   1.894307E+00   4.339639E+01
   1.898220E+00   4.340648E+01
   1.894609E+00   4.341664E+01
   1.880014E+00   4.342551E+01
   1.872119E+00   4.342810E+01
   1.872678E+00   4.343433E+01
   1.871241E+00   4.343657E+01
   1.859476E+00   4.344148E+01
   1.847586E+00   4.343342E+01
   1.850345E+00   4.341954E+01
   1.848799E+00   4.341712E+01
   1.843952E+00   4.341427E+01
   1.836392E+00   4.341859E+01
   1.828626E+00   4.341927E+01
   1.823474E+00   4.341685E+01
   1.819428E+00   4.341161E+01
   1.818607E+00   4.340409E+01
   1.826360E+00   4.339765E+01
   1.827010E+00   4.339413E+01
   1.819986E+00   4.339085E+01
   1.811389E+00   4.339350E+01
   1.806590E+00   4.339079E+01
   1.806917E+00   4.338660E+01
   1.812285E+00   4.338194E+01
   1.807462E+00   4.337782E+01
   1.808969E+00   4.337210E+01
   1.806444E+00   4.335976E+01
   1.818020E+00   4.334971E+01
   1.814247E+00   4.334036E+01
   1.797038E+00   4.333900E+01
   1.783763E+00   4.334381E+01
   1.772195E+00   4.333582E+01
   1.754638E+00   4.334663E+01
   1.735279E+00   4.333443E+01
   1.730959E+00   4.333407E+01
   1.728349E+00   4.333060E+01
   1.728594E+00   4.332800E+01
   1.736304E+00   4.332122E+01
   1.736913E+00   4.331345E+01
   1.731552E+00   4.331303E+01
   1.725891E+00   4.330891E+01
   1.716286E+00   4.330795E+01
   1.712413E+00   4.330592E+01
   1.711811E+00   4.330187E+01
   1.717213E+00   4.329486E+01
   1.711236E+00   4.329161E+01
   1.708061E+00   4.328542E+01
   1.703019E+00   4.328212E+01
   1.694891E+00   4.327071E+01
   1.701892E+00   4.326188E+01
   1.704147E+00   4.325526E+01
   1.702648E+00   4.325014E+01
   1.707783E+00   4.324617E+01
   1.707667E+00   4.324127E+01
   1.711195E+00   4.323539E+01
   1.724740E+00   4.322493E+01
   1.722638E+00   4.321930E+01
   1.726586E+00   4.321143E+01
   1.715509E+00   4.320384E+01
   1.712002E+00   4.319814E+01
   1.712416E+00   4.318885E+01
   1.716141E+00   4.318750E+01
   1.724060E+00   4.318949E+01
   1.740488E+00   4.318563E+01
   1.744884E+00   4.318374E+01
   1.747678E+00   4.317710E+01
   1.761289E+00   4.316891E+01
   1.772462E+00   4.316566E+01
   1.783725E+00   4.315778E+01
   1.792825E+00   4.316021E+01
   1.796920E+00   4.315801E+01
   1.804763E+00   4.315827E+01
   1.826227E+00   4.314753E+01
   1.839763E+00   4.314779E+01
   1.842410E+00   4.315114E+01
   1.840514E+00   4.315555E+01
   1.842087E+00   4.315916E+01
   1.847425E+00   4.315798E+01
   1.852708E+00   4.316156E+01
   1.855103E+00   4.315980E+01
   1.856047E+00   4.315249E+01
   1.858918E+00   4.314674E+01
   1.874581E+00   4.314407E+01
   1.882423E+00   4.314872E+01
   1.883893E+00   4.313527E+01
   1.882672E+00   4.313005E+01
   1.885545E+00   4.312739E+01
   1.891619E+00   4.312675E+01
   1.895302E+00   4.312225E+01
   1.899509E+00   4.312405E+01
   1.901910E+00   4.313115E+01
   1.914832E+00   4.313466E+01
   1.928209E+00   4.313027E+01
   1.932096E+00   4.312553E+01
   1.950061E+00   4.312189E+01
   1.954265E+00   4.311277E+01
   1.951939E+00   4.310877E+01
   1.952182E+00   4.310229E+01
   1.956097E+00   4.309312E+01
   1.956779E+00   4.308306E+01
   1.959263E+00   4.307589E+01
   1.965164E+00   4.306925E+01
   1.962058E+00   4.306550E+01
   1.944530E+00   4.306318E+01
   1.944269E+00   4.305270E+01
   1.949620E+00   4.304909E+01
   1.960176E+00   4.305194E+01
   1.973388E+00   4.304762E+01
   1.977932E+00   4.304057E+01
   1.986601E+00   4.303276E+01
   1.987035E+00   4.302314E+01
   1.976346E+00   4.301129E+01
   1.977679E+00   4.300859E+01
   1.986057E+00   4.300575E+01
   1.988196E+00   4.300280E+01
   1.988639E+00   4.299342E+01
   1.985962E+00   4.298623E+01
   1.989069E+00   4.297486E+01
   1.988351E+00   4.296739E+01
   1.996360E+00   4.296287E+01
   2.002095E+00   4.296502E+01
   2.007319E+00   4.296311E+01
   1.999740E+00   4.295329E+01
   1.995198E+00   4.295177E+01
   1.988342E+00   4.295230E+01
   1.977116E+00   4.295934E+01
   1.960195E+00   4.296002E+01
   1.952973E+00   4.295409E+01
   1.948287E+00   4.295498E+01
   1.944629E+00   4.295251E+01
   1.938951E+00   4.295287E+01
   1.935842E+00   4.294456E+01
   1.936393E+00   4.294164E+01
   1.938907E+00   4.294007E+01
   1.981792E+00   4.293031E+01
   1.982577E+00   4.292309E+01
   1.989353E+00   4.291871E+01
   1.989012E+00   4.291534E+01
   1.993039E+00   4.290624E+01
   1.987427E+00   4.290175E+01
   1.988082E+00   4.289405E+01
   1.982925E+00   4.287960E+01
   1.988188E+00   4.286963E+01
   1.945663E+00   4.285439E+01
   1.879712E+00   4.285121E+01
   1.877641E+00   4.284895E+01
   1.878105E+00   4.284000E+01
   1.874134E+00   4.283532E+01
   1.862166E+00   4.282740E+01
   1.861324E+00   4.282111E+01
   1.869499E+00   4.281708E+01
   1.878697E+00   4.281592E+01
   1.897499E+00   4.280892E+01
   1.900536E+00   4.280269E+01
   1.907204E+00   4.279882E+01
   1.918268E+00   4.278422E+01
   1.930251E+00   4.277559E+01
   1.924339E+00   4.276989E+01
   1.913288E+00   4.276806E+01
   1.912084E+00   4.276439E+01
   1.915210E+00   4.275843E+01
   1.931306E+00   4.275597E+01
   1.940342E+00   4.274804E+01
   1.948175E+00   4.274581E+01
   1.952131E+00   4.273738E+01
   1.963770E+00   4.273820E+01
   1.993031E+00   4.273534E+01
   2.012396E+00   4.273676E+01
   2.022139E+00   4.274144E+01
   2.030074E+00   4.274021E+01
   2.033266E+00   4.274621E+01
   2.043120E+00   4.274745E+01
   2.056554E+00   4.275635E+01
   2.086503E+00   4.275338E+01
   2.090867E+00   4.273721E+01
   2.099834E+00   4.273428E+01
   2.129724E+00   4.271712E+01
   2.139832E+00   4.271320E+01
   2.146853E+00   4.270370E+01
   2.159820E+00   4.270406E+01
   2.168399E+00   4.269906E+01
   2.177024E+00   4.268307E+01
   2.173680E+00   4.267549E+01
   2.168412E+00   4.267157E+01
   2.166164E+00   4.266257E+01
   2.150762E+00   4.266112E+01
   2.144338E+00   4.266233E+01
   2.126561E+00   4.267136E+01
   2.110756E+00   4.266494E+01
   2.100338E+00   4.266323E+01
   2.073135E+00   4.266506E+01
   2.061032E+00   4.265978E+01
   2.050274E+00   4.266060E+01
   2.042555E+00   4.265580E+01
   2.028325E+00   4.265126E+01
   2.001123E+00   4.265858E+01
   1.995122E+00   4.265249E+01
   1.986605E+00   4.263635E+01
   1.978105E+00   4.262705E+01
   1.977713E+00   4.262119E+01
   1.972746E+00   4.261627E+01
   1.968249E+00   4.261514E+01
   1.955199E+00   4.261747E+01
   1.951707E+00   4.261660E+01
   1.946487E+00   4.261258E+01
   1.943390E+00   4.260694E+01
   1.933692E+00   4.260353E+01
   1.925869E+00   4.260778E+01
   1.912749E+00   4.260643E+01
   1.900843E+00   4.260990E+01
   1.896520E+00   4.260456E+01
   1.895978E+00   4.259907E+01
   1.891450E+00   4.259197E+01
   1.885665E+00   4.258869E+01
   1.879173E+00   4.258882E+01
   1.875546E+00   4.258050E+01
   1.865783E+00   4.257770E+01
   1.859430E+00   4.258129E+01
   1.854133E+00   4.258005E+01
   1.850536E+00   4.258227E+01
   1.838576E+00   4.258322E+01
   1.799239E+00   4.257197E+01
   1.789686E+00   4.257252E+01
   1.726169E+00   4.256700E+01
END
END
