none
1
   1.816397E+01   4.124657E+01
   1.912499E+01   4.014800E+01
   1.750777E+01   3.846807E+01
   1.670083E+01   3.780152E+01
   1.547762E+01   3.780338E+01
   1.545472E+01   3.783514E+01
   1.558389E+01   3.822885E+01
   1.567646E+01   3.828534E+01
   1.570054E+01   3.840924E+01
   1.539027E+01   3.947490E+01
   1.337652E+01   4.090153E+01
   1.375124E+01   4.124257E+01
   1.386439E+01   4.131316E+01
   1.384688E+01   4.142893E+01
   1.393979E+01   4.146972E+01
   1.398598E+01   4.153148E+01
   1.396272E+01   4.165065E+01
   1.388924E+01   4.170669E+01
   1.375889E+01   4.173075E+01
   1.366664E+01   4.178769E+01
   1.357098E+01   4.173573E+01
   1.341681E+01   4.181358E+01
   1.337168E+01   4.180064E+01
   1.333953E+01   4.186702E+01
   1.335326E+01   4.190149E+01
   1.312987E+01   4.199849E+01
   1.305264E+01   4.199843E+01
   1.300131E+01   4.207969E+01
   1.308121E+01   4.219582E+01
   1.324785E+01   4.215187E+01
   1.332570E+01   4.218623E+01
   1.314035E+01   4.234598E+01
   1.316025E+01   4.238927E+01
   1.309967E+01   4.243987E+01
   1.315122E+01   4.248862E+01
   1.313914E+01   4.254665E+01
   1.318058E+01   4.260247E+01
   1.336925E+01   4.260228E+01
   1.333831E+01   4.269798E+01
   1.347885E+01   4.275481E+01
   1.352676E+01   4.283329E+01
   1.365207E+01   4.282647E+01
   1.371085E+01   4.287104E+01
   1.390827E+01   4.291363E+01
   1.816397E+01   4.124657E+01
END
END
