none
1
   3.895805E+01   1.819409E+01
   3.978016E+01   1.656855E+01
   4.323302E+01   1.275512E+01
   4.297297E+01   1.263287E+01
   4.282104E+01   1.240276E+01
   4.269470E+01   1.234385E+01
   4.255778E+01   1.246667E+01
   4.247440E+01   1.251094E+01
   4.239788E+01   1.245757E+01
   4.226867E+01   1.262709E+01
   4.204873E+01   1.279167E+01
   4.195385E+01   1.291952E+01
   4.019683E+01   1.437518E+01
   3.993267E+01   1.439890E+01
   3.953728E+01   1.448192E+01
   3.926962E+01   1.439890E+01
   3.922938E+01   1.440568E+01
   3.913316E+01   1.462585E+01
   3.905268E+01   1.461908E+01
   3.895471E+01   1.451071E+01
   3.880951E+01   1.446328E+01
   3.854359E+01   1.440059E+01
   3.845330E+01   1.440100E+01
   3.820419E+01   1.463601E+01
   3.801875E+01   1.471047E+01
   3.791822E+01   1.486459E+01
   3.752909E+01   1.417062E+01
   3.746591E+01   1.418020E+01
   3.725948E+01   1.442262E+01
   3.714576E+01   1.428195E+01
   3.701980E+01   1.424126E+01
   3.680111E+01   1.430738E+01
   3.660732E+01   1.429427E+01
   3.658705E+01   1.428358E+01
   3.656638E+01   1.424592E+01
   3.654659E+01   1.425902E+01
   3.651064E+01   1.436350E+01
   3.642070E+01   1.516751E+01
   3.653609E+01   1.525713E+01
   3.659782E+01   1.544014E+01
   3.662593E+01   1.545811E+01
   3.661385E+01   1.549390E+01
   3.687583E+01   1.645851E+01
   3.694134E+01   1.707852E+01
   3.753271E+01   1.742299E+01
   3.833220E+01   1.765312E+01
   3.843963E+01   1.790330E+01
   3.857304E+01   1.802942E+01
   3.895805E+01   1.819409E+01
END
END
