Самарская область
1
	51.4954732693	54.826767364
	51.4986245769	54.8245091689
	51.4998460431	54.8247108338
	51.5115593641	54.8258644952
	51.5233230591	54.8262495987
	51.5350867541	54.8258644952
	51.5468000751	54.8247108338
	51.5584128639	54.8227935546
	51.5698753929	54.8201208677
	51.5727468081	54.819325927
	51.5883107729	54.81487799
	51.5967025424	54.812256281
	51.6077181521	54.8081102991
	51.6184390164	54.8032527386
	51.6274153379	54.7985065444
	51.6277147952	54.798382821
	51.6384356595	54.7935252606
	51.6488158699	54.7879769225
	51.656386893	54.7833531714
	51.6736064364	54.772244773
	51.6760305203	54.7706531672
	51.6812253905	54.7670483964
	51.6881530105	54.7631201887
	51.6893661019	54.7624260803
	51.6993612088	54.7562107234
	51.7048745927	54.7523760059
	51.7284941364	54.7393003841
	51.731312513	54.737706842
	51.7361933671	54.734785007
	51.7380885889	54.7347213377
	51.7594814112	54.7338897337
	51.764258507	54.7336403741
	51.7737543609	54.7327646442
	51.7854197051	54.7313760944
	51.7876371723	54.7310981629
	51.7992499611	54.7291808837
	51.81071249	54.7265081968
	51.8219756747	54.7230915471
	51.8282887672	54.7208163429
	51.8435628151	54.7149874855
	51.8473962308	54.7134740444
	51.8583182071	54.7136230369
	51.8780337142	54.7156137289
	51.8843392103	54.7161385431
	51.8909519177	54.716449874
	51.910391615	54.7170068198
	51.9122462992	54.7169726826
	51.9155426025	54.7170805924
	51.9273062975	54.7166954889
	51.9325125375	54.716278259
	51.9441855111	54.7151719968
	51.9506925922	54.7144355653
	51.962305381	54.7125182861
	51.9737679099	54.7098455992
	51.9850310946	54.7064289494
	51.9960467044	54.7022829675
	52.0067675687	54.6974254071
	52.0171477791	54.691877069
	52.0188155136	54.6909022237
	52.0249266587	54.6872858907
	52.0332540311	54.6820453791
	52.0428212339	54.6751896185
	52.0519195645	54.6677228116
	52.0605100623	54.6596769324
	52.0685559415	54.6510864346
	52.0730025815	54.6458155157
	52.0766112851	54.6413675787
	52.079631452	54.637540167
	52.0864872126	54.6279729642
	52.0927025695	54.6179778572
	52.0982509076	54.6075976468
	52.103108468	54.5968767825
	52.1035182724	54.5958427269
	52.109703431	54.5925366908
	52.109789487	54.5925983576
	52.1197845939	54.5988137145
	52.1301648044	54.6043620526
	52.1408856687	54.609219613
	52.1519012784	54.613365595
	52.1631644631	54.6167822447
	52.1667868324	54.6177126016
	52.1826178261	54.6216035928
	52.1904579857	54.6233459228
	52.2020707745	54.625263202
	52.2137840955	54.6264168634
	52.2178634751	54.6266377441
	52.2373108018	54.6274693481
	52.2449951172	54.6276335709
	52.2543477128	54.627390248
	52.2658612824	54.626790754
	52.2783200916	54.6275125365
	52.3102558883	54.635174666
	52.3171288231	54.6366821044
	52.3287416119	54.6385993836
	52.3404549329	54.639753045
	52.3455959281	54.6399213438
	52.3458798703	54.6400499963
	52.3479742616	54.6409021382
	52.35492464	54.6436792378
	52.3638458585	54.6469730779
	52.3751090432	54.6503897276
	52.3865715721	54.6530624145
	52.3981843609	54.6549796937
	52.3993613748	54.6551307022
	52.4171302347	54.657350856
	52.4276665418	54.6583535089
	52.4394302368	54.6587386124
	52.4487679795	54.6584960623
	52.4593346909	54.6579467459
	52.4617606432	54.6578041925
	52.4734739643	54.6566505311
	52.4834527828	54.6550504164
	52.4937295773	54.6531049208
	52.4953635475	54.6527877563
	52.5068260764	54.6501150694
	52.5180892611	54.6466984197
	52.5263785242	54.6436557
	52.5488699792	54.6347674553
	52.5515963259	54.6336641931
	52.5623171902	54.6288066327
	52.5726974007	54.6232582946
	52.5741372966	54.622418049
	52.580256071	54.6188093453
	52.588811282	54.6134342341
	52.5983784849	54.6065784735
	52.6048368024	54.6013820668
	52.6190045881	54.589434435
	52.6216446011	54.5871640347
	52.6302350989	54.5791181555
	52.6382809781	54.5705276577
	52.645747785	54.5614293272
	52.6526035456	54.5518621243
	52.6588189025	54.5418670174
	52.6643672406	54.5314868069
	52.669224801	54.5207659426
	52.6712630556	54.5156228337
	52.6751540468	54.5053460392
	52.6772617742	54.4994735385
	52.6806784239	54.4882103538
	52.6815933768	54.4846506092
	52.6869968562	54.4770025052
	52.6932122131	54.4670073982
	52.6987605511	54.4566271878
	52.7036181116	54.4459063235
	52.7077640935	54.4348907138
	52.7111807432	54.4236275291
	52.7138534301	54.4121650002
	52.7157707093	54.4005522113
	52.7169243707	54.3888388903
	52.7173094742	54.3770751953
	52.7169243707	54.3653115003
	52.7157707093	54.3535981793
	52.7138534301	54.3419853905
	52.7111807432	54.3305228615
	52.7077640935	54.3192596769
	52.7036181116	54.3082440671
	52.6987605511	54.2975232028
	52.6981972264	54.2963909455
	52.6980682128	54.2957360008
	52.6953955259	54.2842734719
	52.6919788762	54.2730102872
	52.6878328943	54.2619946775
	52.6829753339	54.2512738132
	52.6824952877	54.2503076907
	52.6794359005	54.2441965457
	52.6743676086	54.2347824577
	52.6681522517	54.2247873508
	52.6612964911	54.2152201479
	52.6538296841	54.2061218174
	52.6457838049	54.1975313196
	52.6371933072	54.1894854404
	52.6280949766	54.1820186335
	52.6262387984	54.180688515
	52.627548685	54.178872112
	52.6339421176	54.1694269215
	52.6345447688	54.1685308255
	52.6407601257	54.1585357186
	52.6463084637	54.1481555081
	52.6511660242	54.1374346438
	52.6526034246	54.1338564364
	52.6545489202	54.128859183
	52.6572575017	54.1214217807
	52.6606741514	54.110158596
	52.6633468383	54.0986960671
	52.6652641175	54.0870832782
	52.6659895194	54.0806921787
	52.6665464652	54.0748556919
	52.6669747247	54.0695334704
	52.6673598282	54.0577697754
	52.6669747247	54.0460060804
	52.6658210633	54.0342927594
	52.6639037841	54.0226799705
	52.6612310972	54.0112174416
	52.6580907021	54.0007745561
	52.6558629189	53.9941064653
	52.6555866643	53.9932861661
	52.6514406824	53.9822705564
	52.6465831219	53.9715496921
	52.6410347839	53.9611694816
	52.634819427	53.9511743747
	52.6279636663	53.9416071718
	52.6204968594	53.9325088413
	52.6124509802	53.9239183435
	52.6047375618	53.9166467029
	52.5997403084	53.9122063953
	52.598863229	53.9114321567
	52.5937040136	53.9070762181
	52.5927901977	53.9021202781
	52.5901175108	53.8906577492
	52.5876276854	53.8822004152
	52.5853999022	53.8752652956
	52.5844730779	53.8724594449
	52.5803270959	53.8614438352
	52.5754695355	53.8507229709
	52.5727821683	53.8454909706
	52.5663963651	53.8335433387
	52.5635353942	53.8283951286
	52.5573200373	53.8184000217
	52.5504642767	53.8088328188
	52.5488830962	53.8068024261
	52.525618484	53.777365215
	52.5233889245	53.7717145261
	52.5230336371	53.770862971
	52.522233557	53.7665688255
	52.5195608702	53.7551062966
	52.516792003	53.745787751
	52.512344066	53.7321769111
	52.5116962834	53.7302322721
	52.5075503015	53.7192166623
	52.5026927411	53.708495798
	52.5022930322	53.7076903504
	52.4992412744	53.7015792053
	52.4940926452	53.6920044426
	52.4878772883	53.6820093356
	52.4810215277	53.6724421328
	52.4735547208	53.6633438022
	52.4655088416	53.6547533044
	52.462755518	53.6520583361
	52.4563459387	53.645308114
	52.4477554409	53.6372622348
	52.4386571104	53.6297954279
	52.4361107588	53.6278776179
	52.4339807919	53.6178597519
	52.4317846861	53.6087134743
	52.4283680364	53.5974502897
	52.4242220544	53.5864346799
	52.419364494	53.5757138156
	52.4138161559	53.5653336052
	52.407600799	53.5553384982
	52.4007450384	53.5457712954
	52.3932782315	53.5366729648
	52.3852323523	53.528082467
	52.3766418545	53.5200365878
	52.3753599466	53.5189230454
	52.3653578104	53.5103170884
	52.3594410301	53.505441769
	52.3569994592	53.499223071
	52.3521418988	53.4885022067
	52.348766197	53.4819947425
	52.3468058566	53.4783970469
	52.3524224181	53.4693648812
	52.3579707562	53.4589846707
	52.3628283166	53.4482638064
	52.3669742986	53.4372481967
	52.3703909483	53.425985012
	52.3730636352	53.4145224831
	52.3749809144	53.4029096942
	52.3761345758	53.3911963732
	52.3765196793	53.3794326782
	52.3761345758	53.3676689832
	52.3749809144	53.3559556622
	52.3748771158	53.3551802677
	52.3740455118	53.3490691227
	52.3722320312	53.3382317283
	52.3695593443	53.3267691994
	52.3671243073	53.3184827151
	52.3649041535	53.3115475955
	52.3639225408	53.3085708951
	52.3597765588	53.2975552854
	52.3549189984	53.2868344211
	52.35373615	53.2844794914
	52.347625005	53.2725318596
	52.345040406	53.2676642404
	52.3437330221	53.2636343866
	52.3433586969	53.2499016493
	52.3422050355	53.2381883282
	52.3421873155	53.2380541218
	52.3396848741	53.2191561115
	52.3377853149	53.2076775291
	52.335112628	53.1962150002
	52.3316959783	53.1849518155
	52.327564282	53.1739707045
	52.3281997011	53.1722924504
	52.3303074285	53.1664199496
	52.3337240782	53.1551567649
	52.3363967651	53.143694236
	52.3383140443	53.1320814472
	52.3389553017	53.1265502877
	52.3395122475	53.1209960885
	52.3400246515	53.1148139269
	52.340409755	53.1030502319
	52.3400246515	53.091286537
	52.3389072645	53.0798504124
	52.3380756605	53.0734569798
	52.3380393861	53.0731797833
	52.3361221069	53.0615669945
	52.33344942	53.0501044655
	52.3300327702	53.0388412809
	52.3258867883	53.0278256711
	52.3210292279	53.0171048068
	52.3154808898	53.0067245964
	52.3092655329	52.9967294894
	52.3024097723	52.9871622866
	52.301631759	52.9861557503
	52.2977407678	52.9811584969
	52.2910519742	52.9730667026
	52.283006095	52.9644762048
	52.2744155972	52.9564303256
	52.2653172666	52.9489635187
	52.2557500638	52.9421077581
	52.2457549568	52.9358924012
	52.2353747464	52.9303440631
	52.2247745092	52.9255411581
	52.2201991498	52.9154431247
	52.2146508117	52.9050629143
	52.2084354548	52.8950678073
	52.2015796942	52.8855006044
	52.1941128873	52.8764022739
	52.1860670081	52.8678117761
	52.1783663529	52.8605514775
	52.1733614701	52.8561035404
	52.1724716275	52.8553179599
	52.1633732969	52.847851153
	52.1538060941	52.8409953924
	52.1438109871	52.8347800355
	52.1334307767	52.8292316974
	52.1230641498	52.8245213097
	52.1097355976	52.8189671104
	52.1093813601	52.8188199378
	52.0983657504	52.8146739558
	52.0871025657	52.8112573061
	52.0756400368	52.8085846192
	52.0688014923	52.8073611404
	52.0639519554	52.8065898511
	52.0590871609	52.80322226
	52.0573002691	52.8020436168
	52.0517460699	52.7984272838
	52.0435378548	52.7933905701
	52.0331576443	52.7878422321
	52.0224367801	52.7829846716
	52.0114211703	52.7788386897
	52.0001579856	52.77542204
	51.9938882087	52.7738621926
	51.9753646964	52.7696055269
	51.9735218329	52.7671610659
	51.9660550259	52.7580627353
	51.9580091467	52.7494722375
	51.9513318487	52.7432182654
	51.9497532292	52.7380142545
	51.9456072473	52.7269986448
	51.941086688	52.7169648319
	51.9352578306	52.7050172
	51.9349208295	52.7043301486
	51.9333974492	52.7013128462
	51.9324912903	52.6929078717
	51.9323576357	52.6919140781
	51.9315184023	52.6858029331
	51.9297347778	52.6751839378
	51.9270620909	52.6637214089
	51.9260448581	52.6600786806
	51.9241069919	52.6534105897
	51.9217075749	52.6457901334
	51.917561593	52.6347745237
	51.913676076	52.6260559044
	51.9124399289	52.6234690325
	51.909497323	52.6158841428
	51.9046397626	52.6051632785
	51.8990914245	52.5947830681
	51.8948611984	52.5878247824
	51.8893715759	52.5775635246
	51.883156219	52.5675684177
	51.8763004583	52.5580012148
	51.8688336514	52.5489028842
	51.8607877722	52.5403123865
	51.8521972744	52.5322665073
	51.8430989439	52.5247997004
	51.833531741	52.5179439397
	51.8283388077	52.5146016387
	51.8225023209	52.5109853057
	51.8177001473	52.5081122498
	51.8073199368	52.5025639117
	51.7969195821	52.4978394731
	51.7902514913	52.4950623735
	51.7899309817	52.4949292517
	51.778915372	52.4907832698
	51.7676521873	52.4873666201
	51.7663066866	52.487011667
	51.7588146212	52.4850661714
	51.7486975929	52.4827484376
	51.7402707809	52.4813571653
	51.7416722384	52.4731406571
	51.7425038424	52.4673041703
	51.7427635071	52.4654096942
	51.7439171686	52.4536963732
	51.7443022721	52.4419326782
	51.7439171686	52.4301689832
	51.7427635071	52.4184556622
	51.7426597085	52.4176802677
	51.7418281045	52.4115691227
	51.7400146239	52.4007317283
	51.7373419371	52.3892691994
	51.7339252873	52.3780060148
	51.7297793054	52.366990405
	51.724921745	52.3562695407
	51.7193734069	52.3458893303
	51.71315805	52.3358942233
	51.7063022894	52.3263270205
	51.6988354825	52.3172286899
	51.6907896033	52.3086381921
	51.6821991055	52.3005923129
	51.6731007749	52.293125506
	51.6635335721	52.2862697454
	51.661506558	52.2849350309
	51.6559447293	52.2813263273
	51.6479766365	52.2764456849
	51.6375964261	52.2708973468
	51.6326738779	52.2685618273
	51.6339050048	52.2628577492
	51.635822284	52.2512449603
	51.6369759454	52.2395316393
	51.6373610489	52.2277679443
	51.6369759454	52.2160042494
	51.635822284	52.2042909283
	51.6339050048	52.1926781395
	51.6312323179	52.1812156106
	51.6301620467	52.1773907385
	51.6282165511	52.1707226476
	51.6258701726	52.1632843351
	51.6217241907	52.1522687253
	51.6214203071	52.1515396178
	51.6189197942	52.1435699796
	51.6150404598	52.1332016741
	51.6083295462	52.1104633995
	51.6061405583	52.1035614347
	51.6019945764	52.0925458249
	51.5985867598	52.0848349025
	51.5964207097	52.0780105924
	51.5922747278	52.0669949826
	51.5919525018	52.0662221533
	51.5894434378	52.0574807711
	51.5888992065	52.0546242454
	51.5862265196	52.0431617165
	51.5828098699	52.0318985318
	51.5786638879	52.0208829221
	51.5738063275	52.0101620578
	51.5682579894	51.9997818474
	51.5620426325	51.9897867404
	51.5551868719	51.9802195376
	51.547720065	51.971121207
	51.5396741858	51.9625307092
	51.531083688	51.95448483
	51.5219853575	51.9470180231
	51.5124181546	51.9401622625
	51.5024230477	51.9339469056
	51.4920428372	51.9283985675
	51.4876812834	51.9263200405
	51.4081494661	51.8897211943
	51.2575885591	51.8187662476
	51.2518934241	51.8128038415
	51.2479167483	51.8089477912
	51.2431941531	51.8045074835
	51.2385803311	51.8003176547
	51.2294820005	51.7928508478
	51.2199147977	51.7859950872
	51.2099196907	51.7797797303
	51.1995394803	51.7742313922
	51.1917906698	51.7706362703
	51.1854124959	51.7678591707
	51.1824404422	51.7665967322
	51.1714248324	51.7624507503
	51.1601616477	51.7590341005
	51.1587300511	51.7586568133
	51.1512227269	51.7567113177
	51.1411917946	51.754415918
	51.131081897	51.7527029483
	51.1208160073	51.75126325
	51.1125462706	51.7445186335
	51.1029790677	51.7376628728
	51.0945801018	51.7323800174
	51.0823578118	51.7251549808
	51.0807616707	51.7242224793
	51.0703814603	51.7186741412
	51.059660596	51.7138165808
	51.0507608539	51.710403559
	51.0232568866	51.7006837103
	51.0211410189	51.6999507503
	51.0098778343	51.6965341005
	50.9984153053	51.6938614137
	50.9914106624	51.6926115975
	50.9706223494	51.6868633956
	50.9701663942	51.6866671395
	50.9607777075	51.6805659435
	50.9527022835	51.6756156068
	50.9504240638	51.6743223054
	50.9503224546	51.6742442804
	50.9428649561	51.6688199099
	50.9259200708	51.6571469362
	50.9238103665	51.6557155462
	50.9227116788	51.6549872357
	50.9122150714	51.6480843573
	50.9067128355	51.6436885553
	50.8972347718	51.636892394
	50.8911565	51.6320155817
	50.8815892972	51.6251598211
	50.8808952014	51.6246983638
	50.872533385	51.6191670527
	50.8632323738	51.6134131531
	50.8528521634	51.6078648151
	50.8421312991	51.6030072547
	50.8311156893	51.5988612727
	50.8198525047	51.595444623
	50.8083899758	51.5927719361
	50.7967771869	51.5908546569
	50.7850638659	51.5897009955
	50.7733001709	51.589315892
	50.7615364759	51.5897009955
	50.7498231549	51.5908546569
	50.738210366	51.5927719361
	50.7267478371	51.595444623
	50.719118539	51.5976706618
	50.7024788295	51.6029273146
	50.698844943	51.6041179256
	50.6878293332	51.6082639075
	50.6771084689	51.6131214679
	50.6667282585	51.618669806
	50.6655364983	51.6193639748
	50.6480346672	51.6296483987
	50.6392313205	51.6351695867
	50.6296641176	51.6420253473
	50.6205657871	51.6494921542
	50.6205102174	51.6495409078
	50.6113396852	51.657589919
	50.6028047571	51.6655870447
	50.5947588779	51.6741775425
	50.587292071	51.683275873
	50.5845566877	51.6869360371
	50.5778885969	51.6960989399
	50.5737682195	51.7020059787
	50.5675528626	51.7120010856
	50.5636991403	51.7190334495
	50.562280951	51.7214462761
	50.5567326129	51.7318264865
	50.5518750525	51.7425473508
	50.5477290706	51.7535629606
	50.5443124209	51.7648261452
	50.541639734	51.7762886741
	50.5404215593	51.7836670496
	50.5365685194	51.7838461981
	50.5248551983	51.7849998596
	50.5132424095	51.7869171388
	50.5017798806	51.7895898256
	50.4905166959	51.7930064754
	50.4795010862	51.7971524573
	50.4687802219	51.8020100177
	50.4584000114	51.8075583558
	50.4491606565	51.8132714882
	50.4407045381	51.8135776398
	50.4354485243	51.8138449774
	50.4295429144	51.814329866
	50.4140633314	51.8146765814
	50.4118989237	51.8148315618
	50.3796799906	51.8173340032
	50.3701310772	51.8183326843
	50.3585182884	51.8202499635
	50.3562812274	51.8207097259
	50.3379401629	51.8246007172
	50.328714695	51.8268136416
	50.3174515104	51.8302302913
	50.3106756889	51.832682812
	50.3034582816	51.8354599116
	50.2992184934	51.8371533728
	50.2939606594	51.8394300153
	50.2751778333	51.8396781073
	50.2634645123	51.8408317687
	50.2564930688	51.841888981
	50.2467655908	51.8435598184
	50.2421242454	51.8444198853
	50.2306617165	51.8470925722
	50.2275633835	51.8479525235
	50.2271450045	51.8478438813
	50.2170279762	51.8455261475
	50.2054151874	51.8436088683
	50.1937018664	51.8424552069
	50.1845145559	51.8420885565
	50.1653418875	51.8418138983
	50.1642118091	51.8418427924
	50.1627655029	51.8417954452
	50.1510018079	51.8421805487
	50.1392884869	51.8433342101
	50.1276756981	51.8452514893
	50.1162131692	51.8479241762
	50.1049499845	51.8513408259
	50.0939343747	51.8554868079
	50.0832135104	51.8603443683
	50.0728333	51.8658927064
	50.0628381931	51.8721080633
	50.0532709902	51.8789638239
	50.0441726596	51.8864306308
	50.0355821619	51.89447651
	50.0275362827	51.9030670078
	50.0200694757	51.9121653383
	50.0158286425	51.9179257509
	50.0124945971	51.9226483461
	50.0098796697	51.9264551364
	50.0036643128	51.9364502434
	49.9981159747	51.9468304538
	49.9932584143	51.9575513181
	49.9891124324	51.9685669278
	49.9856957827	51.9798301125
	49.9830230958	51.9912926414
	49.9828593393	51.9921261832
	49.9740521335	51.9961781085
	49.963671923	52.0017264466
	49.9606714026	52.0035922901
	49.9323388624	52.0043598944
	49.925446388	52.0046790228
	49.9193088499	52.0051869578
	49.8904974946	52.0080687528
	49.8217099216	52.0114540948
	49.8187874525	52.0116217719
	49.8091031139	52.0125200384
	49.7882672374	52.0150224798
	49.786238255	52.0152778747
	49.7746254661	52.0171951539
	49.7631629372	52.0198678408
	49.7518997525	52.0232844905
	49.7408841428	52.0274304724
	49.7301632785	52.0322880328
	49.7197830681	52.0378363709
	49.7097879611	52.0440517278
	49.7002207583	52.0509074884
	49.6911224277	52.0583742954
	49.6825319299	52.0664201745
	49.6744860507	52.0750106723
	49.6725921448	52.0772056945
	49.6705729826	52.0772337796
	49.6658248901	52.0770783432
	49.6540611952	52.0774634467
	49.6480128526	52.0779624825
	49.6368968248	52.0790687447
	49.6312318463	52.0797233703
	49.6196190574	52.0816406495
	49.6081565285	52.0843133364
	49.5968933439	52.0877299861
	49.5858777341	52.091875968
	49.5751568698	52.0967335284
	49.5684836538	52.1001996593
	49.5623801382	52.1035337047
	49.5586731437	52.1056159119
	49.5486780368	52.1118312688
	49.5391108339	52.1186870295
	49.5300125034	52.1261538364
	49.5214220056	52.1341997156
	49.5133761264	52.1427902134
	49.509568332	52.1474300243
	49.5092326185	52.1474088282
	49.5000620862	52.1468518824
	49.4993177101	52.146853666
	49.4891586304	52.1465210922
	49.4773949354	52.1469061957
	49.4656816144	52.1480598571
	49.4596549463	52.1489573799
	49.4496528101	52.1506205879
	49.4440666893	52.1516403443
	49.4326041604	52.1543130312
	49.4213409757	52.1577296809
	49.4146245766	52.1601593493
	49.40739954	52.1629364489
	49.4031003293	52.1646527625
	49.392379465	52.1695103229
	49.3819992546	52.175058661
	49.3720041476	52.1812740179
	49.3624369448	52.1881297785
	49.3533386142	52.1955965854
	49.3447481164	52.2036424646
	49.3435292142	52.2049438733
	49.3408279419	52.2048554428
	49.3330306531	52.2050245321
	49.313865614	52.2058561361
	49.3098992079	52.2060721503
	49.2981858868	52.2072258117
	49.286573098	52.2091430909
	49.2751105691	52.2118157778
	49.2638473844	52.2152324275
	49.2528317746	52.2193784094
	49.2421109103	52.2242359698
	49.2317306999	52.2297843079
	49.221735593	52.2359996648
	49.2121683901	52.2428554254
	49.2074240961	52.2466244951
	49.2027015009	52.2505078569
	49.1983474643	52.2542055942
	49.1897569665	52.2622514734
	49.1817110873	52.2708419712
	49.1742442804	52.2799403017
	49.1673885198	52.2895075046
	49.1611731629	52.2995026115
	49.1591737489	52.303243252
	49.1443337171	52.3032858954
	49.1326203961	52.3044395568
	49.1210076073	52.306356836
	49.1095450783	52.3090295229
	49.1051008848	52.3102816951
	49.1010151778	52.3114896765
	49.1001564597	52.3112573061
	49.0886939308	52.3085846192
	49.077081142	52.30666734
	49.0731861521	52.3061978667
	49.0660535001	52.2975067051
	49.0580076209	52.2889162073
	49.0494171231	52.2808703281
	49.0403187925	52.2734035212
	49.0307515897	52.2665477605
	49.0207564827	52.2603324036
	49.0103762723	52.2547840656
	49.0083797383	52.2538147513
	49.0019939351	52.2507629935
	48.9932696048	52.2468747473
	48.982253995	52.2427287654
	48.9709908103	52.2393121157
	48.9595282814	52.2366394288
	48.9511395474	52.2351763276
	48.9344693204	52.2326738862
	48.9312452655	52.2322197082
	48.9240255117	52.2314171662
	48.9148626089	52.2305855622
	48.9103690417	52.2302344428
	48.8986053467	52.2298493393
	48.8868416517	52.2302344428
	48.8751283307	52.2313881042
	48.866980854	52.2326513382
	48.8592065009	52.234039888
	48.8557411888	52.2346939332
	48.8442786599	52.2373666201
	48.8330154752	52.2407832698
	48.8219998655	52.2449292517
	48.8112790012	52.2497868121
	48.8008987907	52.2553351502
	48.7909036838	52.2615505071
	48.7813364809	52.2684062677
	48.7722381504	52.2758730746
	48.7636476526	52.2839189538
	48.7556017734	52.2925094516
	48.7481349665	52.3016077822
	48.7412792058	52.311174985
	48.7350638489	52.321170092
	48.7295155109	52.3315503024
	48.7246579505	52.3422711667
	48.7205119685	52.3532867765
	48.7170953188	52.3645499611
	48.7154906915	52.371015103
	48.7147157177	52.3732239913
	48.7141185359	52.3749542569
	48.7127184057	52.3792558876
	48.7112413067	52.3794441345
	48.6996285179	52.3813614137
	48.688165989	52.3840341005
	48.6769028043	52.3874507503
	48.6658871946	52.3915967322
	48.6551663303	52.3964542926
	48.6447861198	52.4020026307
	48.6347910129	52.4082179876
	48.62522381	52.4150737482
	48.6161254795	52.4225405551
	48.6075349817	52.4305864343
	48.5994891025	52.4391769321
	48.5920222956	52.4482752627
	48.5851665349	52.4578424655
	48.5832379034	52.4607909785
	48.5776680677	52.4610694037
	48.5659547467	52.4622230651
	48.5543419578	52.4641403443
	48.5428794289	52.4668130312
	48.5316162442	52.4702296809
	48.5206006345	52.4743756629
	48.5098797702	52.4792332233
	48.5032065542	52.4826993541
	48.4971030386	52.4860333995
	48.4933960441	52.4881156068
	48.4834009372	52.4943309637
	48.4751114441	52.5002153298
	48.4725821755	52.4996933228
	48.4633153378	52.4981006204
	48.4288686215	52.4931033669
	48.4265226703	52.4927787902
	48.4148093493	52.4916251288
	48.4047075748	52.4912477034
	48.3749834537	52.4909730452
	48.374215527	52.4909946334
	48.3733215332	52.4909653671
	48.3615578382	52.4913504706
	48.3498445172	52.492504132
	48.3382317283	52.4944214112
	48.3267691994	52.4970940981
	48.3155060148	52.5005107478
	48.304490405	52.5046567297
	48.2937695407	52.5095142902
	48.2900768059	52.5113884989
	48.2836910027	52.5147225443
	48.2770035271	52.5183966736
	48.2670084201	52.5246120306
	48.2574412172	52.5314677912
	48.2526969232	52.5352368608
	48.247974328	52.5391202227
	48.2436202915	52.5428179599
	48.2350297937	52.5508638391
	48.2269839145	52.5594543369
	48.2195171076	52.5685526674
	48.212661347	52.5781198703
	48.2064459901	52.5881149772
	48.200897652	52.5984951877
	48.1984706092	52.6036187595
	48.1915278602	52.6188928073
	48.1890973425	52.6244900998
	48.1849513606	52.6355057096
	48.1815347109	52.6467688943
	48.178870922	52.6581867195
	48.1777646598	52.6637409187
	48.1777557618	52.6637856224
	48.1758384826	52.6753984112
	48.1746848212	52.6871117323
	48.1742997177	52.6988754272
	48.1746848212	52.7106391222
	48.1758384826	52.7223524433
	48.1777557618	52.7339652321
	48.1777851203	52.7341125058
	48.1791736701	52.7410628842
	48.1818169985	52.7523781394
	48.1852336482	52.7636413241
	48.1893796301	52.7746569339
	48.1942371906	52.7853777981
	48.1997855286	52.7957580086
	48.2060008855	52.8057531155
	48.2125957894	52.8149562933
	48.2065110821	52.8155555847
	48.1948982933	52.8174728639
	48.1834357644	52.8201455507
	48.1721725797	52.8235622005
	48.1611569699	52.8277081824
	48.1504361057	52.8325657428
	48.1467433708	52.8344399515
	48.1403575676	52.8377739969
	48.133670092	52.8414481263
	48.123674985	52.8476634832
	48.1141077822	52.8545192438
	48.1124107734	52.8558375852
	48.0876839058	52.8752849118
	48.0865284696	52.8762013375
	48.0768086209	52.8839756906
	48.0759443434	52.8846713586
	48.0681253635	52.8896098943
	48.0659966972	52.8910543486
	48.0498757866	52.9021627471
	48.04243725	52.9075740534
	48.0333389194	52.9150408603
	48.0247484216	52.9230867395
	48.0167025424	52.9316772373
	48.0123034904	52.9368895264
	48.0050860831	52.945777771
	48.0020183283	52.9496638125
	47.9951625677	52.9592310153
	47.9889472108	52.9692261223
	47.9833988727	52.9796063327
	47.9785413123	52.990327197
	47.9743953303	53.0013428067
	47.9709786806	53.0126059914
	47.9683059937	53.0240685203
	47.9663887145	53.0356813092
	47.9652350531	53.0473946302
	47.9648499496	53.0591583252
	47.9652350531	53.0709220202
	47.9663887145	53.0826353412
	47.9665238703	53.0836400631
	47.9646068426	53.0864511691
	47.9620852357	53.090332203
	47.9617427545	53.0907770937
	47.9548869939	53.1003442966
	47.948671637	53.1103394035
	47.943123299	53.120719614
	47.9400662637	53.1272450373
	47.9378461098	53.1322422908
	47.9360455847	53.1364377317
	47.9318996028	53.1474533414
	47.9306028132	53.1514244856
	47.9242037631	53.1583465488
	47.9167369562	53.1674448794
	47.9141700245	53.1708739535
	47.9117139158	53.1718701697
	47.9009930515	53.1767277301
	47.897972889	53.1782525883
	47.8726967049	53.1913141117
	47.8653366569	53.1953375916
	47.85534155	53.2015529485
	47.8457743471	53.2084087091
	47.8447678109	53.2091867224
	47.8397705575	53.2130777136
	47.8316787632	53.2197665073
	47.8230882654	53.2278123865
	47.8150423862	53.2364028842
	47.8075755793	53.2455012148
	47.8007198186	53.2550684177
	47.7945044617	53.2650635246
	47.7889561237	53.2754437351
	47.7876800182	53.2780855207
	47.7804549815	53.2933595685
	47.7768735266	53.3014386472
	47.7727275447	53.3124542569
	47.769310895	53.3237174416
	47.7666936679	53.3349022978
	47.7655797763	53.340456497
	47.7655243165	53.3407341698
	47.7636070373	53.3523469586
	47.7624533759	53.3640602796
	47.7620682724	53.3758239746
	47.7624533759	53.3875876696
	47.7636070373	53.3993009906
	47.7655243165	53.4109137795
	47.7681970034	53.4223763084
	47.7716136531	53.4336394931
	47.775759635	53.4446551028
	47.7806171954	53.4553759671
	47.7861655335	53.4657561775
	47.7923808904	53.4757512845
	47.799236651	53.4853184873
	47.8067034579	53.4944168179
	47.8147493371	53.5030073157
	47.8233398349	53.5110531949
	47.8324381655	53.5185200018
	47.8387328986	53.5231366013
	47.8442870978	53.5270275925
	47.8443056614	53.5270405955
	47.8496089788	53.5354741849
	47.8564647394	53.5450413877
	47.8639315463	53.5541397183
	47.8719774255	53.5627302161
	47.8805679233	53.5707760953
	47.8896662539	53.5782429022
	47.8992334567	53.5850986628
	47.9052299991	53.5889359731
	47.9119783411	53.5960630408
	47.9157659327	53.599741052
	47.9251271998	53.6085682614
	47.9299301059	53.6129361295
	47.9390284365	53.6204029364
	47.9485956393	53.627258697
	47.9585907463	53.6334740539
	47.9689709567	53.639022392
	47.979691821	53.6438799524
	47.9907074308	53.6480259343
	48.0019706154	53.651442584
	48.0134331444	53.6541152709
	48.0153955152	53.6544942888
	48.0237420728	53.6560583147
	48.0333924908	53.657596576
	48.0451058119	53.6587502374
	48.0568695068	53.6591353409
	48.0588590356	53.6591243372
	48.0623015017	53.6590862568
	48.0934683837	53.661135723
	48.0935066908	53.6611382379
	48.1052703857	53.6615233414
	48.1068735461	53.6615161967
	48.1335453374	53.6612784572
	48.133570014	53.6620322497
	48.1347236755	53.6737455707
	48.1366409547	53.6853583595
	48.1366498527	53.6854030633
	48.1377561149	53.6909572625
	48.1404199038	53.7023750877
	48.1438365535	53.7136382724
	48.1479825354	53.7246538821
	48.1528400958	53.7353747464
	48.1583884339	53.7457549568
	48.1646037908	53.7557500638
	48.1714595514	53.7653172666
	48.1789263583	53.7744155972
	48.1869722375	53.783006095
	48.1955627353	53.7910519742
	48.2046610659	53.7985187811
	48.2142282687	53.8053745417
	48.2242233757	53.8115898986
	48.2342342702	53.8169555841
	48.2364532951	53.8182579894
	48.2468335056	53.8238063275
	48.2529349793	53.8266743573
	48.2659812439	53.8325108441
	48.2706006345	53.8345003747
	48.2816162442	53.8386463567
	48.2928794289	53.8420630064
	48.2973132181	53.843096821
	48.2978443683	53.8442690945
	48.3033927064	53.854649305
	48.3096080633	53.8646444119
	48.3164638239	53.8742116148
	48.3239306308	53.8833099453
	48.33197651	53.8919004431
	48.3405670078	53.8999463223
	48.3496653383	53.9074131292
	48.3560959398	53.9121248179
	48.3616501391	53.9160081797
	48.3647867404	53.9181522517
	48.3747818474	53.9243676086
	48.3851620578	53.9299159467
	48.3958829221	53.9347735071
	48.4068985318	53.938919489
	48.4134972438	53.9410186857
	48.4209969386	53.9432464689
	48.4256614113	53.9445639219
	48.4371239403	53.9472366088
	48.4487367291	53.949153888
	48.4604500501	53.9503075494
	48.4697778818	53.950676158
	48.4900568124	53.9509508162
	48.5042563708	53.9505822076
	48.5159696918	53.9494285462
	48.5275824806	53.947511267
	48.5390450096	53.9448385801
	48.5396427395	53.9446773158
	48.5600527171	53.9391331129
	48.5920465676	53.9324496907
	48.6018196678	53.9301214781
	48.6086199309	53.9281551395
	48.6245085021	53.923220053
	48.6273612921	53.922627467
	48.6403647692	53.9222466363
	48.6454046711	53.9218450926
	48.7134588703	53.9154592894
	48.7201322895	53.9147071717
	48.7234378893	53.9142407335
	48.7937393172	53.9036545163
	48.795728315	53.9033925034
	48.8173392147	53.9231189327
	48.8200057895	53.925504794
	48.8291041201	53.9329716009
	48.8365572019	53.9383929288
	48.8474050144	53.9489822036
	48.8544525058	53.9555035733
	48.8635508364	53.9629703802
	48.8635633109	53.9629799514
	48.8666213133	53.9659758197
	48.8738998325	53.9727231168
	48.882998163	53.9801899237
	48.8925653659	53.9870456843
	48.9012824799	53.992516168
	48.9248954559	54.0064092954
	48.9261734489	54.0071541686
	48.9365536594	54.0127025067
	48.9440373536	54.0161819416
	48.9573659058	54.022010799
	48.9606030759	54.0233889245
	48.9716186857	54.0275349065
	48.9784263536	54.0296960358
	48.9859336778	54.0319161896
	48.9903891945	54.03317171
	49.0018517235	54.0358443969
	49.0134645123	54.0377616761
	49.0251778333	54.0389153375
	49.0266522036	54.0390058942
	49.0460919009	54.0401197858
	49.0681449206	54.0400292291
	49.0733650605	54.0396106814
	49.0883263032	54.038191614
	49.0889671808	54.0381296694
	49.1281746393	54.0342691958
	49.1340269428	54.0335960267
	49.1353437571	54.0334177137
	49.1852220025	54.0264758597
	49.2431917495	54.0210517141
	49.246447802	54.0229775329
	49.2568280124	54.028525871
	49.2672283671	54.0332503096
	49.273896458	54.0360274092
	49.2742169675	54.036160531
	49.2852325773	54.0403065129
	49.2964957619	54.0437231626
	49.3079582908	54.0463958495
	49.3144226828	54.0475594175
	49.3230362692	54.0489479673
	49.3281846661	54.0497016785
	49.3398979871	54.05085534
	49.3496909056	54.0512296462
	49.4005179319	54.051786592
	49.4024887085	54.0517973893
	49.4124202685	54.0515229848
	49.4324245409	54.0504167226
	49.4342566759	54.0503060236
	49.445969997	54.0491523621
	49.4575827858	54.0472350829
	49.4690453147	54.044562396
	49.4803084994	54.0411457463
	49.4913241092	54.0369997644
	49.499897062	54.0331837744
	49.528037813	54.0329341056
	49.6047736474	54.0348066069
	49.6064654031	54.0347718764
	49.609161377	54.0348601334
	49.6209250719	54.0344750299
	49.632638393	54.0333213685
	49.6442511818	54.0314040893
	49.6557137107	54.0287314024
	49.6597892894	54.0274950891
	49.6614563469	54.0285317321
	49.6718365573	54.0340800702
	49.6820075262	54.038708789
	49.6886679876	54.0414935181
	49.689217883	54.0417223596
	49.7002334928	54.0458683415
	49.7107235554	54.0490759879
	49.7259976032	54.0532416373
	49.7267707253	54.0534506407
	49.7382332542	54.0561233276
	49.7451477302	54.0573588662
	49.7529585652	54.0585977089
	49.7587514697	54.0601783815
	49.7595466042	54.0603933897
	49.7702569905	54.0629147978
	49.7866525593	54.0662488432
	49.787404702	54.066400122
	49.7990174908	54.0683174012
	49.8107308119	54.0694710626
	49.8128005284	54.0695947426
	49.8283492344	54.070433976
	49.8298017996	54.0704256036
	49.8314549656	54.0704797226
	49.8317378717	54.0708745176
	49.8392046787	54.0799728482
	49.8472505578	54.088563346
	49.8511150061	54.0923137865
	49.8558376013	54.0967617235
	49.8605636509	54.1010571622
	49.8696619814	54.1085239691
	49.8792291843	54.1153797297
	49.8892242912	54.1215950866
	49.8996045017	54.1271434247
	49.9103253659	54.1320009851
	49.9213409757	54.136146967
	49.9298111342	54.1387910592
	49.9375931166	54.141011213
	49.9403861428	54.1417837706
	49.9518486717	54.1444564574
	49.9634614605	54.1463737366
	49.9700080982	54.1471139126
	49.9721705263	54.1487995428
	49.9817377292	54.1556553034
	49.9917328361	54.1618706603
	50.0021130466	54.1674189984
	50.0122840155	54.1720477173
	50.0189444769	54.1748324463
	50.0194943723	54.1750612878
	50.0271950739	54.1780457909
	50.0293130312	54.1868263816
	50.0303833024	54.1906512537
	50.032328798	54.1973193445
	50.0346751765	54.2047576571
	50.0388211585	54.2157732669
	50.042363668	54.2237699592
	50.0590372432	54.2590648877
	50.0547726926	54.2607678748
	50.0440518283	54.2656254352
	50.0404371826	54.2674588977
	50.0340437499	54.2707929431
	50.0272781853	54.2745078187
	50.0172830783	54.2807231756
	50.0077158754	54.2875789362
	49.9986175449	54.2950457431
	49.9900270471	54.3030916223
	49.9819811679	54.3116821201
	49.974514361	54.3207804506
	49.9676586004	54.3303476535
	49.9614432435	54.3403427604
	49.9558949054	54.3507229709
	49.951037345	54.3614438352
	49.9468913631	54.3724594449
	49.9434747133	54.3837226296
	49.943433933	54.3838750914
	49.9417384821	54.3860499209
	49.9348827215	54.3956171237
	49.9286673646	54.4056122307
	49.9231190265	54.4159924411
	49.9185976199	54.4259072982
	49.9163774661	54.4311944686
	49.9160413123	54.4320004758
	49.9118953303	54.4430160856
	49.9092707979	54.4514177355
	49.9065623836	54.4588547086
	49.9031457338	54.4701178933
	49.900473047	54.4815804222
	49.8985557678	54.493193211
	49.8974021063	54.5049065321
	49.8970170028	54.5166702271
	49.8974021063	54.528433922
	49.8985557678	54.5401472431
	49.900473047	54.5517600319
	49.9031457338	54.5632225608
	49.9065623836	54.5744857455
	49.9107083655	54.5855013552
	49.9155659259	54.5962222195
	49.921114264	54.60660243
	49.9273296209	54.6165975369
	49.9341853815	54.6261647398
	49.9416521884	54.6352630703
	49.9496980676	54.6438535681
	49.9582885654	54.6518994473
	49.967386896	54.6593662542
	49.9769540988	54.6662220149
	49.9869492058	54.6724373718
	49.9973294162	54.6779857098
	50.0080502805	54.6828432703
	50.0190658902	54.6869892522
	50.0303290749	54.6904059019
	50.0417916038	54.6930785888
	50.0534043927	54.694995868
	50.0651177137	54.6961495294
	50.0768814087	54.6965346329
	50.0886451037	54.6961495294
	50.1003584247	54.694995868
	50.1119712136	54.6930785888
	50.1234337425	54.6904059019
	50.1346969271	54.6869892522
	50.1402337897	54.6850082213
	50.1764036022	54.686849267
	50.185546875	54.6870818131
	50.1901878158	54.6870219293
	50.2224067489	54.6861903253
	50.2295295031	54.6858651056
	50.2412428241	54.6847114442
	50.252855613	54.682794165
	50.2643181419	54.6801214781
	50.2755813266	54.6767048284
	50.2802241212	54.6750575662
	50.287723816	54.6722804666
	50.2940966311	54.6697817468
	50.3048174954	54.6649241864
	50.3151977059	54.6593758483
	50.3180465875	54.6576042999
	50.3252334928	54.6603092595
	50.3364966775	54.6637259092
	50.3479592064	54.6663985961
	50.3595719952	54.6683158753
	50.3712853163	54.6694695367
	50.3830490112	54.6698546402
	50.3948127062	54.6694695367
	50.4065260273	54.6683158753
	50.4165445798	54.666708234
	50.4223810666	54.6656019718
	50.4239753029	54.6652923339
	50.4354378318	54.662619647
	50.4467010165	54.6592029973
	50.4577166262	54.6550570154
	50.4684374905	54.650199455
	50.478817701	54.6446511169
	50.4888128079	54.63843576
	50.4983800108	54.6315799994
	50.5074783413	54.6241131924
	50.5160688391	54.6160673132
	50.5241147183	54.6074768155
	50.5310674933	54.5990451483
	50.5317973748	54.5981031104
	50.5394662558	54.5899171481
	50.5404879275	54.5894976282
	50.5512087918	54.5846400677
	50.5615890022	54.5790917297
	50.5688862199	54.5745540281
	50.5736630735	54.5767183923
	50.5748737102	54.5772147033
	50.595427299	54.5855536315
	50.6052322721	54.5892033025
	50.6052438824	54.5892072432
	50.6199686139	54.5942044966
	50.6312201882	54.5976172056
	50.6341087075	54.5983655581
	50.6496574135	54.6022565493
	50.6582314232	54.6041808837
	50.669844212	54.6060981629
	50.681557533	54.6072518243
	50.683039947	54.6073428418
	50.692767425	54.6078997876
	50.7030487061	54.6081938736
	50.714812401	54.6078087701
	50.7201456962	54.6073794536
	50.7318110404	54.606265562
	50.7381910663	54.6055412171
	50.7498038552	54.6036239379
	50.7570692796	54.6020218662
	50.7662321824	54.5998017124
	50.7704292869	54.5987310972
	50.7816924716	54.5953144475
	50.7927080813	54.5911684656
	50.8034289456	54.5863109052
	50.8070556594	54.5844711488
	50.8170474148	54.5799174725
	50.8234955024	54.5765741098
	50.8265440909	54.5749144571
	50.8311038033	54.5903604395
	50.8332896785	54.5972518588
	50.8374356604	54.6082674685
	50.8422932208	54.6189883328
	50.8427330883	54.619874148
	50.8488442333	54.632096438
	50.8539527039	54.6415908333
	50.8601680608	54.6515859402
	50.8670238214	54.6611531431
	50.8744906284	54.6702514737
	50.8825365076	54.6788419714
	50.8911270053	54.6868878506
	50.9002253359	54.6943546576
	50.9097925388	54.7012104182
	50.9197876457	54.7074257751
	50.9301678561	54.7129741132
	50.9408887204	54.7178316736
	50.9519043302	54.7219776555
	50.9631675149	54.7253943052
	50.9746300438	54.7280669921
	50.9862428326	54.7299842713
	50.9873349355	54.73012465
	50.9962155508	54.7312385416
	51.0047066208	54.7320995016
	51.0069564731	54.7341061734
	51.0160548037	54.7415729803
	51.0237812983	54.7471822969
	51.0273012568	54.751628899
	51.0330981113	54.7585846035
	51.0411439905	54.7671751013
	51.0497344883	54.7752209805
	51.0588328188	54.7826877874
	51.0684000217	54.7895435481
	51.073592955	54.792885849
	51.0794294418	54.7965021821
	51.0842316154	54.799375238
	51.0946118259	54.804923576
	51.1053326902	54.8097811365
	51.107363855	54.8106080016
	51.114306604	54.8133851012
	51.1232910489	54.816704218
	51.1345542336	54.8201208677
	51.1354148213	54.8203491801
	51.151245815	54.8245072001
	51.1618477562	54.8269515746
	51.1718648066	54.8286514987
	51.1896412959	54.8311539401
	51.1912370343	54.8313712952
	51.2029503553	54.8325249567
	51.2096335675	54.8328382937
	51.2193534162	54.8331129519
	51.2361975939	54.8327996149
	51.2479109149	54.8316459534
	51.2595237038	54.8297286742
	51.2709862327	54.8270559874
	51.2745036095	54.8260751347
	51.2787777805	54.8282542645
	51.2894986448	54.8331118249
	51.2915298096	54.8339386901
	51.3123580567	54.8422699889
	51.3213425016	54.8455891057
	51.3326056862	54.8490057554
	51.3369383555	54.8501091621
	51.3449949961	54.8520546577
	51.3521248558	54.8536239379
	51.3637376446	54.8555412171
	51.3754509657	54.8566948785
	51.3872146606	54.857079982
	51.3955459595	54.857079982
	51.4073096545	54.8566948785
	51.4190229755	54.8555412171
	51.4306357643	54.8536239379
	51.4420982932	54.850951251
	51.4533614779	54.8475346013
	51.4643770877	54.8433886194
	51.475097952	54.838531059
	51.4854781624	54.8329827209
	51.4954732693	54.826767364
END
END
