Тверская область
1
	37.2092669583	59.0232539594
	37.2196471688	59.0177056213
	37.2296422757	59.0114902644
	37.2327993161	59.0093318998
	37.2439153439	59.0015575468
	37.2474720019	58.9990050703
	37.2489795065	58.9982090435
	37.2549254891	58.9949242492
	37.264920596	58.9887088923
	37.2681930658	58.9864697311
	37.273747265	58.9825787399
	37.2800419981	58.9779621405
	37.2891403286	58.9704953336
	37.2977308264	58.9624494544
	37.3017230811	58.9583277547
	37.3058887305	58.953887447
	37.309942355	58.949418649
	37.317409162	58.9403203184
	37.3242649226	58.9307531155
	37.3304802795	58.9207580086
	37.3319315905	58.918196062
	37.3347086901	58.9131988085
	37.3388057172	58.9053805447
	37.3436632776	58.8946596804
	37.3472882533	58.8851567686
	37.3505959079	58.882814225
	37.3533139281	58.8808429137
	37.3629812039	58.8748172907
	37.3644954878	58.8737943134
	37.3758785445	58.8660199604
	37.3839314634	58.8601871771
	37.393029794	58.8527203702
	37.4016202918	58.844674491
	37.4070026912	58.8390540099
	37.4081964282	58.8377522255
	37.4108139126	58.8355008267
	37.4140593082	58.8325842969
	37.4190658032	58.827974138
	37.4202993161	58.8271114409
	37.4267094786	58.8224140448
	37.4304939984	58.819428666
	37.4339516312	58.8173548453
	37.4474096388	58.8090764934
	37.462361691	58.801073905
	37.4674193855	58.7982613464
	37.4774144925	58.7920459895
	37.4799409373	58.7903266496
	37.5080018504	58.7708793229
	37.5150426084	58.7657429022
	37.5198058713	58.7619582324
	37.5454758855	58.7536801503
	37.5480880404	58.7528156682
	37.5591036502	58.7486696863
	37.568134399	58.7446346479
	37.575077148	58.7413006025
	37.5767672635	58.7404780804
	37.5871474739	58.7349297424
	37.5971425809	58.7287143855
	37.6003381012	58.7265291013
	37.6170083283	58.714863757
	37.6233800108	58.7101932806
	37.6324783413	58.7027264737
	37.6410688391	58.6946805945
	37.6453564386	58.6902433177
	37.6515531156	58.6874701962
	37.6657132719	58.6808097347
	37.668709097	58.6793666302
	37.6790893074	58.6738182922
	37.6869325212	58.6690186022
	37.7160996965	58.6501282213
	37.7182515897	58.6487125544
	37.7278187925	58.6418567938
	37.7369171231	58.6343899869
	37.7455076209	58.6263441077
	37.7507309426	58.6208968752
	37.7588257302	58.6120925539
	37.7591332888	58.6117571864
	37.7813195681	58.5875033412
	37.783834567	58.5846954434
	37.7913013739	58.5755971128
	37.7981571345	58.56602991
	37.7988524748	58.5649813389
	37.8048175959	58.5565847195
	37.8110329528	58.5465896126
	37.8160922861	58.537193417
	37.8185947275	58.5321961636
	37.8190837323	58.5312121487
	37.8239412927	58.5204912844
	37.8280872746	58.5094756747
	37.8315039244	58.49821249
	37.8341766112	58.4867499611
	37.8360938904	58.4751371723
	37.8372475519	58.4634238512
	37.8376326554	58.4516601563
	37.8372475519	58.4398964613
	37.8368921576	58.4353558604
	37.8363352118	58.429237086
	37.8355369446	58.4220643658
	37.8336196654	58.410451577
	37.8309469786	58.3989890481
	37.8275303288	58.3877258634
	37.8233843469	58.3767102536
	37.8185267865	58.3659893894
	37.8181270777	58.3651839417
	37.8150753198	58.3590727966
	37.8099266906	58.3494980339
	37.8037113337	58.3395029269
	37.7968555731	58.3299357241
	37.7952849552	58.3279186978
	37.7911193058	58.3226467861
	37.7852231168	58.3155654819
	37.7771772376	58.3069749841
	37.7685867398	58.2989291049
	37.7620404152	58.293457287
	37.7561962989	58.2888033563
	37.753644293	58.2868083673
	37.7440770901	58.2799526067
	37.7340819832	58.2737372498
	37.7288476916	58.2709394627
	37.7385375496	58.2657601257
	37.7485326566	58.2595447688
	37.7554150093	58.2547096022
	37.7606869209	58.250818611
	37.763371771	58.2487980169
	37.7724701016	58.24133121
	37.7810605994	58.2332853308
	37.7891064786	58.224694833
	37.7965732855	58.2155965025
	37.7998950561	58.211125831
	37.8007902136	58.2102369299
	37.8088360928	58.2016464322
	37.8163028997	58.1925481016
	37.8231586604	58.1829808987
	37.8293740173	58.1729857918
	37.8349223553	58.1626055814
	37.8397799158	58.1518847171
	37.8439258977	58.1408691073
	37.8473425474	58.1296059226
	37.8500152343	58.1181433937
	37.8519325135	58.1065306049
	37.8530861749	58.0948172838
	37.8534712784	58.0830535889
	37.8532796944	58.0747540952
	37.8529974068	58.0686429502
	37.8528038873	58.0651787489
	37.8516502259	58.0534654278
	37.8497329467	58.041852639
	37.8470602598	58.0303901101
	37.8465314849	58.0284597221
	37.8445859893	58.0215093437
	37.8416981145	58.012176547
	37.8375521326	58.0011609372
	37.8326945721	57.9904400729
	37.8271462341	57.9800598625
	37.8209308772	57.9700647556
	37.8140751165	57.9604975527
	37.8095374626	57.9548249329
	37.8053718132	57.9498276795
	37.8024426602	57.9464019687
	37.794396781	57.9378114709
	37.7858062832	57.9297655917
	37.7767079527	57.9222987848
	37.7671407498	57.9154430242
	37.7571456429	57.9092276673
	37.7467654324	57.9036793292
	37.7360445681	57.8988217688
	37.7250289584	57.8946757869
	37.7137657737	57.8912591372
	37.7023032448	57.8885864503
	37.690690456	57.8866691711
	37.6887194202	57.886475041
	37.6947534155	57.8828268286
	37.695629211	57.8824062543
	37.6973193265	57.8815837323
	37.7076995369	57.8760353942
	37.7134095823	57.8725960698
	37.7292999814	57.8648910996
	37.730377493	57.8643641888
	37.7407577034	57.8588158508
	37.7507528104	57.8526004939
	37.7603200132	57.8457447332
	37.7694183438	57.8382779263
	37.7775342133	57.830676585
	37.783532172	57.8286772655
	37.7844695712	57.8283619328
	37.7954851809	57.8242159509
	37.7989651497	57.8227314311
	37.8059155282	57.8196796733
	37.812745386	57.8165086838
	37.82231057	57.8161370172
	37.8236725948	57.8160425525
	37.831179919	57.8154932361
	37.8415312152	57.8144340394
	37.8531440041	57.8125167602
	37.864606533	57.8098440733
	37.8758697177	57.8064274236
	37.8868853274	57.8022814416
	37.8960607678	57.79817684
	37.9030035168	57.7948351652
	37.9045489407	57.7940822064
	37.9149291512	57.7885338683
	37.9249242581	57.7823185114
	37.9317066148	57.7775570947
	37.9369861558	57.7736661035
	37.939771002	57.7715717596
	37.9488693325	57.7641049527
	37.9574598303	57.7560590735
	37.9655057095	57.7474685757
	37.9729725164	57.7383702452
	37.9798282771	57.7288030423
	37.986043634	57.7188079354
	37.991591972	57.7084277249
	37.9964495325	57.6977068606
	38.0005955144	57.6866912509
	38.0040121641	57.6754280662
	38.006684851	57.6639655373
	38.0086021302	57.6523527484
	38.0096221953	57.6425257227
	38.0098968535	57.6389170191
	38.0100304498	57.6370307238
	38.0104155533	57.6252670288
	38.0100304498	57.6135033338
	38.0088767884	57.6017900128
	38.0069595092	57.590177224
	38.0042868223	57.578714695
	38.0023529062	57.5720189286
	38.0023589127	57.5705490112
	38.0022685383	57.564847948
	38.0029750287	57.5634310818
	38.0074604985	57.5536017443
	38.0096806523	57.5483222033
	38.0100527429	57.5474306765
	38.0115364606	57.5434885332
	38.015877116	57.541606982
	38.0238949752	57.5379748574
	38.0254524915	57.5380837335
	38.0372161865	57.538468837
	38.0489798815	57.5380837335
	38.0606932025	57.5369300721
	38.0723059914	57.5350127929
	38.0837685203	57.532340106
	38.095031705	57.5289234563
	38.0971628178	57.5281213622
	38.0985641813	57.5286487981
	38.1098273659	57.5320654478
	38.1212898948	57.5347381347
	38.1329026837	57.5366554139
	38.1446160047	57.5378090753
	38.1505304906	57.5380990452
	38.1777104105	57.5389834068
	38.1882302025	57.5414062255
	38.1998429913	57.5433235047
	38.2115563123	57.5444771661
	38.2135757146	57.5445981234
	38.224904702	57.5472350829
	38.2338335931	57.5487784312
	38.2432787835	57.550166981
	38.2459626813	57.5505409119
	38.2576760023	57.5516945734
	38.2694396973	57.5520796769
	38.2812033922	57.5516945734
	38.2929167133	57.5505409119
	38.2961925451	57.5500789537
	38.3073009436	57.5484081163
	38.3156379006	57.5469527953
	38.3271004295	57.5442801084
	38.3333798798	57.5424746726
	38.3406049164	57.5402545188
	38.3455886508	57.5386433049
	38.3566042605	57.534497323
	38.3673251248	57.5296397626
	38.3777053353	57.5240914245
	38.3877004422	57.5178760676
	38.3972676451	57.511020307
	38.4063659756	57.5035535001
	38.4149564734	57.4955076209
	38.4230023526	57.4869171231
	38.4304691595	57.4778187925
	38.4373249201	57.4682515897
	38.443540277	57.4582564827
	38.4490886151	57.4478762723
	38.4539461755	57.437155408
	38.4580921575	57.4261397982
	38.459229105	57.4226754888
	38.4631768793	57.4143183154
	38.466717782	57.4063250247
	38.4708637639	57.3953094149
	38.4742804136	57.3840462303
	38.4769531005	57.3725837013
	38.478191266	57.3656526581
	38.4800431625	57.35396951
	38.4809485044	57.3507134056
	38.4836211913	57.3392508766
	38.4854346719	57.3284134823
	38.4862662759	57.3223023373
	38.4863700745	57.3215269428
	38.487523736	57.3098136217
	38.4878734446	57.3016180196
	38.4879360101	57.3011930718
	38.4883155701	57.2984709125
	38.4894692316	57.2867575915
	38.4898543351	57.2749938965
	38.4894692316	57.2632302015
	38.4883155701	57.2515168805
	38.4863982909	57.2399040916
	38.483725604	57.2284415627
	38.4803089543	57.217178378
	38.4761629724	57.2061627683
	38.471305412	57.195441904
	38.4657570739	57.1850616936
	38.459541717	57.1750665866
	38.4526859564	57.1654993837
	38.4452191495	57.1564010532
	38.4371732703	57.1478105554
	38.4333021072	57.1441848155
	38.4358888	57.1343496979
	38.4383483642	57.1236899636
	38.4402656434	57.1120771747
	38.4414193048	57.1003638537
	38.4418044083	57.0886001587
	38.4415283236	57.078638262
	38.4406967196	57.0636465017
	38.4405877008	57.0618447035
	38.4394340394	57.0501313824
	38.4379455801	57.0407478494
	38.4357254263	57.0288002175
	38.4352966064	57.0265709617
	38.4326239195	57.0151084328
	38.4292072698	57.0038452482
	38.4250612878	56.9928296384
	38.4202037274	56.9821087741
	38.4174955342	56.9768378205
	38.415267751	56.9726721711
	38.4124276061	56.9675629143
	38.4062122492	56.9575678073
	38.3993564886	56.9480006044
	38.3974142997	56.9455149337
	38.3940941711	56.9395020012
	38.3935158646	56.9385720087
	38.3930396912	56.9337373395
	38.391122412	56.9221245506
	38.3890735576	56.913055928
	38.3963376187	56.905252084
	38.4038044256	56.8961537535
	38.4106601862	56.8865865506
	38.4163680519	56.877464772
	38.4183135475	56.874138356
	38.4188210388	56.8732650276
	38.4243693768	56.8628848172
	38.4292269372	56.8521639529
	38.4333729192	56.8411483432
	38.4367895689	56.8298851585
	38.4394622558	56.8184226296
	38.441379535	56.8068098407
	38.4425331964	56.7950965197
	38.4429182999	56.7833328247
	38.4425331964	56.7715691297
	38.441379535	56.7598558087
	38.4394622558	56.7482430198
	38.4367895689	56.7367804909
	38.4333729192	56.7255173063
	38.4292269372	56.7145016965
	38.4243693768	56.7037808322
	38.4239482901	56.7029325895
	38.4174175283	56.6898634366
	38.412290277	56.6803314689
	38.4060749201	56.670336362
	38.3992191595	56.6607691591
	38.3917523526	56.6516708286
	38.3837064734	56.6430803308
	38.3751159756	56.6350344516
	38.3660176451	56.6275676447
	38.3602105623	56.6232938744
	38.3578530793	56.6216306664
	38.3540929593	56.6190486761
	38.3440978523	56.6128333192
	38.3337176419	56.6072849811
	38.3229967776	56.6024274207
	38.3119811679	56.5982814387
	38.3108876293	56.597914139
	38.3058827465	56.596250931
	38.2957131004	56.593201581
	38.2842505715	56.5905288941
	38.2726377826	56.5886116149
	38.2609244616	56.5874579535
	38.2491607666	56.58707285
	38.2373970716	56.5874579535
	38.2356394101	56.5875818059
	38.2104065134	56.5894840787
	38.165469541	56.5907532483
	38.1612251752	56.5909233021
	38.1224881981	56.5929337284
	38.0854197724	56.5931882342
	38.0763096494	56.5934817414
	38.0686349027	56.5939238912
	38.0284538237	56.5932122016
	38.0271101213	56.5932442817
	38.0252685547	56.593183995
	38.0172605683	56.5933623506
	38.0047636201	56.5939192964
	38.0010079115	56.5941260443
	37.9892945904	56.5952797057
	37.9776818016	56.5971969849
	37.9662192727	56.5998696718
	37.9582095662	56.6022163498
	37.9520984212	56.6041618454
	37.948844943	56.6052318172
	37.9378293332	56.6093777991
	37.9271084689	56.6142353595
	37.9167282585	56.6197836976
	37.9067331516	56.6259990545
	37.8971659487	56.6328548151
	37.8880676181	56.640321622
	37.8794771203	56.6483675012
	37.8767000207	56.6511446008
	37.8686541415	56.6597350986
	37.8611873346	56.6688334292
	37.854331574	56.678400632
	37.8481162171	56.688395739
	37.8445094321	56.6951435592
	37.8354546287	56.6966385133
	37.8239920998	56.6993112001
	37.8127289151	56.7027278499
	37.8017133054	56.7068738318
	37.7975178645	56.7086743569
	37.7925206111	56.7108945107
	37.7859951877	56.713951546
	37.7756149772	56.7194998841
	37.7656198703	56.725715241
	37.7560526674	56.7325710016
	37.7504161095	56.7370786029
	37.7350960761	56.7389287043
	37.7331834454	56.7391700866
	37.7215706566	56.7410873658
	37.7101081277	56.7437600527
	37.7094266797	56.74394408
	37.7046263756	56.7452505298
	37.7010227484	56.7402216738
	37.6935559415	56.7311233432
	37.6855100623	56.7225328454
	37.6769195645	56.7144869662
	37.6678212339	56.7070201593
	37.665695408	56.7054138317
	37.6636060571	56.7038592427
	37.6627098937	56.7022888664
	37.6564945368	56.6922937595
	37.6496387762	56.6827265566
	37.6421719693	56.673628226
	37.6341260901	56.6650377283
	37.6274579993	56.6583696374
	37.6188675015	56.6503237582
	37.6097691709	56.6428569513
	37.6002019681	56.6360011907
	37.5928348804	56.6313329741
	37.5844959522	56.6263280913
	37.5818679329	56.624780951
	37.5714877225	56.6192326129
	37.5607668582	56.6143750525
	37.5497512484	56.6102290706
	37.5384880638	56.6068124209
	37.5365978066	56.6063169176
	37.5257640664	56.603539818
	37.5161917946	56.6013626344
	37.5045790058	56.5994453552
	37.4928656847	56.5982916937
	37.4811019897	56.5979065902
	37.4693382948	56.5982916937
	37.4677814963	56.5984005165
	37.4602818015	56.5989574623
	37.4501252789	56.600002301
	37.4385124901	56.6019195802
	37.4303600785	56.6037389525
	37.4248114855	56.6032889472
	37.4235405931	56.6032101653
	37.4171170237	56.6028347924
	37.4104906741	56.5999326087
	37.3994750643	56.5957866267
	37.3882118797	56.592369977
	37.3767493508	56.5896972901
	37.3651365619	56.5877800109
	37.3534232409	56.5866263495
	37.3416595459	56.586241246
	37.3343552733	56.586241246
	37.3311491638	56.5850591439
	37.3308617486	56.5762795179
	37.3297080872	56.5645661969
	37.327790808	56.552953408
	37.3251181211	56.5414908791
	37.3217014714	56.5302276944
	37.3202545446	56.5261286031
	37.3172027868	56.5178049336
	37.3145037317	56.5108884153
	37.3096461713	56.500167551
	37.3063372844	56.4937828217
	37.299386906	56.4810035859
	37.2971474548	56.4770081047
	37.2909320979	56.4670129977
	37.2840763372	56.4574457949
	37.2766095303	56.4483474643
	37.2703708577	56.4415902254
	37.2606510091	56.4315880892
	37.2588438025	56.4297548303
	37.2568265495	56.4277690772
	37.2565799994	56.4274470156
	37.2491131924	56.418348685
	37.2410673132	56.4097581872
	37.2324768155	56.401712308
	37.2233784849	56.3942455011
	37.213811282	56.3873897405
	37.2038161751	56.3811743836
	37.1934359647	56.3756260455
	37.1827151004	56.3707684851
	37.1716994906	56.3666225032
	37.1633860798	56.364023207
	37.157549593	56.3623523696
	37.1545998191	56.3615350161
	37.1431372902	56.3588623292
	37.1430690101	56.3588510561
	37.1328738309	56.3534016193
	37.1221529666	56.3485440588
	37.1111373568	56.3443980769
	37.0998741722	56.3409814272
	37.0885961505	56.3383455414
	37.0774953815	56.3361253876
	37.0773108742	56.3360885865
	37.0656980853	56.3341713073
	37.0539847643	56.3330176459
	37.0422210693	56.3326325424
	37.0304573744	56.3330176459
	37.0289005759	56.3331264686
	37.0214008811	56.3336834144
	37.0112443585	56.3347282531
	36.9996315697	56.3366455323
	36.9881690407	56.3393182192
	36.9769058561	56.3427348689
	36.9658902463	56.3468808508
	36.9617878109	56.3486400875
	36.9567829281	56.3508602413
	36.9501644992	56.3539585651
	36.9400984267	56.3593259574
	36.9319000577	56.3618922786
	36.920884448	56.3660382605
	36.9101635837	56.3708958209
	36.8997833732	56.376444159
	36.8922129992	56.3810674914
	36.888322008	56.3835775622
	36.8858972751	56.3851695867
	36.8763300722	56.3920253473
	36.8729772451	56.3947769414
	36.867712659	56.3924283362
	36.8566970492	56.3882823543
	36.855681479	56.3879409845
	36.8506842256	56.3862777765
	36.8404366111	56.3832024965
	36.8289740822	56.3805298097
	36.8220715868	56.3792961716
	36.8045697558	56.376519072
	36.7998594623	56.3758354308
	36.790691279	56.3748667277
	36.7847518588	56.3727336482
	36.7763824971	56.3701183445
	36.7608261617	56.3656704075
	36.7579323387	56.3648690615
	36.7464698097	56.3621963746
	36.7348570209	56.3602790954
	36.7333319424	56.3600849421
	36.7171195734	56.3580913653
	36.7065482611	56.3543000473
	36.7036437655	56.3532863215
	36.697751989	56.351398699
	36.6940963265	56.3492301087
	36.683716116	56.3436817706
	36.6805796361	56.342172581
	36.6771392882	56.3405579857
	36.6751026301	56.3372827731
	36.6717182466	56.3323945573
	36.6689335176	56.3285111955
	36.6654621405	56.3238322085
	36.6579953336	56.3147338779
	36.6499494544	56.3061433801
	36.6413589566	56.2980975009
	36.632260626	56.290630694
	36.6226934232	56.2837749334
	36.6126983162	56.2775595765
	36.6023181058	56.2720112384
	36.5915972415	56.267153678
	36.5805816317	56.2630076961
	36.5693184471	56.2595910463
	36.5578559181	56.2569183595
	36.5462431293	56.2550010803
	36.5433036706	56.2546386879
	36.5191413781	56.2518615883
	36.5103675158	56.2510703192
	36.4986038208	56.2506852157
	36.4868401258	56.2510703192
	36.4803491733	56.2516139562
	36.4667383335	56.253002506
	36.4615159649	56.2536125305
	36.4568743775	56.2542852833
	36.4540266376	56.2538871887
	36.4423133166	56.2527335272
	36.4305496216	56.2523484237
	36.4187859266	56.2527335272
	36.4167256893	56.2528804472
	36.4095006526	56.253437393
	36.3998475689	56.2544441345
	36.394030688	56.2553069001
	36.3707176702	56.2591551931
	36.3613961012	56.2599512414
	36.3580035827	56.2599968919
	36.355377493	56.2586750568
	36.3446566287	56.2538174963
	36.3336410189	56.2496715144
	36.3332714512	56.2495465099
	36.3085522129	56.2412152111
	36.297658596	56.2379235659
	36.2864504032	56.2353016603
	36.2753343754	56.233073877
	36.2750800392	56.2330230958
	36.2634672504	56.2311058166
	36.2517539294	56.2299521552
	36.2476047748	56.2297283043
	36.2367199693	56.2292670837
	36.23576045	56.2286704163
	36.2346042172	56.2280085624
	36.234186515	56.2275517854
	36.2311271277	56.22421774
	36.225785636	56.2186418542
	36.2171951382	56.210595975
	36.2080968077	56.2031291681
	36.1985296048	56.1962734075
	36.1885344979	56.1900580506
	36.1781542874	56.1845097125
	36.1729896545	56.1820640118
	36.1638191223	56.1778983624
	36.1582628909	56.1754865027
	36.1472472811	56.1713405208
	36.1359840965	56.167923871
	36.1245215676	56.1652511842
	36.1129087787	56.163333905
	36.1011954577	56.1621802435
	36.0894317627	56.16179514
	36.0776680677	56.1621802435
	36.0723236846	56.1626106192
	36.0664948272	56.163167565
	36.0601258893	56.1638908508
	36.0485131004	56.16580813
	36.0370505715	56.1684808168
	36.0257873868	56.1718974666
	36.0185723705	56.1745196401
	36.013575117	56.1764575063
	36.0097745237	56.1779813147
	35.9990536594	56.1828388751
	35.9886734489	56.1883872132
	35.978678342	56.1946025701
	35.9733916542	56.1982735189
	35.9643180107	56.2011139116
	35.960235629	56.2024455623
	35.9602347471	56.2024458616
	35.9592490084	56.2022481723
	35.9589713356	56.2021927125
	35.9473585468	56.2002754333
	35.9356452257	56.1991217719
	35.9238815308	56.1987366684
	35.916816389	56.1988754826
	35.9026486034	56.1994324284
	35.8979500501	56.1996787177
	35.8862367291	56.2008323791
	35.8746239403	56.2027496583
	35.8631614113	56.2054223452
	35.8613401078	56.2059206231
	35.8494001053	56.2092546685
	35.8399582242	56.2121730403
	35.8289426145	56.2163190222
	35.8262046066	56.217479753
	35.8178968845	56.2155643859
	35.8125785134	56.2144226319
	35.8019595181	56.2126390074
	35.7958483731	56.211799774
	35.7948545795	56.2116661193
	35.7831412585	56.2105124579
	35.7713775635	56.2101273544
	35.7596138685	56.2105124579
	35.7479005475	56.2116661193
	35.7417641158	56.212581929
	35.7267723556	56.2150843704
	35.7212959984	56.2160858399
	35.7098334695	56.2187585268
	35.6985702848	56.2221751765
	35.6982661994	56.2222896261
	35.6980605834	56.2210442283
	35.6953878965	56.2095816994
	35.6919712468	56.1983185148
	35.6878252649	56.187302905
	35.6848707814	56.180563495
	35.683199944	56.1769547914
	35.6812968671	56.1729733371
	35.675748529	56.1625931267
	35.6695331721	56.1525980197
	35.6626774115	56.1430308169
	35.6552106046	56.1339324863
	35.6526573585	56.1310827903
	35.6496056007	56.1277487448
	35.6441129675	56.1220079431
	35.6355224698	56.1139620639
	35.6264241392	56.106495257
	35.6168569363	56.0996394964
	35.6068618294	56.0934241395
	35.5964816189	56.0878758014
	35.5857607547	56.083018241
	35.5769210614	56.0796264522
	35.5721984661	56.0779556148
	35.5700225497	56.0772014216
	35.5690069795	56.0768600519
	35.5590124726	56.0735336359
	35.5487648582	56.0704583559
	35.5373023293	56.067785669
	35.5315376724	56.066736317
	35.5241230929	56.0655110468
	35.520999555	56.0611521547
	35.5168365698	56.0559304926
	35.5149780028	56.0447594383
	35.5149536157	56.0446370578
	35.5141220117	56.0404714083
	35.511473712	56.02913126
	35.5080570622	56.0178680753
	35.5069172195	56.0146130711
	35.5022022537	56.0015515477
	35.4991961145	55.9937909421
	35.4943385541	55.9830700778
	35.4938397362	55.9820664698
	35.4896664574	55.973735171
	35.4846169372	55.9643585686
	35.4784015803	55.9543634616
	35.4715458197	55.9447962587
	35.4640790128	55.9356979282
	35.4560331336	55.9271074304
	35.4474426358	55.9190615512
	35.4383443052	55.9115947443
	35.4287771024	55.9047389837
	35.4187819954	55.8985236268
	35.408401785	55.8929752887
	35.3976809207	55.8881177283
	35.3886835709	55.8846702437
	35.3839686051	55.8830070357
	35.3819503451	55.8823085383
	35.3706871604	55.8788918886
	35.3592246315	55.8762192017
	35.3476118427	55.8743019225
	35.3376044388	55.8733162793
	35.3354945599	55.8686596774
	35.3299462219	55.858279467
	35.323730865	55.84828436
	35.3168751043	55.8387171572
	35.3094082974	55.8296188266
	35.3013624182	55.8210283288
	35.2927719204	55.8129824496
	35.2836735899	55.8055156427
	35.274106387	55.7986598821
	35.2641112801	55.7924445252
	35.2537310696	55.7868961871
	35.2430102053	55.7820386267
	35.2319945956	55.7778926448
	35.2207314109	55.7744759951
	35.2154759694	55.7731523337
	35.2073582936	55.7712373557
	35.2011512062	55.7698883302
	35.1895384174	55.767971051
	35.1778250963	55.7668173895
	35.1696641439	55.7664683717
	35.1563355917	55.7662013429
	35.1409691541	55.7665503607
	35.1292558331	55.7677040222
	35.1249736766	55.7683202575
	35.1035808544	55.7716619323
	35.096250222	55.7729629762
	35.0876999125	55.7748813814
	35.068817161	55.7796039766
	35.0659049416	55.7803582583
	35.0546417569	55.783774908
	35.0502122115	55.7853433583
	35.0290940474	55.7931329701
	35.0225079831	55.7957105017
	35.0117871188	55.8005680621
	35.0100828476	55.8014197668
	35.0027096652	55.8011669022
	34.9939423982	55.801046154
	34.9803890454	55.8000503081
	34.9789725573	55.79995185
	34.9672088623	55.7995667465
	34.9618305003	55.7996471772
	34.9375263768	55.8003742519
	34.9189939899	55.8001556601
	34.9179283714	55.7998666201
	34.906790279	55.7972587779
	34.9012437092	55.7961448863
	34.9009192726	55.7960800416
	34.8893064838	55.7941627624
	34.8775931628	55.793009101
	34.8735137832	55.7927882203
	34.8734177061	55.7927841118
	34.872844049	55.7926332367
	34.86336514	55.7891154841
	34.8521019554	55.7856988344
	34.8406841302	55.7830350456
	34.8351299309	55.7819287833
	34.8350852272	55.7819198853
	34.8234724384	55.7800026061
	34.8117591173	55.7788489447
	34.7999954224	55.7784638412
	34.7882317274	55.7788489447
	34.7848451397	55.779103044
	34.7743445457	55.7735035814
	34.7692645169	55.7708973468
	34.7585436526	55.7660397864
	34.7475280429	55.7618938045
	34.7362648582	55.7584771547
	34.7248023293	55.7558044679
	34.7246710475	55.7557784051
	34.7055032073	55.7519805103
	34.6948554002	55.7479846738
	34.6894759799	55.7460628108
	34.6782127952	55.7426461611
	34.6667502663	55.7399734742
	34.6551374774	55.738056195
	34.6434241564	55.7369025336
	34.6316604614	55.7365174301
	34.6198967664	55.7369025336
	34.6081834454	55.738056195
	34.5965706566	55.7399734742
	34.5851081277	55.7426461611
	34.5780617151	55.7446891486
	34.5736137781	55.7460776984
	34.569397006	55.7474513606
	34.5583813962	55.7515973425
	34.5476605319	55.756454903
	34.5372803215	55.762003241
	34.5322931978	55.7649910484
	34.5284446145	55.7659768496
	34.5171814298	55.7693934993
	34.5113502574	55.7714855847
	34.5010658336	55.7753765759
	34.4958813962	55.7774304724
	34.4851605319	55.7822880328
	34.4747803215	55.7878363709
	34.4647852145	55.7940517278
	34.4596380332	55.7976221614
	34.4526952842	55.8026194148
	34.4519960193	55.8031252831
	34.4496285179	55.8035797364
	34.443687708	55.8048661602
	34.4175722905	55.8109849346
	34.4120505715	55.8123711977
	34.4059135074	55.8141329448
	34.3714744205	55.8246843974
	34.3663482999	55.8263393001
	34.3632523937	55.8274217959
	34.3545967674	55.824868146
	34.3538558884	55.8246713192
	34.3485839768	55.8232827694
	34.3378623268	55.8208069093
	34.326249538	55.8188896301
	34.314536217	55.8177359686
	34.302772522	55.8173508651
	34.291008827	55.8177359686
	34.279295506	55.8188896301
	34.2676827171	55.8208069093
	34.2674050444	55.8208623691
	34.2618508452	55.8219762607
	34.250665989	55.8245934877
	34.2394028043	55.8280101375
	34.2283871946	55.8321561194
	34.2176663303	55.8370136798
	34.2072861198	55.8425620179
	34.1972910129	55.8487773748
	34.18772381	55.8556331354
	34.1786254795	55.8630999423
	34.1700349817	55.8711458215
	34.1619891025	55.8797363193
	34.1593785543	55.8829172815
	34.1493279075	55.8798684511
	34.1378653786	55.8771957642
	34.1262525897	55.875278485
	34.1230664969	55.8748879182
	34.1108365775	55.8734993684
	34.1023093493	55.8727362738
	34.0905456543	55.8723511703
	34.0870575611	55.8723849956
	34.0728974049	55.8726596538
	34.0646218031	55.873010932
	34.052908482	55.8741645934
	34.0412956932	55.8760818726
	34.0345213197	55.8775656933
	34.0265054559	55.8763453865
	34.0229124408	55.8758354308
	34.0111991198	55.8746817694
	34.0090388746	55.8746110503
	34.00669903	55.8668976163
	34.0025530481	55.8558820066
	33.9976954877	55.8451611423
	33.9921471496	55.8347809318
	33.9859317927	55.8247858249
	33.9790760321	55.815218622
	33.9716092252	55.8061202915
	33.963563346	55.7975297937
	33.9549728482	55.7894839145
	33.9460743939	55.7821707007
	33.9424656903	55.7793936011
	33.942265814	55.779240008
	33.9326986111	55.7723842473
	33.9227035042	55.7661688904
	33.9123232938	55.7606205524
	33.9016024295	55.755762992
	33.8905868197	55.75161701
	33.879323635	55.7482003603
	33.8678611061	55.7455276734
	33.8562483173	55.7436103942
	33.8490957845	55.7428139658
	33.8429846395	55.74225702
	33.8384238512	55.741899787
	33.8266601563	55.7415146835
	33.8148964613	55.741899787
	33.8080251095	55.7424826402
	33.8034696433	55.7429571679
	33.7971302313	55.7341105288
	33.7896634244	55.7250121982
	33.7816175452	55.7164217004
	33.7730270474	55.7083758212
	33.7641285931	55.7010626074
	33.7605198895	55.6982855078
	33.7603200132	55.6981319147
	33.7507528104	55.6912761541
	33.7407577034	55.6850607972
	33.730377493	55.6795124591
	33.7196566287	55.6746548987
	33.7086410189	55.6705089168
	33.7034719293	55.6688408551
	33.6934774225	55.6657814679
	33.6873833274	55.6640328798
	33.6847220412	55.6634123549
	33.6763128079	55.6573863836
	33.666317701	55.6511710267
	33.6655145137	55.6507417141
	33.6639888192	55.6490891723
	33.6545436287	55.6393693237
	33.6527341834	55.637533761
	33.6441436856	55.6294878818
	33.635045355	55.6220210749
	33.6254781522	55.6151653142
	33.6154830452	55.6089499573
	33.6051028348	55.6034016193
	33.6045880629	55.6031487813
	33.5915341688	55.5967629781
	33.5813280764	55.5921582556
	33.5703124667	55.5880122737
	33.559049282	55.584595624
	33.5529772229	55.5830813292
	33.5421434827	55.5805788878
	33.5367530129	55.5794204957
	33.525140224	55.5775032165
	33.513426903	55.5763495551
	33.5133431127	55.5763440828
	33.5125816836	55.5762945331
	33.5038517987	55.5691198584
	33.5002430951	55.5663427588
	33.5000432188	55.5661891657
	33.4904760159	55.5593334051
	33.480480909	55.5531180482
	33.4701006985	55.5475697101
	33.4593798342	55.5427121497
	33.450540141	55.5393203609
	33.4458175457	55.5376495235
	33.4436416293	55.5368953303
	33.4323784446	55.5334786806
	33.4209159157	55.5308059937
	33.4100785213	55.5289925131
	33.4039673763	55.5281609091
	33.4031919818	55.5280571105
	33.3914786608	55.5269034491
	33.3797149658	55.5265183456
	33.3679512708	55.5269034491
	33.3634308076	55.5272570116
	33.3481567598	55.5286455614
	33.340963902	55.5294456603
	33.3293511131	55.5313629395
	33.327013946	55.5318439689
	33.3243997711	55.5324001113
	33.322680274	55.5309236567
	33.315737525	55.5250871699
	33.309491461	55.5200694757
	33.2999242581	55.5132137151
	33.2899291512	55.5069983582
	33.2795489407	55.5014500201
	33.2688280764	55.4965924597
	33.2596589819	55.4930844897
	33.2549287573	55.4914212817
	33.2530822421	55.4907832698
	33.2418190574	55.4873666201
	33.2371490257	55.4861820923
	33.2129692921	55.4803925787
	33.2016243531	55.4765055568
	33.2011413241	55.4763408259
	33.1898781394	55.4729241762
	33.1786932833	55.4703069491
	33.173139084	55.4691930575
	33.1728614113	55.4691375977
	33.1612486225	55.4672203185
	33.1495353014	55.4660666571
	33.1377716064	55.4656815536
	33.1322097778	55.4656815536
	33.1204460829	55.4660666571
	33.1087327618	55.4672203185
	33.097119973	55.4691375977
	33.0856574441	55.4718102846
	33.0847743653	55.4720493136
	33.0818196456	55.4728571583
	33.0756925922	55.4719429138
	33.072519004	55.4715537671
	33.0602967139	55.4701652173
	33.0517569811	55.4694007025
	33.0399932861	55.469015599
	33.0282295912	55.4694007025
	33.0207079656	55.4700524877
	33.0199407001	55.470135232
	33.0185900051	55.469451599
	33.0097093899	55.465003662
	33.0087130643	55.4645084918
	32.9979922	55.4596509314
	32.9869765902	55.4555049495
	32.9757134056	55.4520882998
	32.9642508766	55.4494156129
	32.9534134823	55.4476021323
	32.9473023373	55.4467705283
	32.9465269428	55.4466667297
	32.9348136217	55.4455130682
	32.9230499268	55.4451279647
	32.9112862318	55.4455130682
	32.8995729107	55.4466667297
	32.8879601219	55.4485840089
	32.876497593	55.4512566958
	32.8652344083	55.4546733455
	32.8542187986	55.4588193274
	32.8434979343	55.4636768878
	32.8384531232	55.4662643475
	32.8342874738	55.4684845013
	32.8313059253	55.4701391108
	32.8264945412	55.4712609682
	32.8152313566	55.4746776179
	32.8042157468	55.4788235999
	32.8000015342	55.4806427528
	32.797119972	55.4807913886
	32.785406651	55.48194505
	32.7737938621	55.4838623292
	32.7623313332	55.4865350161
	32.7540497748	55.4889684762
	32.7446180204	55.4899106803
	32.7390199322	55.4905586364
	32.7274071434	55.4924759156
	32.7272226361	55.4925127167
	32.7202798871	55.4939012665
	32.7090018654	55.4965371523
	32.6977386808	55.499953802
	32.686723071	55.5040997839
	32.6808897668	55.5067428197
	32.6739196444	55.5041194514
	32.6626564597	55.5007028017
	32.6511939308	55.4980301148
	32.639581142	55.4961128356
	32.627867821	55.4949591742
	32.6258160803	55.4948920072
	32.6205825473	55.4930034236
	32.6093193626	55.4895867739
	32.5978568337	55.486914087
	32.5929209618	55.4860036826
	32.5651499657	55.4812810874
	32.5584730487	55.4802742126
	32.5467597277	55.4791205512
	32.5349960327	55.4787354477
	32.5232323377	55.4791205512
	32.5115190167	55.4802742126
	32.4999062279	55.4821914918
	32.4951910049	55.4831952804
	32.4890722305	55.4845838302
	32.4823249245	55.4862527285
	32.4710617399	55.4896693782
	32.4600461301	55.4938153601
	32.4493252658	55.4986729205
	32.4389450554	55.5042212586
	32.4383457052	55.5045688345
	32.438041687	55.5045685775
	32.4313812256	55.5045685775
	32.4196175306	55.504953681
	32.4079042096	55.5061073425
	32.4028882462	55.5068397554
	32.3959454971	55.507953647
	32.3893486717	55.5091385133
	32.3778861428	55.5118112001
	32.3666229581	55.5152278499
	32.3624301735	55.5168059022
	32.3486983985	55.5114226323
	32.3408660556	55.508559759
	32.3296028709	55.5051431093
	32.3199378007	55.5028374985
	32.3146582597	55.5017312363
	32.312860801	55.5013641602
	32.3020234066	55.4995506797
	32.2959122616	55.4987190756
	32.2951368671	55.498615277
	32.2834235461	55.4974616156
	32.2716598511	55.4970765121
	32.2598961561	55.4974616156
	32.2569267999	55.4976809344
	32.2456907611	55.4958381774
	32.2339774401	55.494684516
	32.2323424382	55.4945848272
	32.2273375554	55.4943025396
	32.2054451673	55.4944022284
	32.1937318463	55.4955558898
	32.1897744693	55.4961216968
	32.1825570621	55.4972355884
	32.1749016502	55.4985870606
	32.1646122867	55.5009496365
	32.1625769875	55.5005325562
	32.1509641986	55.498615277
	32.1392508776	55.4974616156
	32.1379276151	55.4973797811
	32.1187702054	55.4962658895
	32.110602362	55.4959769782
	32.1039199496	55.4935603694
	32.0926567649	55.4901437197
	32.081194236	55.4874710328
	32.0695814472	55.4855537536
	32.0578681261	55.4844000922
	32.0461044312	55.4840149887
	32.0394363403	55.4840149887
	32.0276726454	55.4844000922
	32.0159593243	55.4855537536
	32.0120302442	55.4861151957
	32.0048052076	55.4872290873
	31.9971214989	55.4885849244
	31.9856589699	55.4912576113
	31.9743957853	55.494674261
	31.9633801755	55.4988202429
	31.9526593112	55.5036778033
	31.9422791008	55.5092261414
	31.9322839938	55.5154414983
	31.922716791	55.5222972589
	31.9181629553	55.5259099344
	31.9151111975	55.5284123758
	31.9105667026	55.5322665073
	31.9019762048	55.5403123865
	31.8939303256	55.5489028842
	31.8864635187	55.5580012148
	31.8863188088	55.5582031572
	31.8821532723	55.5556128602
	31.8717730618	55.5500645221
	31.8610521975	55.5452069617
	31.8500365878	55.5410609798
	31.8387734031	55.53764433
	31.8273108742	55.5349716431
	31.82250287	55.5340830307
	31.811112184	55.5321375351
	31.8043073993	55.5311088683
	31.7925940783	55.5299552069
	31.788236939	55.5297226637
	31.7815726629	55.5294480055
	31.7624024122	55.5296805487
	31.7556986759	55.5302460213
	31.7476420353	55.5310776253
	31.7426324505	55.5316658141
	31.7322226397	55.5333480644
	31.7119398943	55.5372390556
	31.7107369163	55.5374740846
	31.6992743874	55.5401467714
	31.6880112027	55.5435634212
	31.686366635	55.5441305607
	31.6649776274	55.5516226262
	31.6556065854	55.5552014685
	31.6528982271	55.5563493428
	31.6258492669	55.5584410878
	31.616240086	55.5594444396
	31.609410115	55.56047741
	31.5929549887	55.563290303
	31.5833786209	55.5609265268
	31.5753653786	55.559141565
	31.5645279842	55.5573280844
	31.5584168392	55.5564964804
	31.5576414447	55.5563926818
	31.5459281237	55.5552390204
	31.5416715304	55.5550106492
	31.5283391634	55.5544537034
	31.5208320618	55.5542969711
	31.5191006183	55.5543053051
	31.5172936057	55.553811017
	31.5058310768	55.5511383302
	31.494218288	55.549221051
	31.482504967	55.5480673895
	31.470741272	55.547682286
	31.458977577	55.5480673895
	31.447264256	55.549221051
	31.4356514671	55.5511383302
	31.4241889382	55.553811017
	31.4129257535	55.5572276668
	31.4019101438	55.5613736487
	31.3911892795	55.5662312091
	31.380809069	55.5717795472
	31.3708139621	55.5779949041
	31.3612467592	55.5848506647
	31.3521484287	55.5923174716
	31.3435579309	55.6003633508
	31.3355120517	55.6089538486
	31.3353795119	55.6091051518
	31.3332432814	55.6115465581
	31.3265592909	55.6196512991
	31.3206004001	55.6261199863
	31.3134431649	55.6348160516
	31.3087205697	55.6409348261
	31.308410998	55.6413370913
	31.3015552373	55.6509042941
	31.2953398804	55.6608994011
	31.2911080621	55.6686638713
	31.2901645513	55.6700617038
	31.2839491944	55.6800568107
	31.2790454395	55.6891430706
	31.2786734681	55.6897842888
	31.2746038459	55.6972336909
	31.2743702067	55.6975194084
	31.2709125238	55.7018839663
	31.2681221858	55.7056196873
	31.2658982173	55.7086790745
	31.2618327947	55.7145105563
	31.2556174378	55.7245056633
	31.2500690997	55.7348858737
	31.2453446611	55.7452862285
	31.2425675615	55.7519543193
	31.2424344397	55.7522748288
	31.2382884578	55.7632904386
	31.2348718081	55.7745536233
	31.2321991212	55.7860161522
	31.2305577945	55.7956204134
	31.2300008486	55.7995114046
	31.2297248962	55.8015199322
	31.2286824779	55.8116439023
	31.2266830356	55.8133715488
	31.2180925378	55.821417428
	31.2100466586	55.8300079258
	31.2025798517	55.8391062563
	31.1957240911	55.8486734592
	31.1895087342	55.8586685661
	31.1839603961	55.8690487766
	31.1791028357	55.8797696408
	31.1749568538	55.8907852506
	31.1715402041	55.9020484353
	31.1688675172	55.9135109642
	31.166950238	55.925123753
	31.1657965765	55.9368370741
	31.165411473	55.948600769
	31.165411473	55.9519348145
	31.1657965765	55.9636985094
	31.166950238	55.9754118305
	31.1669764534	55.9756101045
	31.1675295845	55.9797757539
	31.1694206483	55.9911902687
	31.1720933352	56.0026527976
	31.1755099849	56.0139159823
	31.1796559668	56.0249315921
	31.1845135272	56.0356524564
	31.1849533947	56.0365382715
	31.1868988903	56.0404292627
	31.1920073609	56.049923658
	31.1982227178	56.059918765
	31.2050784784	56.0694859678
	31.2125452853	56.0785842984
	31.2205911645	56.0871747962
	31.2291816623	56.0952206754
	31.2382799929	56.1026874823
	31.2478471957	56.1095432429
	31.2578423027	56.1157585998
	31.2647157473	56.1195296861
	31.2714563571	56.1242603449
	31.2814514641	56.1304757018
	31.2909182566	56.1355703681
	31.2922588506	56.1362409527
	31.287616763	56.1376491145
	31.2766011533	56.1417950964
	31.2753401445	56.1423230467
	31.262682979	56.1476788816
	31.2532231235	56.1520084918
	31.2446870054	56.156571142
	31.234619972	56.1569007025
	31.222906651	56.1580543639
	31.2112938621	56.1599716431
	31.1998313332	56.16264433
	31.1885681485	56.1660609798
	31.188197104	56.1661873835
	31.1776418366	56.1697960871
	31.1669972715	56.1738156653
	31.1562764072	56.1786732257
	31.1458961967	56.1842215638
	31.1359010898	56.1904369207
	31.1263338869	56.1972926813
	31.1172355564	56.2047594882
	31.1086450586	56.2128053674
	31.1005991794	56.2213958652
	31.0966326444	56.2260775755
	31.0916315763	56.2321887205
	31.0881313044	56.2366053408
	31.0812755437	56.2461725436
	31.0750601868	56.2561676506
	31.0695118488	56.266547861
	31.0664574059	56.2730674495
	31.0642825635	56.2779622449
	31.0620559121	56.2784814272
	31.0507927274	56.2818980769
	31.0397771177	56.2860440588
	31.0334737617	56.2887973548
	31.0257072164	56.2923681312
	31.0243462293	56.2924521552
	31.0182532975	56.2929556341
	31.009918184	56.2937872381
	31.0042977948	56.2944374206
	30.9926850059	56.2963546998
	30.9877143925	56.2974166405
	30.9816032475	56.2988128197
	30.975111332	56.3004235659
	30.9638481473	56.3038402156
	30.9528325376	56.3079861975
	30.9421116733	56.3128437579
	30.9317314628	56.318392096
	30.9217363559	56.3246074529
	30.912169153	56.3314632135
	30.9030708225	56.3389300204
	30.8944803247	56.3469758996
	30.8924348824	56.3490547802
	30.8841035836	56.3576607372
	30.8781031467	56.3641723545
	30.8706363398	56.373270685
	30.8637805791	56.3828378879
	30.8575652222	56.3928329948
	30.8520168842	56.4032132053
	30.8471593237	56.4139340696
	30.8430133418	56.4249496793
	30.8395966921	56.436212864
	30.8369240052	56.4476753929
	30.835006726	56.4592881817
	30.8339268379	56.4699253903
	30.8333981585	56.4773124183
	30.8309680507	56.4778405133
	30.8226111794	56.4798669252
	30.8113479947	56.483283575
	30.800332385	56.4874295569
	30.7896115207	56.4922871173
	30.7792313103	56.4978354554
	30.7692362033	56.5040508123
	30.7596690004	56.5109065729
	30.754048236	56.5154010174
	30.7507141906	56.518178117
	30.7472366245	56.5211504794
	30.7386461267	56.5291963586
	30.7306002475	56.5377868564
	30.7283624516	56.5403882174
	30.7208627568	56.549276462
	30.7156337458	56.5557734316
	30.7087779851	56.5653406345
	30.7025626282	56.5753357414
	30.70238796	56.5756389565
	30.6975351343	56.580313302
	30.6894892551	56.5889037998
	30.6855227201	56.5935855101
	30.680521652	56.5996966551
	30.67702138	56.6041132753
	30.6701656194	56.6136804782
	30.6639502625	56.6236755852
	30.6609700648	56.6292511429
	30.654203988	56.6355882654
	30.6461581088	56.6441787632
	30.6421644918	56.6488935749
	30.6396620504	56.6519529621
	30.6361888605	56.6563364809
	30.6293330999	56.6659036838
	30.623117743	56.6758987907
	30.6175694049	56.6862790012
	30.6127118445	56.6969998655
	30.6085658626	56.7080154752
	30.6051492128	56.7192786599
	30.602476526	56.7307411888
	30.6005592468	56.7423539776
	30.5994055853	56.7540672987
	30.5990204818	56.7658309937
	30.5994055853	56.7775946886
	30.6005592468	56.7893080097
	30.602476526	56.8009207985
	30.6037595713	56.8068471862
	30.6068151438	56.8198934508
	30.6082047854	56.8254295921
	30.6116214351	56.8366927767
	30.615767417	56.8477083865
	30.6206249774	56.8584292508
	30.6221678985	56.8614843586
	30.6263373626	56.8695486286
	30.6303427796	56.8768737313
	30.6365581365	56.8868688382
	30.6434138971	56.8964360411
	30.6445334783	56.8978798645
	30.6525863042	56.9081566589
	30.65893353	56.915811166
	30.6669794092	56.9244016638
	30.675569907	56.932447543
	30.6780913385	56.9346178565
	30.6817038568	56.9376696143
	30.6882807558	56.9429661078
	30.6978479587	56.9498218684
	30.7078430656	56.9560372253
	30.7145696016	56.9597317421
	30.7257494468	56.9655652852
	30.730068642	56.975097952
	30.732652131	56.9801353126
	30.7348760995	56.9843085914
	30.7378409486	56.9896514412
	30.7440563055	56.9996465482
	30.7509120661	57.009213751
	30.758378873	57.0183120816
	30.7664247522	57.0269025794
	30.77501525	57.0349484586
	30.7841135805	57.0424152655
	30.7936807834	57.0492710261
	30.8036758903	57.055486383
	30.8140561008	57.0610347211
	30.8247769651	57.0658922815
	30.8357925748	57.0700382634
	30.8470557595	57.0734549131
	30.8585182884	57.0761276
	30.8586161492	57.0761439139
	30.8649767734	57.083894357
	30.8730226526	57.0924848547
	30.8816131504	57.1005307339
	30.8907114809	57.1079975409
	30.9002786838	57.1148533015
	30.9102737907	57.1210686584
	30.9206540012	57.1266169965
	30.9313748655	57.1314745569
	30.9423904752	57.1356205388
	30.9536536599	57.1390371885
	30.9651161888	57.1417098754
	30.9767289776	57.1436271546
	30.9884422987	57.144780816
	31.0002059937	57.1451659195
	31.0119696886	57.144780816
	31.0227529082	57.1437471388
	31.0274091923	57.1431588093
	31.0446127613	57.1426819559
	31.0686847563	57.1431551633
	31.0839835436	57.1428048028
	31.0956968646	57.1416511414
	31.099640086	57.1410875186
	31.1068613079	57.139973627
	31.1145308754	57.1386199706
	31.1259934043	57.1359472837
	31.137256589	57.132530634
	31.1482721988	57.1283846521
	31.1567610698	57.1246087216
	31.2019398585	57.1355946183
	31.2093483665	57.1372314208
	31.2171677162	57.1386081169
	31.2660606911	57.1461078117
	31.2698541302	57.1466483948
	31.2815674513	57.1478020563
	31.2860517211	57.1480397939
	31.3135518737	57.1491536855
	31.3208312988	57.1493010514
	31.3242157367	57.1492692067
	31.3392151263	57.1489869191
	31.3475943835	57.1486336603
	31.3593077045	57.1474799988
	31.3709204933	57.1455627196
	31.3776204376	57.1440966952
	31.3903958587	57.1410449374
	31.3951584434	57.1398382749
	31.4064216281	57.1364216252
	31.4174372378	57.1322756433
	31.4281581021	57.1274180829
	31.4385383125	57.1218697448
	31.442473982	57.1195301955
	31.4437394757	57.1197013734
	31.4490513179	57.1203205031
	31.468216357	57.1222659987
	31.4746178358	57.1228005304
	31.4863815308	57.1231856339
	31.4931704833	57.1230574643
	31.5020001706	57.1269961023
	31.5025568605	57.127214741
	31.5070118488	57.1370471097
	31.5105772121	57.1439017392
	31.5169668301	57.1555670834
	31.5189498048	57.1590926644
	31.5251651617	57.1690877713
	31.5320209223	57.1786549742
	31.5321745154	57.1788548504
	31.534951615	57.1824635541
	31.5422648288	57.1913620083
	31.550310708	57.1999525061
	31.5589012058	57.2079983853
	31.5617907257	57.2104788068
	31.5687372894	57.2163152937
	31.5693630355	57.2168288673
	31.5700763422	57.2178242857
	31.5775431491	57.2269226162
	31.5855890283	57.235513114
	31.5941795261	57.2435589932
	31.6032778566	57.2510258001
	31.6128450595	57.2578815608
	31.6228401665	57.2640969177
	31.6332203769	57.2696452557
	31.6439412412	57.2745028162
	31.6549568509	57.2786487981
	31.6662200356	57.2820654478
	31.6776825645	57.2847381347
	31.6892953534	57.2866554139
	31.6971538554	57.2875147793
	31.7035434733	57.2880717251
	31.7073982923	57.2883660211
	31.7191619873	57.2887511246
	31.7309256823	57.2883660211
	31.7311591128	57.2883505688
	31.7394904116	57.287793623
	31.7509703021	57.2866554139
	31.762583091	57.2847381347
	31.7648331574	57.2842756126
	31.7990384816	57.2770164333
	31.8013458585	57.2778171941
	31.8099933033	57.2805117668
	31.836383379	57.2880114616
	31.8389991189	57.2887335386
	31.8504616478	57.2914062255
	31.8620744366	57.2933235047
	31.8623380131	57.2933580071
	31.868727631	57.2941896111
	31.8801773756	57.2953087701
	31.8919410706	57.2956938736
	31.9037047655	57.2953087701
	31.9154180866	57.2941551087
	31.9232351377	57.2928645083
	31.9241780925	57.2931000852
	31.9326836326	57.2950072997
	31.9392607428	57.2961890017
	31.9401053957	57.296519789
	31.9451102785	57.2984652846
	31.952461276	57.3011402532
	31.9530706798	57.3013459035
	31.9623049599	57.3065667174
	31.9712750339	57.3113093793
	31.9819958982	57.3161669397
	31.9930115079	57.3203129216
	32.0042746926	57.3237295713
	32.0137072767	57.3259863073
	32.0192285739	57.3298267512
	32.0292236809	57.3360421081
	32.0396038913	57.3415904462
	32.0429407602	57.3431935303
	32.0518290049	57.3473515503
	32.0592130002	57.3506060266
	32.07022861	57.3547520085
	32.0814917946	57.3581686582
	32.0929543236	57.3608413451
	32.0978421725	57.3616483323
	32.1003363709	57.3663146492
	32.1065517278	57.3763097562
	32.1134074884	57.385876959
	32.1208742954	57.3949752896
	32.1289201745	57.4035657874
	32.1375106723	57.4116116666
	32.1466090029	57.4190784735
	32.1561762057	57.4259342341
	32.1661713127	57.432149591
	32.1765515231	57.4376979291
	32.181716156	57.4401436298
	32.1908866883	57.4443092792
	32.1964429197	57.4467211389
	32.2074585294	57.4508671208
	32.2187217141	57.4542837706
	32.2216505218	57.4550422001
	32.227204721	57.4564307499
	32.2357384422	57.4583450072
	32.2473512311	57.4602622864
	32.2508697868	57.460690287
	32.2633743644	57.4620864662
	32.2715691297	57.4628121271
	32.2833328247	57.4631972306
	32.2977752686	57.4631972306
	32.3095389635	57.4628121271
	32.3212522846	57.4616584656
	32.3328650734	57.4597411864
	32.3443276023	57.4570684996
	32.355590787	57.4536518498
	32.3602606578	57.451994559
	32.3655325694	57.450041434
	32.3718783084	57.4475527429
	32.3825991727	57.4426951825
	32.3845436442	57.4417216183
	32.387607532	57.4429126113
	32.3949585294	57.4455875798
	32.4062217141	57.4490042295
	32.4147025341	57.4510575314
	32.4313651318	57.454666235
	32.4343468406	57.45528562
	32.4418098451	57.4565254797
	32.4514401731	57.4608889245
	32.4544405029	57.462100201
	32.4883302734	57.4754287533
	32.4963455533	57.4783634587
	32.507608738	57.4817801084
	32.5190712669	57.4844527953
	32.5209105198	57.4847993491
	32.5261710267	57.4946410652
	32.5323863836	57.5046361722
	32.5392421442	57.514203375
	32.5437365887	57.5198241394
	32.5465136883	57.5231581849
	32.5494860507	57.526635751
	32.5575319299	57.5352262488
	32.5661224277	57.543272128
	32.5752207583	57.5507389349
	32.5847879611	57.5575946955
	32.5947830681	57.5638100524
	32.5964069281	57.5647363698
	32.6008472357	57.5672388112
	32.6096035861	57.5718608319
	32.6203244504	57.5767183923
	32.6313400602	57.5808643743
	32.6391003966	57.5833043814
	32.6496594786	57.5863637686
	32.6531623269	57.5873404112
	32.6646248558	57.5900130981
	32.6762376446	57.5919303773
	32.6810390708	57.5924969576
	32.6895020012	57.5976998229
	32.6910202399	57.598566568
	32.7003725751	57.6054448404
	32.7070108615	57.6101001887
	32.7170059685	57.6163155456
	32.7273861789	57.6218638837
	32.7381070432	57.6267214441
	32.7443782286	57.6291824961
	32.7541057067	57.6327911997
	32.758850131	57.6344761296
	32.7701133156	57.6378927793
	32.7815758446	57.6405654662
	32.7931886334	57.6424827454
	32.7932290834	57.6424880661
	32.7996148866	57.6433272995
	32.8112877577	57.6444756403
	32.8230514526	57.6448607438
	32.8348151476	57.6444756403
	32.84297406	57.6437539789
	32.8579658202	57.6420831415
	32.8615202289	57.6416511414
	32.8731330177	57.6397338622
	32.8845955467	57.6370611753
	32.8889825057	57.6358259148
	32.8950937838	57.6340212572
	32.8961822502	57.6341874144
	32.8998475689	57.6347083924
	32.91156089	57.6358620538
	32.9185809874	57.6361845946
	32.939691522	57.6367415404
	32.9561988146	57.6364189996
	32.9679121356	57.6352653382
	32.9795249245	57.633348059
	32.9797559543	57.633301947
	32.9853177829	57.6321880554
	32.996549282	57.6295614805
	33.0045380423	57.6271381166
	33.0076596164	57.6288066327
	33.0183804807	57.6336641931
	33.0293960904	57.637810175
	33.0406592751	57.6412268248
	33.052121804	57.6438995116
	33.0617487292	57.6455440809
	33.0690042834	57.6465816786
	33.0709901471	57.6468543885
	33.082114122	57.6479500044
	33.0862727972	57.6546376981
	33.0931285578	57.6642049009
	33.1005953647	57.6733032315
	33.1086412439	57.6818937293
	33.1172317417	57.6899396085
	33.1263300722	57.6974064154
	33.1358972751	57.704262176
	33.145892382	57.7104775329
	33.1462841285	57.710703052
	33.147433219	57.7135454837
	33.1522907794	57.724266348
	33.1578391175	57.7346465584
	33.1616590907	57.7409601948
	33.163596957	57.744019582
	33.1659923406	57.7477010526
	33.1728481012	57.7572682554
	33.1803149081	57.766366586
	33.1883607873	57.7749570838
	33.1969512851	57.7830029629
	33.1995442129	57.7852336426
	33.2031605459	57.7882854004
	33.2096659487	57.7935215277
	33.2192331516	57.8003772883
	33.2243534978	57.8036745899
	33.2324101384	57.8086718434
	33.2372848991	57.8115898986
	33.2476651096	57.8171382367
	33.2583859739	57.8219957971
	33.2694015836	57.826141779
	33.2699285861	57.8263197639
	33.2978586374	57.8357045103
	33.3311341198	57.8496901382
	33.3319943723	57.8500490808
	33.343009982	57.8541950627
	33.349431371	57.8562414864
	33.365269994	57.8609640816
	33.3701117898	57.8623343077
	33.3815743187	57.8650069945
	33.3930190581	57.8668965287
	33.393951372	57.8722065788
	33.3946975953	57.876192405
	33.3973702822	57.8876549339
	33.3980107568	57.8899826178
	33.4016194604	57.9027618537
	33.4043956355	57.9116973544
	33.408152562	57.9216792685
	33.4030900964	57.9264207849
	33.3950442172	57.9350112827
	33.3875774103	57.9441096132
	33.3807216497	57.9536768161
	33.3745062928	57.963671923
	33.3689579547	57.9740521335
	33.3641003943	57.9847729978
	33.3599544124	57.9957886075
	33.3565377626	58.0070517922
	33.3538650758	58.0185143211
	33.3519477966	58.03012711
	33.3507941351	58.041840431
	33.3504090316	58.053604126
	33.3507941351	58.065367821
	33.3519477966	58.077081142
	33.3538650758	58.0886939308
	33.3565377626	58.1001564597
	33.3599544124	58.1114196444
	33.3641003943	58.1224352542
	33.367498974	58.1301265313
	33.3697191278	58.1348491265
	33.3711781085	58.1378787137
	33.3767264466	58.1482589241
	33.3829418035	58.1582540311
	33.3897975641	58.1678212339
	33.397264371	58.1769195645
	33.4053102502	58.1855100623
	33.413900748	58.1935559415
	33.4229990786	58.2010227484
	33.4263760359	58.2035516121
	33.4335581606	58.2093616766
	33.4431253635	58.2162174372
	33.4465860076	58.2184727207
	33.4526971526	58.2223560825
	33.4592316154	58.2263161559
	33.4687014617	58.2314123497
	33.4809473418	58.2375376258
	33.481985609	58.2381886976
	33.4882761782	58.2432438177
	33.497843381	58.2500995783
	33.5030363143	58.2534418793
	33.505261727	58.2548207624
	33.5125106723	58.2616101407
	33.5216090029	58.2690769476
	33.5311762057	58.2759327082
	33.5336189397	58.2775363436
	33.5514225236	58.2890183982
	33.5560480898	58.2926899237
	33.5656152927	58.2995456843
	33.5691616662	58.3018554111
	33.5752804406	58.3057387729
	33.581729174	58.309644403
	33.5921093845	58.3151927411
	33.6028302488	58.3200503015
	33.6138458585	58.3241962834
	33.6251090432	58.3276129332
	33.6365715721	58.33028562
	33.6481843609	58.3322028992
	33.6575931635	58.3331906428
	33.6916658781	58.3358638522
	33.7025145702	58.3377503936
	33.7098527569	58.3388709901
	33.721566078	58.3400246515
	33.7333297729	58.340409755
	33.7449951172	58.340409755
	33.7567588122	58.3400246515
	33.7684721332	58.3388709901
	33.780084922	58.3369537109
	33.791547451	58.334281024
	33.8028106356	58.3308643743
	33.8138262454	58.3267183923
	33.8245471097	58.3218608319
	33.8271443184	58.3205538277
	33.8310094689	58.3206966902
	33.8322587628	58.320865619
	33.8325652886	58.3209057059
	33.8353564813	58.3212682941
	33.8396467333	58.3231080668
	33.8491925484	58.3281879936
	33.8547972609	58.3335517392
	33.8605636509	58.3388348721
	33.8696619814	58.346301679
	33.8715014221	58.3476944785
	33.8761199863	58.3518887662
	33.8852183169	58.3593555731
	33.8947855197	58.3662113337
	33.8983318933	58.3685210605
	33.9044506677	58.3724044223
	33.9108994011	58.3763100524
	33.9212796115	58.3818583905
	33.9320004758	58.3867159509
	33.9430160856	58.3908619328
	33.9542792702	58.3942785826
	33.9545169832	58.3943421033
	33.962848282	58.3965622571
	33.974073098	58.3991714233
	33.9856858868	58.4010887025
	33.9973992079	58.4022423639
	34.0091629028	58.4026274674
	34.0209265978	58.4022423639
	34.0304224517	58.4013666339
	34.0420877959	58.3999780841
	34.0443052631	58.3997001527
	34.0559180519	58.3977828735
	34.0673805808	58.3951101866
	34.0786437655	58.3916935369
	34.0896593753	58.3875475549
	34.0972486584	58.3841088955
	34.1076264996	58.385822284
	34.1115287768	58.3862927115
	34.1318077074	58.3885128653
	34.1396187513	58.3891960992
	34.1513824463	58.3895812027
	34.1631461413	58.3891960992
	34.1726419951	58.3883203693
	34.1843073394	58.3869318195
	34.1865248065	58.386653888
	34.1952151368	58.3852928377
	34.2257708619	58.3797386385
	34.2286933205	58.3791824096
	34.2401558494	58.3765097227
	34.2463973701	58.3747159375
	34.2540805602	58.3723568543
	34.2545556881	58.3722669081
	34.2561896584	58.3719497436
	34.2676521873	58.3692770567
	34.278915372	58.365860407
	34.2806200963	58.365272184
	34.2964587193	58.3597179848
	34.3057696048	58.3561602258
	34.3085018878	58.3550019779
	34.3119356176	58.3535128422
	34.3126153805	58.3533841566
	34.3142493508	58.3530669921
	34.3257118797	58.3503943052
	34.3285422247	58.3496110965
	34.3383839626	58.34680101
	34.3581056092	58.3430162349
	34.3620368273	58.3428017511
	34.3737501483	58.3416480897
	34.3776369234	58.3410931646
	34.3922885646	58.338837875
	34.4227156558	58.336584475
	34.4306773052	58.3358165065
	34.4423502788	58.3344279567
	34.4445814472	58.3341483948
	34.4554585273	58.3323758637
	34.4692016786	58.3297016908
	34.5220513509	58.3232556116
	34.5237516742	58.3230399964
	34.5353644631	58.3211227172
	34.5446618212	58.3189548773
	34.5497575769	58.3243955603
	34.5583480747	58.3324414395
	34.5674464052	58.3399082464
	34.5705385559	58.3422285695
	34.5741714389	58.3455029629
	34.5832697695	58.3529697699
	34.5928369724	58.3598255305
	34.5968534289	58.3624325831
	34.6149122057	58.3738156397
	34.6208908562	58.377423944
	34.6312710666	58.3829722821
	34.6419919309	58.3878298425
	34.6435069075	58.3884493058
	34.6579493513	58.3942781633
	34.6674499845	58.3978046819
	34.6769972147	58.4007524361
	34.6870844147	58.4035625067
	34.7031733165	58.4094517129
	34.7071838712	58.4108662053
	34.7184470559	58.414282855
	34.7186104796	58.4143265619
	34.7352730773	58.4187744989
	34.7465721824	58.4214034789
	34.7581849713	58.4233207581
	34.7698982923	58.4244744195
	34.7816619873	58.424859523
	34.7934256823	58.4244744195
	34.8033496787	58.4235472063
	34.8125202109	58.4224333147
	34.8143095355	58.4222068665
	34.8259223244	58.4202895873
	34.8373848533	58.4176169004
	34.848648038	58.4142002507
	34.8596636477	58.4100542688
	34.8603541432	58.4097665726
	34.8615700462	58.4100127929
	34.8731828351	58.4119300721
	34.8848961561	58.4130837335
	34.8850057184	58.413090881
	34.9183890836	58.4152584773
	34.9188443315	58.4153363158
	34.9256806988	58.4163703797
	34.9373940199	58.4175240411
	34.9491577148	58.4179091446
	34.9609214098	58.4175240411
	34.9726347309	58.4163703797
	34.9842475197	58.4144531005
	34.9957100486	58.4117804136
	35.0069732333	58.4083637639
	35.017988843	58.404217782
	35.0235656967	58.4017965532
	35.02502022	58.401567166
	35.026009975	58.4014396546
	35.0376227638	58.3995223754
	35.0490852928	58.3968496885
	35.0568145694	58.3945050381
	35.0633978669	58.3951973425
	35.071913752	58.395868515
	35.0744314757	58.397262677
	35.0755729797	58.4087919574
	35.0774902589	58.4204047463
	35.0801629458	58.4318672752
	35.0835795955	58.4431304599
	35.0877255774	58.4541460696
	35.0925831378	58.4648669339
	35.0981314759	58.4752471443
	35.1043468328	58.4852422513
	35.1112025934	58.4948094541
	35.1186694003	58.5039077847
	35.1267152795	58.5124982825
	35.1344159347	58.5197585811
	35.1394208175	58.5242065181
	35.1403106601	58.5249920987
	35.1494089907	58.5324589056
	35.1589761935	58.5393146662
	35.1689713005	58.5455300231
	35.1793515109	58.5510783612
	35.1900723752	58.5559359216
	35.201087985	58.5600819036
	35.2123511696	58.5634985533
	35.2238136986	58.5661712402
	35.2354264874	58.5680885194
	35.2471398084	58.5692421808
	35.2589035034	58.5696272843
	35.2678074023	58.5696272843
	35.2743937319	58.574931745
	35.2839609348	58.5817875056
	35.2939560417	58.5880028625
	35.3043362521	58.5935512006
	35.3150571164	58.598408761
	35.3160959557	58.5988352678
	35.3235956505	58.6018870256
	35.333572421	58.6056065007
	35.3448356057	58.6090231504
	35.3562981346	58.6116958373
	35.3679109234	58.6136131165
	35.3796242445	58.6147667779
	35.3913879395	58.6151518814
	35.4031516344	58.6147667779
	35.4040527372	58.614705444
	35.4118347196	58.6141561276
	35.4226469379	58.6130638001
	35.4342597267	58.6111465209
	35.4457222556	58.608473834
	35.4557926533	58.6054574339
	35.4602919176	58.6072784157
	35.4699554776	58.6108707829
	35.4750640325	58.6125203029
	35.4906601327	58.617300381
	35.501617465	58.6214222356
	35.5128806496	58.6248388853
	35.5241959048	58.6274822137
	35.5311462832	58.6288707635
	35.531293557	58.628900122
	35.5429063458	58.6308174012
	35.5546196668	58.6319710626
	35.5663833618	58.6323561661
	35.5781470568	58.6319710626
	35.5898603778	58.6308174012
	35.6002886398	58.6291316103
	35.6142686351	58.6264482088
	35.6252281837	58.6251440978
	35.6572315615	58.6235079989
	35.6598120959	58.6233574762
	35.6699890837	58.6223993516
	35.7377602439	58.6140701128
	35.7612838152	58.6147738918
	35.7666625977	58.6148543351
	35.777975925	58.6144981828
	35.8043660007	58.6128349748
	35.8048163683	58.6128060236
	35.8165296894	58.6116523621
	35.8281424782	58.6097350829
	35.8335719354	58.6085069916
	35.8349406069	58.6096302313
	35.8445078098	58.6164859919
	35.8545029167	58.6227013488
	35.8648831271	58.6282496869
	35.8756039914	58.6331072473
	35.8819768066	58.6356059671
	35.8894765014	58.6383830667
	35.894119296	58.6400303288
	35.9053824807	58.6434469786
	35.9168450096	58.6461196654
	35.9284577984	58.6480369446
	35.9401711195	58.6491906061
	35.9404318887	58.6492075076
	35.9549881661	58.6501403394
	35.9668401237	58.6518491244
	35.9716862557	58.6531138361
	35.9768292331	58.6557536542
	35.9875500974	58.6606112146
	35.9885162539	58.661008127
	35.9921061787	58.6624707566
	35.9979397678	58.6654811322
	36.0086606321	58.6703386926
	36.0196762418	58.6744846745
	36.0302151507	58.6777056353
	36.0346281408	58.6794525391
	36.0430145597	58.6825336858
	36.0542777444	58.6859503355
	36.0557552077	58.6863395025
	36.0643611647	58.6885672857
	36.0743462303	58.6908508056
	36.0859590191	58.6927680848
	36.0976723402	58.6939217462
	36.1094360352	58.6943068497
	36.1121386755	58.6942865436
	36.1154175138	58.6954349919
	36.1266806985	58.6988516416
	36.1381432274	58.7015243285
	36.1497560162	58.7034416077
	36.1614693372	58.7045952692
	36.1732330322	58.7049803727
	36.1790357894	58.7048537665
	36.1841054583	58.7069578104
	36.1842206296	58.7070055627
	36.1952362394	58.7111515447
	36.206499424	58.7145681944
	36.2135730257	58.7163108208
	36.2221866122	58.718248687
	36.2265755394	58.7191787475
	36.2381883282	58.7210960267
	36.2436220073	58.7217274825
	36.2519456767	58.7225667159
	36.2582253187	58.7230889215
	36.2699890137	58.723474025
	36.2817527087	58.7230889215
	36.2934660297	58.7219352601
	36.3050788185	58.7200179809
	36.3165413474	58.717345294
	36.3278045321	58.7139286443
	36.3388201419	58.7097826623
	36.3401227257	58.7092371136
	36.3473477623	58.7061777264
	36.3567660428	58.7018657147
	36.3622165139	58.6989523772
	36.3692110873	58.7074752896
	36.3772569665	58.7160657874
	36.3858474643	58.7241116666
	36.3949457949	58.7315784735
	36.4045129977	58.7384342341
	36.4145081047	58.744649591
	36.4248883151	58.7501979291
	36.4356091794	58.7550554895
	36.4466247892	58.7592014714
	36.4578879738	58.7626181211
	36.4693505028	58.765290808
	36.4809632916	58.7672080872
	36.4926766126	58.7683617486
	36.4936930135	58.7684254778
	36.5084596779	58.7693093979
	36.5095142902	58.7714846707
	36.5150626282	58.7818648812
	36.5212779851	58.7918599881
	36.5259394686	58.798506616
	36.5298228304	58.803786157
	36.5320171076	58.806706732
	36.5370488052	58.8128378732
	36.5389561237	58.8170474148
	36.5445044617	58.8274276253
	36.5507198186	58.8374227322
	36.5575755793	58.8469899351
	36.5650423862	58.8560882657
	36.5730882654	58.8646787634
	36.5816787632	58.8727246426
	36.5907770937	58.8801914496
	36.6003442966	58.8870472102
	36.6103394035	58.8932625671
	36.620719614	58.8988109052
	36.6254765312	58.9009662363
	36.629228888	58.9079864021
	36.6354442449	58.9179815091
	36.6423000055	58.927548712
	36.6497668124	58.9366470425
	36.6578126916	58.9452375403
	36.6664031894	58.9532834195
	36.67550152	58.9607502264
	36.6850687228	58.967605987
	36.6950638298	58.9738213439
	36.7054440402	58.979369682
	36.7161649045	58.9842272424
	36.7271805143	58.9883732244
	36.7384436989	58.9917898741
	36.7433749144	58.9930367326
	36.7514450554	58.9979836364
	36.7529660743	58.9988519508
	36.759359507	59.0024606544
	36.7682186984	59.0071406781
	36.7789395627	59.0119982385
	36.7899551725	59.0161442204
	36.8012183571	59.0195608702
	36.8126808861	59.022233557
	36.8230381477	59.0239810423
	36.8330402839	59.0253695921
	36.8342958111	59.0255393861
	36.8460091322	59.0266930475
	36.8505899143	59.0269346684
	36.9061395359	59.0291548222
	36.9081545492	59.0291291253
	36.9133224487	59.0292983048
	36.9250861437	59.0289132013
	36.9367994647	59.0277595399
	36.9402495731	59.027271281
	36.9494201054	59.0258827312
	36.9575827858	59.0244537109
	36.9690453147	59.021781024
	36.9726083887	59.0207001773
	36.9773861789	59.0232539594
	36.9881070432	59.0281115198
	36.9917881434	59.0295889414
	37.006787533	59.0354177988
	37.0141220426	59.0380863591
	37.0253852273	59.0415030088
	37.0368477562	59.0441756957
	37.048460545	59.0460929749
	37.049296838	59.0462010812
	37.0690188228	59.0487035226
	37.0798958509	59.0497490778
	37.0916595459	59.0501341813
	37.0959080301	59.0500839986
	37.1078556619	59.049801711
	37.1153708727	59.0494667902
	37.1270841937	59.0483131287
	37.1369363265	59.0467369499
	37.1472131209	59.0447990836
	37.148973777	59.0444579833
	37.1604363059	59.0417852964
	37.1692646298	59.0391758535
	37.1763370785	59.0368870352
	37.1787719393	59.0360798284
	37.1897875491	59.0319338464
	37.1928987725	59.0306107427
	37.2016573174	59.026788416
	37.2092669583	59.0232539594
END
END
