none
1
   1.159726E+01   3.633682E+01
   1.160037E+01   3.785861E+01
   9.923768E+00   3.783806E+01
   7.802627E+00   3.872932E+01
   7.718453E+00   4.133676E+01
   9.279434E+00   4.133791E+01
   9.623821E+00   4.144740E+01
   9.653921E+00   4.196821E+01
   9.757779E+00   4.248093E+01
   9.496039E+00   4.316673E+01
   9.666807E+00   4.374921E+01
   8.845272E+00   4.413282E+01
   8.139041E+00   4.360376E+01
   7.555371E+00   4.348099E+01
   7.523377E+00   4.378971E+01
   7.486001E+00   4.387429E+01
   7.701953E+00   4.407916E+01
   7.641609E+00   4.415244E+01
   7.522312E+00   4.413294E+01
   7.360449E+00   4.409409E+01
   7.014330E+00   4.422179E+01
   6.882662E+00   4.435396E+01
   6.870348E+00   4.446123E+01
   6.849277E+00   4.453329E+01
   6.957594E+00   4.462803E+01
   6.936906E+00   4.465710E+01
   7.019138E+00   4.472564E+01
   6.999752E+00   4.478737E+01
   7.002685E+00   4.483215E+01
   6.875123E+00   4.483275E+01
   6.738810E+00   4.490562E+01
   6.736434E+00   4.500533E+01
   6.669292E+00   4.501521E+01
   6.602696E+00   4.512945E+01
   7.122265E+00   4.525776E+01
   7.102324E+00   4.532906E+01
   7.153530E+00   4.538434E+01
   6.996102E+00   4.548573E+01
   6.955831E+00   4.561688E+01
   6.838424E+00   4.567749E+01
   6.792211E+00   4.574901E+01
   6.789752E+00   4.584816E+01
   7.043395E+00   4.593626E+01
   7.110707E+00   4.588955E+01
   7.204120E+00   4.589965E+01
   7.545928E+00   4.599760E+01
   7.847052E+00   4.595281E+01
   7.912890E+00   4.601918E+01
   8.004438E+00   4.605620E+01
   8.017964E+00   4.610193E+01
   8.133988E+00   4.617938E+01
   8.064078E+00   4.625774E+01
   8.243327E+00   4.636932E+01
   8.272856E+00   4.643710E+01
   8.390432E+00   4.647069E+01
   8.491392E+00   4.646735E+01
   8.494594E+00   4.628067E+01
   8.629014E+00   4.615416E+01
   8.804125E+00   4.610818E+01
   8.866161E+00   4.607121E+01
   8.812198E+00   4.600081E+01
   8.893600E+00   4.596302E+01
   8.955798E+00   4.587375E+01
   9.024258E+00   4.583156E+01
   9.067453E+00   4.589767E+01
   8.948115E+00   4.596579E+01
   9.090405E+00   4.615035E+01
   9.224630E+00   4.625102E+01
   9.280059E+00   4.638996E+01
   9.225123E+00   4.644981E+01
   9.308527E+00   4.652068E+01
   9.395607E+00   4.650043E+01
   9.464132E+00   4.650919E+01
   9.505389E+00   4.635753E+01
   9.691049E+00   4.632205E+01
   9.736860E+00   4.635363E+01
   9.846943E+00   4.637914E+01
   9.968267E+00   4.639324E+01
   1.008771E+01   4.624315E+01
   1.015317E+01   4.625248E+01
   1.007867E+01   4.634424E+01
   1.015705E+01   4.641325E+01
   1.005448E+01   4.640530E+01
   1.001656E+01   4.653426E+01
   1.011844E+01   4.664759E+01
   1.026808E+01   4.663837E+01
   1.033211E+01   4.657473E+01
   1.046421E+01   4.654864E+01
   1.047995E+01   4.662099E+01
   1.040176E+01   4.663771E+01
   1.038707E+01   4.669478E+01
   1.039920E+01   4.673304E+01
   1.040715E+01   4.678352E+01
   1.045785E+01   4.688018E+01
   1.065839E+01   4.689164E+01
   1.076408E+01   4.684650E+01
   1.079387E+01   4.680597E+01
   1.101901E+01   4.679308E+01
   1.109767E+01   4.696790E+01
   1.159466E+01   4.703169E+01
   1.177489E+01   4.700451E+01
   1.201894E+01   4.708077E+01
   1.226901E+01   4.710169E+01
   1.223553E+01   4.702891E+01
   1.212162E+01   4.700797E+01
   1.218859E+01   4.694268E+01
   1.219173E+01   4.692194E+01
   1.223433E+01   4.689742E+01
   1.228126E+01   4.690004E+01
   1.230792E+01   4.684189E+01
   1.233012E+01   4.679459E+01
   1.255889E+01   4.668725E+01
   1.280293E+01   4.665979E+01
   1.374748E+01   4.653360E+01
   1.369611E+01   4.643597E+01
   1.345064E+01   4.634364E+01
   1.342064E+01   4.629123E+01
   1.342309E+01   4.624328E+01
   1.357374E+01   4.623938E+01
   1.368365E+01   4.618206E+01
   1.363780E+01   4.611750E+01
   1.349524E+01   4.600781E+01
   1.354426E+01   4.597718E+01
   1.359604E+01   4.599890E+01
   1.365786E+01   4.599527E+01
   1.363279E+01   4.591037E+01
   1.360357E+01   4.583425E+01
   1.380819E+01   4.577005E+01
   1.393259E+01   4.563757E+01
   1.384723E+01   4.557564E+01
   1.373051E+01   4.556447E+01
   1.358998E+01   4.556769E+01
   1.344560E+01   4.556894E+01
   1.294387E+01   4.511068E+01
   1.389081E+01   4.396274E+01
   1.482375E+01   4.258514E+01
   1.558512E+01   4.256248E+01
   1.802457E+01   4.140592E+01
   1.912499E+01   4.014800E+01
   1.741399E+01   3.837065E+01
   1.550718E+01   3.630954E+01
   1.383638E+01   3.634822E+01
   1.323388E+01   3.507638E+01
   1.197558E+01   3.514535E+01
   1.159726E+01   3.633682E+01
END
END
