none
1
   1.212237E+02   2.576997E+01
   1.222251E+02   2.660305E+01
   1.229312E+02   2.257058E+01
   1.206771E+02   2.072799E+01
   1.182509E+02   2.326265E+01
   1.183036E+02   2.330751E+01
   1.181978E+02   2.434453E+01
   1.181036E+02   2.436172E+01
   1.182283E+02   2.449486E+01
   1.184416E+02   2.455302E+01
   1.186024E+02   2.446068E+01
   1.200474E+02   2.538843E+01
   1.198935E+02   2.578169E+01
   1.197870E+02   2.620480E+01
   1.204578E+02   2.653253E+01
   1.212237E+02   2.576997E+01
END
END
