none
1
   2.528508E+01   4.122681E+01
   2.522763E+01   4.124011E+01
   2.521192E+01   4.127481E+01
   2.511429E+01   4.132949E+01
   2.508173E+01   4.132939E+01
   2.505075E+01   4.135531E+01
   2.493887E+01   4.137800E+01
   2.491141E+01   4.139675E+01
   2.488147E+01   4.138330E+01
   2.483346E+01   4.138891E+01
   2.482246E+01   4.134738E+01
   2.480350E+01   4.133777E+01
   2.474120E+01   4.137487E+01
   2.472205E+01   4.140748E+01
   2.465823E+01   4.140736E+01
   2.464531E+01   4.142246E+01
   2.460903E+01   4.141645E+01
   2.452165E+01   4.155497E+01
   2.448128E+01   4.154353E+01
   2.445227E+01   4.151345E+01
   2.439908E+01   4.152808E+01
   2.437118E+01   4.150916E+01
   2.434107E+01   4.151515E+01
   2.430578E+01   4.150206E+01
   2.428742E+01   4.153921E+01
   2.425833E+01   4.155918E+01
   2.418528E+01   4.150675E+01
   2.409649E+01   4.153765E+01
   2.407143E+01   4.151691E+01
   2.408114E+01   4.146362E+01
   2.405028E+01   4.144285E+01
   2.401478E+01   4.144942E+01
   2.396753E+01   4.143011E+01
   2.392002E+01   4.146466E+01
   2.389518E+01   4.144266E+01
   2.380589E+01   4.142723E+01
   2.377008E+01   4.138788E+01
   2.367570E+01   4.139852E+01
   2.363894E+01   4.136699E+01
   2.354793E+01   4.137826E+01
   2.352338E+01   4.139473E+01
   2.344448E+01   4.139612E+01
   2.340650E+01   4.139062E+01
   2.333993E+01   4.135496E+01
   2.331629E+01   4.138803E+01
   2.329710E+01   4.139155E+01
   2.324162E+01   4.136782E+01
   2.322891E+01   4.132860E+01
   2.318500E+01   4.131083E+01
   2.309596E+01   4.130816E+01
   2.292163E+01   4.133226E+01
   2.292275E+01   4.134787E+01
   2.295405E+01   4.136575E+01
   2.294375E+01   4.141944E+01
   2.296595E+01   4.144545E+01
   2.294965E+01   4.149195E+01
   2.296086E+01   4.155783E+01
   2.294306E+01   4.158859E+01
   2.294017E+01   4.163624E+01
   2.302043E+01   4.171278E+01
   2.301481E+01   4.173877E+01
   2.300234E+01   4.175757E+01
   2.295654E+01   4.176925E+01
   2.291819E+01   4.185779E+01
   2.289536E+01   4.187134E+01
   2.286605E+01   4.193243E+01
   2.285437E+01   4.201340E+01
   2.273562E+01   4.203739E+01
   2.271206E+01   4.205621E+01
   2.267426E+01   4.205628E+01
   2.252669E+01   4.213074E+01
   2.250467E+01   4.214791E+01
   2.249127E+01   4.218708E+01
   2.246266E+01   4.219520E+01
   2.243794E+01   4.223835E+01
   2.235129E+01   4.231306E+01
   2.236330E+01   4.233212E+01
   2.244886E+01   4.234277E+01
   2.247021E+01   4.239883E+01
   2.251084E+01   4.240698E+01
   2.254693E+01   4.248295E+01
   2.251960E+01   4.251608E+01
   2.243024E+01   4.256804E+01
   2.246122E+01   4.267048E+01
   2.245032E+01   4.269200E+01
   2.248721E+01   4.273794E+01
   2.243333E+01   4.280120E+01
   2.243368E+01   4.282972E+01
   2.250169E+01   4.285908E+01
   2.253443E+01   4.289052E+01
   2.256114E+01   4.288126E+01
   2.258002E+01   4.289967E+01
   2.261876E+01   4.290478E+01
   2.267952E+01   4.288344E+01
   2.273989E+01   4.289655E+01
   2.276458E+01   4.292673E+01
   2.276012E+01   4.294871E+01
   2.277834E+01   4.298814E+01
   2.284040E+01   4.301100E+01
   2.288824E+01   4.304396E+01
   2.291294E+01   4.308668E+01
   2.297334E+01   4.311779E+01
   2.298796E+01   4.318691E+01
   2.293720E+01   4.319547E+01
   2.289085E+01   4.322056E+01
   2.283928E+01   4.327348E+01
   2.281730E+01   4.332372E+01
   2.275659E+01   4.337128E+01
   2.267481E+01   4.338707E+01
   2.265044E+01   4.341841E+01
   2.259752E+01   4.342630E+01
   2.257153E+01   4.345219E+01
   2.252694E+01   4.346582E+01
   2.248076E+01   4.355643E+01
   2.247832E+01   4.363977E+01
   2.240332E+01   4.368773E+01
   2.238856E+01   4.375152E+01
   2.234875E+01   4.380827E+01
   2.237913E+01   4.387903E+01
   2.238026E+01   4.392943E+01
   2.240175E+01   4.395870E+01
   2.240305E+01   4.400984E+01
   2.244203E+01   4.402529E+01
   2.252339E+01   4.403007E+01
   2.253014E+01   4.405946E+01
   2.260560E+01   4.407351E+01
   2.260479E+01   4.416785E+01
   2.263942E+01   4.421529E+01
   2.267604E+01   4.422477E+01
   2.275716E+01   4.420259E+01
   2.292092E+01   4.411074E+01
   2.300256E+01   4.410386E+01
   2.305399E+01   4.407579E+01
   2.305285E+01   4.405048E+01
   2.301748E+01   4.400642E+01
   2.288811E+01   4.397479E+01
   2.285096E+01   4.387520E+01
   2.286640E+01   4.384952E+01
   2.290263E+01   4.383651E+01
   2.305830E+01   4.380569E+01
   2.313432E+01   4.381403E+01
   2.326590E+01   4.385478E+01
   2.342988E+01   4.385908E+01
   2.351192E+01   4.384616E+01
   2.361800E+01   4.380148E+01
   2.370287E+01   4.381470E+01
   2.377467E+01   4.380992E+01
   2.385798E+01   4.376595E+01
   2.397714E+01   4.375143E+01
   2.417463E+01   4.369136E+01
   2.434529E+01   4.370699E+01
   2.440627E+01   4.374526E+01
   2.450397E+01   4.377153E+01
   2.462360E+01   4.375097E+01
   2.473830E+01   4.369366E+01
   2.481073E+01   4.372074E+01
   2.487622E+01   4.371645E+01
   2.498534E+01   4.373823E+01
   2.509664E+01   4.369459E+01
   2.516316E+01   4.370905E+01
   2.525062E+01   4.369262E+01
   2.534621E+01   4.363950E+01
   2.539475E+01   4.362827E+01
   2.548442E+01   4.365224E+01
   2.555924E+01   4.365418E+01
   2.566778E+01   4.369759E+01
   2.576832E+01   4.371479E+01
   2.580034E+01   4.374809E+01
   2.586816E+01   4.378180E+01
   2.594125E+01   4.386184E+01
   2.604938E+01   4.391466E+01
   2.609806E+01   4.397306E+01
   2.613841E+01   4.399266E+01
   2.620052E+01   4.399600E+01
   2.637792E+01   4.405090E+01
   2.642794E+01   4.404569E+01
   2.676008E+01   4.408684E+01
   2.691509E+01   4.414712E+01
   2.698793E+01   4.414338E+01
   2.706738E+01   4.415762E+01
   2.719966E+01   4.412681E+01
   2.727293E+01   4.413540E+01
   2.730072E+01   4.408402E+01
   2.736092E+01   4.406599E+01
   2.740300E+01   4.402426E+01
   2.760322E+01   4.402199E+01
   2.764570E+01   4.405575E+01
   2.767887E+01   4.403573E+01
   2.771439E+01   4.397261E+01
   2.773441E+01   4.396345E+01
   2.783695E+01   4.397520E+01
   2.791941E+01   4.401644E+01
   2.795202E+01   4.398865E+01
   2.800413E+01   4.385172E+01
   2.823478E+01   4.376852E+01
   2.845006E+01   4.374296E+01
   2.918819E+01   4.374437E+01
   2.866395E+01   4.197519E+01
   2.797978E+01   4.197503E+01
   2.791309E+01   4.196417E+01
   2.786874E+01   4.198855E+01
   2.783336E+01   4.198163E+01
   2.784560E+01   4.195569E+01
   2.783904E+01   4.193999E+01
   2.781247E+01   4.193396E+01
   2.771448E+01   4.196628E+01
   2.759982E+01   4.192924E+01
   2.757805E+01   4.189884E+01
   2.755985E+01   4.189650E+01
   2.750892E+01   4.194376E+01
   2.744236E+01   4.196028E+01
   2.738716E+01   4.200030E+01
   2.736202E+01   4.204627E+01
   2.733179E+01   4.205251E+01
   2.728602E+01   4.208655E+01
   2.723530E+01   4.209872E+01
   2.720225E+01   4.205216E+01
   2.706061E+01   4.207913E+01
   2.703523E+01   4.207073E+01
   2.703189E+01   4.205101E+01
   2.699037E+01   4.202710E+01
   2.696589E+01   4.199224E+01
   2.686907E+01   4.198392E+01
   2.684192E+01   4.196382E+01
   2.679528E+01   4.197917E+01
   2.675088E+01   4.195448E+01
   2.662851E+01   4.196435E+01
   2.657678E+01   4.192472E+01
   2.659212E+01   4.190695E+01
   2.658938E+01   4.187154E+01
   2.654407E+01   4.181683E+01
   2.637481E+01   4.181012E+01
   2.634006E+01   4.174781E+01
   2.636361E+01   4.171942E+01
   2.636143E+01   4.170325E+01
   2.628530E+01   4.170226E+01
   2.622869E+01   4.172871E+01
   2.616865E+01   4.173689E+01
   2.611628E+01   4.170585E+01
   2.608097E+01   4.170327E+01
   2.608040E+01   4.165557E+01
   2.610382E+01   4.163636E+01
   2.614204E+01   4.164000E+01
   2.616155E+01   4.160967E+01
   2.615897E+01   4.156529E+01
   2.618336E+01   4.156009E+01
   2.619286E+01   4.152740E+01
   2.616963E+01   4.147895E+01
   2.620988E+01   4.143892E+01
   2.617382E+01   4.141844E+01
   2.613442E+01   4.134646E+01
   2.603500E+01   4.133976E+01
   2.598223E+01   4.131156E+01
   2.588708E+01   4.129575E+01
   2.582689E+01   4.133352E+01
   2.578044E+01   4.131178E+01
   2.572857E+01   4.130763E+01
   2.571274E+01   4.128246E+01
   2.565631E+01   4.130282E+01
   2.561021E+01   4.129498E+01
   2.556800E+01   4.130809E+01
   2.552802E+01   4.126882E+01
   2.548053E+01   4.127793E+01
   2.528508E+01   4.122681E+01
END
END
