none
1
   -5.554380E+01   -3.577219E+01
   -6.431743E+01   -4.944788E+01
   -6.152546E+01   -5.568296E+01
   -6.604226E+01   -5.524192E+01
   -6.668960E+01   -5.517191E+01
   -6.686233E+01   -5.504496E+01
   -6.723387E+01   -5.492450E+01
   -6.747633E+01   -5.492785E+01
   -6.771808E+01   -5.491261E+01
   -6.796138E+01   -5.488571E+01
   -6.818753E+01   -5.489288E+01
   -6.861804E+01   -5.492151E+01
   -6.866375E+01   -5.266716E+01
   -6.851023E+01   -5.239432E+01
   -7.001629E+01   -5.205707E+01
   -7.205562E+01   -5.201749E+01
   -7.209055E+01   -5.193758E+01
   -7.202273E+01   -5.188832E+01
   -7.249598E+01   -5.159700E+01
   -7.236230E+01   -5.125935E+01
   -7.246252E+01   -5.108654E+01
   -7.231217E+01   -5.090093E+01
   -7.239293E+01   -5.069005E+01
   -7.249148E+01   -5.066866E+01
   -7.259646E+01   -5.073916E+01
   -7.276983E+01   -5.068829E+01
   -7.322154E+01   -5.087193E+01
   -7.322709E+01   -5.066897E+01
   -7.339438E+01   -5.058008E+01
   -7.357703E+01   -5.015788E+01
   -7.353993E+01   -5.001443E+01
   -7.361453E+01   -4.991795E+01
   -7.352684E+01   -4.977160E+01
   -7.302779E+01   -4.970085E+01
   -7.302788E+01   -4.923743E+01
   -7.316148E+01   -4.913062E+01
   -7.296385E+01   -4.889084E+01
   -7.280952E+01   -4.890039E+01
   -7.259462E+01   -4.877255E+01
   -7.263621E+01   -4.845823E+01
   -7.246698E+01   -4.845706E+01
   -7.242158E+01   -4.831422E+01
   -7.234280E+01   -4.829046E+01
   -7.237166E+01   -4.815995E+01
   -7.257678E+01   -4.796054E+01
   -7.257310E+01   -4.772062E+01
   -7.238390E+01   -4.757888E+01
   -7.238448E+01   -4.741759E+01
   -7.207162E+01   -4.727550E+01
   -7.204726E+01   -4.714867E+01
   -7.193566E+01   -4.715037E+01
   -7.200956E+01   -4.708473E+01
   -7.200759E+01   -4.678833E+01
   -7.171488E+01   -4.664453E+01
   -7.179850E+01   -4.626925E+01
   -7.197019E+01   -4.614972E+01
   -7.163332E+01   -4.597063E+01
   -7.166595E+01   -4.589232E+01
   -7.177408E+01   -4.585187E+01
   -7.185480E+01   -4.561169E+01
   -7.178850E+01   -4.550505E+01
   -7.158354E+01   -4.545607E+01
   -7.158236E+01   -4.536316E+01
   -7.140574E+01   -4.527206E+01
   -7.161593E+01   -4.503146E+01
   -7.207949E+01   -4.493988E+01
   -7.211766E+01   -4.473884E+01
   -7.147444E+01   -4.468048E+01
   -7.128970E+01   -4.475036E+01
   -7.128469E+01   -4.460892E+01
   -7.120209E+01   -4.453590E+01
   -7.140536E+01   -4.444891E+01
   -7.186374E+01   -4.444274E+01
   -7.190470E+01   -4.410354E+01
   -7.170007E+01   -4.398287E+01
   -7.178725E+01   -4.380985E+01
   -7.163263E+01   -4.365888E+01
   -7.187866E+01   -4.356195E+01
   -7.195542E+01   -4.344292E+01
   -7.191512E+01   -4.331900E+01
   -7.180268E+01   -4.329535E+01
   -7.173869E+01   -4.319234E+01
   -7.194149E+01   -4.311061E+01
   -7.218001E+01   -4.289480E+01
   -7.218733E+01   -4.266619E+01
   -7.206314E+01   -4.253751E+01
   -7.204410E+01   -4.241231E+01
   -7.214365E+01   -4.240333E+01
   -7.220024E+01   -4.217229E+01
   -7.217802E+01   -4.213207E+01
   -7.206032E+01   -4.210593E+01
   -7.178041E+01   -4.212128E+01
   -7.183133E+01   -4.178089E+01
   -7.194135E+01   -4.160926E+01
   -7.190230E+01   -4.106778E+01
   -7.202097E+01   -4.073647E+01
   -7.191507E+01   -4.061832E+01
   -7.187117E+01   -4.038959E+01
   -7.176665E+01   -4.035676E+01
   -7.187961E+01   -4.024227E+01
   -7.188560E+01   -4.010093E+01
   -7.167779E+01   -3.992156E+01
   -7.174365E+01   -3.986164E+01
   -7.177001E+01   -3.961946E+01
   -7.168665E+01   -3.950983E+01
   -7.158545E+01   -3.955159E+01
   -7.145202E+01   -3.931025E+01
   -7.147673E+01   -3.889162E+01
   -7.125594E+01   -3.874909E+01
   -7.095844E+01   -3.870272E+01
   -7.089411E+01   -3.857644E+01
   -7.103346E+01   -3.845451E+01
   -7.108724E+01   -3.809054E+01
   -7.123505E+01   -3.786541E+01
   -7.126668E+01   -3.768295E+01
   -7.118031E+01   -3.748280E+01
   -7.127241E+01   -3.728686E+01
   -7.117697E+01   -3.710770E+01
   -7.127586E+01   -3.696370E+01
   -7.120495E+01   -3.691075E+01
   -7.123450E+01   -3.683303E+01
   -7.107654E+01   -3.643571E+01
   -7.096469E+01   -3.643366E+01
   -7.090086E+01   -3.634336E+01
   -7.077062E+01   -3.635412E+01
   -7.059553E+01   -3.612118E+01
   -7.044219E+01   -3.614876E+01
   -7.042788E+01   -3.573781E+01
   -7.050607E+01   -3.538014E+01
   -7.059764E+01   -3.534459E+01
   -7.063128E+01   -3.523712E+01
   -7.042629E+01   -3.512462E+01
   -7.032933E+01   -3.483081E+01
   -7.035687E+01   -3.472532E+01
   -7.007752E+01   -3.438253E+01
   -7.006901E+01   -3.424694E+01
   -6.987771E+01   -3.420233E+01
   -6.995948E+01   -3.377235E+01
   -6.983371E+01   -3.334911E+01
   -7.002502E+01   -3.337388E+01
   -7.014906E+01   -3.304145E+01
   -7.006223E+01   -3.301233E+01
   -7.000981E+01   -3.290747E+01
   -7.019517E+01   -3.275732E+01
   -7.019589E+01   -3.250891E+01
   -7.028486E+01   -3.245564E+01
   -7.044343E+01   -3.205325E+01
   -7.041077E+01   -3.198090E+01
   -7.029402E+01   -3.195849E+01
   -7.051170E+01   -3.185844E+01
   -7.062295E+01   -3.159949E+01
   -7.059941E+01   -3.129869E+01
   -7.053770E+01   -3.108557E+01
   -7.035748E+01   -3.100020E+01
   -7.020264E+01   -3.032249E+01
   -6.997775E+01   -3.032288E+01
   -6.984700E+01   -3.016294E+01
   -7.001824E+01   -3.010003E+01
   -6.995038E+01   -2.973744E+01
   -7.003755E+01   -2.935428E+01
   -6.997565E+01   -2.918743E+01
   -6.985112E+01   -2.906923E+01
   -6.970118E+01   -2.837779E+01
   -6.920484E+01   -2.790816E+01
   -6.884844E+01   -2.713115E+01
   -6.876133E+01   -2.708588E+01
   -6.860693E+01   -2.709636E+01
   -6.834890E+01   -2.692771E+01
   -6.864137E+01   -2.650722E+01
   -6.860352E+01   -2.625391E+01
   -6.845177E+01   -2.613770E+01
   -6.863052E+01   -2.543524E+01
   -6.855582E+01   -2.514476E+01
   -6.844595E+01   -2.506580E+01
   -6.862011E+01   -2.481717E+01
   -6.855162E+01   -2.458836E+01
   -6.828078E+01   -2.434935E+01
   -6.732648E+01   -2.402538E+01
   -6.699882E+01   -2.300044E+01
   -6.718775E+01   -2.281375E+01
   -6.708088E+01   -2.262433E+01
   -6.703366E+01   -2.253815E+01
   -6.684345E+01   -2.239746E+01
   -6.673734E+01   -2.222282E+01
   -6.638248E+01   -2.207602E+01
   -6.628978E+01   -2.176554E+01
   -6.621845E+01   -2.172575E+01
   -6.589675E+01   -2.188263E+01
   -6.571368E+01   -2.209054E+01
   -6.561493E+01   -2.209152E+01
   -6.560973E+01   -2.209505E+01
   -6.560607E+01   -2.209358E+01
   -6.560256E+01   -2.209658E+01
   -6.560015E+01   -2.209543E+01
   -6.559229E+01   -2.209511E+01
   -6.559015E+01   -2.209735E+01
   -6.558691E+01   -2.209645E+01
   -6.558512E+01   -2.208432E+01
   -6.557523E+01   -2.207312E+01
   -6.547487E+01   -2.208487E+01
   -6.499026E+01   -2.206739E+01
   -6.459768E+01   -2.219269E+01
   -6.452643E+01   -2.229504E+01
   -6.433114E+01   -2.268517E+01
   -6.410381E+01   -2.234114E+01
   -6.410712E+01   -2.232023E+01
   -6.406522E+01   -2.223093E+01
   -6.404702E+01   -2.223757E+01
   -6.403654E+01   -2.219469E+01
   -6.400290E+01   -2.210735E+01
   -6.399022E+01   -2.207925E+01
   -6.397147E+01   -2.207619E+01
   -6.394118E+01   -2.199823E+01
   -6.370932E+01   -2.199896E+01
   -6.368839E+01   -2.201037E+01
   -6.368079E+01   -2.203116E+01
   -6.368507E+01   -2.204019E+01
   -6.368156E+01   -2.205185E+01
   -6.367659E+01   -2.203287E+01
   -6.367201E+01   -2.202293E+01
   -6.366821E+01   -2.201634E+01
   -6.367191E+01   -2.201399E+01
   -6.366566E+01   -2.199839E+01
   -6.279606E+01   -2.198778E+01
   -6.274618E+01   -2.210033E+01
   -6.218511E+01   -2.250843E+01
   -6.193761E+01   -2.297376E+01
   -6.145605E+01   -2.336182E+01
   -6.105842E+01   -2.356621E+01
   -6.095137E+01   -2.375997E+01
   -6.028746E+01   -2.401906E+01
   -6.003728E+01   -2.400408E+01
   -5.946607E+01   -2.433428E+01
   -5.912256E+01   -2.459772E+01
   -5.846645E+01   -2.484584E+01
   -5.833200E+01   -2.498132E+01
   -5.823490E+01   -2.491756E+01
   -5.785650E+01   -2.508005E+01
   -5.776981E+01   -2.515013E+01
   -5.775374E+01   -2.517277E+01
   -5.771597E+01   -2.526456E+01
   -5.771837E+01   -2.527146E+01
   -5.771111E+01   -2.527265E+01
   -5.771008E+01   -2.528146E+01
   -5.770692E+01   -2.528450E+01
   -5.770438E+01   -2.528159E+01
   -5.770273E+01   -2.528239E+01
   -5.770175E+01   -2.528459E+01
   -5.769741E+01   -2.528283E+01
   -5.769281E+01   -2.528588E+01
   -5.769733E+01   -2.529337E+01
   -5.770246E+01   -2.529847E+01
   -5.769612E+01   -2.530832E+01
   -5.769763E+01   -2.531990E+01
   -5.769143E+01   -2.532127E+01
   -5.767993E+01   -2.533318E+01
   -5.764822E+01   -2.536790E+01
   -5.763902E+01   -2.538287E+01
   -5.761504E+01   -2.538841E+01
   -5.759954E+01   -2.539704E+01
   -5.757673E+01   -2.542029E+01
   -5.756698E+01   -2.543147E+01
   -5.755477E+01   -2.543999E+01
   -5.755285E+01   -2.544705E+01
   -5.755811E+01   -2.545717E+01
   -5.755763E+01   -2.546897E+01
   -5.756523E+01   -2.548014E+01
   -5.756806E+01   -2.549501E+01
   -5.757722E+01   -2.550575E+01
   -5.757566E+01   -2.552264E+01
   -5.756610E+01   -2.554112E+01
   -5.756809E+01   -2.555797E+01
   -5.758142E+01   -2.557145E+01
   -5.759952E+01   -2.557438E+01
   -5.760444E+01   -2.559855E+01
   -5.761220E+01   -2.561963E+01
   -5.763670E+01   -2.561807E+01
   -5.766569E+01   -2.560273E+01
   -5.767006E+01   -2.565579E+01
   -5.767513E+01   -2.566052E+01
   -5.768626E+01   -2.566287E+01
   -5.769808E+01   -2.565933E+01
   -5.771855E+01   -2.564914E+01
   -5.772537E+01   -2.571924E+01
   -5.777786E+01   -2.577559E+01
   -5.784986E+01   -2.601142E+01
   -5.808597E+01   -2.614202E+01
   -5.813896E+01   -2.666834E+01
   -5.828224E+01   -2.680127E+01
   -5.832056E+01   -2.682169E+01
   -5.831670E+01   -2.686081E+01
   -5.832384E+01   -2.687074E+01
   -5.856858E+01   -2.720629E+01
   -5.790834E+01   -2.724265E+01
   -5.699114E+01   -2.741858E+01
   -5.660886E+01   -2.736586E+01
   -5.640607E+01   -2.752701E+01
   -5.632355E+01   -2.736897E+01
   -5.609353E+01   -2.725219E+01
   -5.576168E+01   -2.738106E+01
   -5.565541E+01   -2.730153E+01
   -5.567524E+01   -2.717004E+01
   -5.559643E+01   -2.706538E+01
   -5.540826E+01   -2.691763E+01
   -5.520788E+01   -2.689214E+01
   -5.497304E+01   -2.663717E+01
   -5.485320E+01   -2.659894E+01
   -5.472264E+01   -2.631238E+01
   -5.473235E+01   -2.598554E+01
   -5.465309E+01   -2.584138E+01
   -5.471357E+01   -2.566721E+01
   -5.462995E+01   -2.555106E+01
   -5.444288E+01   -2.557950E+01
   -5.411451E+01   -2.543960E+01
   -5.380059E+01   -2.565093E+01
   -5.376600E+01   -2.594301E+01
   -5.359024E+01   -2.619274E+01
   -5.367264E+01   -2.661495E+01
   -5.361669E+01   -2.695395E+01
   -5.376351E+01   -2.718917E+01
   -5.415393E+01   -2.736033E+01
   -5.426461E+01   -2.749923E+01
   -5.479439E+01   -2.763970E+01
   -5.500440E+01   -2.790341E+01
   -5.519076E+01   -2.792946E+01
   -5.541589E+01   -2.814304E+01
   -5.566542E+01   -2.826547E+01
   -5.561633E+01   -2.832205E+01
   -5.565957E+01   -2.846539E+01
   -5.583413E+01   -2.842136E+01
   -5.587339E+01   -2.849468E+01
   -5.613558E+01   -2.872650E+01
   -5.637343E+01   -2.910817E+01
   -5.656900E+01   -2.913892E+01
   -5.676306E+01   -2.948638E+01
   -5.705958E+01   -2.972263E+01
   -5.724463E+01   -2.986452E+01
   -5.730450E+01   -3.003966E+01
   -5.761942E+01   -3.020517E+01
   -5.760863E+01   -3.032424E+01
   -5.782983E+01   -3.053118E+01
   -5.775241E+01   -3.068756E+01
   -5.775273E+01   -3.091942E+01
   -5.793419E+01   -3.127388E+01
   -5.799000E+01   -3.136053E+01
   -5.798302E+01   -3.137340E+01
   -5.797736E+01   -3.138022E+01
   -5.797778E+01   -3.138599E+01
   -5.798203E+01   -3.139213E+01
   -5.800944E+01   -3.141341E+01
   -5.806637E+01   -3.147395E+01
   -5.792613E+01   -3.157745E+01
   -5.798622E+01   -3.177449E+01
   -5.812179E+01   -3.189772E+01
   -5.811905E+01   -3.214059E+01
   -5.804227E+01   -3.229153E+01
   -5.814327E+01   -3.245845E+01
   -5.807580E+01   -3.300587E+01
   -5.818964E+01   -3.309402E+01
   -5.827230E+01   -3.310610E+01
   -5.831012E+01   -3.310480E+01
   -5.835418E+01   -3.312210E+01
   -5.837567E+01   -3.317644E+01
   -5.844465E+01   -3.358530E+01
   -5.843016E+01   -3.371813E+01
   -5.842434E+01   -3.386887E+01
   -5.841858E+01   -3.391742E+01
   -5.833697E+01   -3.400477E+01
   -5.824100E+01   -3.416246E+01
   -5.784696E+01   -3.450017E+01
   -5.554380E+01   -3.577219E+01
END
END
