none
1
   -7.033458E+01   -1.833444E+01
   -7.378941E+01   -2.030552E+01
   -7.993896E+01   -1.968055E+01
   -8.602509E+01   -2.956146E+00
   -8.028507E+01   -3.295889E+00
   -8.013069E+01   -3.395332E+00
   -8.002712E+01   -3.883375E+00
   -8.020652E+01   -4.196443E+00
   -7.956506E+01   -4.360342E+00
   -7.876206E+01   -4.530261E+00
   -7.842201E+01   -3.298723E+00
   -7.788387E+01   -2.908611E+00
   -7.667959E+01   -2.500731E+00
   -7.563613E+01   -1.463742E+00
   -7.534524E+01   -5.936910E-01
   -7.571232E+01   -9.083800E-02
   -7.520430E+01   6.004900E-02
   -7.472826E+01   -1.113290E-01
   -7.431277E+01   -4.812900E-01
   -7.416882E+01   -9.058920E-01
   -7.355043E+01   -1.191375E+00
   -7.339480E+01   -1.662210E+00
   -7.306365E+01   -1.749046E+00
   -7.303494E+01   -2.214258E+00
   -7.285392E+01   -2.317700E+00
   -7.221151E+01   -2.334791E+00
   -7.173801E+01   -2.041048E+00
   -7.135140E+01   -2.252253E+00
   -7.086780E+01   -2.121974E+00
   -7.000182E+01   -2.593861E+00
   -6.998765E+01   -2.840669E+00
   -7.054794E+01   -3.721249E+00
   -7.010969E+01   -3.859842E+00
   -6.985839E+01   -4.182451E+00
   -6.990898E+01   -4.430826E+00
   -7.073766E+01   -4.290859E+00
   -7.090367E+01   -4.477935E+00
   -7.187463E+01   -4.626331E+00
   -7.276729E+01   -5.186762E+00
   -7.313641E+01   -6.123350E+00
   -7.304211E+01   -6.546931E+00
   -7.360453E+01   -6.883586E+00
   -7.360761E+01   -7.341814E+00
   -7.384471E+01   -7.541662E+00
   -7.285142E+01   -8.940309E+00
   -7.296513E+01   -9.311918E+00
   -7.223163E+01   -9.454096E+00
   -7.203960E+01   -9.899846E+00
   -7.130110E+01   -9.875539E+00
   -7.064165E+01   -9.353623E+00
   -7.042281E+01   -9.357317E+00
   -7.052175E+01   -1.083554E+01
   -7.032101E+01   -1.096454E+01
   -6.950770E+01   -1.086805E+01
   -6.855439E+01   -1.248230E+01
   -6.890243E+01   -1.369153E+01
   -6.881587E+01   -1.422292E+01
   -6.922733E+01   -1.474941E+01
   -6.934455E+01   -1.484035E+01
   -6.929331E+01   -1.505059E+01
   -6.913297E+01   -1.520772E+01
   -6.911552E+01   -1.525984E+01
   -6.923575E+01   -1.546233E+01
   -6.939476E+01   -1.561178E+01
   -6.917082E+01   -1.617347E+01
   -6.909766E+01   -1.621883E+01
   -6.905500E+01   -1.619428E+01
   -6.897825E+01   -1.619069E+01
   -6.896139E+01   -1.619371E+01
   -6.892518E+01   -1.622527E+01
   -6.889433E+01   -1.625712E+01
   -6.877550E+01   -1.634203E+01
   -6.903049E+01   -1.655536E+01
   -6.898352E+01   -1.665773E+01
   -6.937315E+01   -1.702590E+01
   -6.936074E+01   -1.708331E+01
   -6.954439E+01   -1.717533E+01
   -6.960908E+01   -1.726631E+01
   -6.946200E+01   -1.734834E+01
   -6.945542E+01   -1.750987E+01
   -6.967500E+01   -1.767107E+01
   -6.976278E+01   -1.768535E+01
   -6.973692E+01   -1.817643E+01
   -7.011746E+01   -1.833795E+01
   -7.033458E+01   -1.833444E+01
END
END
