none
1
   -7.703910E+01   3.879134E+01
   -7.703930E+01   3.880094E+01
   -7.703784E+01   3.880922E+01
   -7.703782E+01   3.881408E+01
   -7.704125E+01   3.882308E+01
   -7.703811E+01   3.882999E+01
   -7.704309E+01   3.883113E+01
   -7.704496E+01   3.883440E+01
   -7.704787E+01   3.884133E+01
   -7.703650E+01   3.884124E+01
   -7.703395E+01   3.884359E+01
   -7.703232E+01   3.885035E+01
   -7.703301E+01   3.885397E+01
   -7.703496E+01   3.885841E+01
   -7.704280E+01   3.886358E+01
   -7.703821E+01   3.886518E+01
   -7.703926E+01   3.886885E+01
   -7.704278E+01   3.887264E+01
   -7.705105E+01   3.887012E+01
   -7.706264E+01   3.888441E+01
   -7.706894E+01   3.889916E+01
   -7.708850E+01   3.890305E+01
   -7.710096E+01   3.890973E+01
   -7.711637E+01   3.892796E+01
   -7.712010E+01   3.893425E+01
   -7.704097E+01   3.899603E+01
   -7.690906E+01   3.889292E+01
   -7.703910E+01   3.879134E+01
END
END
