none
1
   1.668756E+01   5.483707E+01
   1.756565E+01   5.507899E+01
   1.849018E+01   5.507222E+01
   1.899569E+01   5.505600E+01
   1.966061E+01   5.446307E+01
   1.966069E+01   5.445418E+01
   1.964510E+01   5.438548E+01
   1.941919E+01   5.430887E+01
   1.927368E+01   5.427591E+01
   1.932707E+01   5.423223E+01
   1.933688E+01   5.419670E+01
   1.932433E+01   5.418088E+01
   1.926718E+01   5.416445E+01
   1.926876E+01   5.414692E+01
   1.924492E+01   5.411739E+01
   1.926697E+01   5.408593E+01
   1.925355E+01   5.407059E+01
   1.928232E+01   5.406191E+01
   1.929323E+01   5.403687E+01
   1.941967E+01   5.400701E+01
   1.941681E+01   5.398959E+01
   1.938661E+01   5.397512E+01
   1.938546E+01   5.394766E+01
   1.941819E+01   5.393947E+01
   1.948936E+01   5.395824E+01
   1.958715E+01   5.395459E+01
   1.959192E+01   5.392146E+01
   1.957220E+01   5.391367E+01
   1.956689E+01   5.389136E+01
   1.950522E+01   5.382029E+01
   1.951196E+01   5.380470E+01
   1.948734E+01   5.376546E+01
   1.944033E+01   5.378793E+01
   1.932935E+01   5.380139E+01
   1.931124E+01   5.374457E+01
   1.922922E+01   5.369063E+01
   1.923542E+01   5.366852E+01
   1.922046E+01   5.363519E+01
   1.918022E+01   5.362463E+01
   1.913225E+01   5.357685E+01
   1.899735E+01   5.358183E+01
   1.890618E+01   5.356589E+01
   1.888577E+01   5.358744E+01
   1.875307E+01   5.359815E+01
   1.872840E+01   5.363237E+01
   1.874671E+01   5.367536E+01
   1.866029E+01   5.368495E+01
   1.863217E+01   5.366298E+01
   1.854622E+01   5.364437E+01
   1.849774E+01   5.368823E+01
   1.845394E+01   5.367569E+01
   1.826179E+01   5.368892E+01
   1.824124E+01   5.371034E+01
   1.825504E+01   5.373188E+01
   1.818060E+01   5.373050E+01
   1.814023E+01   5.375567E+01
   1.810746E+01   5.374699E+01
   1.808047E+01   5.376396E+01
   1.803406E+01   5.371345E+01
   1.790258E+01   5.373686E+01
   1.791469E+01   5.372623E+01
   1.790695E+01   5.370235E+01
   1.785794E+01   5.367739E+01
   1.780553E+01   5.366721E+01
   1.777384E+01   5.367831E+01
   1.772962E+01   5.363061E+01
   1.774633E+01   5.361642E+01
   1.773878E+01   5.358476E+01
   1.768738E+01   5.358091E+01
   1.767310E+01   5.355867E+01
   1.760574E+01   5.358246E+01
   1.758131E+01   5.356696E+01
   1.754335E+01   5.356838E+01
   1.750959E+01   5.359951E+01
   1.745029E+01   5.358850E+01
   1.743111E+01   5.356578E+01
   1.743381E+01   5.353360E+01
   1.739719E+01   5.348060E+01
   1.733380E+01   5.349045E+01
   1.727229E+01   5.352402E+01
   1.709247E+01   5.353058E+01
   1.705698E+01   5.350908E+01
   1.699757E+01   5.350660E+01
   1.697819E+01   5.352472E+01
   1.698495E+01   5.354177E+01
   1.694682E+01   5.353197E+01
   1.692638E+01   5.357722E+01
   1.688616E+01   5.361598E+01
   1.684635E+01   5.374957E+01
   1.691606E+01   5.378593E+01
   1.685805E+01   5.382952E+01
   1.684932E+01   5.385433E+01
   1.686520E+01   5.387789E+01
   1.696144E+01   5.389299E+01
   1.685107E+01   5.393796E+01
   1.684893E+01   5.395327E+01
   1.686462E+01   5.396373E+01
   1.683287E+01   5.398380E+01
   1.681679E+01   5.396818E+01
   1.677865E+01   5.397288E+01
   1.678465E+01   5.399792E+01
   1.677125E+01   5.402368E+01
   1.678980E+01   5.406327E+01
   1.678433E+01   5.410808E+01
   1.676984E+01   5.411206E+01
   1.676255E+01   5.414284E+01
   1.672265E+01   5.417012E+01
   1.670063E+01   5.421140E+01
   1.672886E+01   5.424337E+01
   1.683139E+01   5.425907E+01
   1.685270E+01   5.427814E+01
   1.684246E+01   5.429901E+01
   1.680269E+01   5.431539E+01
   1.681252E+01   5.434341E+01
   1.679888E+01   5.437741E+01
   1.683397E+01   5.438763E+01
   1.681354E+01   5.441145E+01
   1.682290E+01   5.443479E+01
   1.681002E+01   5.446007E+01
   1.675412E+01   5.447646E+01
   1.672943E+01   5.452836E+01
   1.668848E+01   5.456457E+01
   1.668756E+01   5.483707E+01
END
END
