Томская область
1
	84.0155791903	61.0086445256
	84.0164795322	61.008336242
	84.1750951246	61.0264709394
	84.1788174809	61.0268573341
	84.2069236117	61.0294796139
	84.2335941612	61.0333834133
	84.2361665387	61.0337409852
	84.2478798597	61.0348946466
	84.2596435547	61.0352797501
	84.2714072497	61.0348946466
	84.2831205707	61.0337409852
	84.2947333595	61.031823706
	84.3061958885	61.0291510191
	84.3174590731	61.0257343694
	84.3284746829	61.0215883874
	84.3391955472	61.016730827
	84.3495757576	61.0111824889
	84.3595708646	61.004967132
	84.3635532468	61.0022280834
	84.3680698483	60.9990313671
	84.373654669	60.9949146551
	84.3827529995	60.9874478482
	84.3913434973	60.979401969
	84.3927553256	60.9779742915
	84.3986813238	60.9743225509
	84.4046294686	60.9710366149
	84.4103279997	60.9676045193
	84.4127256365	60.9664703725
	84.4153674222	60.965194267
	84.4257476326	60.9596459289
	84.4357427396	60.953430572
	84.4403051763	60.9502792533
	84.4424335277	60.9487601946
	84.4445821551	60.9476150471
	84.4499175545	60.9446541686
	84.4599126614	60.9384388117
	84.4694798643	60.9315830511
	84.4785781949	60.9241162442
	84.4814117401	60.9215777797
	84.5336273163	60.8737948817
	84.5393842688	60.8682874671
	84.5394133759	60.8682583533
	84.553119672	60.8545457815
	84.5847733723	60.825693232
	84.5878337822	60.8228377495
	84.6546826098	60.7589941214
	84.6881698565	60.7281784947
	84.6935008527	60.7230667305
	84.7078119377	60.708768739
	84.7395080374	60.6793740764
	84.7443569995	60.6747054158
	84.7593136202	60.6597556371
	84.8256006656	60.5969910199
	84.8291181555	60.5935682288
	84.8309232463	60.5917371471
	84.8409177531	60.5814527233
	84.8471585416	60.5746933072
	84.8546253485	60.5655949766
	84.8610067716	60.5567340482
	84.8670353083	60.5482534207
	84.8721253313	60.5401798796
	84.8728641657	60.5390828885
	84.8751097044	60.5356375778
	84.8778525724	60.5330819613
	84.8822036831	60.5293866299
	84.8907941809	60.5213407507
	84.895991223	60.5159220952
	84.9041151038	60.5082868567
	84.912160983	60.4996963589
	84.9122575379	60.4995861686
	84.9200395203	60.490697924
	84.9274097723	60.4817097837
	84.9342655329	60.4721425809
	84.9404808898	60.4621474739
	84.9460292279	60.4517672635
	84.9508867883	60.4410463992
	84.9524439981	60.4371596067
	84.9543818643	60.4321547239
	84.9569706365	60.4250259066
	84.9603872862	60.413762722
	84.9630599731	60.402300193
	84.9649772523	60.3906874042
	84.9661309137	60.3789740832
	84.966272415	60.3765683461
	84.9665470732	60.3712964345
	84.9667906754	60.3619384766
	84.9664055719	60.3501747816
	84.9652519105	60.3384614605
	84.9633346313	60.3268486717
	84.9606619444	60.3153861428
	84.9592311601	60.3103416824
	84.9575679521	60.3047874832
	84.9555820867	60.2985687589
	84.9514361047	60.2875531491
	84.9465785443	60.2768322849
	84.9410302062	60.2664520744
	84.9348148493	60.2564569675
	84.9279590887	60.2468897646
	84.9204922818	60.2377914341
	84.9124464026	60.2292009363
	84.9060095725	60.2230745456
	84.9001807151	60.2177950046
	84.8980270474	60.2158755161
	84.8889287168	60.2084087091
	84.879361514	60.2015529485
	84.8749819079	60.1987175952
	84.8747969738	60.198074346
	84.8722538396	60.1899566984
	84.8681078577	60.1789410886
	84.8632502972	60.1682202243
	84.8577019592	60.1578400139
	84.8514866023	60.1478449069
	84.8446308416	60.1382777041
	84.8435646667	60.13690207
	84.8385597838	60.1305086373
	84.8321591519	60.1227859409
	84.8241132727	60.1141954431
	84.8155227749	60.1061495639
	84.8064244444	60.098682757
	84.7968572415	60.0918269964
	84.7951666793	60.0907111171
	84.7951517343	60.0906160602
	84.7958580865	60.0825949938
	84.7960009891	60.0801623225
	84.7960695822	60.0788419051
	84.8086921493	60.0790106316
	84.8110961914	60.0790266983
	84.8220363299	60.0786936765
	84.8917330795	60.0744465523
	84.8944776911	60.0745179439
	84.9109183581	60.0741936578
	84.9164862947	60.0737417809
	84.9459334655	60.0708910025
	84.9905013839	60.0690735607
	85.027305177	60.0695654459
	85.0297088623	60.0695815079
	85.0387901333	60.069352107
	85.0657079358	60.067991304
	85.0909556651	60.068439307
	85.0941467285	60.0684676163
	85.1011333277	60.0683318724
	85.1090972717	60.0680222897
	85.1134957044	60.0683648004
	85.1240817021	60.0687460483
	85.1633390294	60.0690030988
	85.184302846	60.0697675137
	85.1871805797	60.0700945289
	85.1957253187	60.0708596124
	85.2074890137	60.0712447159
	85.2192527087	60.0708596124
	85.2209165633	60.0707428073
	85.2247161252	60.070458362
	85.2593334136	60.0706913267
	85.2723075182	60.070310296
	85.2740938654	60.0701842787
	85.2793793952	60.0697849598
	85.3265950638	60.0692893107
	85.3364707262	60.0689141168
	85.3381345808	60.0687973117
	85.3417418855	60.0685272593
	85.3875378836	60.0689334693
	85.3878468244	60.0689688738
	85.3965615003	60.0697533502
	85.4083251953	60.0701384537
	85.4200888903	60.0697533502
	85.4218752374	60.0696273329
	85.4262182548	60.0692992203
	85.4353257187	60.0692992203
	85.4506759569	60.0701423861
	85.4589089154	60.0704057091
	85.4777860713	60.0705769829
	85.9128981691	60.1340793883
	85.915396275	60.1344261048
	85.927109596	60.1355797662
	85.9387149139	60.1359648
	86.5712222381	60.1365217458
	86.5831443102	60.136136712
	86.5948576312	60.1349830506
	86.6064704201	60.1330657714
	86.6074618241	60.1328656696
	86.628035508	60.13124104
	86.6373533588	60.1302604554
	86.6409233664	60.1297540007
	86.6884239768	60.1225289641
	86.696466758	60.1211181396
	86.6999905605	60.1203804749
	86.7194179373	60.1161102061
	86.7373996361	60.1133945792
	86.7456305763	60.1119552367
	86.7492733634	60.1111913762
	86.7812472887	60.1041405833
	86.8160888537	60.0988410392
	86.8203580916	60.0985214328
	86.830407558	60.0974845765
	86.8358380685	60.0966851573
	86.8409466312	60.0958533032
	86.889858805	60.0917148894
	86.8981718402	60.0908164857
	86.9017333586	60.090311322
	86.9492492277	60.0830862854
	86.9573004982	60.0816741698
	86.9573121208	60.0816718576
	87.0139287868	60.0704062247
	87.0157747091	60.0701416586
	87.0332510694	60.0686309902
	87.0412382465	60.0677604554
	87.0472179138	60.0668707418
	87.0518516933	60.0661014738
	87.1130709041	60.0608722759
	87.1212400775	60.0599861024
	87.1328528664	60.0580688232
	87.1443153953	60.0553961363
	87.15557858	60.0519794866
	87.1665941897	60.0478335046
	87.177315054	60.0429759442
	87.1876952645	60.0374276061
	87.1976903714	60.0312122492
	87.2072575743	60.0243564886
	87.2163559048	60.0168896817
	87.2249464026	60.0088438025
	87.2329922818	60.0002533047
	87.2404590887	59.9911549742
	87.2473148493	59.9815877713
	87.2535302062	59.9715926644
	87.2590785443	59.9612124539
	87.2639361047	59.9504915896
	87.265690185	59.9460940372
	87.2704165031	59.9337762822
	87.2907437348	59.8880260498
	87.2925463342	59.8838259402
	87.2939901781	59.8802311796
	87.2983154829	59.8691178367
	87.30222891	59.8606757962
	87.5292274693	59.8525159503
	87.5345298083	59.8522469415
	87.5462431293	59.8510932801
	87.5578559181	59.8491760009
	87.5693184471	59.846503314
	87.5805816317	59.8430866643
	87.5915972415	59.8389406824
	87.6023181058	59.8340831219
	87.6126983162	59.8285347839
	87.6226934232	59.822319427
	87.632260626	59.8154636663
	87.6413589566	59.8079968594
	87.6488626091	59.8010286162
	87.6646859733	59.7854722808
	87.6657728186	59.7843946448
	87.6682472688	59.7818710874
	87.7304726106	59.7171509336
	87.731123697	59.7164701841
	87.8236224762	59.6192488095
	87.8275309019	59.6150066536
	87.9378061704	59.4913952034
	87.9388180875	59.4902511685
	87.9402455777	59.4886033891
	87.9755251786	59.4473772437
	88.2668998248	59.4632070374
	88.2680995012	59.4632681963
	88.5469674475	59.4765512408
	88.6197509347	59.4809245621
	88.6205786717	59.4809223126
	88.6305389404	59.481248378
	88.6423026354	59.4808632745
	88.6540159564	59.4797096131
	88.6656287453	59.4777923339
	88.6770912742	59.475119647
	88.6883544589	59.4717029973
	88.6993700686	59.4675570154
	88.7100909329	59.462699455
	88.7204711434	59.4571511169
	88.7304662503	59.45093576
	88.7400334532	59.4440799994
	88.7491317837	59.4366131924
	88.7577222815	59.4285673132
	88.7657681607	59.4199768155
	88.7732349676	59.4108784849
	88.7800907282	59.401311282
	88.7863060851	59.3913161751
	88.7918544232	59.3809359647
	88.7967119836	59.3702151004
	88.8008579656	59.3591994906
	88.8042746153	59.3479363059
	88.8069473022	59.336473777
	88.8088645814	59.3248609882
	88.8100182428	59.3131476671
	88.8104033463	59.3013839722
	88.8100182428	59.2896202772
	88.8090955457	59.279733494
	88.8347031262	59.2598596258
	88.8411789483	59.2545884453
	88.9116310613	59.1944699969
	88.9213079251	59.1884388117
	88.930875128	59.1815830511
	88.9364440675	59.1771317578
	88.9414489503	59.1729661084
	88.9449783413	59.1699505948
	88.9460719202	59.1689836732
	88.9510615443	59.1645357361
	88.9585584631	59.1574567786
	88.9666043423	59.1488662808
	88.9740711493	59.1397679502
	88.9796873613	59.1320314061
	88.9827391192	59.1275834691
	88.9839786677	59.1257528104
	88.9901940246	59.1157577034
	88.9957423627	59.105377493
	89.0005999231	59.0946566287
	89.004745905	59.0836410189
	89.0081625547	59.0723778343
	89.0108352416	59.0609153053
	89.0127525208	59.0493025165
	89.0139061822	59.0375891955
	89.0142912857	59.0258255005
	89.0139061822	59.0140618055
	89.0127525208	59.0023484845
	89.0108352416	58.9907356956
	89.0081625547	58.9792731667
	89.004745905	58.968009982
	89.0005999231	58.9569943723
	88.9957423627	58.946273508
	88.9901940246	58.9358932976
	88.9842636645	58.9263260409
	88.9803879321	58.9204895541
	88.9801029353	58.9200617038
	88.9732471746	58.9104945009
	88.9657803677	58.9013961704
	88.9577344885	58.8928056726
	88.9491439908	58.8847597934
	88.9400456602	58.8772929865
	88.9304784573	58.8704372259
	88.9204833504	58.864221869
	88.9101031399	58.8586735309
	88.8993822757	58.8538159705
	88.8883666659	58.8496699885
	88.8874292667	58.8493546559
	88.8790979679	58.8465775563
	88.8687721824	58.8434762392
	88.8573096535	58.8408035523
	88.854764909	58.8403163982
	88.7931456818	58.820924092
	88.7908201833	58.8202094784
	88.7741575857	58.815212225
	88.7690407371	58.8137597475
	88.7580841767	58.8111884588
	88.752311767	58.8093305483
	88.7437569236	58.8068093691
	88.7348861791	58.8046720718
	88.7104272722	58.7994316391
	88.7007118797	58.7965325747
	88.6892493508	58.7938598878
	88.6873156556	58.7934862457
	88.6788181781	58.7918925128
	88.6745888328	58.7907037172
	88.6631263039	58.7880310304
	88.6612262122	58.787663694
	88.6446243719	58.7845466914
	88.6398750877	58.7832040224
	88.6295124505	58.7807536866
	88.587146365	58.7720514305
	88.5787636375	58.7695855532
	88.5673011086	58.7669128663
	88.5658696511	58.7666341596
	88.54836782	58.7633001142
	88.5478319945	58.7631988826
	88.5211596313	58.7582016291
	88.5121485985	58.756748967
	88.4798737263	58.7523829941
	88.4758326847	58.7516191813
	88.4716592549	58.7478406747
	88.4329858926	58.7139129977
	88.4092799735	58.6917272276
	88.4049697964	58.6878222324
	88.4047459621	58.6876262622
	88.3629318095	58.6510784103
	88.3550307005	58.6431674249
	88.3549512854	58.6430879602
	88.3474292443	58.6359866119
	88.2263660118	58.5281069733
	88.2252975552	58.5271624423
	88.2197149048	58.5224634639
	88.1727178345	58.4845072261
	88.1692021543	58.4817393976
	88.1646771938	58.4783785948
	88.1519347126	58.4692207036
	88.1299397315	58.4519538531
	88.1437885236	58.4132134926
	88.1450809626	58.4113057889
	88.1512963195	58.4013106819
	88.1568446576	58.3909304715
	88.1585520442	58.3873702452
	88.161590141	58.3814852811
	88.1634645538	58.3775657053
	88.1663051068	58.37204772
	88.1663526351	58.3719512694
	88.1713099896	58.3626025296
	88.1722882393	58.3605872954
	88.1750310118	58.3585239691
	88.1805999513	58.3540726758
	88.1856048341	58.3499070264
	88.1891342251	58.3468915128
	88.1977247229	58.3388456336
	88.2057706021	58.3302551358
	88.213237409	58.3211568052
	88.2200931696	58.3115896024
	88.2213865063	58.3096263313
	88.2244535229	58.3049037361
	88.2293755431	58.2968719002
	88.2349238812	58.2864916898
	88.237967736	58.2797737591
	88.2423226279	58.279494678
	88.2425833971	58.2794777765
	88.253726898	58.2783982075
	88.2748739319	58.2756828489
	88.2850791247	58.2753044977
	88.2967924457	58.2741508362
	88.3060496313	58.2726858086
	88.3218152504	58.269767833
	88.4108391949	58.2602219603
	88.4151396137	58.2597083924
	88.4263244785	58.2578756933
	88.4700110248	58.2492959855
	88.585070883	58.2288192311
	88.6416384918	58.2231161368
	88.6466538781	58.2225392808
	88.6699272811	58.219530929
	88.6706230853	58.2195112674
	88.6773062975	58.2191979303
	88.6890196186	58.2180442689
	88.6905036426	58.2178426043
	88.7341132618	58.2117314593
	88.7442420265	58.2100158446
	88.7557045555	58.2073431578
	88.766069413	58.2042288117
	88.7760639199	58.2008947663
	88.776962247	58.2005924626
	88.7879778567	58.1964464807
	88.798698721	58.1915889203
	88.8090789314	58.1860405822
	88.8097972934	58.1856236212
	88.8164653842	58.18173263
	88.8230499301	58.1776984657
	88.8278237001	58.1750880254
	88.8336419204	58.172570168
	88.8417590237	58.1688151776
	88.8521392342	58.1632668395
	88.8523455709	58.1631475286
	88.8644327933	58.1561475945
	88.8798514814	58.1494642804
	88.8878710843	58.1457515179
	88.8982512947	58.1402031799
	88.899906077	58.1392359984
	88.9037819764	58.1369428329
	89.044887717	58.1348386118
	89.0539695055	58.134473504
	89.0546690147	58.1344262864
	89.1229586702	58.1296829434
	89.1297103522	58.1294897398
	89.139018056	58.1301883903
	89.1407173841	58.1303078546
	89.1507708768	58.1306848274
	89.1768517653	58.1309328231
	89.2218404874	58.1327642606
	89.2238496176	58.1327393828
	89.2291564941	58.1329131119
	89.233079707	58.1328703202
	89.3222520703	58.1309248245
	89.3300925524	58.1305825128
	89.3306250684	58.1305468163
	89.3508887402	58.1291582665
	89.3620695453	58.1280403016
	89.36820591	58.127124503
	89.3782156756	58.1254536656
	89.3836920998	58.124452185
	89.3951546287	58.1217794981
	89.4064178134	58.1183628484
	89.4174334231	58.1142168664
	89.4281542874	58.109359306
	89.4385344979	58.103810968
	89.4485296048	58.097595611
	89.4580968077	58.0907398504
	89.4671951382	58.0832730435
	89.475785636	58.0752271643
	89.4769342356	58.0740680967
	89.4919336253	58.0587940488
	89.4976345606	58.0527130646
	89.537902505	58.0077148957
	89.5390988492	58.0063644497
	89.5465656561	57.9972661192
	89.5534214167	57.9876989163
	89.5596367736	57.9777038094
	89.5651851117	57.9673235989
	89.5700426721	57.9566027346
	89.574188654	57.9455871249
	89.5776053038	57.9343239402
	89.5802779906	57.9228614113
	89.5821952698	57.9112486225
	89.5833489313	57.8995353014
	89.5837340348	57.8877716064
	89.5833489313	57.8760079115
	89.5821952698	57.8642945904
	89.5802779906	57.8526818016
	89.5776053038	57.8412192727
	89.574188654	57.829956088
	89.5700426721	57.8189404783
	89.5651851117	57.808219614
	89.5596367736	57.7978394035
	89.5592472176	57.7971680225
	89.5477325554	57.7774213372
	89.544742383	57.7710520559
	89.5446560452	57.7708684196
	89.5558171636	57.7251684535
	89.5569673541	57.720148107
	89.5626608837	57.6935533304
	89.5654433037	57.683805299
	89.5662222471	57.6809898948
	89.568894934	57.6695273659
	89.5708122132	57.657914577
	89.5719658746	57.646201256
	89.5723509781	57.634437561
	89.5719658746	57.6226738661
	89.5708122132	57.610960545
	89.568894934	57.5993477562
	89.5662222471	57.5878852273
	89.5628055974	57.5766220426
	89.5586596155	57.5656064328
	89.5538020551	57.5548855686
	89.548253717	57.5445053581
	89.5420383601	57.5345102512
	89.5351825995	57.5249430483
	89.5277157925	57.5158447177
	89.5196699133	57.50725422
	89.5110794156	57.4992083408
	89.501981085	57.4917415338
	89.4924138821	57.4848857732
	89.4824187752	57.4786704163
	89.4720385648	57.4731220782
	89.4613177005	57.4682645178
	89.4503020907	57.4641185359
	89.4409520554	57.4612258367
	89.3267857956	57.4292815618
	89.3248726463	57.4287576113
	89.3134101174	57.4260849244
	89.3130449082	57.4260126726
	89.2974962021	57.4229532854
	89.2862486225	57.421108258
	89.2745353014	57.4199545966
	89.2736750623	57.4199002833
	89.2645045301	57.4193433375
	89.2418373792	57.4193976508
	89.2367317673	57.4198053725
	89.2297110608	57.4119046667
	89.2224439612	57.4041963586
	89.2165229302	57.3985389806
	89.2107862464	57.3925310144
	89.2021957486	57.3844851352
	89.2011393007	57.3835659061
	89.1889170106	57.3730144535
	89.180875128	57.3664668756
	89.1713079251	57.359611115
	89.1613128182	57.3533957581
	89.1509326077	57.34784742
	89.149274747	57.3470403913
	89.1348246737	57.3400976423
	89.1257616702	57.3360471106
	89.1147460604	57.3319011287
	89.1102831389	57.3304508175
	89.1022264983	57.3279483761
	89.0954262351	57.3259820376
	89.0871927317	57.3239824805
	89.0850346739	57.3223003107
	89.075467471	57.3154445501
	89.0753504869	57.3153664499
	89.068682396	57.3109185129
	89.0588042732	57.3047812562
	89.0484240628	57.2992329181
	89.0377031985	57.2943753577
	89.02748634	57.2905026074
	89.0194296994	57.2877255078
	89.0186309481	57.2874522761
	89.0159753363	57.2865737861
	89.0082086127	57.2840713447
	88.9996010398	57.281533185
	88.9923501543	57.2797507677
	88.9868676086	57.2695038322
	88.9806522517	57.2595087253
	88.9737964911	57.2499415224
	88.9737803871	57.2499205385
	88.9697252755	57.2446374231
	88.9666898612	57.239809757
	88.9639743952	57.235621091
	88.9571186346	57.2260538881
	88.9539902905	57.2220932717
	88.9472561313	57.2111685813
	88.9436954646	57.2056223117
	88.9368397039	57.1960551088
	88.9295424522	57.1871503981
	88.9114798999	57.1664944565
	88.9004464505	57.1490653465
	88.9028019353	57.1428069735
	88.906218585	57.1315437889
	88.9088912719	57.1200812599
	88.9108085511	57.1084684711
	88.9119622125	57.0967551501
	88.912347316	57.0849914551
	88.9119622125	57.0732277601
	88.9119037321	57.0723671466
	88.9107898405	57.056536153
	88.9096946595	57.0456834454
	88.9077773803	57.0340706566
	88.9051046934	57.0226081277
	88.9016880437	57.011344943
	88.8975420618	57.0003293332
	88.8926845013	56.9896084689
	88.8871361633	56.9792282585
	88.8849579955	56.9755568789
	88.8809192098	56.9689298574
	88.8796382367	56.9662777805
	88.8778372736	56.9627254861
	88.8740840375	56.9546124362
	88.8685356994	56.9442322258
	88.8660894552	56.9401223851
	88.864638847	56.9371106052
	88.8620218052	56.9320103128
	88.859069389	56.9257199191
	88.8548560433	56.917692673
	88.8532405316	56.9143292331
	88.851723688	56.911324582
	88.8503161096	56.9078229245
	88.8454585492	56.8971020602
	88.8451018209	56.8963827387
	88.8428240442	56.8906033811
	88.8379664838	56.8798825168
	88.8324181457	56.8695023063
	88.8262027888	56.8595071994
	88.821452882	56.8527404619
	88.8201962793	56.850370913
	88.8167000516	56.8438952666
	88.8118586957	56.8332135104
	88.8063103576	56.8228333
	88.8051117623	56.8207885056
	88.8038978508	56.8152690687
	88.803056311	56.8107353905
	88.8017397757	56.8046662743
	88.8005538695	56.7980629661
	88.7978811827	56.7866004372
	88.7944645329	56.7753372525
	88.790318551	56.7643216428
	88.7854609906	56.7536007785
	88.7799126525	56.7432205681
	88.7736972956	56.7332254611
	88.766841535	56.7236582583
	88.7593747281	56.7145599277
	88.7513288489	56.7059694299
	88.7427383511	56.6979235507
	88.7336400206	56.6904567438
	88.7240728177	56.6836009832
	88.7140777107	56.6773856263
	88.7036975003	56.6718372882
	88.7000747559	56.6701007738
	88.6994773453	56.6698225746
	88.6703077052	56.650217863
	88.6619694883	56.6434138971
	88.6524022855	56.6365581365
	88.6424071785	56.6303427796
	88.6320269681	56.6247944415
	88.6213061038	56.6199368811
	88.6204718911	56.619593787
	88.6054877603	56.6134750126
	88.5953063632	56.6096721248
	88.5840431785	56.6062554751
	88.5725806496	56.6035827882
	88.5609678607	56.601665509
	88.5492545397	56.6005118475
	88.5374908447	56.600126744
	88.5257271497	56.6005118475
	88.5140138287	56.601665509
	88.5024010399	56.6035827882
	88.490938511	56.6062554751
	88.4901409593	56.6064711429
	88.4809704271	56.6089735843
	88.4705047941	56.6121745662
	88.4594891843	56.6163205481
	88.4559329212	56.6178385881
	88.4313227031	56.6286579951
	88.4183873837	56.6329697682
	88.4174499845	56.6332851008
	88.4166758098	56.633549863
	88.4129268213	56.6316201122
	88.38459125	56.6174523266
	88.3837054349	56.6170124591
	88.3729845706	56.6121548987
	88.3619689608	56.6080089168
	88.3592153373	56.6070988783
	88.3515108993	56.6046213727
	88.3441217181	56.6014723174
	88.3424364749	56.6007642127
	88.3314208651	56.5966182307
	88.3310753065	56.5965013201
	88.3158486226	56.5913669749
	88.3014455594	56.5849861878
	88.2974230471	56.5832623816
	88.2921911876	56.5811905511
	88.2773767771	56.5755904656
	88.2708341219	56.5723825222
	88.2604815188	56.5677060462
	88.2494659091	56.5635600642
	88.2418345141	56.5611574687
	88.2222304697	56.5554615299
	88.199019231	56.5474476891
	88.1983354913	56.5471058193
	88.1913115975	56.5428336243
	88.180931387	56.5372852863
	88.1804930299	56.5370698519
	88.1779598501	56.5358291664
	88.1707580086	56.5314429383
	88.1612083865	56.5263068662
	88.1256401492	56.5085380063
	88.1248095608	56.5081257404
	88.1140886966	56.5032681799
	88.1069158005	56.5004753482
	88.0993792239	56.4971494055
	88.0910219924	56.4939290831
	88.0564048026	56.4815706513
	88.0513084048	56.4794555142
	88.0352052746	56.4715016483
	88.0351031399	56.4714512408
	88.0299151105	56.4689949144
	88.0209124661	56.4642338336
	88.0206129731	56.4640864853
	88.0179874135	56.4627977543
	88.0107543465	56.4583914857
	88.002431048	56.4538739111
	87.9988479056	56.4520495556
	87.9902007576	56.4467261414
	87.9812629949	56.4418971929
	87.9284534595	56.415263427
	87.9251533468	56.4130151046
	87.9238103665	56.4121089788
	87.9138152596	56.4058936219
	87.9049488704	56.4011006896
	87.8768879573	56.3869329039
	87.875374136	56.3861774982
	87.8646532717	56.3813199378
	87.8538272125	56.3772384172
	87.842428897	56.3733550554
	87.8422393466	56.373290594
	87.8309761619	56.3698739443
	87.819513633	56.3672012574
	87.8079008441	56.3652839782
	87.7961875231	56.3641303168
	87.7844238281	56.3637452133
	87.7726601331	56.3641303168
	87.7609468121	56.3652839782
	87.7493340233	56.3672012574
	87.7378714944	56.3698739443
	87.7266083097	56.373290594
	87.7155926999	56.3774365759
	87.7048718356	56.3822941364
	87.6966593737	56.386610877
	87.6777842516	56.3971623297
	87.6756165031	56.3983939271
	87.670137469	56.4016884502
	87.601081771	56.4449007299
	87.5860611092	56.4533035577
	87.5839416984	56.4545081238
	87.578249454	56.457936273
	87.5582661154	56.4704799799
	87.5338814726	56.4741295709
	87.5296596756	56.4724787229
	87.5267427029	56.471367185
	87.4459168973	56.4413684057
	87.4411468173	56.4396739558
	87.4298836326	56.4362573061
	87.4184211037	56.4335846192
	87.4068083148	56.43166734
	87.3950949938	56.4305136786
	87.3833312988	56.4301285751
	87.3715676038	56.4305136786
	87.3598542828	56.43166734
	87.348241494	56.4335846192
	87.3367789651	56.4362573061
	87.3255157804	56.4396739558
	87.3145001706	56.4438199378
	87.3037793063	56.4486774982
	87.3005896359	56.4503824125
	87.2884239669	56.435117597
	87.2829953336	56.4286254795
	87.2749494544	56.4200349817
	87.2664780123	56.4120936043
	87.2573074801	56.4040369637
	87.2571884243	56.4039324619
	87.2480900938	56.3964656549
	87.2385228909	56.3896098943
	87.228527784	56.3833945374
	87.2181475735	56.3778461993
	87.2074267092	56.3729886389
	87.1964110995	56.368842657
	87.1851479148	56.3654260073
	87.1736853859	56.3627533204
	87.1620725971	56.3608360412
	87.150359276	56.3596823798
	87.14509168	56.3594146232
	87.0628575473	56.3564426632
	87.0375665889	56.3549058375
	87.0266571045	56.3545746811
	87.0148934095	56.3549597846
	87.0031800885	56.356113446
	86.9915672996	56.3580307252
	86.9801047707	56.3607034121
	86.968841586	56.3641200618
	86.9578259763	56.3682660437
	86.947548705	56.3729056055
	86.9370261462	56.3719046698
	86.9252624512	56.3715195663
	86.9134987562	56.3719046698
	86.9017854352	56.3730583312
	86.8901726463	56.3749756104
	86.8787101174	56.3776482973
	86.8769135749	56.378139663
	86.8689010657	56.3803757874
	86.8481213303	56.3834470997
	86.8393303612	56.3849701173
	86.8322147995	56.3865359455
	86.809174028	56.3920977741
	86.8048270608	56.3932046328
	86.7935638761	56.3966212825
	86.7825482663	56.4007672644
	86.771827402	56.4056248248
	86.7614471916	56.4111731629
	86.7514520847	56.4173885198
	86.7418848818	56.4242442804
	86.733184101	56.4313848267
	86.7314933205	56.4318169985
	86.7202301359	56.4352336482
	86.7092145261	56.4393796301
	86.707595137	56.4400621348
	86.6969756747	56.4360652522
	86.68571249	56.4326486025
	86.6742499611	56.4299759156
	86.6626371723	56.4280586364
	86.6509238512	56.426904975
	86.6496600445	56.4268266074
	86.6467319183	56.4247017078
	86.6410192288	56.4207225652
	86.6310241219	56.4145072083
	86.6206439114	56.4089588702
	86.6099230471	56.4041013098
	86.5989074374	56.3999553279
	86.5876442527	56.3965386782
	86.581992861	56.3951220837
	86.5736615621	56.3931765881
	86.567850425	56.3919204957
	86.5574390045	56.3901655002
	86.5313312164	56.3865491672
	86.530129848	56.3863868835
	86.518416527	56.3852332221
	86.506652832	56.3848481186
	86.506312562	56.3848481186
	86.4905339012	56.3832465506
	86.4329892554	56.3703312613
	86.4286902687	56.3694214112
	86.4170774799	56.367504132
	86.4053641588	56.3663504706
	86.3936004639	56.3659653671
	86.3818367689	56.3663504706
	86.3701234479	56.367504132
	86.358510659	56.3694214112
	86.3470481301	56.3720940981
	86.3357849454	56.3755107478
	86.3247693357	56.3796567297
	86.3140484714	56.3845142902
	86.3036682609	56.3900626282
	86.293673154	56.3962779851
	86.2841059511	56.4031337458
	86.2802264471	56.4063175724
	86.2724126614	56.4007182928
	86.2624175545	56.3945029359
	86.2586120123	56.3924688311
	86.2560077948	56.3888346499
	86.2551057209	56.3876689651
	86.2501160969	56.3812755325
	86.2435513638	56.3733428867
	86.2355054846	56.3647523889
	86.2269149868	56.3567065097
	86.2182189215	56.3495492745
	86.2121001471	56.3448266793
	86.2116978819	56.3445171076
	86.202130679	56.337661347
	86.1921355721	56.3314459901
	86.1817553616	56.325897652
	86.1710344973	56.3210400916
	86.1600188876	56.3168941096
	86.1487557029	56.3134774599
	86.137293174	56.310804773
	86.1256803852	56.3088874938
	86.118958707	56.3081308544
	86.1011822177	56.3064676464
	86.097481561	56.306173306
	86.0949071683	56.3043285223
	86.0946980147	56.3041889816
	86.0896931319	56.3008549362
	86.0799071785	56.2947791199
	86.0695269681	56.2892307819
	86.0588061038	56.2843732214
	86.047790494	56.2802272395
	86.0365273094	56.2768105898
	86.0294290346	56.2750624143
	86.0129031591	56.2713468994
	85.997803522	56.2664385187
	85.9887520408	56.2637566958
	85.9777526335	56.2611767618
	85.9705145261	56.2589818892
	85.9648720359	56.2573708925
	85.953409507	56.2546982056
	85.947191871	56.2536716698
	85.9407712125	56.2458480747
	85.9327253333	56.2372575769
	85.9241348355	56.2292116977
	85.9150365049	56.2217448908
	85.9054693021	56.2148891302
	85.8954741951	56.2086737733
	85.8850939847	56.2031254352
	85.8743731204	56.1982678748
	85.867944475	56.1957484918
	85.8621012467	56.1935869724
	85.8617697325	56.1923316384
	85.8583530827	56.1810684537
	85.8542071008	56.170052844
	85.8493495404	56.1593319797
	85.8438012023	56.1489517692
	85.8375858454	56.1389566623
	85.8307300848	56.1293894594
	85.8232632779	56.1202911289
	85.8152173987	56.1117006311
	85.8066269009	56.1036547519
	85.7975285704	56.096187945
	85.7879613675	56.0893321844
	85.7779662605	56.0831168275
	85.7675860501	56.0775684894
	85.7568651858	56.072710929
	85.7458495761	56.068564947
	85.7345863914	56.0651482973
	85.7231238625	56.0624756104
	85.7115110736	56.0605583312
	85.7015690926	56.059529554
	85.5084673587	56.0449570736
	85.5053208596	56.0440013902
	85.4996010398	56.0423669252
	85.4945622519	56.0410945146
	85.4781590537	56.0372035233
	85.4717353127	56.0358032472
	85.4601225238	56.033885968
	85.4495542184	56.0328110245
	85.4226224557	56.0308731583
	85.4214774401	56.0307944403
	85.4097137451	56.0304093368
	85.3979500501	56.0307944403
	85.3949469325	56.0310165371
	85.3443793055	56.0351821865
	85.335924499	56.0360803135
	85.3039878535	56.0402383336
	85.3037324566	56.0402717712
	85.2921196678	56.0421890504
	85.2806571389	56.0448617373
	85.278795693	56.0453712292
	85.2599053121	56.0506507703
	85.2505035734	56.053557928
	85.2457731375	56.0552376691
	85.2409214167	56.0475641452
	85.2340656561	56.0379969423
	85.2265988492	56.0288986118
	85.21855297	56.020308114
	85.2099624722	56.0122622348
	85.2008641416	56.0047954279
	85.1971824012	56.0020443454
	85.1910788856	55.9976040378
	85.1851934232	55.9934993597
	85.1751983162	55.9872840027
	85.1648181058	55.9817356647
	85.1540972415	55.9768781043
	85.1430816317	55.9727321223
	85.1318184471	55.9693154726
	85.1203559181	55.9666427857
	85.1087431293	55.9647255065
	85.1083538464	55.9646746886
	85.0997478894	55.963560797
	85.0884238512	55.9624579535
	85.0775984127	55.9620752972
	85.0767416195	55.961976246
	85.0689643166	55.9602493531
	85.0609607544	55.9588444984
	85.0354175415	55.9549535072
	85.0318083148	55.9544410827
	85.0256008942	55.9537333034
	85.0169796784	55.9529016994
	85.011473778	55.9524558173
	84.999710083	55.9520707138
	84.987946388	55.9524558173
	84.976233067	55.9536094787
	84.9685663907	55.9547875119
	84.9638361661	55.9556191159
	84.9598900535	55.9563583619
	84.9484275246	55.9590310488
	84.93716434	55.9624476985
	84.9261487302	55.9665936804
	84.9154278659	55.9714512408
	84.9050476555	55.9769995789
	84.8950525485	55.9832149358
	84.8911077753	55.9859273732
	84.874832075	55.9817096425
	84.8725292539	55.9811290794
	84.5335420274	55.898043465
	84.530800421	55.8941830864
	84.5268513006	55.8888346499
	84.5193844937	55.8797363193
	84.5145635696	55.8744547069
	84.5040044876	55.8633386791
	84.5007795325	55.8600297937
	84.4921890347	55.8519839145
	84.4866456771	55.8473166792
	84.4808015609	55.842594084
	84.4772465879	55.8397945124
	84.4676793851	55.8329387517
	84.4576842781	55.8267233948
	84.4473040677	55.8211750568
	84.4365832034	55.8163174963
	84.4255675936	55.8121715144
	84.414304409	55.8087548647
	84.4028418801	55.8060821778
	84.3912290912	55.8041648986
	84.3795157702	55.8030112372
	84.3677520752	55.8026261337
	84.3583221436	55.8026261337
	84.3465584486	55.8030112372
	84.3363833676	55.8039691274
	84.3047213803	55.8078601186
	84.3031831402	55.8080558898
	84.2915703514	55.809973169
	84.2801078225	55.8126458559
	84.2688446378	55.8160625056
	84.2578290281	55.8202084876
	84.2471081638	55.825066048
	84.2367279533	55.8306143861
	84.2267328464	55.836829743
	84.2171656435	55.8436855036
	84.208067313	55.8511523105
	84.1994768152	55.8591981897
	84.191430936	55.8677886875
	84.1911764791	55.8680794694
	84.187697095	55.8665952063
	84.1824029934	55.8644998605
	84.1676935207	55.8589456613
	84.1619720126	55.8568950252
	84.1507088279	55.8534783754
	84.139246299	55.8508056886
	84.1276335102	55.8488884094
	84.1179514643	55.8478794376
	84.0999003169	55.8464908878
	84.0978690417	55.8463461981
	84.0861053467	55.8459610946
	84.0794603089	55.8461786306
	84.0754011373	55.8372462227
	84.0729670941	55.8321072482
	84.067418756	55.8217270378
	84.0612033991	55.8117319308
	84.0543476385	55.802164728
	84.0468808316	55.7930663974
	84.0388349524	55.7844758996
	84.0302444546	55.7764300204
	84.0211461241	55.7689632135
	84.0115789212	55.7621074529
	84.0015838143	55.755892096
	83.9912036038	55.7503437579
	83.9804827395	55.7454861975
	83.9694671298	55.7413402156
	83.9582039451	55.7379235659
	83.9538712759	55.7368201592
	83.9458146353	55.7348746636
	83.9457138128	55.734850348
	83.9418609139	55.7325614075
	83.9314807034	55.7270130695
	83.9207598391	55.722155509
	83.9165200509	55.7204620479
	83.9093026437	55.7176849482
	83.9025268222	55.7152324275
	83.8912636375	55.7118157778
	83.8798011086	55.7091430909
	83.8760876389	55.7085299946
	83.8696914761	55.7025393344
	83.8605931456	55.6950725275
	83.8532838091	55.689750332
	83.850434725	55.6856575225
	83.8472446843	55.6752319669
	83.8430987024	55.6642163572
	83.8406751851	55.6586344673
	83.8378980855	55.6525233223
	83.8354640424	55.6473843478
	83.8299157043	55.6370041374
	83.8237003474	55.6270090305
	83.8218504928	55.6242945193
	83.8129698775	55.6115152835
	83.8079639715	55.6046625918
	83.8004971646	55.5955642612
	83.7924512854	55.5869737634
	83.7838607876	55.5789278842
	83.7794795851	55.575207813
	83.7622524123	55.5610476568
	83.7575352842	55.5573009211
	83.7479680814	55.5504451604
	83.7388238342	55.544724156
	83.7321557434	55.5408255354
	83.7313048836	55.5403311829
	83.7209246731	55.5347828448
	83.7102038089	55.5299252844
	83.6991881991	55.5257793025
	83.6879250144	55.5223626528
	83.6764624855	55.5196899659
	83.6648496967	55.5177726867
	83.6586422761	55.5170649074
	83.6500210603	55.5162333034
	83.6445151598	55.5157874213
	83.6372245645	55.5154579478
	83.5907030161	55.5143006321
	83.5826975557	55.5132689275
	83.5714713366	55.5121787177
	83.5597076416	55.5117936142
	83.5479439466	55.5121787177
	83.5362306256	55.5133323791
	83.5324144157	55.5138764565
	83.5215806754	55.5155396645
	83.5137840965	55.5169128663
	83.5108412791	55.5175238329
	83.5092547513	55.5167316974
	83.498533887	55.511874137
	83.4875182772	55.507728155
	83.4762550926	55.5043115053
	83.4733262849	55.5035530758
	83.4655443025	55.5016075802
	83.4570105812	55.4996933228
	83.4453977924	55.4977760436
	83.4336844713	55.4966223822
	83.4219207764	55.4962372787
	83.4101570814	55.4966223822
	83.3984437604	55.4977760436
	83.3908713873	55.4989375236
	83.3686698492	55.5028285148
	83.3646294334	55.503584314
	83.3551254272	55.5058003375
	83.3456214211	55.503584314
	83.3340086322	55.5016670348
	83.3329165293	55.5015266562
	83.3240359141	55.5004127646
	83.313414696	55.4993994818
	83.301651001	55.4990143783
	83.289887306	55.4993994818
	83.278173985	55.5005531432
	83.2780735676	55.5005663922
	83.2675144856	55.5019625714
	83.2560021141	55.5038666016
	83.2445395852	55.5065392885
	83.2332764005	55.5099559382
	83.2222607908	55.5141019202
	83.2115399265	55.5189594806
	83.201159716	55.5245078187
	83.1911646091	55.5307231756
	83.1815974062	55.5375789362
	83.1724990757	55.5450457431
	83.1650074643	55.5520021494
	83.1567090329	55.5552014685
	83.1459881686	55.5600590289
	83.1356079582	55.565607367
	83.1256128513	55.5718227239
	83.1160456484	55.5786784845
	83.1140022823	55.5802699191
	83.1087227412	55.5844431979
	83.1016677768	55.5903185703
	83.093077279	55.5983644494
	83.0850313998	55.6069549472
	83.0775645929	55.6160532778
	83.0707088323	55.6256204807
	83.0644934754	55.6356155876
	83.0589451373	55.645995798
	83.0540875769	55.6567166623
	83.049941595	55.6677322721
	83.0465249453	55.6789954568
	83.0438522584	55.6904579857
	83.0419349792	55.7020707745
	83.0407813178	55.7137840955
	83.0403962143	55.7255477905
	83.0407813178	55.7373114855
	83.0419349792	55.7490248065
	83.0438522584	55.7606375954
	83.0445856929	55.7641421483
	83.0470881343	55.7755328343
	83.0490273867	55.7834908103
	83.0524440364	55.794753995
	83.0565900183	55.8057696048
	83.0585040737	55.8102200529
	83.0665607144	55.8282788297
	83.0695042194	55.8345492459
	83.0750525574	55.8449294563
	83.0812679143	55.8549245633
	83.088123675	55.8644917662
	83.0955904819	55.8735900967
	83.1036363611	55.8821805945
	83.1121349902	55.8901458518
	83.1134652529	55.8954292869
	83.1144914443	55.8988121867
	83.1140939	55.8991197374
	83.105558768	55.9061526157
	83.0969682703	55.9141984949
	83.0889223911	55.9227889926
	83.0845929462	55.9279156142
	83.0809766132	55.9323635512
	83.0778392511	55.9363352602
	83.0709834905	55.9459024631
	83.0647681336	55.95589757
	83.0600848884	55.9646593055
	83.0479083503	55.9693435789
	83.0436566648	55.9710416174
	83.0329358005	55.9758991779
	83.02255559	55.9814475159
	83.0125604831	55.9876628728
	83.0029932802	55.9945186335
	82.9938949497	56.0019854404
	82.9853044519	56.0100313196
	82.9772585727	56.0186218174
	82.9697917658	56.0277201479
	82.9629360052	56.0372873508
	82.9567206483	56.0472824577
	82.9511723102	56.0576626682
	82.9463147498	56.0683835324
	82.9421687678	56.0793991422
	82.9387521181	56.0906623269
	82.9360794312	56.1021248558
	82.9350482643	56.1083705417
	82.9314364291	56.1122268589
	82.9239696222	56.1213251894
	82.9171138616	56.1308923923
	82.9108985047	56.1408874992
	82.9053501666	56.1512677097
	82.9004926062	56.161988574
	82.8974377162	56.1698843994
	82.8960339076	56.17378302
	82.8949428157	56.1769028043
	82.891526166	56.188165989
	82.8888534791	56.1996285179
	82.8869361999	56.2112413067
	82.8857825385	56.2229546278
	82.885397435	56.2347183228
	82.8857825385	56.2464820177
	82.8869361999	56.2581953388
	82.8872815433	56.2602870532
	82.8815905276	56.2577084876
	82.8705749179	56.2535625056
	82.8653147986	56.2518666055
	82.8189433386	56.2376988199
	82.8129402732	56.2359780703
	82.8014777443	56.2333053834
	82.7898649555	56.2313881042
	82.7887350497	56.231242988
	82.7798391757	56.2301290964
	82.7692557604	56.2291205512
	82.7574920654	56.2287354477
	82.7457283704	56.2291205512
	82.7340150494	56.2302742126
	82.7224022606	56.2321914918
	82.7109397317	56.2348641787
	82.699676547	56.2382808284
	82.6950996663	56.2399036976
	82.6739972642	56.2477084367
	82.6649466214	56.2453810299
	82.6559374905	56.2406162799
	82.6452166262	56.2357587195
	82.6342010165	56.2316127376
	82.6240166294	56.2284887466
	82.6159599887	56.2262762222
	82.6148811912	56.2259835634
	82.6034186623	56.2233108765
	82.5918058734	56.2213935973
	82.5800925524	56.2202399359
	82.5683288574	56.2198548324
	82.5565651624	56.2202399359
	82.5560305516	56.220275776
	82.4978584878	56.2242626464
	82.4963048734	56.2232127996
	82.4883848375	56.2182140584
	82.4753385728	56.2104473347
	82.4732635018	56.2092307191
	82.4628832913	56.203682381
	82.452162427	56.1988248206
	82.4506315046	56.1981989225
	82.4361661725	56.1923624357
	82.4266814852	56.1888423518
	82.4166497698	56.18576036
	82.4085931291	56.1835402062
	82.4073616599	56.1832055483
	82.395899131	56.1805328614
	82.3842863422	56.1786155822
	82.3838970593	56.1785647643
	82.3752911023	56.1774508727
	82.3639670641	56.1763480292
	82.3575082962	56.1760411746
	82.3386331741	56.1754842288
	82.3333282471	56.1754059799
	82.3236020671	56.1756691443
	82.3105306636	56.1763770171
	82.2897002908	56.1757656787
	82.2844238281	56.1756882675
	82.2748162879	56.1759450464
	82.272627033	56.1760621536
	82.26243254	56.1756901813
	82.2018503825	56.1598576577
	82.1914618752	56.1574692017
	82.1798490863	56.1555519225
	82.1681357653	56.1543982611
	82.1563720703	56.1540131576
	82.1476270571	56.1542994397
	82.1474914551	56.1542954452
	82.1377652751	56.1545586097
	82.1274808513	56.1551155555
	82.1254433363	56.1552374945
	82.1137300152	56.1563911559
	82.1043973289	56.1578701743
	82.0693946368	56.1643640948
	82.0606765672	56.1648429654
	82.0587776869	56.1649573431
	82.0479570682	56.1659957498
	82.0378951466	56.1672692336
	82.0157707766	56.167112939
	81.9900693725	56.1655636388
	81.9699627693	56.1628858258
	81.7634569648	56.1191744237
	81.5743979879	56.0776495672
	81.5709021828	56.0769180543
	81.5592893939	56.0750007751
	81.5475760729	56.0738471137
	81.5358123779	56.0734620102
	81.5240486829	56.0738471137
	81.5123353619	56.0750007751
	81.5007225731	56.0769180543
	81.4892600442	56.0795907412
	81.4779968595	56.0830073909
	81.4669812497	56.0871533728
	81.4562603854	56.0920109332
	81.445880175	56.0975592713
	81.4358850681	56.1037746282
	81.4263178652	56.1106303888
	81.4172195346	56.1180971957
	81.4086290369	56.1261430749
	81.4013168101	56.133902186
	81.3065220699	56.2406600223
	81.2377840768	56.279888103
	81.2370026115	56.2803366761
	81.2270075046	56.286552033
	81.2231101113	56.2892309659
	81.1333141026	56.3527079368
	81.0885840175	56.3469654007
	80.8623782967	56.3158199229
	80.8613218646	56.315677655
	80.8558884893	56.3150462297
	80.6053458023	56.289784851
	80.3805025522	56.261155041
	80.3111910352	56.2515489191
	80.3099760395	56.2513847472
	80.2982627184	56.2502310858
	80.2864990234	56.2498459823
	80.2747353285	56.2502310858
	80.2630220074	56.2513847472
	80.2514092186	56.2533020264
	80.2399466897	56.2559747133
	80.228683505	56.2593913631
	80.2176678952	56.263537345
	80.206947031	56.2683949054
	80.1965668205	56.2739432435
	80.1866187698	56.2801271691
	80.0735358841	56.3556352868
	80.0734888278	56.3556667181
	80.0725622049	56.3562900374
	79.8986806741	56.4740421126
	79.8905437761	56.4798894737
	79.7518114604	56.5830318774
	79.5853964188	56.7048733627
	79.5821558779	56.7073024469
	79.5816158082	56.7077184855
	79.5160794019	56.7584021492
	79.3897299145	56.7723202295
	79.3859468121	56.7727775695
	79.3769695791	56.7741910113
	79.2089092764	56.8050213946
	79.2062737205	56.805525232
	79.2058933708	56.8056013147
	78.9652785481	56.8540022371
	78.9435483144	56.8577542693
	78.9390618065	56.858587671
	78.9388895176	56.8586220288
	78.8572826234	56.8749375282
	78.6422042097	56.9101026392
	78.5209519246	56.9285705279
	78.5192044141	56.9288454901
	78.4349779674	56.9425228948
	78.4242768902	56.9436073425
	78.4126641014	56.9455246217
	78.4012015725	56.9481973085
	78.3899383878	56.9516139583
	78.3789227781	56.9557599402
	78.3682019138	56.9606175006
	78.3578217033	56.9661658387
	78.3478265964	56.9723811956
	78.3382593935	56.9792369562
	78.3342153519	56.9824331584
	78.157012278	56.9826215207
	78.1509099438	56.9823073667
	78.1416625977	56.9820694931
	78.1352685116	56.9821831822
	77.7454168859	56.9960509704
	77.6155599456	56.9996399813
	77.610970968	56.9998254709
	77.5880944217	57.0010428777
	77.5429746263	57.0018262075
	77.5381512847	57.0019746898
	77.3416381724	57.0106641467
	77.1345826077	57.0098527771
	77.0105197362	57.0082126848
	76.9003447193	57.0049306195
	76.8832253187	57.0052359686
	76.8715119977	57.0063896301
	76.8598992088	57.0083069093
	76.8484366799	57.0109795961
	76.8476625931	57.0111888626
	76.7315432083	57.0428584793
	76.7272221436	57.0440951847
	76.7163404813	57.0473571933
	76.6365903723	57.0499099913
	76.598383226	57.0507194647
	76.5760048597	57.0507910834
	76.5659487004	57.0517343993
	76.5182254236	57.0575669206
	76.4672414214	57.0624803449
	76.1337460911	57.0673701963
	76.1246193617	57.0677359686
	76.1165040329	57.068452778
	76.1001119461	57.0702756362
	76.095444557	57.0705206976
	76.0837312359	57.0716743591
	76.0721184471	57.0735916383
	76.0606559182	57.0762643251
	76.0493927335	57.0796809749
	76.0383771238	57.0838269568
	76.0276562595	57.0886845172
	76.017276049	57.0942328553
	76.0072809421	57.1004482122
	75.9977137392	57.1073039728
	75.9953577425	57.1091430938
	75.9871546572	57.1150783258
	75.9780563266	57.1225451328
	75.9735004248	57.1266805276
	75.9599048437	57.139452134
	75.9558702478	57.1433626184
	75.9478243686	57.1519531162
	75.9403575617	57.1610514467
	75.9335018011	57.1706186496
	75.9322084644	57.1725819206
	75.9291414478	57.1773045158
	75.9242194276	57.1853363518
	75.9186710895	57.1957165622
	75.9153256295	57.2028946752
	75.8969247347	57.2228973612
	75.8833748187	57.2210127643
	75.8820738178	57.2208366515
	75.8703604967	57.2196829901
	75.8585968018	57.2192978866
	75.8468331068	57.2196829901
	75.8351197857	57.2208366515
	75.8235069969	57.2227539307
	75.812044468	57.2254266176
	75.8007812833	57.2288432673
	75.7897656736	57.2329892493
	75.7790448093	57.2378468097
	75.7686645988	57.2433951478
	75.7586694919	57.2496105047
	75.749102289	57.2564662653
	75.7400039585	57.2639330722
	75.7314134607	57.2719789514
	75.7233675815	57.2805694492
	75.7170312378	57.2882100703
	75.712026355	57.2945958735
	75.7108958918	57.296053583
	75.7040401311	57.3056207858
	75.6978247742	57.3156158928
	75.6950346448	57.3206316938
	75.6894632138	57.3310347596
	75.6536572233	57.3885715729
	75.6507902309	57.3933415103
	75.6344109068	57.421572653
	75.6070877816	57.4648873843
	75.5727620224	57.4667990812
	75.5709999769	57.4669058905
	75.5592866559	57.4680595519
	75.547673867	57.4699768311
	75.5362113381	57.472649518
	75.5249481534	57.4760661677
	75.5139325437	57.4802121497
	75.5032116794	57.4850697101
	75.4928314689	57.4906180482
	75.482836362	57.4968334051
	75.4732691591	57.5036891657
	75.4641708286	57.5111559726
	75.4555803308	57.5192018518
	75.4475344516	57.5277923496
	75.4400676447	57.5368906801
	75.4332118841	57.546457883
	75.4269965272	57.5564529899
	75.4214481891	57.5668332004
	75.4165906287	57.5775540647
	75.4124446467	57.5885696744
	75.409027997	57.5998328591
	75.4063553101	57.611295388
	75.4044380309	57.6229081769
	75.4034327926	57.632541774
	75.3967647018	57.7189217789
	75.3966162787	57.7210015028
	75.3962311752	57.7327651978
	75.396268781	57.7364430333
	75.3963792899	57.7418463354
	75.3913739207	57.8066927824
	75.2558801002	57.8575260941
	75.1442994971	57.8986993366
	75.123655481	57.9056557693
	75.1232757901	57.9057841853
	75.1165765203	57.9082072707
	75.0730124787	57.9249469544
	75.0058452828	57.9489511144
	74.9975446042	57.9521512366
	74.9868237399	57.957008797
	74.9764435295	57.9625571351
	74.9664484225	57.968772492
	74.9568812197	57.9756282526
	74.9477828891	57.9830950595
	74.9391923913	57.9911409387
	74.9311465121	57.9997314365
	74.9236797052	58.008829767
	74.9168239446	58.0183969699
	74.9106085877	58.0283920769
	74.9050602496	58.0387722873
	74.9002026892	58.0494931516
	74.8960567073	58.0605087613
	74.8926400576	58.071771946
	74.8899673707	58.0832344749
	74.8880500915	58.0948472638
	74.8868964301	58.1065605848
	74.8865113266	58.1183242798
	74.8868964301	58.1300879748
	74.8880500915	58.1418012958
	74.8899673707	58.1534140846
	74.8926400576	58.1648766136
	74.8960567073	58.1761397982
	74.9002026892	58.187155408
	74.9050602496	58.1978762723
	74.9106085877	58.2082564827
	74.9168239446	58.2182515897
	74.9208213676	58.223989465
	74.9189242221	58.2261184604
	74.9114574152	58.235216791
	74.9046016546	58.2447839938
	74.8983862977	58.2547791008
	74.8928379596	58.2651593112
	74.8879803992	58.2758801755
	74.8838344173	58.2868957853
	74.8804177675	58.2981589699
	74.8777450806	58.3096214989
	74.8758278014	58.3212342877
	74.87467414	58.3329476087
	74.8742890365	58.3447113037
	74.87467414	58.3564749987
	74.8758278014	58.3681883197
	74.8777450806	58.3798011086
	74.8804177675	58.3912636375
	74.8838344173	58.4025268222
	74.8879803992	58.4135424319
	74.8928379596	58.4242632962
	74.8983862977	58.4346435066
	74.9046016546	58.4446386136
	74.9114574152	58.4542058165
	74.9189242221	58.463304147
	74.9269701013	58.4718946448
	74.9355605991	58.479940524
	74.9446589296	58.4874073309
	74.9495655495	58.4910416736
	74.9494879822	58.4911758903
	74.9439396442	58.5015561008
	74.9390820838	58.5122769651
	74.9349361018	58.5232925748
	74.9315194521	58.5345557595
	74.9288467652	58.5460182884
	74.926929486	58.5576310772
	74.9257758246	58.5693443983
	74.9253907211	58.5811080933
	74.9257758246	58.5928717882
	74.926929486	58.6045851093
	74.9288467652	58.6161978981
	74.9315194521	58.627660427
	74.9349361018	58.6389236117
	74.9390820838	58.6499392215
	74.9439396442	58.6606600857
	74.9494879822	58.6710402962
	74.9557033391	58.6810354031
	74.9625590998	58.690602606
	74.9700259067	58.6997009366
	74.9719938774	58.7019081093
	74.973860193	58.713136985
	74.9765328798	58.7245995139
	74.9799495296	58.7358626986
	74.9840955115	58.7468783084
	74.9889530719	58.7575991727
	74.99450141	58.7679793831
	75.0007167669	58.7779744901
	75.0075725275	58.7875416929
	75.0150393344	58.7966400235
	75.0230852136	58.8052305213
	75.0316757114	58.8132764004
	75.0407740419	58.8207432074
	75.0503412448	58.827598968
	75.0603363518	58.8338143249
	75.0707165622	58.839362663
	75.0718500176	58.8399166879
	75.1876794854	58.8960308847
	75.1900813506	58.8971726345
	75.2861853418	58.9419885919
	75.2874476259	58.9429661078
	75.2918190181	58.9462164201
	75.3890337195	59.0162388187
	75.4016413767	59.026145718
	75.4032770937	59.0274158758
	75.409143883	59.031731751
	75.456169305	59.0648796618
	75.4680752446	59.0742293261
	75.4696680849	59.0754658026
	75.4759079611	59.0800439568
	75.4829505951	59.0849815814
	75.4662312029	59.1299677703
	75.4615099267	59.1410234253
	75.4607495642	59.1428311643
	75.4566035823	59.153846774
	75.4563143146	59.154706038
	75.4544240904	59.1603680662
	75.4518846964	59.1658836766
	75.4490918494	59.1722729978
	75.4449458674	59.1832886075
	75.4415292177	59.1945517922
	75.4388565308	59.2060143211
	75.4369392516	59.21762711
	75.4357855902	59.229340431
	75.4354004867	59.241104126
	75.4357855902	59.252867821
	75.4369392516	59.264581142
	75.4388565308	59.2761939308
	75.4415292177	59.2876564597
	75.4449458674	59.2989196444
	75.4490918494	59.3099352542
	75.4539494098	59.3206561185
	75.4594977479	59.3310363289
	75.4657131048	59.3410314359
	75.4725688654	59.3505986387
	75.4800356723	59.3596969693
	75.4880815515	59.3682874671
	75.4966720493	59.3763333463
	75.5057703798	59.3838001532
	75.5153375827	59.3906559138
	75.5253326896	59.3968712707
	75.5357129001	59.4024196088
	75.5464337644	59.4072771692
	75.5574493741	59.4114231511
	75.5687125588	59.4148398008
	75.5801750877	59.4175124877
	75.5824497664	59.4179497422
	75.6978232022	59.439358211
	75.7054424105	59.4582146875
	75.7060345984	59.4596621218
	75.7108921588	59.4703829861
	75.7126872638	59.4739240353
	75.7150479559	59.4784560452
	75.7200821032	59.4914334533
	75.7215985632	59.4952151004
	75.7264561237	59.5059359647
	75.7268223976	59.5066744242
	75.7301488137	59.513342515
	75.7353308777	59.5229842659
	75.7415462347	59.5329793729
	75.7484019953	59.5425465757
	75.7558688022	59.5516449063
	75.7639146814	59.5602354041
	75.7725051792	59.5682812833
	75.7816035097	59.5757480902
	75.7911707126	59.5826038508
	75.7930360731	59.5838335558
	75.7994295057	59.5879915758
	75.8075592521	59.5929772277
	75.8179394626	59.5985255658
	75.8286603269	59.6033831262
	75.8396759366	59.6075291081
	75.8509391213	59.6109457579
	75.8624016502	59.6136184447
	75.8740144391	59.6155357239
	75.8857277601	59.6166893854
	75.8974914551	59.6170744889
	75.9092551501	59.6166893854
	75.9209684711	59.6155357239
	75.9209756054	59.6155347846
	75.9315194286	59.6141462347
	75.9431250832	59.6122298949
	75.9528498155	59.6100135587
	75.9749920971	59.6244150156
	75.9780563266	59.6271649503
	75.9871546572	59.6346317572
	75.9923846446	59.638496684
	76.0185960083	59.6627760712
	76.022230521	59.6660519742
	76.0313288515	59.6735187811
	76.0408960544	59.6803745417
	76.0424896622	59.6814271613
	76.0552612686	59.6897660895
	76.0636627678	59.6949288268
	76.0740429782	59.7004771649
	76.0769649325	59.7018855026
	76.0864101229	59.7063334396
	76.0942090329	59.7097826623
	76.1052246427	59.7139286443
	76.1164878274	59.717345294
	76.1279503563	59.7200179809
	76.1395631451	59.7219352601
	76.1512764662	59.7230889215
	76.1630401611	59.723474025
	76.1648342918	59.7234650766
	76.2192421648	59.7229223362
	76.439050475	59.7242104137
	76.4693995976	59.729740336
	76.4718026552	59.7398735618
	76.4752193049	59.7511367465
	76.4793652869	59.7621523562
	76.4842228473	59.7728732205
	76.4897711854	59.783253431
	76.4959865423	59.7932485379
	76.5028423029	59.8028157408
	76.5103091098	59.8119140713
	76.518354989	59.8205045691
	76.5269454868	59.8285504483
	76.5360438173	59.8360172552
	76.5456110202	59.8428730158
	76.5556061271	59.8490883727
	76.5602896404	59.8517000947
	76.5604670402	59.8562381735
	76.5601506398	59.8615795873
	76.5598359115	59.872215271
	76.5601506398	59.8828509546
	76.5603686652	59.8865316201
	76.5593093696	59.9049283775
	76.5590119369	59.9152679443
	76.5591313586	59.9218212012
	76.5588324652	59.9257286756
	76.5584473617	59.9374923706
	76.5586675557	59.9463896526
	76.5595067891	59.9633345379
	76.5596716986	59.9662009508
	76.5606755307	59.9763930294
	76.5536440707	59.9839004428
	76.5461772638	59.9929987734
	76.5393215032	60.0025659763
	76.5331061463	60.0125610832
	76.5275578082	60.0229412936
	76.5227002478	60.0336621579
	76.5185542659	60.0446777677
	76.5174628541	60.0479986386
	76.5157843873	60.0532781796
	76.5134591494	60.0612204934
	76.5107864625	60.0726830223
	76.5088691833	60.0842958111
	76.5077155219	60.0960091322
	76.5073304184	60.1077728271
	76.5077155219	60.1195365221
	76.5088691833	60.1312498432
	76.5107864625	60.142862632
	76.5134591494	60.1543251609
	76.5168757991	60.1655883456
	76.521021781	60.1766039553
	76.5258793414	60.1873248196
	76.5314276795	60.1977050301
	76.5376430364	60.207700137
	76.544498797	60.2172673399
	76.5474599654	60.2210219937
	76.55219019	60.2268584806
	76.5566958286	60.2322021573
	76.5647417078	60.240792655
	76.5733322055	60.2488385342
	76.5824305361	60.2563053412
	76.5855709237	60.2586610446
	76.5833897174	60.2629391574
	76.578532157	60.2736600217
	76.5743861751	60.2846756315
	76.5709695253	60.2959388161
	76.5682968385	60.307401345
	76.5663795593	60.3190141339
	76.5652258978	60.3307274549
	76.5648407943	60.3424911499
	76.5652258978	60.3542548449
	76.5663795593	60.3659681659
	76.5682968385	60.3775809548
	76.5697330281	60.3841558049
	76.5840950234	60.4444695054
	76.5848393664	60.4499143446
	76.5866379029	60.460642173
	76.5882088549	60.467778955
	76.5961943143	60.5008424144
	76.5963726438	60.502090721
	76.5980209596	60.5117438576
	76.6006936464	60.5232063865
	76.6041102962	60.5344695712
	76.6082562781	60.5454851809
	76.6131138385	60.5562060452
	76.6186621766	60.5665862557
	76.6248775335	60.5765813626
	76.6317332941	60.5861485655
	76.639200101	60.595246896
	76.6472459802	60.6038373938
	76.655836478	60.611883273
	76.6649348086	60.6193500799
	76.6745020114	60.6262058405
	76.6844971184	60.6324211974
	76.6948773288	60.6379695355
	76.7055981931	60.6428270959
	76.7166138028	60.6469730779
	76.7278769875	60.6503897276
	76.7393395164	60.6530624145
	76.7509523053	60.6549796937
	76.7553888739	60.6555078082
	76.7825044226	60.6583944805
	76.7836036804	60.6693052631
	76.7855209596	60.6809180519
	76.7880584731	60.6918731454
	76.7880042181	60.6926735609
	76.7876191146	60.7044372559
	76.7878386285	60.7133207945
	76.7881132867	60.7188749937
	76.7882788764	60.7217551501
	76.7894325378	60.7334684711
	76.791349817	60.7450812599
	76.7940225039	60.7565437889
	76.7957413849	60.7625407381
	76.7976945099	60.7689341708
	76.7993922786	60.7742004061
	76.8035382605	60.7852160159
	76.8083958209	60.7959368802
	76.813944159	60.8063170906
	76.8201595159	60.8163121976
	76.8270152765	60.8258794004
	76.8344820834	60.834977731
	76.8425279626	60.8435682288
	76.8511184604	60.851614108
	76.856593601	60.85622619
	76.8624224585	60.8609411558
	76.8660456484	60.8637958807
	76.8756128513	60.8706516413
	76.8856079582	60.8768669982
	76.8959881686	60.8824153363
	76.9067090329	60.8872728967
	76.9141607117	60.89007751
	76.916335638	60.8972472811
	76.9204816199	60.9082628909
	76.9253391803	60.9189837552
	76.9308875184	60.9293639656
	76.9313044794	60.9300823276
	76.9351954706	60.9367504184
	76.9409938665	60.9460271634
	76.9478496271	60.9555943663
	76.955316434	60.9646926968
	76.9633623132	60.9732831946
	76.971952811	60.9813290738
	76.9810511416	60.9887958807
	76.9906183444	60.9956516413
	76.9997625916	61.0013726458
	77.0064306824	61.0052712664
	77.0072815422	61.0057656188
	77.0176617526	61.0113139569
	77.0264008901	61.0153367457
	77.0341676137	61.0186631617
	77.0361493406	61.0194979333
	77.0471649503	61.0236439153
	77.058428135	61.027060565
	77.0698906639	61.0297332519
	77.0766270295	61.0309404496
	77.0957920686	61.0339998369
	77.1006684918	61.0347099183
	77.1103987593	61.0357225928
	77.1212477583	61.0365541968
	77.1232308119	61.0366951837
	77.1349945068	61.0370802872
	77.1467582018	61.0366951837
	77.1584715228	61.0355415223
	77.162923073	61.034898744
	77.2018024675	61.028787599
	77.2089637062	61.0275130981
	77.2138726785	61.0264652288
	77.2358148172	61.021460346
	77.2423683738	61.0198355284
	77.2455033984	61.0189650348
	77.2586535416	61.0151852345
	77.2669068975	61.0135340298
	77.2748011646	61.0126948028
	77.3102561335	61.0129145404
	77.3231345446	61.0125328912
	77.3348478656	61.0113792298
	77.3367935602	61.0111122598
	77.3504196588	61.0091667642
	77.3587580094	61.0077755641
	77.3704157243	61.0055477809
	77.3717444679	61.0052886718
	77.3832069969	61.0026159849
	77.391514402	61.0001742491
	77.4165991679	60.9921404347
	77.4175851393	60.9918688453
	77.4209732597	60.9924007323
	77.4253907818	60.9930381653
	77.4371041029	60.9941918268
	77.4488677979	60.9945769303
	77.4521199184	60.9945769303
	77.4626625746	60.9955803766
	77.4627125355	60.9955836442
	77.4757880326	60.9964370023
	77.4811247447	60.9972861211
	77.5027866181	61.002151842
	77.5071160057	61.003068518
	77.5142432195	61.0043376675
	77.5336829168	61.0073970547
	77.5381684918	61.0080451844
	77.5498818128	61.0091988458
	77.5616455078	61.0095839493
	77.5645296057	61.0095608248
	77.5992586096	61.009003879
	77.6081382067	61.0086419
	77.6121171673	61.00833674
	77.6264999724	61.0070730334
	77.6483696369	61.007810842
	77.6544342041	61.0079131119
	77.6572969251	61.0078903289
	77.6922853284	61.0073333831
	77.7011863024	61.0069710626
	77.7128996234	61.0058174012
	77.7186620854	61.0049636099
	77.7439458988	61.0007979605
	77.7497962258	60.9997344726
	77.7507788225	60.9995361739
	77.7860724016	60.9923111373
	77.7965523338	60.9898367491
	77.7969542385	60.9897285605
	77.8072234035	60.9869514609
	77.8180846835	60.9836429997
	77.8272971669	60.9802324869
	77.8575210181	60.971688723
	77.8664092684	60.9689258977
	77.8760228536	60.9653537481
	77.9007573506	60.9553516118
	77.9021593753	60.9547777795
	77.9128802396	60.9499202191
	77.9215684538	60.9453365787
	77.9348893767	60.9378368838
	77.9365813729	60.9368721862
	77.937336673	60.936433665
	77.9709185628	60.9501383504
	77.9810638761	60.953926508
	77.9836971663	60.9547978044
	78.0086910628	60.9628544451
	78.0173209572	60.9653997984
	78.01964204	60.9660051713
	78.0371438711	60.9704454789
	78.0462853172	60.9725127929
	78.0534465559	60.9737872938
	78.0923259505	60.9798984388
	78.0967775006	60.9805412171
	78.1084908216	60.9816948785
	78.1109046058	60.9818367989
	78.1428565101	60.9835000069
	78.1522064209	60.98374319
	78.1564373535	60.9836934212
	78.1681103272	60.983418763
	78.1756430895	60.9830834283
	78.1818488418	60.9825686573
	78.2454474746	60.976182854
	78.2509550434	60.9755439637
	78.2529146956	60.9752750003
	78.2734312172	60.9723440686
	78.2791545002	60.9719632152
	78.2906889301	60.9708213685
	78.3023017189	60.9689040893
	78.3049616155	60.9683540925
	78.3065101954	60.9680216749
	78.3833278371	60.9605772871
	78.4260954911	60.9572864748
	78.4612213885	60.9569476398
	78.4708053272	60.9592705357
	78.4792479952	60.9622681319
	78.4816131925	60.9630894109
	78.4898845989	60.9656766767
	78.4980011319	60.9686512395
	78.5092643166	60.9720678892
	78.5106239327	60.9724265071
	78.5898017891	60.9929800959
	78.5995259916	60.995218412
	78.6056233821	60.9969796761
	78.6231252132	61.0017022713
	78.6234305764	61.0017843809
	78.626218336	61.0025074879
	78.6350989513	61.0047352711
	78.6437737205	61.006684851
	78.6553865094	61.0086021302
	78.6670998304	61.0097557916
	78.669519054	61.0098979951
	78.680078136	61.0104473115
	78.7011863024	61.010305108
	78.7128996234	61.0091514466
	78.7245124123	61.0072341674
	78.7261425915	61.0069020598
	78.7381054822	61.0044072478
	78.7479378318	61.0020666685
	78.7592010165	60.9986500188
	78.7702166262	60.9945040369
	78.7809374905	60.9896464764
	78.791317701	60.9840981384
	78.7924629223	60.9834313073
	78.7939623512	60.9825508183
	78.8020403958	60.9788127362
	78.8101305275	60.9745643174
	78.8164752103	60.9715876996
	78.8268554207	60.9660393615
	78.828905104	60.9648378569
	78.8311637275	60.9634937519
	78.8348015811	60.9618262796
	78.8352076357	60.9621387762
	78.8447748386	60.9689945368
	78.8547699455	60.9752098937
	78.865150156	60.9807582318
	78.8758710202	60.9856157922
	78.8774452448	60.9862591553
	78.8932838678	60.9926449585
	78.902725253	60.9961475774
	78.9139884377	60.9995642271
	78.9156106191	60.9999907924
	78.9242165761	61.0022109462
	78.9340569237	61.0044570678
	78.9444326803	61.0062071196
	78.9544424459	61.0075956694
	78.9556794781	61.0077628968
	78.9673927992	61.0089165582
	78.9791564941	61.0093016617
	78.9909201891	61.0089165582
	79.0026335102	61.0077628968
	79.014246299	61.0058456176
	79.0167961525	61.0053192067
	79.027034076	61.0031282374
	79.0304402742	61.003789079
	79.0412202496	61.005542743
	79.0529335706	61.0066964044
	79.0646972656	61.0070815079
	79.0764609606	61.0066964044
	79.0881742816	61.005542743
	79.0919529866	61.0050044193
	79.0924044946	61.0049352008
	79.0966186857	61.0064243718
	79.1078818703	61.0098410215
	79.110810678	61.0105994511
	79.1196912932	61.0128196049
	79.1282250145	61.0147338622
	79.1398378033	61.0166511414
	79.1515511244	61.0178048028
	79.1538409212	61.0179402264
	79.1644000033	61.0184971722
	79.1738739014	61.0187468521
	79.1782279804	61.0186941436
	79.1898856953	61.018411856
	79.1972953112	61.0180794611
	79.2090086322	61.0169257996
	79.2206214211	61.0150085204
	79.223124223	61.0144921722
	79.2347971966	61.0119973602
	79.2437569236	61.0098410215
	79.2550201083	61.0064243718
	79.2639255735	61.0031368253
	79.2722721311	60.9998027798
	79.2743822757	60.9989443445
	79.2851031399	60.9940867841
	79.2932878144	60.9897855738
	79.3000785143	60.9894692316
	79.3117918353	60.9883155701
	79.3156080453	60.9877714927
	79.3264417855	60.9861082847
	79.3342383644	60.9847350829
	79.3457008933	60.982062396
	79.356964078	60.9786457463
	79.3679796878	60.9744997644
	79.3787005521	60.969642204
	79.3867302425	60.9654274956
	79.3931506253	60.9624171674
	79.4035308357	60.9568688293
	79.4135259427	60.9506534724
	79.4230931456	60.9437977118
	79.4321914761	60.9363309048
	79.4366997018	60.9322402804
	79.4414299264	60.9277999728
	79.4455121985	60.923844718
	79.4535580777	60.9152542202
	79.4610248846	60.9061558897
	79.4678806452	60.8965886868
	79.4740960021	60.8865935799
	79.4796443402	60.8762133694
	79.4843676807	60.8657887348
	79.4907234876	60.8664147272
	79.4947218515	60.8666321252
	79.5460981943	60.868852279
	79.5538635254	60.8690199845
	79.5624355397	60.868815605
	79.5670521942	60.8685953332
	79.6141599072	60.8700483739
	79.6197052002	60.8701338761
	79.6202865935	60.8701329364
	79.6251260965	60.8708237518
	79.6270661969	60.8710899232
	79.6387795179	60.8722435846
	79.6505432129	60.8726286881
	79.6547796803	60.872578789
	79.6592040811	60.8724745492
	79.7055998349	60.8751151726
	79.7158203125	60.8754057877
	79.7380371094	60.8754057877
	79.7478221594	60.8751394255
	79.7773903772	60.8735284587
	79.793598715	60.8737288365
	79.7958221436	60.8737425797
	79.801770721	60.8736441854
	79.8939948421	60.8705924276
	79.8998099596	60.8703057184
	79.9059650777	60.8697960241
	79.9241925259	60.8679710537
	79.929051955	60.8678533843
	79.936461571	60.8675209894
	79.943038104	60.8669686009
	79.9973086166	60.8614058069
	80.0002228478	60.8613670863
	80.0095969469	60.860997857
	80.0157248323	60.8604908873
	80.0640341584	60.8556614806
	80.0693808195	60.8550460616
	80.153900238	60.8440339701
	80.1583783054	60.8463206708
	80.1690991697	60.8511782312
	80.1691781335	60.8512109171
	80.1733467379	60.8534993867
	80.1803509616	60.8571467816
	80.1910718259	60.862004342
	80.1935271331	60.86300024
	80.1973618764	60.865033426
	80.2020642185	60.8674388348
	80.2127850827	60.8722963953
	80.2198280135	60.8750417441
	80.2798582509	60.8970000407
	80.2820462014	60.8982023536
	80.2891156101	60.9018855511
	80.2995343363	60.9066176398
	80.3020791706	60.9080638172
	80.3113934421	60.913001579
	80.3154876604	60.9149568186
	80.345532216	60.9288423167
	80.352158862	60.9317446374
	80.3631744718	60.9358906194
	80.3744376565	60.9393072691
	80.3859001854	60.941979956
	80.3975129742	60.9438972352
	80.4007129336	60.9442893759
	80.4104632998	60.9453956381
	80.4189766615	60.9461571588
	80.4224712587	60.9463520797
	80.4761821962	60.9488240036
	80.4844512939	60.9490141861
	80.4933374653	60.9487945421
	80.4957097601	60.948677196
	80.4975487811	60.9487713394
	80.5067443848	60.9490065567
	80.5162198973	60.9487567916
	80.5694977911	60.9459461335
	80.5807817683	60.9460344519
	80.6004204651	60.9558334914
	80.6011731052	60.9562068402
	80.6118939695	60.9610644006
	80.6171176227	60.9631331288
	80.6251895221	60.9661848866
	80.6309814786	60.9682621404
	80.6422446633	60.9716787901
	80.6453141211	60.9724723219
	80.6542252539	60.9746924757
	80.662618325	60.9765716308
	80.6742311139	60.97848891
	80.6859444349	60.9796425714
	80.6977081299	60.9800276749
	80.7094718249	60.9796425714
	80.7211851459	60.97848891
	80.7245607489	60.9780119163
	80.8220714122	60.9632891915
	80.8499144104	60.9615378348
	80.8503867419	60.9615075006
	80.8621000629	60.9603538392
	80.868291088	60.959428908
	80.8762153569	60.9581036735
	80.9080198485	60.9547722702
	80.9127592426	60.9542121766
	80.9157538293	60.9537922937
	80.949787192	60.9487282774
	80.9570197988	60.948084399
	80.9645475727	60.9472541688
	80.9733924727	60.9458649521
	81.0166121516	60.9379697839
	81.0444008519	60.9356327426
	81.0528044086	60.9347267029
	81.0644171974	60.9328094237
	81.0727395496	60.9309478727
	81.0816354236	60.9287353483
	81.0847756004	60.9279242124
	81.096038785	60.9245075627
	81.1070543948	60.9203615808
	81.1177752591	60.9155040204
	81.1281554695	60.9099556823
	81.1381505765	60.9037403254
	81.1477177793	60.8968845648
	81.1568161099	60.8894177579
	81.1654066077	60.8813718787
	81.1734524869	60.8727813809
	81.1809192938	60.8636830503
	81.1877750544	60.8541158475
	81.1939904113	60.8441207405
	81.1995387494	60.8337405301
	81.2043963098	60.8230196658
	81.2085422917	60.812004056
	81.2086459271	60.8116978525
	81.262599989	60.8090777467
	81.2656394274	60.8089043512
	81.2661512605	60.8088700708
	81.3214675948	60.8050859747
	81.4654686044	60.7973930112
	81.469701216	60.7992066642
	81.4717114743	60.8000536584
	81.4827270841	60.8041996404
	81.4939902688	60.8076162901
	81.5054527977	60.810288977
	81.5170655865	60.8122062562
	81.5287789076	60.8133599176
	81.5312217498	60.8135033482
	81.8523277069	60.8301659459
	81.8734122546	60.8300225153
	81.8851255756	60.8288688538
	81.8967383644	60.8269515746
	81.9082008933	60.8242788877
	81.919464078	60.820862238
	81.9304796878	60.8167162561
	81.9379574557	60.813417879
	82.0043484469	60.7823128375
	82.0075915433	60.7807536542
	82.0100963662	60.7794940477
	82.0289417988	60.7698324456
	82.0705040958	60.7503429825
	82.0736926175	60.7488093793
	82.0794506461	60.7458397357
	82.1123995192	60.7349788496
	82.113906827	60.7344746037
	82.1225948553	60.7312737487
	82.1674237209	60.7134344045
	82.2032881357	60.7283449693
	82.2041511657	60.7362455707
	82.2060684449	60.7478583595
	82.2087411318	60.7593208885
	82.2121577815	60.7705840731
	82.2163037634	60.7815996829
	82.2211613239	60.7923205472
	82.2267096619	60.8027007576
	82.2329250188	60.8126958646
	82.2397807795	60.8222630674
	82.2472475864	60.831361398
	82.2552934656	60.8399518958
	82.2638839634	60.847997775
	82.2729822939	60.8554645819
	82.2825494968	60.8623203425
	82.2925446037	60.8685356994
	82.3029248142	60.8740840375
	82.30685486	60.8759633024
	82.3751989762	60.9076329191
	82.3779600491	60.9088842038
	82.4841282234	60.9559239884
	82.6897743558	61.0501689767
	82.6958783445	61.052830758
	82.6989111416	61.0540548
	82.7141877019	61.0600595173
	82.7211994446	61.0636271501
	82.7232129001	61.0646357953
	82.7339337644	61.0694933557
	82.7449493741	61.0736393376
	82.7562125588	61.0770559874
	82.758083563	61.0775465542
	82.7679987696	61.081582917
	82.7779999112	61.0853123113
	82.7892630959	61.088728961
	82.7943820131	61.0900203597
	82.7952270841	61.0903095647
	82.8064902688	61.0937262144
	82.8153355808	61.0958580607
	82.8385657569	61.1008387459
	82.8441596781	61.1023064579
	82.8533297446	61.1055680644
	82.8557892179	61.1064228459
	82.8669378089	61.1098087499
	82.8674175001	61.1100144663
	82.8694775876	61.110882821
	82.8788973517	61.1144787217
	82.8829329938	61.1158910118
	82.8933728513	61.1206102991
	82.8988343537	61.1227687592
	82.9295100059	61.1343168329
	82.9307171726	61.1349177777
	82.9414380368	61.1397753381
	82.9472307465	61.1420581119
	82.9560273691	61.1460427909
	82.9718659921	61.1527108818
	82.9728253659	61.1531115198
	82.9822659132	61.1567146922
	82.987476205	61.15853734
	83.0360986633	61.1833104514
	83.0382000827	61.1843638837
	83.048920947	61.1892214441
	83.0572992143	61.1924492749
	83.0845361528	61.2021691235
	83.0871734952	61.2030872746
	83.0984366799	61.2065039244
	83.1098992088	61.2091766112
	83.1215119977	61.2110938904
	83.1332253187	61.2122475519
	83.1369054003	61.2124509134
	83.5013463182	61.2288464822
	83.5094299316	61.2290282242
	83.5211936266	61.2286431207
	83.5329069477	61.2274894593
	83.5445197365	61.2255721801
	83.5559822654	61.2228994932
	83.5672454501	61.2194828435
	83.5782610598	61.2153368616
	83.5889819241	61.2104793011
	83.5993621346	61.2049309631
	83.6093572415	61.1987156062
	83.6105520272	61.1979103352
	83.6346885891	61.1815016168
	83.6426970955	61.1771447082
	83.6526922025	61.1709293513
	83.659233933	61.1663449664
	83.6644351095	61.1630067637
	83.675903814	61.1569776173
	83.6821410652	61.1535393615
	83.6921361722	61.1473240046
	83.6936135422	61.1463262318
	83.7065718891	61.1374807152
	83.7138609276	61.1339068489
	83.7224260989	61.1306124353
	83.7309597561	61.1268151737
	83.7446462069	61.1202941931
	83.7534162324	61.1173295278
	83.7536315585	61.1172565862
	83.7646471682	61.1131106042
	83.7657763576	61.1126383711
	83.7843502792	61.1047963005
	83.7968734882	61.1006202344
	83.797790494	61.1003117009
	83.8088061038	61.096165719
	83.8179910326	61.0920565501
	83.8244042255	61.088969298
	83.9286754641	61.0525938231
	83.9382616702	61.0489397668
	83.9459228691	61.0455553239
	83.9689788994	61.0347215837
	83.9720385648	61.0332484662
	83.9824187752	61.0277001281
	83.9896554625	61.0232915354
	83.9957549568	61.0199257751
	84.0057500638	61.0137104182
	84.0079326809	61.0122287736
	84.0151002725	61.0088063461
	84.0155791903	61.0086445256
END
END
