none
1
   1.042561E+01   4.655626E+01
   1.046421E+01   4.654864E+01
   1.047995E+01   4.662099E+01
   1.040176E+01   4.663771E+01
   1.038707E+01   4.669478E+01
   1.039920E+01   4.673304E+01
   1.040715E+01   4.678352E+01
   1.045785E+01   4.688018E+01
   1.065839E+01   4.689164E+01
   1.076408E+01   4.684650E+01
   1.079387E+01   4.680597E+01
   1.101901E+01   4.679308E+01
   1.109767E+01   4.696790E+01
   1.159466E+01   4.703169E+01
   1.177489E+01   4.700451E+01
   1.201894E+01   4.708077E+01
   1.226901E+01   4.710169E+01
   1.223553E+01   4.702891E+01
   1.212162E+01   4.700797E+01
   1.218859E+01   4.694268E+01
   1.219173E+01   4.692194E+01
   1.223433E+01   4.689742E+01
   1.228126E+01   4.690004E+01
   1.230792E+01   4.684189E+01
   1.233012E+01   4.679459E+01
   1.255889E+01   4.668725E+01
   1.280293E+01   4.665979E+01
   1.374748E+01   4.653360E+01
   1.369611E+01   4.643597E+01
   1.345064E+01   4.634364E+01
   1.342064E+01   4.629123E+01
   1.342309E+01   4.624328E+01
   1.357374E+01   4.623938E+01
   1.368365E+01   4.618206E+01
   1.363780E+01   4.611750E+01
   1.349524E+01   4.600781E+01
   1.354426E+01   4.597718E+01
   1.359604E+01   4.599890E+01
   1.365786E+01   4.599527E+01
   1.363279E+01   4.591037E+01
   1.360357E+01   4.583425E+01
   1.380819E+01   4.577005E+01
   1.393259E+01   4.563757E+01
   1.384723E+01   4.557564E+01
   1.373051E+01   4.556447E+01
   1.358998E+01   4.556769E+01
   1.344560E+01   4.556894E+01
   1.294387E+01   4.511068E+01
   1.333236E+01   4.463973E+01
   1.290975E+01   4.408114E+01
   1.275557E+01   4.397086E+01
   1.275787E+01   4.396094E+01
   1.274875E+01   4.394416E+01
   1.273202E+01   4.392309E+01
   1.273165E+01   4.390855E+01
   1.273727E+01   4.389592E+01
   1.272943E+01   4.388784E+01
   1.272733E+01   4.388153E+01
   1.273525E+01   4.387313E+01
   1.273561E+01   4.386833E+01
   1.272494E+01   4.385900E+01
   1.270525E+01   4.385627E+01
   1.269811E+01   4.385060E+01
   1.268622E+01   4.384899E+01
   1.268158E+01   4.383850E+01
   1.268533E+01   4.382745E+01
   1.267469E+01   4.382162E+01
   1.264587E+01   4.382407E+01
   1.263060E+01   4.381875E+01
   1.262257E+01   4.381879E+01
   1.260877E+01   4.382964E+01
   1.260749E+01   4.384063E+01
   1.259867E+01   4.384982E+01
   1.259911E+01   4.385887E+01
   1.258727E+01   4.386397E+01
   1.258927E+01   4.387250E+01
   1.258532E+01   4.388048E+01
   1.257214E+01   4.388112E+01
   1.256803E+01   4.387835E+01
   1.256376E+01   4.386764E+01
   1.254107E+01   4.386166E+01
   1.253279E+01   4.386713E+01
   1.252775E+01   4.387672E+01
   1.252879E+01   4.388431E+01
   1.253576E+01   4.388748E+01
   1.253364E+01   4.389439E+01
   1.251933E+01   4.389640E+01
   1.250066E+01   4.391095E+01
   1.249082E+01   4.391418E+01
   1.249149E+01   4.392066E+01
   1.250158E+01   4.392772E+01
   1.251248E+01   4.394294E+01
   1.250403E+01   4.395730E+01
   1.250358E+01   4.397178E+01
   1.250849E+01   4.397776E+01
   1.250671E+01   4.398408E+01
   1.250285E+01   4.398466E+01
   1.247089E+01   4.397519E+01
   1.244823E+01   4.396334E+01
   1.243740E+01   4.395437E+01
   1.242169E+01   4.395442E+01
   1.240872E+01   4.394774E+01
   1.240886E+01   4.394359E+01
   1.241414E+01   4.393908E+01
   1.241779E+01   4.393098E+01
   1.241190E+01   4.392114E+01
   1.241478E+01   4.390454E+01
   1.241999E+01   4.389923E+01
   1.242552E+01   4.388449E+01
   1.243417E+01   4.387708E+01
   1.243375E+01   4.387064E+01
   1.242076E+01   4.386963E+01
   1.240810E+01   4.387309E+01
   1.239969E+01   4.387049E+01
   1.238983E+01   4.388075E+01
   1.235659E+01   4.387066E+01
   1.234971E+01   4.386360E+01
   1.234987E+01   4.384882E+01
   1.234020E+01   4.383396E+01
   1.233758E+01   4.382277E+01
   1.232113E+01   4.381305E+01
   1.231601E+01   4.380236E+01
   1.229182E+01   4.379247E+01
   1.228984E+01   4.376958E+01
   1.228534E+01   4.376304E+01
   1.226067E+01   4.375720E+01
   1.225585E+01   4.375113E+01
   1.224677E+01   4.374872E+01
   1.224071E+01   4.374904E+01
   1.223089E+01   4.375596E+01
   1.221480E+01   4.375467E+01
   1.221053E+01   4.374782E+01
   1.220454E+01   4.374472E+01
   1.220104E+01   4.373553E+01
   1.219372E+01   4.372977E+01
   1.217128E+01   4.374544E+01
   1.216099E+01   4.375829E+01
   1.214311E+01   4.375029E+01
   1.212599E+01   4.374680E+01
   1.210685E+01   4.375047E+01
   1.207671E+01   4.373802E+01
   1.206356E+01   4.374059E+01
   1.205783E+01   4.375058E+01
   1.205116E+01   4.375422E+01
   1.204178E+01   4.375141E+01
   1.202881E+01   4.375814E+01
   1.201864E+01   4.375843E+01
   1.200533E+01   4.376315E+01
   1.198438E+01   4.375999E+01
   1.195217E+01   4.377390E+01
   1.194635E+01   4.378770E+01
   1.191721E+01   4.379166E+01
   1.191058E+01   4.379819E+01
   1.190859E+01   4.380866E+01
   1.189656E+01   4.380528E+01
   1.188538E+01   4.380566E+01
   1.186564E+01   4.381357E+01
   1.185591E+01   4.381248E+01
   1.185005E+01   4.380627E+01
   1.183978E+01   4.380582E+01
   1.181619E+01   4.381502E+01
   1.181154E+01   4.382278E+01
   1.179120E+01   4.383458E+01
   1.178372E+01   4.384488E+01
   1.173115E+01   4.386097E+01
   1.172002E+01   4.387206E+01
   1.170895E+01   4.387532E+01
   1.170568E+01   4.388773E+01
   1.171223E+01   4.390224E+01
   1.171023E+01   4.391197E+01
   1.171246E+01   4.391971E+01
   1.168355E+01   4.393246E+01
   1.167993E+01   4.393852E+01
   1.168756E+01   4.395184E+01
   1.168689E+01   4.395572E+01
   1.167020E+01   4.396442E+01
   1.166327E+01   4.397129E+01
   1.165229E+01   4.397344E+01
   1.164313E+01   4.399039E+01
   1.164819E+01   4.399859E+01
   1.164654E+01   4.400624E+01
   1.165596E+01   4.400969E+01
   1.165456E+01   4.401891E+01
   1.166265E+01   4.402291E+01
   1.168031E+01   4.402519E+01
   1.169068E+01   4.403603E+01
   1.169461E+01   4.405341E+01
   1.170828E+01   4.406901E+01
   1.173250E+01   4.408814E+01
   1.173730E+01   4.409983E+01
   1.174578E+01   4.410655E+01
   1.174754E+01   4.412070E+01
   1.174202E+01   4.412315E+01
   1.170358E+01   4.411723E+01
   1.168259E+01   4.411935E+01
   1.167710E+01   4.411161E+01
   1.164906E+01   4.409665E+01
   1.163720E+01   4.410915E+01
   1.161351E+01   4.411664E+01
   1.160104E+01   4.411583E+01
   1.158411E+01   4.410980E+01
   1.158135E+01   4.411631E+01
   1.158546E+01   4.412462E+01
   1.159748E+01   4.412813E+01
   1.160204E+01   4.414039E+01
   1.161374E+01   4.414603E+01
   1.161074E+01   4.415641E+01
   1.160210E+01   4.415442E+01
   1.158985E+01   4.415890E+01
   1.157395E+01   4.415806E+01
   1.156741E+01   4.416381E+01
   1.156260E+01   4.416453E+01
   1.155719E+01   4.416271E+01
   1.155340E+01   4.415640E+01
   1.154410E+01   4.415010E+01
   1.152863E+01   4.415502E+01
   1.152073E+01   4.415322E+01
   1.151404E+01   4.415595E+01
   1.151042E+01   4.416067E+01
   1.150257E+01   4.416001E+01
   1.148172E+01   4.417456E+01
   1.147787E+01   4.418084E+01
   1.145663E+01   4.418630E+01
   1.144382E+01   4.420135E+01
   1.144977E+01   4.421265E+01
   1.144724E+01   4.421991E+01
   1.142373E+01   4.423308E+01
   1.141668E+01   4.423127E+01
   1.139892E+01   4.421922E+01
   1.139144E+01   4.421062E+01
   1.138907E+01   4.420334E+01
   1.138133E+01   4.419765E+01
   1.134387E+01   4.420220E+01
   1.133257E+01   4.419672E+01
   1.132737E+01   4.419202E+01
   1.132448E+01   4.417918E+01
   1.129023E+01   4.416172E+01
   1.128180E+01   4.415146E+01
   1.127071E+01   4.415632E+01
   1.124044E+01   4.415631E+01
   1.121549E+01   4.414787E+01
   1.120398E+01   4.414784E+01
   1.120349E+01   4.414255E+01
   1.122062E+01   4.413125E+01
   1.122886E+01   4.413051E+01
   1.125186E+01   4.411862E+01
   1.126190E+01   4.411758E+01
   1.126599E+01   4.410331E+01
   1.125513E+01   4.410141E+01
   1.124787E+01   4.409504E+01
   1.122802E+01   4.409929E+01
   1.120876E+01   4.409647E+01
   1.115864E+01   4.410963E+01
   1.113931E+01   4.410530E+01
   1.112761E+01   4.410595E+01
   1.110360E+01   4.409673E+01
   1.108993E+01   4.408753E+01
   1.107321E+01   4.408947E+01
   1.104904E+01   4.408789E+01
   1.104097E+01   4.409355E+01
   1.102250E+01   4.409504E+01
   1.101842E+01   4.409992E+01
   1.101154E+01   4.410142E+01
   1.100041E+01   4.410927E+01
   1.100265E+01   4.412277E+01
   1.101209E+01   4.412780E+01
   1.101088E+01   4.413381E+01
   1.100555E+01   4.413546E+01
   1.099948E+01   4.413370E+01
   1.099585E+01   4.412776E+01
   1.097486E+01   4.411494E+01
   1.097198E+01   4.410565E+01
   1.095664E+01   4.408729E+01
   1.094463E+01   4.407862E+01
   1.092982E+01   4.407314E+01
   1.091909E+01   4.406064E+01
   1.090957E+01   4.406000E+01
   1.089721E+01   4.406436E+01
   1.090105E+01   4.408110E+01
   1.088913E+01   4.409099E+01
   1.087490E+01   4.409730E+01
   1.084864E+01   4.409555E+01
   1.084340E+01   4.410064E+01
   1.084242E+01   4.410583E+01
   1.083304E+01   4.411206E+01
   1.081784E+01   4.410986E+01
   1.080249E+01   4.411704E+01
   1.079467E+01   4.412469E+01
   1.077284E+01   4.413204E+01
   1.075579E+01   4.415048E+01
   1.073435E+01   4.415406E+01
   1.070863E+01   4.415228E+01
   1.069055E+01   4.415468E+01
   1.066570E+01   4.414912E+01
   1.065668E+01   4.415333E+01
   1.064040E+01   4.415451E+01
   1.063511E+01   4.414388E+01
   1.062669E+01   4.413794E+01
   1.062605E+01   4.411841E+01
   1.061619E+01   4.411746E+01
   1.060362E+01   4.411181E+01
   1.059390E+01   4.411233E+01
   1.058325E+01   4.411685E+01
   1.057665E+01   4.412837E+01
   1.056638E+01   4.413531E+01
   1.052343E+01   4.415515E+01
   1.051717E+01   4.416630E+01
   1.051994E+01   4.417236E+01
   1.051639E+01   4.417845E+01
   1.048739E+01   4.419598E+01
   1.048296E+01   4.420491E+01
   1.048714E+01   4.421460E+01
   1.048379E+01   4.421990E+01
   1.047303E+01   4.422172E+01
   1.046302E+01   4.422731E+01
   1.044608E+01   4.422652E+01
   1.043796E+01   4.422315E+01
   1.042968E+01   4.422460E+01
   1.041230E+01   4.423344E+01
   1.040482E+01   4.424642E+01
   1.038170E+01   4.425845E+01
   1.037358E+01   4.426637E+01
   1.035987E+01   4.426911E+01
   1.034365E+01   4.426696E+01
   1.031690E+01   4.427325E+01
   1.030480E+01   4.428212E+01
   1.029754E+01   4.428291E+01
   1.027091E+01   4.427155E+01
   1.025367E+01   4.426741E+01
   1.023648E+01   4.428059E+01
   1.022624E+01   4.429731E+01
   1.021913E+01   4.430138E+01
   1.020988E+01   4.430010E+01
   1.019696E+01   4.431225E+01
   1.018809E+01   4.431359E+01
   1.016186E+01   4.433348E+01
   1.016015E+01   4.434248E+01
   1.014775E+01   4.434985E+01
   1.012971E+01   4.435208E+01
   1.010753E+01   4.434831E+01
   1.009958E+01   4.434311E+01
   1.009008E+01   4.435006E+01
   1.006447E+01   4.436157E+01
   1.005512E+01   4.436899E+01
   1.004270E+01   4.437120E+01
   1.003267E+01   4.437749E+01
   1.000766E+01   4.438652E+01
   9.994252E+00   4.439572E+01
   9.987570E+00   4.440410E+01
   9.989261E+00   4.441086E+01
   9.998198E+00   4.442088E+01
   1.000217E+01   4.442966E+01
   9.998804E+00   4.444135E+01
   9.976115E+00   4.444444E+01
   9.969702E+00   4.445009E+01
   9.965720E+00   4.446043E+01
   9.959402E+00   4.446445E+01
   9.924035E+00   4.446982E+01
   9.909483E+00   4.446586E+01
   9.898762E+00   4.446917E+01
   9.876758E+00   4.446672E+01
   9.861298E+00   4.446858E+01
   9.822265E+00   4.446442E+01
   9.819348E+00   4.446121E+01
   9.817678E+00   4.444992E+01
   9.800573E+00   4.444181E+01
   9.774890E+00   4.441505E+01
   9.758245E+00   4.440351E+01
   9.757367E+00   4.439693E+01
   9.762259E+00   4.439124E+01
   9.761683E+00   4.438792E+01
   9.749097E+00   4.438629E+01
   9.743699E+00   4.437802E+01
   9.717282E+00   4.437975E+01
   9.691465E+00   4.436639E+01
   9.684969E+00   4.436015E+01
   9.680923E+00   4.435996E+01
   9.670931E+00   4.436901E+01
   9.662526E+00   4.439827E+01
   9.654751E+00   4.440971E+01
   9.636925E+00   4.441221E+01
   9.604043E+00   4.443013E+01
   9.594973E+00   4.443052E+01
   9.584722E+00   4.442576E+01
   9.576626E+00   4.443221E+01
   9.559835E+00   4.443572E+01
   9.554549E+00   4.443155E+01
   9.552777E+00   4.442610E+01
   9.546231E+00   4.442363E+01
   9.533082E+00   4.442540E+01
   9.521530E+00   4.442158E+01
   9.513251E+00   4.442363E+01
   9.493931E+00   4.442096E+01
   9.487016E+00   4.441711E+01
   9.479300E+00   4.440685E+01
   9.471932E+00   4.441102E+01
   9.466371E+00   4.442081E+01
   9.461005E+00   4.441726E+01
   9.442972E+00   4.441427E+01
   9.436617E+00   4.441673E+01
   9.437408E+00   4.443130E+01
   9.444071E+00   4.444007E+01
   9.453412E+00   4.444460E+01
   9.458780E+00   4.445902E+01
   9.467200E+00   4.447051E+01
   9.466887E+00   4.448330E+01
   9.474498E+00   4.448488E+01
   9.483987E+00   4.448228E+01
   9.492790E+00   4.448593E+01
   9.492059E+00   4.449943E+01
   9.498707E+00   4.451362E+01
   9.497668E+00   4.452002E+01
   9.501010E+00   4.452830E+01
   9.497618E+00   4.453658E+01
   9.485658E+00   4.454513E+01
   9.488123E+00   4.455512E+01
   9.483957E+00   4.455943E+01
   9.466320E+00   4.456327E+01
   9.453067E+00   4.455830E+01
   9.448139E+00   4.456522E+01
   9.439990E+00   4.456431E+01
   9.430683E+00   4.457056E+01
   9.421432E+00   4.457272E+01
   9.416188E+00   4.457692E+01
   9.416078E+00   4.459081E+01
   9.409718E+00   4.459438E+01
   9.399746E+00   4.458526E+01
   9.389208E+00   4.458488E+01
   9.382936E+00   4.457454E+01
   9.361073E+00   4.458221E+01
   9.342283E+00   4.457523E+01
   9.315217E+00   4.459322E+01
   9.307576E+00   4.459427E+01
   9.300578E+00   4.460416E+01
   9.292304E+00   4.460334E+01
   9.283122E+00   4.459367E+01
   9.275506E+00   4.459299E+01
   9.241061E+00   4.459805E+01
   9.240421E+00   4.460177E+01
   9.248556E+00   4.460886E+01
   9.241546E+00   4.461595E+01
   9.227421E+00   4.461607E+01
   9.203796E+00   4.461107E+01
   9.198430E+00   4.461388E+01
   9.195461E+00   4.465035E+01
   9.201710E+00   4.465681E+01
   9.202887E+00   4.466185E+01
   9.197234E+00   4.467644E+01
   9.198210E+00   4.468782E+01
   9.222859E+00   4.468622E+01
   9.234204E+00   4.468895E+01
   9.235685E+00   4.469274E+01
   9.229813E+00   4.470307E+01
   9.236508E+00   4.471667E+01
   9.256522E+00   4.469705E+01
   9.259790E+00   4.468545E+01
   9.280444E+00   4.468879E+01
   9.290845E+00   4.468315E+01
   9.296549E+00   4.468440E+01
   9.297271E+00   4.468825E+01
   9.287706E+00   4.469923E+01
   9.289978E+00   4.470709E+01
   9.306017E+00   4.470705E+01
   9.310514E+00   4.471215E+01
   9.310770E+00   4.471907E+01
   9.323130E+00   4.472505E+01
   9.328038E+00   4.473201E+01
   9.321609E+00   4.474029E+01
   9.285418E+00   4.475634E+01
   9.282599E+00   4.476383E+01
   9.284183E+00   4.477253E+01
   9.315582E+00   4.478673E+01
   9.320231E+00   4.480267E+01
   9.342160E+00   4.480914E+01
   9.357664E+00   4.482014E+01
   9.352947E+00   4.483151E+01
   9.345385E+00   4.483933E+01
   9.342986E+00   4.485608E+01
   9.337344E+00   4.486761E+01
   9.325622E+00   4.487025E+01
   9.320089E+00   4.487507E+01
   9.308299E+00   4.487341E+01
   9.293567E+00   4.487772E+01
   9.286543E+00   4.488208E+01
   9.287403E+00   4.489015E+01
   9.275478E+00   4.489403E+01
   9.288529E+00   4.492152E+01
   9.283031E+00   4.492959E+01
   9.283845E+00   4.493546E+01
   9.307558E+00   4.493741E+01
   9.316403E+00   4.494219E+01
   9.322776E+00   4.495806E+01
   9.332019E+00   4.496691E+01
   9.332707E+00   4.497539E+01
   9.342612E+00   4.499621E+01
   9.354542E+00   4.500406E+01
   9.362321E+00   4.500369E+01
   9.367366E+00   4.501110E+01
   9.369475E+00   4.501866E+01
   9.367588E+00   4.502804E+01
   9.371710E+00   4.504076E+01
   9.369004E+00   4.504968E+01
   9.398834E+00   4.507565E+01
   9.406037E+00   4.507754E+01
   9.410906E+00   4.508555E+01
   9.432302E+00   4.508552E+01
   9.437792E+00   4.509608E+01
   9.469148E+00   4.509812E+01
   9.499087E+00   4.510646E+01
   9.515554E+00   4.509660E+01
   9.524938E+00   4.508215E+01
   9.534096E+00   4.508212E+01
   9.547154E+00   4.509191E+01
   9.533701E+00   4.512129E+01
   9.537594E+00   4.513150E+01
   9.545692E+00   4.513644E+01
   9.558677E+00   4.513107E+01
   9.570936E+00   4.511299E+01
   9.588942E+00   4.510382E+01
   9.600984E+00   4.510718E+01
   9.610548E+00   4.511412E+01
   9.618083E+00   4.513611E+01
   9.630743E+00   4.513558E+01
   9.640005E+00   4.512845E+01
   9.644395E+00   4.511792E+01
   9.636459E+00   4.508855E+01
   9.645412E+00   4.508421E+01
   9.661533E+00   4.508548E+01
   9.677622E+00   4.508134E+01
   9.686667E+00   4.507332E+01
   9.715974E+00   4.506210E+01
   9.726492E+00   4.506512E+01
   9.736663E+00   4.507558E+01
   9.748199E+00   4.508065E+01
   9.750863E+00   4.508745E+01
   9.743320E+00   4.510434E+01
   9.743684E+00   4.511247E+01
   9.748006E+00   4.511646E+01
   9.758311E+00   4.511612E+01
   9.770190E+00   4.510923E+01
   9.782949E+00   4.509188E+01
   9.817234E+00   4.507980E+01
   9.820388E+00   4.507139E+01
   9.819849E+00   4.505924E+01
   9.822847E+00   4.505657E+01
   9.828066E+00   4.505829E+01
   9.832378E+00   4.506427E+01
   9.833562E+00   4.507218E+01
   9.830058E+00   4.508118E+01
   9.830594E+00   4.509028E+01
   9.838200E+00   4.509881E+01
   9.847964E+00   4.510021E+01
   9.863041E+00   4.509699E+01
   9.882081E+00   4.507858E+01
   9.890121E+00   4.507997E+01
   9.896592E+00   4.508443E+01
   9.898835E+00   4.509503E+01
   9.878501E+00   4.511107E+01
   9.874312E+00   4.511767E+01
   9.874951E+00   4.512537E+01
   9.882159E+00   4.513004E+01
   9.914065E+00   4.514249E+01
   9.925810E+00   4.513834E+01
   9.929727E+00   4.513369E+01
   9.930505E+00   4.512690E+01
   9.925289E+00   4.511455E+01
   9.918908E+00   4.510908E+01
   9.918535E+00   4.510615E+01
   9.921876E+00   4.510349E+01
   9.940561E+00   4.511041E+01
   9.970865E+00   4.513522E+01
   9.985856E+00   4.513670E+01
   9.999081E+00   4.512778E+01
   1.001331E+01   4.511073E+01
   1.003082E+01   4.509702E+01
   1.003152E+01   4.508762E+01
   1.002514E+01   4.507731E+01
   1.002609E+01   4.507330E+01
   1.004772E+01   4.506103E+01
   1.005651E+01   4.504589E+01
   1.008316E+01   4.504913E+01
   1.008731E+01   4.503424E+01
   1.009623E+01   4.502596E+01
   1.010751E+01   4.502545E+01
   1.014146E+01   4.503548E+01
   1.015924E+01   4.504630E+01
   1.017086E+01   4.504432E+01
   1.017872E+01   4.503415E+01
   1.018769E+01   4.503065E+01
   1.020960E+01   4.503565E+01
   1.022146E+01   4.503329E+01
   1.025604E+01   4.502008E+01
   1.026670E+01   4.500653E+01
   1.027701E+01   4.500088E+01
   1.030521E+01   4.500275E+01
   1.031261E+01   4.499448E+01
   1.031402E+01   4.498594E+01
   1.034316E+01   4.497699E+01
   1.036054E+01   4.496813E+01
   1.036733E+01   4.496859E+01
   1.038869E+01   4.498419E+01
   1.041205E+01   4.498366E+01
   1.042717E+01   4.497164E+01
   1.043589E+01   4.495049E+01
   1.044310E+01   4.494514E+01
   1.046879E+01   4.493979E+01
   1.050259E+01   4.492737E+01
   1.052219E+01   4.491616E+01
   1.056747E+01   4.491314E+01
   1.062518E+01   4.492477E+01
   1.062862E+01   4.493185E+01
   1.064266E+01   4.494395E+01
   1.065396E+01   4.496195E+01
   1.067722E+01   4.497810E+01
   1.068395E+01   4.498917E+01
   1.068804E+01   4.498848E+01
   1.070183E+01   4.497039E+01
   1.070916E+01   4.497633E+01
   1.071064E+01   4.498745E+01
   1.072795E+01   4.499437E+01
   1.074046E+01   4.498752E+01
   1.074376E+01   4.498189E+01
   1.074506E+01   4.497322E+01
   1.075142E+01   4.496277E+01
   1.074706E+01   4.495507E+01
   1.074860E+01   4.495127E+01
   1.079342E+01   4.494238E+01
   1.080086E+01   4.494469E+01
   1.080638E+01   4.493985E+01
   1.081936E+01   4.493903E+01
   1.082831E+01   4.493462E+01
   1.083601E+01   4.493780E+01
   1.084780E+01   4.492923E+01
   1.086559E+01   4.493107E+01
   1.087046E+01   4.492540E+01
   1.088056E+01   4.492177E+01
   1.089653E+01   4.492480E+01
   1.090283E+01   4.492180E+01
   1.091920E+01   4.492755E+01
   1.094166E+01   4.492590E+01
   1.094847E+01   4.493028E+01
   1.095051E+01   4.493642E+01
   1.096847E+01   4.493925E+01
   1.099690E+01   4.495822E+01
   1.105757E+01   4.495376E+01
   1.107235E+01   4.496446E+01
   1.108704E+01   4.496137E+01
   1.110590E+01   4.496167E+01
   1.111974E+01   4.495791E+01
   1.113321E+01   4.494759E+01
   1.115414E+01   4.493715E+01
   1.120097E+01   4.494289E+01
   1.121837E+01   4.494767E+01
   1.123594E+01   4.494820E+01
   1.125020E+01   4.495222E+01
   1.127205E+01   4.494392E+01
   1.128348E+01   4.495818E+01
   1.129507E+01   4.495972E+01
   1.130254E+01   4.496487E+01
   1.131308E+01   4.496150E+01
   1.132749E+01   4.496500E+01
   1.133720E+01   4.495896E+01
   1.135434E+01   4.495364E+01
   1.137720E+01   4.496110E+01
   1.139903E+01   4.495727E+01
   1.140451E+01   4.495112E+01
   1.141829E+01   4.495319E+01
   1.142258E+01   4.495645E+01
   1.142106E+01   4.496132E+01
   1.141503E+01   4.496478E+01
   1.139702E+01   4.496680E+01
   1.132966E+01   4.499003E+01
   1.130415E+01   4.501313E+01
   1.127453E+01   4.501511E+01
   1.126817E+01   4.502600E+01
   1.126051E+01   4.503020E+01
   1.126858E+01   4.504659E+01
   1.126514E+01   4.505171E+01
   1.123796E+01   4.504273E+01
   1.122915E+01   4.504487E+01
   1.120743E+01   4.505696E+01
   1.119121E+01   4.505888E+01
   1.117260E+01   4.505732E+01
   1.117180E+01   4.507459E+01
   1.117988E+01   4.508226E+01
   1.117369E+01   4.508778E+01
   1.117416E+01   4.509793E+01
   1.118613E+01   4.510661E+01
   1.118112E+01   4.511149E+01
   1.114584E+01   4.512335E+01
   1.114038E+01   4.512024E+01
   1.113773E+01   4.510893E+01
   1.113008E+01   4.510201E+01
   1.111620E+01   4.510296E+01
   1.110064E+01   4.510843E+01
   1.109782E+01   4.510338E+01
   1.110055E+01   4.509541E+01
   1.109839E+01   4.509283E+01
   1.107197E+01   4.509774E+01
   1.104026E+01   4.511145E+01
   1.102841E+01   4.512157E+01
   1.102689E+01   4.512737E+01
   1.102890E+01   4.513106E+01
   1.104093E+01   4.513640E+01
   1.104273E+01   4.514745E+01
   1.102469E+01   4.515329E+01
   1.101126E+01   4.514718E+01
   1.099426E+01   4.514922E+01
   1.099131E+01   4.515446E+01
   1.099590E+01   4.516199E+01
   1.099351E+01   4.517545E+01
   1.098927E+01   4.518199E+01
   1.099151E+01   4.518924E+01
   1.098634E+01   4.519591E+01
   1.096705E+01   4.520391E+01
   1.094433E+01   4.520416E+01
   1.092876E+01   4.521683E+01
   1.092766E+01   4.523101E+01
   1.090028E+01   4.523553E+01
   1.089344E+01   4.524521E+01
   1.087968E+01   4.524370E+01
   1.087364E+01   4.525006E+01
   1.084465E+01   4.525460E+01
   1.083615E+01   4.527070E+01
   1.082654E+01   4.528101E+01
   1.081539E+01   4.528772E+01
   1.081207E+01   4.529419E+01
   1.078433E+01   4.531118E+01
   1.073488E+01   4.528518E+01
   1.072682E+01   4.529205E+01
   1.073108E+01   4.530601E+01
   1.072921E+01   4.531420E+01
   1.072451E+01   4.531660E+01
   1.070651E+01   4.531493E+01
   1.070513E+01   4.531811E+01
   1.071131E+01   4.532503E+01
   1.071173E+01   4.533164E+01
   1.070312E+01   4.533740E+01
   1.068449E+01   4.534069E+01
   1.068373E+01   4.535540E+01
   1.069445E+01   4.535778E+01
   1.070474E+01   4.536369E+01
   1.070468E+01   4.536744E+01
   1.069803E+01   4.537299E+01
   1.069497E+01   4.538022E+01
   1.070399E+01   4.538533E+01
   1.071450E+01   4.539805E+01
   1.071374E+01   4.541282E+01
   1.071069E+01   4.541627E+01
   1.070019E+01   4.541956E+01
   1.067025E+01   4.542346E+01
   1.065478E+01   4.541322E+01
   1.064363E+01   4.541512E+01
   1.064129E+01   4.542030E+01
   1.064444E+01   4.542758E+01
   1.064076E+01   4.543833E+01
   1.062491E+01   4.543550E+01
   1.062170E+01   4.543747E+01
   1.062073E+01   4.544265E+01
   1.062294E+01   4.544600E+01
   1.063790E+01   4.544673E+01
   1.064161E+01   4.545130E+01
   1.063605E+01   4.551884E+01
   1.062811E+01   4.554716E+01
   1.062497E+01   4.560853E+01
   1.071859E+01   4.569514E+01
   1.076722E+01   4.574898E+01
   1.080976E+01   4.580311E+01
   1.083010E+01   4.581889E+01
   1.083515E+01   4.583077E+01
   1.082402E+01   4.583513E+01
   1.079060E+01   4.583101E+01
   1.077357E+01   4.584009E+01
   1.076417E+01   4.583724E+01
   1.075629E+01   4.582771E+01
   1.074758E+01   4.583526E+01
   1.073562E+01   4.583957E+01
   1.072671E+01   4.583926E+01
   1.071867E+01   4.583470E+01
   1.071024E+01   4.583358E+01
   1.069900E+01   4.583855E+01
   1.067848E+01   4.582861E+01
   1.066129E+01   4.582771E+01
   1.064476E+01   4.580047E+01
   1.064066E+01   4.579967E+01
   1.063275E+01   4.580382E+01
   1.061479E+01   4.580326E+01
   1.058830E+01   4.579443E+01
   1.058163E+01   4.578691E+01
   1.057120E+01   4.578333E+01
   1.055051E+01   4.578109E+01
   1.053586E+01   4.578358E+01
   1.053070E+01   4.578659E+01
   1.052777E+01   4.579971E+01
   1.052348E+01   4.580527E+01
   1.052841E+01   4.581162E+01
   1.053612E+01   4.581392E+01
   1.053706E+01   4.581862E+01
   1.052546E+01   4.582400E+01
   1.050741E+01   4.582127E+01
   1.050054E+01   4.582853E+01
   1.050035E+01   4.583606E+01
   1.050342E+01   4.584230E+01
   1.049899E+01   4.585891E+01
   1.049972E+01   4.587240E+01
   1.048818E+01   4.588356E+01
   1.049025E+01   4.589852E+01
   1.050376E+01   4.590562E+01
   1.050644E+01   4.592036E+01
   1.048972E+01   4.593109E+01
   1.048873E+01   4.593796E+01
   1.048268E+01   4.594362E+01
   1.048055E+01   4.595193E+01
   1.048561E+01   4.596194E+01
   1.048516E+01   4.596604E+01
   1.045313E+01   4.597398E+01
   1.044968E+01   4.598039E+01
   1.045557E+01   4.601080E+01
   1.046892E+01   4.602275E+01
   1.047973E+01   4.602418E+01
   1.048279E+01   4.602827E+01
   1.048038E+01   4.604474E+01
   1.047569E+01   4.604947E+01
   1.047562E+01   4.605306E+01
   1.048532E+01   4.606136E+01
   1.048967E+01   4.606887E+01
   1.050737E+01   4.607674E+01
   1.051984E+01   4.609056E+01
   1.053474E+01   4.610019E+01
   1.054595E+01   4.611747E+01
   1.054748E+01   4.613425E+01
   1.054415E+01   4.614475E+01
   1.055138E+01   4.615059E+01
   1.055975E+01   4.616900E+01
   1.055256E+01   4.617840E+01
   1.053925E+01   4.618709E+01
   1.053910E+01   4.619124E+01
   1.054560E+01   4.619872E+01
   1.054851E+01   4.620798E+01
   1.056577E+01   4.622190E+01
   1.056632E+01   4.623509E+01
   1.057781E+01   4.624124E+01
   1.058165E+01   4.624787E+01
   1.057352E+01   4.627169E+01
   1.055729E+01   4.628282E+01
   1.056164E+01   4.628998E+01
   1.057463E+01   4.630086E+01
   1.056229E+01   4.631273E+01
   1.056037E+01   4.632445E+01
   1.052589E+01   4.633978E+01
   1.051447E+01   4.634114E+01
   1.051351E+01   4.634726E+01
   1.051838E+01   4.635801E+01
   1.053683E+01   4.635905E+01
   1.054094E+01   4.636729E+01
   1.055199E+01   4.637045E+01
   1.056617E+01   4.638017E+01
   1.060290E+01   4.638170E+01
   1.060632E+01   4.638814E+01
   1.061372E+01   4.639138E+01
   1.062354E+01   4.640113E+01
   1.062428E+01   4.640507E+01
   1.061521E+01   4.641519E+01
   1.061408E+01   4.644915E+01
   1.060135E+01   4.645962E+01
   1.059803E+01   4.646603E+01
   1.057629E+01   4.647104E+01
   1.055873E+01   4.648033E+01
   1.055011E+01   4.648920E+01
   1.049372E+01   4.649538E+01
   1.048483E+01   4.649151E+01
   1.047531E+01   4.649361E+01
   1.045583E+01   4.650936E+01
   1.044927E+01   4.653125E+01
   1.043648E+01   4.654926E+01
   1.042561E+01   4.655626E+01
END
END
