none
1
   4.488812E+01   3.715305E+01
   4.432863E+01   3.691490E+01
   4.421746E+01   3.694940E+01
   4.410388E+01   3.721554E+01
   4.381611E+01   3.709411E+01
   4.347914E+01   3.717852E+01
   4.327242E+01   3.724267E+01
   4.324587E+01   3.723695E+01
   4.311821E+01   3.726893E+01
   4.266375E+01   3.711162E+01
   4.239857E+01   3.705453E+01
   4.231506E+01   3.705240E+01
   4.220439E+01   3.717781E+01
   4.173128E+01   3.703752E+01
   4.128895E+01   3.702624E+01
   4.084017E+01   3.709256E+01
   4.016959E+01   3.684308E+01
   3.947700E+01   3.664267E+01
   3.898794E+01   3.662972E+01
   3.825107E+01   3.681526E+01
   3.764865E+01   3.659425E+01
   3.727170E+01   3.658427E+01
   3.673135E+01   3.671453E+01
   3.675779E+01   3.647439E+01
   3.676843E+01   3.620010E+01
   3.648844E+01   3.609969E+01
   3.631371E+01   3.586257E+01
   3.623694E+01   3.580641E+01
   3.604775E+01   3.577119E+01
   3.560790E+01   3.589014E+01
   3.543687E+01   3.625065E+01
   3.470844E+01   3.647535E+01
   3.410995E+01   3.596041E+01
   3.279914E+01   3.571700E+01
   3.097033E+01   3.655605E+01
   3.062792E+01   3.592567E+01
   2.974462E+01   3.582300E+01
   2.955502E+01   3.606670E+01
   2.921646E+01   3.593062E+01
   2.841562E+01   3.645885E+01
   2.825266E+01   3.653517E+01
   2.794154E+01   3.645204E+01
   2.789787E+01   3.663374E+01
   2.781703E+01   3.668298E+01
   2.773825E+01   3.657770E+01
   2.749967E+01   3.651111E+01
   2.729921E+01   3.650085E+01
   2.721674E+01   3.673818E+01
   2.737392E+01   3.689158E+01
   2.720776E+01   3.693467E+01
   2.712243E+01   3.708051E+01
   2.694942E+01   3.763950E+01
   2.695776E+01   3.767530E+01
   2.699818E+01   3.770018E+01
   2.709548E+01   3.771202E+01
   2.714488E+01   3.778186E+01
   2.700646E+01   3.791053E+01
   2.624044E+01   3.809057E+01
   2.615610E+01   3.825388E+01
   2.620268E+01   3.840666E+01
   2.631276E+01   3.850282E+01
   2.613070E+01   3.862862E+01
   2.623209E+01   3.876408E+01
   2.658495E+01   3.882807E+01
   2.665800E+01   3.908359E+01
   2.641836E+01   3.941412E+01
   2.587409E+01   3.938108E+01
   2.561648E+01   3.995823E+01
   2.560710E+01   4.017829E+01
   2.584424E+01   4.073710E+01
   2.601389E+01   4.073561E+01
   2.627401E+01   4.094783E+01
   2.630215E+01   4.126060E+01
   2.648037E+01   4.133864E+01
   2.659188E+01   4.136257E+01
   2.658199E+01   4.159405E+01
   2.639358E+01   4.167475E+01
   2.629831E+01   4.174745E+01
   2.633273E+01   4.183838E+01
   2.645497E+01   4.185003E+01
   2.660528E+01   4.199495E+01
   2.689882E+01   4.202615E+01
   2.702234E+01   4.210028E+01
   2.730387E+01   4.212993E+01
   2.743305E+01   4.201226E+01
   2.755161E+01   4.194773E+01
   2.766381E+01   4.198866E+01
   2.778025E+01   4.199652E+01
   2.783891E+01   4.202071E+01
   2.802372E+01   4.200754E+01
   2.836404E+01   4.207290E+01
   3.328799E+01   4.231631E+01
   3.495365E+01   4.239700E+01
   4.129696E+01   4.171197E+01
   4.182507E+01   4.155359E+01
   4.284179E+01   4.169154E+01
   4.375834E+01   4.098722E+01
   4.381513E+01   4.017115E+01
   4.428294E+01   4.011382E+01
   4.446875E+01   4.008241E+01
   4.460113E+01   3.996661E+01
   4.487971E+01   3.964022E+01
   4.476203E+01   3.957880E+01
   4.459069E+01   3.964575E+01
   4.453005E+01   3.945773E+01
   4.424533E+01   3.930913E+01
   4.420593E+01   3.930413E+01
   4.420954E+01   3.929045E+01
   4.418354E+01   3.927688E+01
   4.424201E+01   3.916753E+01
   4.442295E+01   3.848247E+01
   4.461245E+01   3.834539E+01
   4.437432E+01   3.796518E+01
   4.470680E+01   3.777775E+01
   4.470213E+01   3.750166E+01
   4.490000E+01   3.731194E+01
   4.490000E+01   3.722152E+01
   4.488812E+01   3.715305E+01
END
END
