none
1
   -8.821898E+01   4.249292E+01
   -8.878688E+01   4.248899E+01
   -8.969028E+01   4.250220E+01
   -9.064260E+01   4.250773E+01
   -9.063865E+01   4.251678E+01
   -9.064563E+01   4.254155E+01
   -9.065667E+01   4.254831E+01
   -9.068945E+01   4.259007E+01
   -9.069657E+01   4.261294E+01
   -9.070606E+01   4.263166E+01
   -9.071794E+01   4.263800E+01
   -9.077121E+01   4.265052E+01
   -9.085615E+01   4.266499E+01
   -9.095317E+01   4.268587E+01
   -9.097916E+01   4.269629E+01
   -9.101459E+01   4.271751E+01
   -9.105564E+01   4.273592E+01
   -9.106869E+01   4.275263E+01
   -9.107249E+01   4.276904E+01
   -9.108109E+01   4.280626E+01
   -9.108101E+01   4.283344E+01
   -9.109572E+01   4.284231E+01
   -9.110316E+01   4.288133E+01
   -9.113709E+01   4.289818E+01
   -9.114814E+01   4.290869E+01
   -9.114534E+01   4.292259E+01
   -9.115141E+01   4.294286E+01
   -9.114699E+01   4.295665E+01
   -9.115785E+01   4.297680E+01
   -9.115817E+01   4.298966E+01
   -9.117553E+01   4.303910E+01
   -9.117969E+01   4.306876E+01
   -9.117980E+01   4.313354E+01
   -9.115799E+01   4.314538E+01
   -9.114846E+01   4.315439E+01
   -9.111937E+01   4.319722E+01
   -9.107471E+01   4.323119E+01
   -9.107398E+01   4.325907E+01
   -9.107620E+01   4.327306E+01
   -9.111440E+01   4.331657E+01
   -9.118215E+01   4.334309E+01
   -9.120557E+01   4.334732E+01
   -9.121761E+01   4.336492E+01
   -9.120070E+01   4.339554E+01
   -9.120570E+01   4.341822E+01
   -9.123082E+01   4.344336E+01
   -9.123635E+01   4.345489E+01
   -9.121891E+01   4.348206E+01
   -9.122043E+01   4.351196E+01
   -9.123740E+01   4.352123E+01
   -9.126951E+01   4.361169E+01
   -9.127220E+01   4.365312E+01
   -9.127476E+01   4.366624E+01
   -9.126975E+01   4.371133E+01
   -9.125785E+01   4.372822E+01
   -9.125702E+01   4.374324E+01
   -9.124488E+01   4.377344E+01
   -9.126648E+01   4.379483E+01
   -9.128112E+01   4.383914E+01
   -9.131202E+01   4.386762E+01
   -9.133905E+01   4.389715E+01
   -9.135908E+01   4.391730E+01
   -9.136882E+01   4.393537E+01
   -9.139225E+01   4.395696E+01
   -9.140777E+01   4.396427E+01
   -9.143886E+01   4.399734E+01
   -9.146428E+01   4.400610E+01
   -9.148176E+01   4.400781E+01
   -9.151101E+01   4.401786E+01
   -9.158098E+01   4.402618E+01
   -9.159485E+01   4.403176E+01
   -9.161192E+01   4.404667E+01
   -9.163611E+01   4.405979E+01
   -9.164605E+01   4.406205E+01
   -9.170926E+01   4.410148E+01
   -9.175288E+01   4.413201E+01
   -9.181817E+01   4.416369E+01
   -9.182791E+01   4.417550E+01
   -9.187579E+01   4.419986E+01
   -9.189556E+01   4.423021E+01
   -9.189871E+01   4.426156E+01
   -9.189893E+01   4.427302E+01
   -9.192745E+01   4.429084E+01
   -9.192122E+01   4.432115E+01
   -9.194295E+01   4.433846E+01
   -9.196707E+01   4.436269E+01
   -9.198693E+01   4.436809E+01
   -9.203940E+01   4.438803E+01
   -9.205751E+01   4.439990E+01
   -9.207687E+01   4.440342E+01
   -9.209871E+01   4.441086E+01
   -9.222397E+01   4.442636E+01
   -9.229330E+01   4.448353E+01
   -9.230497E+01   4.449911E+01
   -9.231676E+01   4.453660E+01
   -9.236176E+01   4.455594E+01
   -9.245491E+01   4.455889E+01
   -9.248136E+01   4.456525E+01
   -9.249745E+01   4.456582E+01
   -9.252083E+01   4.457427E+01
   -9.254161E+01   4.456592E+01
   -9.254791E+01   4.456658E+01
   -9.255446E+01   4.457107E+01
   -9.255263E+01   4.457990E+01
   -9.258666E+01   4.459712E+01
   -9.262149E+01   4.461227E+01
   -9.263535E+01   4.463499E+01
   -9.265995E+01   4.465833E+01
   -9.270213E+01   4.469295E+01
   -9.273546E+01   4.471534E+01
   -9.275442E+01   4.472188E+01
   -9.276838E+01   4.472940E+01
   -9.279569E+01   4.474051E+01
   -9.281073E+01   4.475108E+01
   -9.280791E+01   4.476981E+01
   -9.278887E+01   4.479022E+01
   -9.278018E+01   4.481534E+01
   -9.276622E+01   4.483772E+01
   -9.277209E+01   4.486196E+01
   -9.276649E+01   4.487378E+01
   -9.277678E+01   4.488902E+01
   -9.277482E+01   4.490383E+01
   -9.275956E+01   4.490906E+01
   -9.275506E+01   4.495382E+01
   -9.276607E+01   4.496525E+01
   -9.277000E+01   4.497210E+01
   -9.277222E+01   4.500233E+01
   -9.276518E+01   4.502731E+01
   -9.279667E+01   4.504817E+01
   -9.280439E+01   4.506050E+01
   -9.280361E+01   4.506885E+01
   -9.279234E+01   4.507950E+01
   -9.274264E+01   4.511208E+01
   -9.275940E+01   4.515804E+01
   -9.275563E+01   4.517254E+01
   -9.276922E+01   4.518726E+01
   -9.276432E+01   4.520638E+01
   -9.275258E+01   4.521755E+01
   -9.275797E+01   4.522925E+01
   -9.276119E+01   4.525118E+01
   -9.275329E+01   4.526174E+01
   -9.276375E+01   4.528510E+01
   -9.276276E+01   4.528947E+01
   -9.273947E+01   4.530049E+01
   -9.270413E+01   4.532850E+01
   -9.269943E+01   4.533799E+01
   -9.270493E+01   4.535566E+01
   -9.270116E+01   4.536149E+01
   -9.268192E+01   4.537177E+01
   -9.267135E+01   4.539148E+01
   -9.265349E+01   4.540071E+01
   -9.264988E+01   4.541282E+01
   -9.265326E+01   4.541890E+01
   -9.264963E+01   4.544103E+01
   -9.268209E+01   4.546199E+01
   -9.270456E+01   4.549115E+01
   -9.272912E+01   4.551272E+01
   -9.272835E+01   4.553898E+01
   -9.277156E+01   4.556424E+01
   -9.282326E+01   4.555793E+01
   -9.287192E+01   4.556470E+01
   -9.288601E+01   4.557352E+01
   -9.289089E+01   4.563950E+01
   -9.287838E+01   4.568981E+01
   -9.287213E+01   4.571817E+01
   -9.286399E+01   4.572490E+01
   -9.285018E+01   4.573144E+01
   -9.281138E+01   4.574676E+01
   -9.278713E+01   4.576606E+01
   -9.276769E+01   4.583178E+01
   -9.273636E+01   4.587001E+01
   -9.270936E+01   4.589740E+01
   -9.263985E+01   4.593699E+01
   -9.260322E+01   4.594372E+01
   -9.255209E+01   4.596993E+01
   -9.252813E+01   4.598605E+01
   -9.246723E+01   4.598631E+01
   -9.244459E+01   4.601807E+01
   -9.242947E+01   4.602710E+01
   -9.241034E+01   4.603024E+01
   -9.237247E+01   4.601563E+01
   -9.235472E+01   4.601554E+01
   -9.234414E+01   4.604296E+01
   -9.233480E+01   4.606503E+01
   -9.231834E+01   4.607020E+01
   -9.229522E+01   4.607457E+01
   -9.229274E+01   4.666852E+01
   -9.228723E+01   4.666835E+01
   -9.228319E+01   4.666011E+01
   -9.227357E+01   4.665747E+01
   -9.227002E+01   4.665156E+01
   -9.225656E+01   4.665948E+01
   -9.224155E+01   4.664984E+01
   -9.222935E+01   4.665339E+01
   -9.220772E+01   4.665288E+01
   -9.220277E+01   4.665650E+01
   -9.220681E+01   4.666415E+01
   -9.220499E+01   4.666838E+01
   -9.217917E+01   4.668693E+01
   -9.218406E+01   4.669229E+01
   -9.220602E+01   4.669767E+01
   -9.220659E+01   4.670344E+01
   -9.219071E+01   4.671801E+01
   -9.216700E+01   4.672056E+01
   -9.214965E+01   4.671578E+01
   -9.214391E+01   4.672187E+01
   -9.214419E+01   4.673475E+01
   -9.213515E+01   4.674201E+01
   -9.210837E+01   4.675214E+01
   -9.208829E+01   4.675199E+01
   -9.203185E+01   4.671185E+01
   -9.202041E+01   4.670732E+01
   -9.200691E+01   4.670784E+01
   -9.057059E+01   4.741451E+01
   -8.993191E+01   4.730087E+01
   -9.041756E+01   4.656656E+01
   -9.038905E+01   4.653628E+01
   -9.034535E+01   4.655484E+01
   -9.033146E+01   4.655633E+01
   -9.031386E+01   4.654722E+01
   -9.030668E+01   4.653846E+01
   -9.031401E+01   4.651991E+01
   -9.027635E+01   4.652739E+01
   -9.026938E+01   4.652168E+01
   -9.023094E+01   4.651288E+01
   -9.021539E+01   4.650441E+01
   -9.018795E+01   4.646884E+01
   -9.019081E+01   4.646171E+01
   -9.017822E+01   4.645850E+01
   -9.017485E+01   4.644046E+01
   -9.016734E+01   4.644278E+01
   -9.015437E+01   4.642177E+01
   -9.012989E+01   4.638308E+01
   -9.013147E+01   4.637492E+01
   -9.011459E+01   4.635765E+01
   -9.011618E+01   4.633730E+01
   -8.909367E+01   4.614021E+01
   -8.881337E+01   4.602614E+01
   -8.879646E+01   4.603512E+01
   -8.872997E+01   4.602970E+01
   -8.867747E+01   4.601625E+01
   -8.866046E+01   4.599186E+01
   -8.863836E+01   4.598809E+01
   -8.863426E+01   4.599115E+01
   -8.861527E+01   4.600603E+01
   -8.860153E+01   4.602075E+01
   -8.859190E+01   4.601734E+01
   -8.856616E+01   4.601864E+01
   -8.853460E+01   4.602401E+01
   -8.851452E+01   4.602301E+01
   -8.850424E+01   4.601973E+01
   -8.847705E+01   4.600067E+01
   -8.847176E+01   4.600383E+01
   -8.845778E+01   4.600238E+01
   -8.844864E+01   4.599278E+01
   -8.838684E+01   4.599270E+01
   -8.838052E+01   4.599479E+01
   -8.833298E+01   4.597108E+01
   -8.831885E+01   4.596653E+01
   -8.824682E+01   4.596653E+01
   -8.818917E+01   4.595505E+01
   -8.814635E+01   4.594013E+01
   -8.811900E+01   4.592333E+01
   -8.810202E+01   4.592244E+01
   -8.809193E+01   4.591513E+01
   -8.810376E+01   4.590119E+01
   -8.809825E+01   4.588094E+01
   -8.808097E+01   4.588083E+01
   -8.806828E+01   4.587344E+01
   -8.807497E+01   4.586345E+01
   -8.807974E+01   4.586329E+01
   -8.810547E+01   4.584118E+01
   -8.813406E+01   4.582039E+01
   -8.812746E+01   4.581161E+01
   -8.810554E+01   4.580522E+01
   -8.809294E+01   4.578567E+01
   -8.807903E+01   4.578537E+01
   -8.807230E+01   4.578083E+01
   -8.804328E+01   4.578433E+01
   -8.804034E+01   4.579022E+01
   -8.798999E+01   4.579651E+01
   -8.797973E+01   4.578376E+01
   -8.797797E+01   4.577620E+01
   -8.796581E+01   4.576679E+01
   -8.796029E+01   4.576053E+01
   -8.792899E+01   4.576337E+01
   -8.790658E+01   4.576252E+01
   -8.787567E+01   4.575712E+01
   -8.785970E+01   4.574665E+01
   -8.786125E+01   4.573785E+01
   -8.780839E+01   4.571266E+01
   -8.780247E+01   4.570696E+01
   -8.778025E+01   4.568531E+01
   -8.777984E+01   4.567087E+01
   -8.781953E+01   4.566009E+01
   -8.782164E+01   4.565268E+01
   -8.777831E+01   4.561620E+01
   -8.777176E+01   4.560270E+01
   -8.777435E+01   4.558757E+01
   -8.778432E+01   4.558103E+01
   -8.778588E+01   4.556526E+01
   -8.780102E+01   4.554011E+01
   -8.779926E+01   4.551394E+01
   -8.779075E+01   4.550674E+01
   -8.778996E+01   4.549891E+01
   -8.781099E+01   4.546191E+01
   -8.785852E+01   4.543303E+01
   -8.784636E+01   4.540338E+01
   -8.785744E+01   4.538597E+01
   -8.783285E+01   4.535524E+01
   -8.779034E+01   4.535645E+01
   -8.772063E+01   4.537991E+01
   -8.769404E+01   4.539289E+01
   -8.768434E+01   4.539125E+01
   -8.765514E+01   4.537078E+01
   -8.764491E+01   4.535174E+01
   -8.764532E+01   4.533834E+01
   -8.766966E+01   4.530610E+01
   -8.769583E+01   4.526862E+01
   -8.770874E+01   4.523848E+01
   -8.772343E+01   4.520824E+01
   -8.773301E+01   4.517412E+01
   -8.768185E+01   4.514632E+01
   -8.767319E+01   4.513657E+01
   -8.767483E+01   4.513101E+01
   -8.766991E+01   4.512308E+01
   -8.765817E+01   4.511055E+01
   -8.763091E+01   4.510916E+01
   -8.759054E+01   4.509737E+01
   -8.744258E+01   4.522098E+01
   -8.710500E+01   4.546443E+01
   -8.675118E+01   4.546423E+01
   -8.620021E+01   4.525427E+01
   -8.656383E+01   4.494825E+01
   -8.702415E+01   4.249178E+01
   -8.779830E+01   4.249110E+01
   -8.821898E+01   4.249292E+01
END
END
