none
1
   -1.040530E+02   4.900349E+01
   -9.722775E+01   4.901671E+01
   -9.722745E+01   4.900323E+01
   -9.722610E+01   4.900210E+01
   -9.722562E+01   4.900041E+01
   -9.722616E+01   4.899874E+01
   -9.722754E+01   4.899766E+01
   -9.722407E+01   4.899546E+01
   -9.722395E+01   4.899196E+01
   -9.722533E+01   4.899024E+01
   -9.723225E+01   4.898668E+01
   -9.723468E+01   4.898410E+01
   -9.723536E+01   4.898218E+01
   -9.723507E+01   4.897174E+01
   -9.723616E+01   4.896838E+01
   -9.722834E+01   4.896676E+01
   -9.722605E+01   4.896527E+01
   -9.722476E+01   4.896320E+01
   -9.722502E+01   4.896034E+01
   -9.722804E+01   4.895666E+01
   -9.717577E+01   4.887610E+01
   -9.715456E+01   4.880877E+01
   -9.713220E+01   4.874013E+01
   -9.708927E+01   4.868573E+01
   -9.710828E+01   4.863059E+01
   -9.714929E+01   4.856600E+01
   -9.712565E+01   4.852043E+01
   -9.712110E+01   4.841781E+01
   -9.711169E+01   4.829616E+01
   -9.713473E+01   4.820633E+01
   -9.713797E+01   4.820444E+01
   -9.713764E+01   4.819617E+01
   -9.714141E+01   4.819075E+01
   -9.713370E+01   4.814376E+01
   -9.710710E+01   4.810647E+01
   -9.707256E+01   4.805208E+01
   -9.705092E+01   4.799019E+01
   -9.705190E+01   4.795437E+01
   -9.705366E+01   4.794708E+01
   -9.705009E+01   4.794381E+01
   -9.704426E+01   4.794183E+01
   -9.703829E+01   4.794114E+01
   -9.703514E+01   4.793899E+01
   -9.703477E+01   4.793612E+01
   -9.703587E+01   4.793341E+01
   -9.703547E+01   4.793081E+01
   -9.703191E+01   4.792904E+01
   -9.702855E+01   4.792750E+01
   -9.702456E+01   4.792463E+01
   -9.701975E+01   4.792179E+01
   -9.701697E+01   4.791966E+01
   -9.701701E+01   4.791732E+01
   -9.701762E+01   4.791420E+01
   -9.701360E+01   4.790818E+01
   -9.701911E+01   4.790159E+01
   -9.701805E+01   4.789016E+01
   -9.701622E+01   4.787693E+01
   -9.700448E+01   4.787305E+01
   -9.699394E+01   4.785526E+01
   -9.696762E+01   4.780322E+01
   -9.693753E+01   4.777090E+01
   -9.690428E+01   4.769426E+01
   -9.689640E+01   4.769000E+01
   -9.688143E+01   4.765617E+01
   -9.687159E+01   4.762575E+01
   -9.685056E+01   4.760487E+01
   -9.685125E+01   4.748146E+01
   -9.685428E+01   4.743766E+01
   -9.684152E+01   4.741367E+01
   -9.683587E+01   4.738608E+01
   -9.683660E+01   4.734312E+01
   -9.683004E+01   4.734027E+01
   -9.682769E+01   4.732764E+01
   -9.682931E+01   4.730532E+01
   -9.683387E+01   4.726713E+01
   -9.681819E+01   4.716433E+01
   -9.681965E+01   4.712715E+01
   -9.681455E+01   4.710463E+01
   -9.681489E+01   4.707860E+01
   -9.681892E+01   4.706954E+01
   -9.681619E+01   4.704052E+01
   -9.680926E+01   4.704064E+01
   -9.681528E+01   4.702120E+01
   -9.682403E+01   4.701460E+01
   -9.681801E+01   4.699727E+01
   -9.681819E+01   4.696909E+01
   -9.679505E+01   4.696859E+01
   -9.678920E+01   4.693932E+01
   -9.679016E+01   4.692947E+01
   -9.678486E+01   4.693080E+01
   -9.678352E+01   4.692752E+01
   -9.676479E+01   4.693499E+01
   -9.676158E+01   4.693504E+01
   -9.675657E+01   4.693044E+01
   -9.675545E+01   4.692640E+01
   -9.675486E+01   4.692594E+01
   -9.675210E+01   4.692384E+01
   -9.675374E+01   4.692159E+01
   -9.676120E+01   4.692210E+01
   -9.676031E+01   4.691970E+01
   -9.675411E+01   4.691622E+01
   -9.675441E+01   4.691341E+01
   -9.676187E+01   4.691341E+01
   -9.676322E+01   4.690737E+01
   -9.676546E+01   4.690420E+01
   -9.677061E+01   4.690569E+01
   -9.677195E+01   4.690313E+01
   -9.676956E+01   4.690164E+01
   -9.676986E+01   4.690001E+01
   -9.677374E+01   4.689863E+01
   -9.677412E+01   4.689499E+01
   -9.677120E+01   4.689453E+01
   -9.676859E+01   4.689310E+01
   -9.676919E+01   4.689100E+01
   -9.677285E+01   4.688962E+01
   -9.677337E+01   4.688757E+01
   -9.676844E+01   4.688599E+01
   -9.676662E+01   4.688432E+01
   -9.676881E+01   4.687820E+01
   -9.676994E+01   4.687698E+01
   -9.677292E+01   4.687775E+01
   -9.677240E+01   4.688041E+01
   -9.677598E+01   4.687831E+01
   -9.678024E+01   4.687862E+01
   -9.677844E+01   4.687631E+01
   -9.677546E+01   4.687514E+01
   -9.677568E+01   4.687360E+01
   -9.678053E+01   4.687140E+01
   -9.677964E+01   4.686787E+01
   -9.678240E+01   4.686111E+01
   -9.677815E+01   4.685875E+01
   -9.677531E+01   4.685532E+01
   -9.677240E+01   4.685072E+01
   -9.677561E+01   4.684862E+01
   -9.678024E+01   4.684703E+01
   -9.677449E+01   4.684078E+01
   -9.677434E+01   4.683914E+01
   -9.677688E+01   4.683812E+01
   -9.677994E+01   4.683883E+01
   -9.678673E+01   4.683079E+01
   -9.678121E+01   4.682813E+01
   -9.678009E+01   4.682469E+01
   -9.679543E+01   4.682160E+01
   -9.679494E+01   4.680538E+01
   -9.678576E+01   4.678344E+01
   -9.677465E+01   4.676732E+01
   -9.677897E+01   4.675649E+01
   -9.678043E+01   4.673244E+01
   -9.677806E+01   4.672768E+01
   -9.678061E+01   4.671953E+01
   -9.678253E+01   4.668487E+01
   -9.679191E+01   4.666825E+01
   -9.678115E+01   4.663160E+01
   -9.677004E+01   4.661516E+01
   -9.674598E+01   4.658199E+01
   -9.674106E+01   4.656415E+01
   -9.673359E+01   4.650731E+01
   -9.672357E+01   4.647471E+01
   -9.671355E+01   4.647282E+01
   -9.670061E+01   4.643907E+01
   -9.666663E+01   4.639158E+01
   -9.662863E+01   4.635472E+01
   -9.661642E+01   4.634778E+01
   -9.659619E+01   4.632784E+01
   -9.659555E+01   4.628816E+01
   -9.659405E+01   4.628548E+01
   -9.659670E+01   4.627923E+01
   -9.659443E+01   4.627599E+01
   -9.659612E+01   4.626885E+01
   -9.659914E+01   4.626229E+01
   -9.659497E+01   4.626048E+01
   -9.659224E+01   4.625748E+01
   -9.659240E+01   4.625560E+01
   -9.659427E+01   4.625406E+01
   -9.659252E+01   4.625159E+01
   -9.658967E+01   4.625035E+01
   -9.658575E+01   4.625085E+01
   -9.658320E+01   4.625078E+01
   -9.658336E+01   4.624907E+01
   -9.658556E+01   4.624647E+01
   -9.659510E+01   4.624198E+01
   -9.658339E+01   4.620809E+01
   -9.658270E+01   4.620054E+01
   -9.658603E+01   4.618131E+01
   -9.657639E+01   4.617640E+01
   -9.657347E+01   4.616486E+01
   -9.656794E+01   4.613132E+01
   -9.655753E+01   4.611238E+01
   -9.655292E+01   4.606874E+01
   -9.657476E+01   4.602973E+01
   -9.657187E+01   4.600112E+01
   -9.656502E+01   4.595437E+01
   -9.655904E+01   4.594287E+01
   -9.656083E+01   4.593448E+01
   -9.680425E+01   4.593459E+01
   -9.700093E+01   4.593478E+01
   -9.716628E+01   4.593457E+01
   -9.779479E+01   4.593449E+01
   -9.842746E+01   4.593592E+01
   -9.866203E+01   4.593752E+01
   -9.901622E+01   4.593923E+01
   -9.978600E+01   4.594067E+01
   -1.004381E+02   4.594238E+01
   -1.014230E+02   4.594294E+01
   -1.026516E+02   4.594245E+01
   -1.033801E+02   4.594304E+01
   -1.040444E+02   4.594506E+01
   -1.040530E+02   4.900349E+01
END
END
