none
1
   3.441837E+01   4.585023E+00
   3.352742E+01   3.707896E+00
   3.318154E+01   3.730417E+00
   3.242152E+01   3.691906E+00
   3.221108E+01   3.461547E+00
   3.191178E+01   3.569474E+00
   3.152281E+01   3.591880E+00
   3.100423E+01   3.646068E+00
   3.086186E+01   3.442370E+00
   3.054907E+01   3.575146E+00
   3.017919E+01   3.904303E+00
   3.011550E+01   4.063801E+00
   2.976755E+01   4.339305E+00
   2.937904E+01   4.363235E+00
   2.924110E+01   4.298712E+00
   2.841989E+01   4.234377E+00
   2.805931E+01   4.375648E+00
   2.776387E+01   4.570054E+00
   2.747948E+01   4.888465E+00
   2.723582E+01   5.228697E+00
   2.718424E+01   5.401501E+00
   2.680558E+01   5.935590E+00
   2.648810E+01   6.028652E+00
   2.646816E+01   6.123898E+00
   2.628432E+01   6.356962E+00
   2.589314E+01   7.041890E+00
   2.544815E+01   7.224183E+00
   2.517305E+01   7.464820E+00
   2.516459E+01   7.607260E+00
   2.494719E+01   7.930782E+00
   2.479910E+01   8.142042E+00
   2.415068E+01   8.276628E+00
   2.409538E+01   8.383375E+00
   2.348375E+01   8.681841E+00
   2.340372E+01   9.037474E+00
   2.357845E+01   9.546849E+00
   2.365278E+01   9.692249E+00
   2.422139E+01   9.824801E+00
   2.498109E+01   1.003658E+01
   2.506401E+01   1.035068E+01
   2.576021E+01   1.048597E+01
   2.597092E+01   1.040815E+01
   2.624965E+01   9.944068E+00
   2.669618E+01   9.539408E+00
   2.714364E+01   9.674405E+00
   2.780592E+01   9.655547E+00
   2.780464E+01   1.021466E+01
   2.901758E+01   1.021038E+01
   2.905774E+01   9.792068E+00
   2.945575E+01   9.799296E+00
   2.950202E+01   1.011282E+01
   3.000417E+01   1.033478E+01
   3.127321E+01   9.808582E+00
   3.194341E+01   1.066768E+01
   3.239586E+01   1.105074E+01
   3.206142E+01   1.198214E+01
   3.272364E+01   1.228215E+01
   3.332571E+01   1.225374E+01
   3.331383E+01   1.081267E+01
   3.355748E+01   1.066903E+01
   3.401266E+01   1.016560E+01
   3.403772E+01   9.922147E+00
   3.415225E+01   9.509188E+00
   3.419352E+01   8.613001E+00
   3.404533E+01   8.446673E+00
   3.377843E+01   8.322480E+00
   3.326944E+01   8.392894E+00
   3.323395E+01   8.106630E+00
   3.305880E+01   7.872892E+00
   3.375022E+01   7.695857E+00
   3.450259E+01   6.952363E+00
   3.506876E+01   6.448522E+00
   3.535436E+01   5.522865E+00
   3.590058E+01   5.347871E+00
   3.596298E+01   4.586887E+00
   3.441837E+01   4.585023E+00
END
END
