none
1
   -1.336701E+02   6.591851E+01
   -1.341696E+02   6.697739E+01
   -1.362132E+02   6.699455E+01
   -1.362875E+02   6.716507E+01
   -1.362992E+02   6.759603E+01
   -1.365195E+02   6.767990E+01
   -1.366845E+02   6.983131E+01
   -1.117236E+02   8.165483E+01
   -1.097807E+02   7.919664E+01
   -1.098252E+02   6.979383E+01
   -1.092594E+02   6.497703E+01
   -1.020740E+02   6.424846E+01
   -1.019760E+02   5.998960E+01
   -1.240165E+02   5.998882E+01
   -1.248311E+02   6.077059E+01
   -1.269260E+02   6.073391E+01
   -1.271937E+02   6.111246E+01
   -1.272324E+02   6.145700E+01
   -1.275561E+02   6.149176E+01
   -1.281470E+02   6.175896E+01
   -1.285693E+02   6.204836E+01
   -1.290015E+02   6.203371E+01
   -1.293160E+02   6.213957E+01
   -1.300571E+02   6.318803E+01
   -1.302791E+02   6.324944E+01
   -1.300267E+02   6.345597E+01
   -1.315083E+02   6.437586E+01
   -1.318375E+02   6.434534E+01
   -1.326882E+02   6.482049E+01
   -1.328597E+02   6.523507E+01
   -1.322916E+02   6.558753E+01
   -1.327425E+02   6.586588E+01
   -1.336701E+02   6.591851E+01
END
END
