none
1
   1.226742E+01   5.008323E+01
   1.228119E+01   5.007786E+01
   1.226382E+01   5.006344E+01
   1.230137E+01   5.006183E+01
   1.232263E+01   5.005555E+01
   1.232154E+01   5.004671E+01
   1.232936E+01   5.003951E+01
   1.233901E+01   5.004379E+01
   1.235488E+01   5.003656E+01
   1.238765E+01   5.001615E+01
   1.240446E+01   5.001739E+01
   1.241028E+01   5.000930E+01
   1.242406E+01   5.000564E+01
   1.243362E+01   5.000613E+01
   1.244251E+01   4.999762E+01
   1.243830E+01   4.998966E+01
   1.246202E+01   4.999683E+01
   1.247277E+01   4.999111E+01
   1.247822E+01   4.998272E+01
   1.248987E+01   4.998300E+01
   1.250399E+01   4.997411E+01
   1.248307E+01   4.994348E+01
   1.252224E+01   4.992872E+01
   1.254689E+01   4.992698E+01
   1.255345E+01   4.989588E+01
   1.253748E+01   4.988639E+01
   1.250322E+01   4.982727E+01
   1.248329E+01   4.983281E+01
   1.247471E+01   4.977966E+01
   1.240898E+01   4.975493E+01
   1.241679E+01   4.973527E+01
   1.243525E+01   4.973088E+01
   1.245625E+01   4.970461E+01
   1.252345E+01   4.968699E+01
   1.253134E+01   4.966899E+01
   1.252808E+01   4.964334E+01
   1.253836E+01   4.962447E+01
   1.256733E+01   4.961970E+01
   1.257237E+01   4.959439E+01
   1.258554E+01   4.958252E+01
   1.258408E+01   4.956453E+01
   1.261336E+01   4.953222E+01
   1.263946E+01   4.953342E+01
   1.264639E+01   4.952217E+01
   1.264577E+01   4.948268E+01
   1.263882E+01   4.947963E+01
   1.264870E+01   4.946848E+01
   1.266345E+01   4.945358E+01
   1.266826E+01   4.943209E+01
   1.270937E+01   4.942515E+01
   1.276478E+01   4.939642E+01
   1.276741E+01   4.936962E+01
   1.278624E+01   4.936125E+01
   1.278387E+01   4.934958E+01
   1.281028E+01   4.934408E+01
   1.285236E+01   4.934845E+01
   1.287811E+01   4.933709E+01
   1.287456E+01   4.935427E+01
   1.292278E+01   4.935055E+01
   1.297792E+01   4.933761E+01
   1.301466E+01   4.930781E+01
   1.303330E+01   4.930749E+01
   1.303397E+01   4.926499E+01
   1.305669E+01   4.926606E+01
   1.306677E+01   4.925036E+01
   1.308170E+01   4.924806E+01
   1.308634E+01   4.924279E+01
   1.309064E+01   4.923819E+01
   1.309236E+01   4.922686E+01
   1.311642E+01   4.922086E+01
   1.311347E+01   4.920367E+01
   1.314400E+01   4.919208E+01
   1.317529E+01   4.917479E+01
   1.317628E+01   4.917033E+01
   1.316976E+01   4.916405E+01
   1.316707E+01   4.914550E+01
   1.313702E+01   4.910906E+01
   1.312375E+01   4.910786E+01
   1.306641E+01   4.912632E+01
   1.305940E+01   4.914622E+01
   1.297182E+01   4.915973E+01
   1.294693E+01   4.913754E+01
   1.291928E+01   4.912885E+01
   1.289863E+01   4.912584E+01
   1.286581E+01   4.912753E+01
   1.282875E+01   4.912258E+01
   1.279851E+01   4.911944E+01
   1.278579E+01   4.912897E+01
   1.276606E+01   4.910882E+01
   1.273675E+01   4.911063E+01
   1.273325E+01   4.911413E+01
   1.270928E+01   4.910267E+01
   1.268973E+01   4.910061E+01
   1.264844E+01   4.909844E+01
   1.259663E+01   4.909071E+01
   1.256233E+01   4.908588E+01
   1.254002E+01   4.907115E+01
   1.252933E+01   4.905484E+01
   1.250297E+01   4.905653E+01
   1.248287E+01   4.903937E+01
   1.249467E+01   4.901991E+01
   1.249338E+01   4.898580E+01
   1.249080E+01   4.897479E+01
   1.247384E+01   4.897370E+01
   1.245355E+01   4.897721E+01
   1.245503E+01   4.896704E+01
   1.245558E+01   4.895591E+01
   1.244563E+01   4.894901E+01
   1.246001E+01   4.892103E+01
   1.245632E+01   4.891655E+01
   1.243973E+01   4.890140E+01
   1.243493E+01   4.887630E+01
   1.237944E+01   4.884525E+01
   1.236358E+01   4.884428E+01
   1.233888E+01   4.885290E+01
   1.229536E+01   4.883773E+01
   1.226181E+01   4.883554E+01
   1.223950E+01   4.881042E+01
   1.219470E+01   4.879123E+01
   1.217220E+01   4.878953E+01
   1.213736E+01   4.876414E+01
   1.211357E+01   4.876243E+01
   1.209882E+01   4.876547E+01
   1.209053E+01   4.878054E+01
   1.210048E+01   4.880252E+01
   1.209329E+01   4.884319E+01
   1.210011E+01   4.885690E+01
   1.212298E+01   4.887497E+01
   1.207928E+01   4.889922E+01
   1.207688E+01   4.890903E+01
   1.207301E+01   4.892527E+01
   1.207190E+01   4.893460E+01
   1.206029E+01   4.893908E+01
   1.204701E+01   4.894307E+01
   1.203282E+01   4.894453E+01
   1.202858E+01   4.895058E+01
   1.201788E+01   4.895312E+01
   1.199650E+01   4.894719E+01
   1.194856E+01   4.894416E+01
   1.192791E+01   4.894235E+01
   1.191630E+01   4.894864E+01
   1.189085E+01   4.899137E+01
   1.187518E+01   4.900600E+01
   1.185656E+01   4.901870E+01
   1.181471E+01   4.901604E+01
   1.178982E+01   4.898858E+01
   1.177119E+01   4.897830E+01
   1.172990E+01   4.899016E+01
   1.171349E+01   4.900516E+01
   1.169044E+01   4.901386E+01
   1.164840E+01   4.900165E+01
   1.162167E+01   4.900165E+01
   1.162609E+01   4.898362E+01
   1.160489E+01   4.895131E+01
   1.159512E+01   4.894804E+01
   1.158645E+01   4.895869E+01
   1.155769E+01   4.898362E+01
   1.153335E+01   4.900358E+01
   1.153077E+01   4.901386E+01
   1.151197E+01   4.902970E+01
   1.150791E+01   4.904203E+01
   1.152414E+01   4.904880E+01
   1.152819E+01   4.906269E+01
   1.150570E+01   4.906934E+01
   1.148855E+01   4.906028E+01
   1.146403E+01   4.905979E+01
   1.143711E+01   4.905955E+01
   1.140411E+01   4.907248E+01
   1.138033E+01   4.907489E+01
   1.134493E+01   4.908443E+01
   1.135599E+01   4.910267E+01
   1.133442E+01   4.911317E+01
   1.131764E+01   4.911715E+01
   1.131709E+01   4.913283E+01
   1.131948E+01   4.914815E+01
   1.130639E+01   4.915587E+01
   1.130307E+01   4.916973E+01
   1.127376E+01   4.917986E+01
   1.125883E+01   4.919492E+01
   1.125219E+01   4.921215E+01
   1.130031E+01   4.921432E+01
   1.128851E+01   4.923467E+01
   1.129127E+01   4.924297E+01
   1.126565E+01   4.925681E+01
   1.123854E+01   4.926644E+01
   1.121384E+01   4.927017E+01
   1.120038E+01   4.927414E+01
   1.118231E+01   4.929615E+01
   1.118323E+01   4.930456E+01
   1.121255E+01   4.931646E+01
   1.124039E+01   4.932608E+01
   1.126602E+01   4.932656E+01
   1.128593E+01   4.932175E+01
   1.132501E+01   4.931057E+01
   1.133958E+01   4.932067E+01
   1.136189E+01   4.932836E+01
   1.137738E+01   4.933172E+01
   1.137055E+01   4.935034E+01
   1.136908E+01   4.935767E+01
   1.139471E+01   4.937232E+01
   1.142034E+01   4.939356E+01
   1.143306E+01   4.940016E+01
   1.144062E+01   4.941240E+01
   1.144467E+01   4.942739E+01
   1.145666E+01   4.943518E+01
   1.147675E+01   4.942979E+01
   1.150588E+01   4.941984E+01
   1.153925E+01   4.941396E+01
   1.155235E+01   4.941600E+01
   1.155404E+01   4.943477E+01
   1.157008E+01   4.944868E+01
   1.158741E+01   4.947193E+01
   1.158501E+01   4.947828E+01
   1.156915E+01   4.948702E+01
   1.155809E+01   4.949972E+01
   1.153597E+01   4.950427E+01
   1.152970E+01   4.950929E+01
   1.152970E+01   4.951360E+01
   1.154168E+01   4.951887E+01
   1.153726E+01   4.953395E+01
   1.153855E+01   4.953969E+01
   1.151329E+01   4.954591E+01
   1.150813E+01   4.955142E+01
   1.151034E+01   4.955787E+01
   1.152749E+01   4.956601E+01
   1.154758E+01   4.957474E+01
   1.156215E+01   4.958012E+01
   1.156196E+01   4.958430E+01
   1.155588E+01   4.959183E+01
   1.154703E+01   4.959840E+01
   1.154906E+01   4.960701E+01
   1.156264E+01   4.961899E+01
   1.158558E+01   4.962474E+01
   1.158350E+01   4.963115E+01
   1.156681E+01   4.963690E+01
   1.155951E+01   4.965142E+01
   1.153604E+01   4.969293E+01
   1.154543E+01   4.973541E+01
   1.158663E+01   4.975462E+01
   1.162104E+01   4.976405E+01
   1.162626E+01   4.979638E+01
   1.163565E+01   4.981186E+01
   1.173108E+01   4.984247E+01
   1.183224E+01   4.985794E+01
   1.182129E+01   4.989289E+01
   1.180252E+01   4.993722E+01
   1.179470E+01   4.996272E+01
   1.188074E+01   4.997915E+01
   1.200798E+01   4.999424E+01
   1.207995E+01   4.999994E+01
   1.211228E+01   4.999055E+01
   1.218059E+01   5.000396E+01
   1.218790E+01   5.003579E+01
   1.224578E+01   5.004986E+01
   1.226742E+01   5.008323E+01
END
END
