none
1
   4.644497E+01   4.146518E+01
   4.644606E+01   4.146481E+01
   4.645232E+01   4.145902E+01
   4.649432E+01   4.142509E+01
   4.654775E+01   4.141110E+01
   4.656821E+01   4.140997E+01
   4.657937E+01   4.140291E+01
   4.663436E+01   4.139403E+01
   4.664505E+01   4.138023E+01
   4.666573E+01   4.137151E+01
   4.666521E+01   4.135585E+01
   4.670591E+01   4.133088E+01
   4.672945E+01   4.129435E+01
   4.673959E+01   4.128586E+01
   4.672996E+01   4.127374E+01
   4.671924E+01   4.127318E+01
   4.670040E+01   4.123448E+01
   4.667309E+01   4.118691E+01
   4.666395E+01   4.113059E+01
   4.665286E+01   4.110885E+01
   4.661257E+01   4.109353E+01
   4.650241E+01   4.105475E+01
   4.648975E+01   4.105117E+01
   4.646730E+01   4.106237E+01
   4.645539E+01   4.109359E+01
   4.642749E+01   4.110062E+01
   4.639250E+01   4.109725E+01
   4.636777E+01   4.110217E+01
   4.636303E+01   4.111879E+01
   4.628998E+01   4.117033E+01
   4.624912E+01   4.117966E+01
   4.617960E+01   4.119042E+01
   4.616119E+01   4.119708E+01
   4.611321E+01   4.117660E+01
   4.609772E+01   4.116823E+01
   4.607821E+01   4.117166E+01
   4.595433E+01   4.117404E+01
   4.580422E+01   4.121869E+01
   4.573945E+01   4.125523E+01
   4.569730E+01   4.129635E+01
   4.573849E+01   4.134642E+01
   4.573689E+01   4.135270E+01
   4.571259E+01   4.135656E+01
   4.570132E+01   4.135199E+01
   4.568104E+01   4.135180E+01
   4.559975E+01   4.136994E+01
   4.557660E+01   4.137218E+01
   4.557311E+01   4.137546E+01
   4.557491E+01   4.138884E+01
   4.556352E+01   4.140214E+01
   4.551365E+01   4.141783E+01
   4.542891E+01   4.142664E+01
   4.539238E+01   4.142348E+01
   4.538344E+01   4.142749E+01
   4.536076E+01   4.145016E+01
   4.525165E+01   4.144368E+01
   4.523480E+01   4.143184E+01
   4.519833E+01   4.141273E+01
   4.517957E+01   4.141613E+01
   4.509606E+01   4.133702E+01
   4.508010E+01   4.133903E+01
   4.507549E+01   4.132526E+01
   4.505991E+01   4.132245E+01
   4.504628E+01   4.130689E+01
   4.496129E+01   4.125306E+01
   4.491262E+01   4.125357E+01
   4.484943E+01   4.127095E+01
   4.484331E+01   4.128205E+01
   4.481291E+01   4.127252E+01
   4.480778E+01   4.125801E+01
   4.481815E+01   4.124081E+01
   4.483135E+01   4.123358E+01
   4.485551E+01   4.123195E+01
   4.487040E+01   4.122287E+01
   4.489413E+01   4.122432E+01
   4.490487E+01   4.121004E+01
   4.488450E+01   4.120019E+01
   4.484798E+01   4.120519E+01
   4.483912E+01   4.121141E+01
   4.480738E+01   4.121126E+01
   4.479782E+01   4.121912E+01
   4.474571E+01   4.120638E+01
   4.472641E+01   4.119971E+01
   4.472166E+01   4.120233E+01
   4.469478E+01   4.121086E+01
   4.468435E+01   4.121657E+01
   4.467832E+01   4.122169E+01
   4.464758E+01   4.122975E+01
   4.461136E+01   4.121898E+01
   4.459692E+01   4.118950E+01
   4.458190E+01   4.119232E+01
   4.457864E+01   4.119943E+01
   4.457168E+01   4.120082E+01
   4.455825E+01   4.119762E+01
   4.454301E+01   4.118718E+01
   4.452960E+01   4.119565E+01
   4.452938E+01   4.120559E+01
   4.452561E+01   4.120870E+01
   4.450911E+01   4.118980E+01
   4.446595E+01   4.117703E+01
   4.445318E+01   4.118632E+01
   4.441116E+01   4.119747E+01
   4.438567E+01   4.121671E+01
   4.435743E+01   4.122526E+01
   4.434972E+01   4.122184E+01
   4.435033E+01   4.120406E+01
   4.434311E+01   4.119872E+01
   4.432405E+01   4.120111E+01
   4.430884E+01   4.121064E+01
   4.429620E+01   4.121025E+01
   4.428581E+01   4.120490E+01
   4.427100E+01   4.120868E+01
   4.423691E+01   4.123364E+01
   4.421246E+01   4.122935E+01
   4.419054E+01   4.123624E+01
   4.416347E+01   4.118565E+01
   4.412531E+01   4.118228E+01
   4.401422E+01   4.118196E+01
   4.396294E+01   4.116114E+01
   4.385355E+01   4.115880E+01
   4.380555E+01   4.114055E+01
   4.374996E+01   4.110564E+01
   4.359725E+01   4.112520E+01
   4.347301E+01   4.111955E+01
   4.344530E+01   4.117243E+01
   4.331084E+01   4.118724E+01
   4.322766E+01   4.116921E+01
   4.322496E+01   4.117520E+01
   4.323101E+01   4.118573E+01
   4.319913E+01   4.123020E+01
   4.319238E+01   4.124801E+01
   4.317737E+01   4.124997E+01
   4.315123E+01   4.124197E+01
   4.312424E+01   4.125304E+01
   4.313003E+01   4.125974E+01
   4.319234E+01   4.128922E+01
   4.318320E+01   4.130076E+01
   4.316530E+01   4.130481E+01
   4.315501E+01   4.131232E+01
   4.313414E+01   4.131533E+01
   4.309830E+01   4.135130E+01
   4.303298E+01   4.136720E+01
   4.301621E+01   4.137289E+01
   4.298764E+01   4.140874E+01
   4.296448E+01   4.143198E+01
   4.294214E+01   4.145414E+01
   4.289721E+01   4.147614E+01
   4.286078E+01   4.147045E+01
   4.285166E+01   4.146684E+01
   4.282991E+01   4.147491E+01
   4.281880E+01   4.148483E+01
   4.279933E+01   4.149367E+01
   4.279410E+01   4.151848E+01
   4.281201E+01   4.154108E+01
   4.281636E+01   4.155553E+01
   4.282807E+01   4.156567E+01
   4.283120E+01   4.158165E+01
   4.282765E+01   4.158569E+01
   4.279482E+01   4.158379E+01
   4.278004E+01   4.157324E+01
   4.276644E+01   4.158088E+01
   4.275157E+01   4.158192E+01
   4.273770E+01   4.159191E+01
   4.269316E+01   4.159622E+01
   4.260338E+01   4.158067E+01
   4.258011E+01   4.156116E+01
   4.258432E+01   4.154232E+01
   4.257099E+01   4.152377E+01
   4.257574E+01   4.150749E+01
   4.253616E+01   4.148690E+01
   4.252920E+01   4.147724E+01
   4.251786E+01   4.147046E+01
   4.252796E+01   4.144508E+01
   4.252024E+01   4.143309E+01
   4.249580E+01   4.143937E+01
   4.247272E+01   4.143194E+01
   4.244779E+01   4.143475E+01
   4.236786E+01   4.146115E+01
   4.234616E+01   4.146704E+01
   4.232853E+01   4.146441E+01
   4.231514E+01   4.147509E+01
   4.226198E+01   4.148803E+01
   4.222377E+01   4.149380E+01
   4.220406E+01   4.148739E+01
   4.214918E+01   4.150170E+01
   4.203927E+01   4.149022E+01
   4.199209E+01   4.150193E+01
   4.191546E+01   4.149604E+01
   4.190237E+01   4.148457E+01
   4.189767E+01   4.147277E+01
   4.188316E+01   4.145706E+01
   4.185426E+01   4.144615E+01
   4.184651E+01   4.143725E+01
   4.182389E+01   4.142696E+01
   4.181202E+01   4.143176E+01
   4.180434E+01   4.144151E+01
   4.178798E+01   4.144599E+01
   4.178041E+01   4.145795E+01
   4.177133E+01   4.145766E+01
   4.175132E+01   4.146660E+01
   4.170650E+01   4.147094E+01
   4.163284E+01   4.148368E+01
   4.161752E+01   4.149712E+01
   4.158453E+01   4.150506E+01
   4.157245E+01   4.151527E+01
   4.154548E+01   4.151711E+01
   4.129608E+01   4.161053E+01
   4.055884E+01   4.241967E+01
   3.988093E+01   4.322533E+01
   4.000171E+01   4.338288E+01
   4.000960E+01   4.341688E+01
   4.000662E+01   4.342550E+01
   4.002730E+01   4.344198E+01
   4.003715E+01   4.345538E+01
   4.004124E+01   4.347718E+01
   4.005967E+01   4.350659E+01
   4.009017E+01   4.353023E+01
   4.008696E+01   4.355593E+01
   4.009778E+01   4.357002E+01
   4.011081E+01   4.357330E+01
   4.013215E+01   4.357003E+01
   4.017150E+01   4.358035E+01
   4.021089E+01   4.357923E+01
   4.024014E+01   4.358979E+01
   4.026026E+01   4.358990E+01
   4.027105E+01   4.358284E+01
   4.029681E+01   4.357588E+01
   4.030428E+01   4.358119E+01
   4.031610E+01   4.358161E+01
   4.033248E+01   4.356965E+01
   4.035670E+01   4.356789E+01
   4.038730E+01   4.355901E+01
   4.041444E+01   4.355648E+01
   4.043396E+01   4.356139E+01
   4.046243E+01   4.355077E+01
   4.048024E+01   4.355245E+01
   4.050601E+01   4.352954E+01
   4.054233E+01   4.352330E+01
   4.056704E+01   4.352454E+01
   4.059210E+01   4.353529E+01
   4.060845E+01   4.355121E+01
   4.063363E+01   4.355414E+01
   4.066194E+01   4.356668E+01
   4.069437E+01   4.355088E+01
   4.069623E+01   4.353924E+01
   4.073927E+01   4.353085E+01
   4.077987E+01   4.350878E+01
   4.082697E+01   4.349311E+01
   4.087840E+01   4.348942E+01
   4.089335E+01   4.349243E+01
   4.090217E+01   4.347552E+01
   4.090239E+01   4.345960E+01
   4.092718E+01   4.345032E+01
   4.093276E+01   4.344502E+01
   4.093334E+01   4.343077E+01
   4.095241E+01   4.342386E+01
   4.097591E+01   4.342887E+01
   4.098386E+01   4.343434E+01
   4.100546E+01   4.343572E+01
   4.104510E+01   4.340152E+01
   4.109346E+01   4.339055E+01
   4.109730E+01   4.340148E+01
   4.110438E+01   4.340739E+01
   4.112404E+01   4.340204E+01
   4.115382E+01   4.340679E+01
   4.116011E+01   4.339397E+01
   4.116844E+01   4.338821E+01
   4.118240E+01   4.338978E+01
   4.122197E+01   4.338414E+01
   4.124554E+01   4.336300E+01
   4.125776E+01   4.336822E+01
   4.127672E+01   4.336375E+01
   4.128397E+01   4.334844E+01
   4.129195E+01   4.334215E+01
   4.131505E+01   4.334437E+01
   4.132340E+01   4.335139E+01
   4.133767E+01   4.335146E+01
   4.135523E+01   4.336223E+01
   4.136468E+01   4.337349E+01
   4.139515E+01   4.336954E+01
   4.141853E+01   4.335591E+01
   4.141624E+01   4.333535E+01
   4.142691E+01   4.331683E+01
   4.144134E+01   4.331052E+01
   4.146464E+01   4.331134E+01
   4.149222E+01   4.328912E+01
   4.150712E+01   4.328525E+01
   4.151548E+01   4.327819E+01
   4.154595E+01   4.327311E+01
   4.156059E+01   4.325590E+01
   4.157850E+01   4.325581E+01
   4.158945E+01   4.324079E+01
   4.162253E+01   4.322641E+01
   4.163441E+01   4.322684E+01
   4.166066E+01   4.324116E+01
   4.168602E+01   4.322329E+01
   4.169770E+01   4.322317E+01
   4.172068E+01   4.324415E+01
   4.173095E+01   4.324651E+01
   4.177106E+01   4.322436E+01
   4.178627E+01   4.322514E+01
   4.179718E+01   4.321159E+01
   4.180575E+01   4.320743E+01
   4.182656E+01   4.321786E+01
   4.184688E+01   4.321652E+01
   4.185863E+01   4.323447E+01
   4.186006E+01   4.324504E+01
   4.188934E+01   4.325186E+01
   4.190453E+01   4.323949E+01
   4.190858E+01   4.323154E+01
   4.194386E+01   4.322898E+01
   4.195611E+01   4.321138E+01
   4.198464E+01   4.321937E+01
   4.201939E+01   4.322132E+01
   4.204554E+01   4.319286E+01
   4.209282E+01   4.321705E+01
   4.210769E+01   4.321342E+01
   4.212588E+01   4.321472E+01
   4.216469E+01   4.322847E+01
   4.218219E+01   4.322171E+01
   4.219616E+01   4.323054E+01
   4.221439E+01   4.323447E+01
   4.224832E+01   4.323145E+01
   4.226016E+01   4.321619E+01
   4.229077E+01   4.321579E+01
   4.230570E+01   4.322749E+01
   4.231386E+01   4.322394E+01
   4.233791E+01   4.322521E+01
   4.235696E+01   4.325001E+01
   4.238858E+01   4.324816E+01
   4.240465E+01   4.325220E+01
   4.241592E+01   4.326045E+01
   4.244422E+01   4.325449E+01
   4.245613E+01   4.323760E+01
   4.245064E+01   4.322620E+01
   4.246204E+01   4.321615E+01
   4.249765E+01   4.320393E+01
   4.251245E+01   4.320264E+01
   4.254801E+01   4.318019E+01
   4.259707E+01   4.317509E+01
   4.260378E+01   4.316810E+01
   4.261680E+01   4.316749E+01
   4.266374E+01   4.314445E+01
   4.267554E+01   4.315735E+01
   4.267377E+01   4.316611E+01
   4.267894E+01   4.317656E+01
   4.270069E+01   4.317738E+01
   4.270709E+01   4.318315E+01
   4.272986E+01   4.318640E+01
   4.273788E+01   4.318490E+01
   4.274693E+01   4.319097E+01
   4.277780E+01   4.319226E+01
   4.279146E+01   4.318794E+01
   4.280051E+01   4.317788E+01
   4.281254E+01   4.317255E+01
   4.284956E+01   4.318209E+01
   4.286240E+01   4.318178E+01
   4.287966E+01   4.317380E+01
   4.288351E+01   4.316145E+01
   4.289816E+01   4.316292E+01
   4.290618E+01   4.315761E+01
   4.293415E+01   4.315155E+01
   4.293591E+01   4.314541E+01
   4.292898E+01   4.313435E+01
   4.293058E+01   4.312832E+01
   4.296003E+01   4.312888E+01
   4.298416E+01   4.312031E+01
   4.299531E+01   4.312021E+01
   4.304285E+01   4.309428E+01
   4.304500E+01   4.308399E+01
   4.302802E+01   4.307547E+01
   4.302379E+01   4.306938E+01
   4.304372E+01   4.303252E+01
   4.308927E+01   4.300408E+01
   4.311533E+01   4.300373E+01
   4.312129E+01   4.299315E+01
   4.313551E+01   4.298816E+01
   4.314699E+01   4.297380E+01
   4.317569E+01   4.296554E+01
   4.323257E+01   4.293447E+01
   4.324277E+01   4.292672E+01
   4.329151E+01   4.292241E+01
   4.331880E+01   4.291825E+01
   4.333154E+01   4.290896E+01
   4.338771E+01   4.290260E+01
   4.341594E+01   4.289561E+01
   4.344368E+01   4.289744E+01
   4.346191E+01   4.289170E+01
   4.347933E+01   4.289314E+01
   4.356199E+01   4.287172E+01
   4.361231E+01   4.283762E+01
   4.361506E+01   4.281735E+01
   4.363412E+01   4.281591E+01
   4.365207E+01   4.280005E+01
   4.368632E+01   4.280540E+01
   4.369410E+01   4.279945E+01
   4.369601E+01   4.278976E+01
   4.370869E+01   4.278129E+01
   4.378050E+01   4.276138E+01
   4.380814E+01   4.274442E+01
   4.381141E+01   4.273903E+01
   4.381071E+01   4.271856E+01
   4.376230E+01   4.265318E+01
   4.375665E+01   4.261916E+01
   4.375861E+01   4.260200E+01
   4.377094E+01   4.259350E+01
   4.379921E+01   4.260306E+01
   4.380953E+01   4.260331E+01
   4.384129E+01   4.260182E+01
   4.386628E+01   4.259374E+01
   4.391071E+01   4.257870E+01
   4.391856E+01   4.257117E+01
   4.398515E+01   4.256924E+01
   4.400700E+01   4.259358E+01
   4.402158E+01   4.260101E+01
   4.404728E+01   4.260700E+01
   4.411482E+01   4.262097E+01
   4.418965E+01   4.263553E+01
   4.424521E+01   4.268114E+01
   4.427411E+01   4.269947E+01
   4.429793E+01   4.270916E+01
   4.431484E+01   4.272570E+01
   4.433427E+01   4.272297E+01
   4.435147E+01   4.271557E+01
   4.436467E+01   4.271963E+01
   4.438303E+01   4.271910E+01
   4.439550E+01   4.271146E+01
   4.440779E+01   4.271380E+01
   4.441852E+01   4.272353E+01
   4.451149E+01   4.270307E+01
   4.451297E+01   4.270788E+01
   4.449656E+01   4.273754E+01
   4.451149E+01   4.275708E+01
   4.453391E+01   4.275781E+01
   4.455232E+01   4.276992E+01
   4.459813E+01   4.275253E+01
   4.465172E+01   4.275087E+01
   4.468206E+01   4.275939E+01
   4.471303E+01   4.274647E+01
   4.474054E+01   4.273129E+01
   4.475546E+01   4.271521E+01
   4.476971E+01   4.264811E+01
   4.480386E+01   4.261935E+01
   4.482153E+01   4.262153E+01
   4.481992E+01   4.264179E+01
   4.483267E+01   4.267569E+01
   4.486595E+01   4.272639E+01
   4.488805E+01   4.275109E+01
   4.494524E+01   4.275472E+01
   4.497704E+01   4.275008E+01
   4.504210E+01   4.270007E+01
   4.506237E+01   4.270029E+01
   4.506988E+01   4.270900E+01
   4.508684E+01   4.271590E+01
   4.513254E+01   4.271358E+01
   4.515960E+01   4.271142E+01
   4.519765E+01   4.267214E+01
   4.522069E+01   4.266213E+01
   4.524096E+01   4.264153E+01
   4.528914E+01   4.260903E+01
   4.532850E+01   4.256739E+01
   4.533513E+01   4.253332E+01
   4.534428E+01   4.252666E+01
   4.539231E+01   4.254024E+01
   4.540249E+01   4.255240E+01
   4.541698E+01   4.255545E+01
   4.545317E+01   4.254940E+01
   4.549604E+01   4.253933E+01
   4.552237E+01   4.254879E+01
   4.557149E+01   4.255248E+01
   4.558257E+01   4.254944E+01
   4.560169E+01   4.253628E+01
   4.560249E+01   4.251878E+01
   4.561480E+01   4.251084E+01
   4.563426E+01   4.251416E+01
   4.565263E+01   4.250469E+01
   4.566664E+01   4.251003E+01
   4.568769E+01   4.250946E+01
   4.577187E+01   4.249271E+01
   4.577858E+01   4.249068E+01
   4.578503E+01   4.244595E+01
   4.577470E+01   4.242079E+01
   4.574088E+01   4.237657E+01
   4.574646E+01   4.236235E+01
   4.575965E+01   4.232708E+01
   4.575561E+01   4.230683E+01
   4.574229E+01   4.229213E+01
   4.572372E+01   4.228557E+01
   4.568923E+01   4.228202E+01
   4.566954E+01   4.227940E+01
   4.562534E+01   4.224189E+01
   4.562489E+01   4.221200E+01
   4.567397E+01   4.218946E+01
   4.572227E+01   4.216693E+01
   4.574668E+01   4.215250E+01
   4.575164E+01   4.214596E+01
   4.577086E+01   4.213019E+01
   4.577473E+01   4.211787E+01
   4.580376E+01   4.211978E+01
   4.584625E+01   4.211462E+01
   4.585438E+01   4.211961E+01
   4.588171E+01   4.210804E+01
   4.589845E+01   4.210966E+01
   4.591604E+01   4.209784E+01
   4.592414E+01   4.208186E+01
   4.593186E+01   4.205837E+01
   4.593880E+01   4.204159E+01
   4.598664E+01   4.204903E+01
   4.600452E+01   4.204167E+01
   4.602358E+01   4.204440E+01
   4.607484E+01   4.204404E+01
   4.608634E+01   4.203134E+01
   4.614910E+01   4.201391E+01
   4.622678E+01   4.201882E+01
   4.625941E+01   4.200837E+01
   4.626181E+01   4.199677E+01
   4.629053E+01   4.194746E+01
   4.631887E+01   4.193688E+01
   4.633817E+01   4.194971E+01
   4.636389E+01   4.193799E+01
   4.639973E+01   4.194424E+01
   4.640770E+01   4.192765E+01
   4.642864E+01   4.191464E+01
   4.641529E+01   4.189022E+01
   4.641916E+01   4.186975E+01
   4.640797E+01   4.185682E+01
   4.640277E+01   4.184321E+01
   4.631111E+01   4.178691E+01
   4.630298E+01   4.177208E+01
   4.623745E+01   4.175368E+01
   4.620682E+01   4.176217E+01
   4.620230E+01   4.174782E+01
   4.618775E+01   4.173654E+01
   4.621143E+01   4.166334E+01
   4.626421E+01   4.163709E+01
   4.627948E+01   4.162536E+01
   4.630564E+01   4.161503E+01
   4.632535E+01   4.161245E+01
   4.633015E+01   4.160262E+01
   4.634552E+01   4.159368E+01
   4.634923E+01   4.156925E+01
   4.633778E+01   4.156281E+01
   4.633280E+01   4.153966E+01
   4.633905E+01   4.152683E+01
   4.635622E+01   4.150770E+01
   4.641183E+01   4.148448E+01
   4.642941E+01   4.147565E+01
   4.643744E+01   4.146607E+01
   4.644497E+01   4.146518E+01
END
END
