none
1
   7.949206E+00   4.872122E+01
   7.958799E+00   4.872833E+01
   7.958545E+00   4.875525E+01
   7.971347E+00   4.876372E+01
   7.989349E+00   4.876497E+01
   8.007903E+00   4.876299E+01
   8.017443E+00   4.877024E+01
   8.020692E+00   4.878879E+01
   8.043024E+00   4.879560E+01
   8.064676E+00   4.879379E+01
   8.100241E+00   4.882308E+01
   8.112246E+00   4.886152E+01
   8.130868E+00   4.889690E+01
   8.165850E+00   4.892890E+01
   8.193647E+00   4.896021E+01
   8.226564E+00   4.896707E+01
   8.290483E+00   4.900430E+01
   8.308333E+00   4.905907E+01
   8.353387E+00   4.910233E+01
   8.362435E+00   4.917175E+01
   8.383821E+00   4.921301E+01
   8.381765E+00   4.924121E+01
   8.409009E+00   4.925912E+01
   8.442378E+00   4.928162E+01
   8.466292E+00   4.929431E+01
   8.479640E+00   4.929504E+01
   8.469629E+00   4.930701E+01
   8.444046E+00   4.931426E+01
   8.444046E+00   4.933166E+01
   8.462399E+00   4.934434E+01
   8.489650E+00   4.936716E+01
   8.454613E+00   4.937622E+01
   8.462399E+00   4.939287E+01
   8.482977E+00   4.940264E+01
   8.500217E+00   4.943430E+01
   8.464624E+00   4.943900E+01
   8.436817E+00   4.944696E+01
   8.435148E+00   4.946069E+01
   8.454613E+00   4.946937E+01
   8.440153E+00   4.948780E+01
   8.405672E+00   4.955351E+01
   8.417351E+00   4.958993E+01
   8.450720E+00   4.959642E+01
   8.473522E+00   4.959678E+01
   8.530805E+00   4.955639E+01
   8.546377E+00   4.953294E+01
   8.583083E+00   4.952644E+01
   8.608110E+00   4.955098E+01
   8.585864E+00   4.959101E+01
   8.580302E+00   4.961156E+01
   8.618120E+00   4.962309E+01
   8.695425E+00   4.963137E+01
   8.708772E+00   4.958993E+01
   8.699318E+00   4.957190E+01
   8.736580E+00   4.952897E+01
   8.785410E+00   4.952276E+01
   8.827232E+00   4.953344E+01
   8.831681E+00   4.950774E+01
   8.888630E+00   4.951091E+01
   8.905092E+00   4.951005E+01
   8.930898E+00   4.948780E+01
   8.943355E+00   4.951005E+01
   8.988737E+00   4.951640E+01
   9.032116E+00   4.951120E+01
   9.069934E+00   4.953864E+01
   9.069934E+00   4.955913E+01
   9.099744E+00   4.959375E+01
   9.227435E+00   4.959289E+01
   9.259469E+00   4.964045E+01
   9.303516E+00   4.967041E+01
   9.375593E+00   4.966839E+01
   9.372846E+00   4.967918E+01
   9.393458E+00   4.966463E+01
   9.408894E+00   4.966568E+01
   9.420376E+00   4.966636E+01
   9.451811E+00   4.965830E+01
   9.477462E+00   4.964571E+01
   9.492172E+00   4.964762E+01
   9.501957E+00   4.964119E+01
   9.504858E+00   4.964559E+01
   9.520480E+00   4.964604E+01
   9.528020E+00   4.963775E+01
   9.538627E+00   4.964282E+01
   9.544970E+00   4.964078E+01
   9.552036E+00   4.963242E+01
   9.554613E+00   4.962140E+01
   9.540477E+00   4.961516E+01
   9.546415E+00   4.959943E+01
   9.528109E+00   4.959515E+01
   9.511872E+00   4.959848E+01
   9.503965E+00   4.958698E+01
   9.508906E+00   4.957818E+01
   9.507386E+00   4.957202E+01
   9.526072E+00   4.954574E+01
   9.525993E+00   4.953887E+01
   9.544080E+00   4.953507E+01
   9.548504E+00   4.952383E+01
   9.532775E+00   4.951155E+01
   9.521621E+00   4.950798E+01
   9.517395E+00   4.950993E+01
   9.507555E+00   4.949871E+01
   9.498351E+00   4.949733E+01
   9.495919E+00   4.948857E+01
   9.513965E+00   4.948283E+01
   9.519768E+00   4.947431E+01
   9.516044E+00   4.946188E+01
   9.509110E+00   4.945412E+01
   9.517193E+00   4.944654E+01
   9.529832E+00   4.944631E+01
   9.540378E+00   4.945212E+01
   9.550281E+00   4.945272E+01
   9.590732E+00   4.944269E+01
   9.603346E+00   4.943290E+01
   9.605534E+00   4.942409E+01
   9.575791E+00   4.941491E+01
   9.581083E+00   4.940572E+01
   9.593202E+00   4.940313E+01
   9.592699E+00   4.939671E+01
   9.597097E+00   4.939158E+01
   9.582743E+00   4.938423E+01
   9.574543E+00   4.937441E+01
   9.550664E+00   4.937366E+01
   9.531259E+00   4.937895E+01
   9.507554E+00   4.937234E+01
   9.498425E+00   4.937750E+01
   9.473148E+00   4.938196E+01
   9.464501E+00   4.939221E+01
   9.448619E+00   4.938857E+01
   9.454313E+00   4.937495E+01
   9.445994E+00   4.936961E+01
   9.445634E+00   4.936229E+01
   9.423507E+00   4.935505E+01
   9.399843E+00   4.936303E+01
   9.376408E+00   4.935985E+01
   9.367952E+00   4.936412E+01
   9.353843E+00   4.936373E+01
   9.351451E+00   4.937102E+01
   9.329512E+00   4.938466E+01
   9.319501E+00   4.938144E+01
   9.312317E+00   4.937442E+01
   9.317533E+00   4.935542E+01
   9.296609E+00   4.934532E+01
   9.289197E+00   4.932752E+01
   9.271646E+00   4.932729E+01
   9.265780E+00   4.931813E+01
   9.264256E+00   4.930463E+01
   9.252735E+00   4.929563E+01
   9.240717E+00   4.929480E+01
   9.228954E+00   4.930746E+01
   9.219771E+00   4.930501E+01
   9.208332E+00   4.931345E+01
   9.203658E+00   4.932155E+01
   9.193221E+00   4.932433E+01
   9.173186E+00   4.932037E+01
   9.164578E+00   4.932443E+01
   9.157281E+00   4.930851E+01
   9.158322E+00   4.929644E+01
   9.147995E+00   4.929005E+01
   9.155365E+00   4.928806E+01
   9.158261E+00   4.928347E+01
   9.151122E+00   4.927094E+01
   9.118069E+00   4.926893E+01
   9.113036E+00   4.927014E+01
   9.112211E+00   4.927433E+01
   9.103619E+00   4.927636E+01
   9.071258E+00   4.927527E+01
   9.061878E+00   4.928148E+01
   9.048977E+00   4.928386E+01
   9.045732E+00   4.929059E+01
   9.029983E+00   4.929331E+01
   9.031555E+00   4.928934E+01
   9.044179E+00   4.928435E+01
   9.044578E+00   4.927623E+01
   9.035240E+00   4.927197E+01
   9.033303E+00   4.926666E+01
   9.020668E+00   4.926230E+01
   9.024415E+00   4.926011E+01
   9.022303E+00   4.925420E+01
   9.014282E+00   4.925235E+01
   9.005878E+00   4.925898E+01
   9.004115E+00   4.925318E+01
   9.010320E+00   4.925358E+01
   9.013626E+00   4.924958E+01
   9.007981E+00   4.924003E+01
   8.993176E+00   4.923777E+01
   8.985350E+00   4.922941E+01
   8.966543E+00   4.922437E+01
   8.965576E+00   4.921606E+01
   8.958534E+00   4.921039E+01
   8.891213E+00   4.919944E+01
   8.896700E+00   4.919489E+01
   8.898643E+00   4.918001E+01
   8.873883E+00   4.917193E+01
   8.860036E+00   4.917233E+01
   8.828626E+00   4.918717E+01
   8.819316E+00   4.916140E+01
   8.832101E+00   4.916472E+01
   8.845157E+00   4.915044E+01
   8.840186E+00   4.914687E+01
   8.840152E+00   4.913781E+01
   8.830334E+00   4.913382E+01
   8.834268E+00   4.912949E+01
   8.857569E+00   4.912888E+01
   8.860495E+00   4.913248E+01
   8.872371E+00   4.913476E+01
   8.879904E+00   4.912187E+01
   8.888908E+00   4.911993E+01
   8.893789E+00   4.911366E+01
   8.897365E+00   4.909692E+01
   8.896010E+00   4.908327E+01
   8.891430E+00   4.907761E+01
   8.877837E+00   4.907596E+01
   8.876447E+00   4.907253E+01
   8.882159E+00   4.906541E+01
   8.883510E+00   4.905592E+01
   8.879396E+00   4.904731E+01
   8.875521E+00   4.904677E+01
   8.875852E+00   4.904000E+01
   8.879814E+00   4.903412E+01
   8.905534E+00   4.902453E+01
   8.920873E+00   4.901080E+01
   8.922114E+00   4.900496E+01
   8.935108E+00   4.899507E+01
   8.935736E+00   4.898899E+01
   8.926865E+00   4.898356E+01
   8.928605E+00   4.897845E+01
   8.941734E+00   4.897007E+01
   8.952521E+00   4.895307E+01
   8.948773E+00   4.894998E+01
   8.950006E+00   4.894017E+01
   8.942971E+00   4.893535E+01
   8.934924E+00   4.893626E+01
   8.929776E+00   4.893339E+01
   8.906205E+00   4.893845E+01
   8.908931E+00   4.892437E+01
   8.924572E+00   4.892382E+01
   8.929132E+00   4.892064E+01
   8.924478E+00   4.891157E+01
   8.913378E+00   4.890905E+01
   8.919340E+00   4.890003E+01
   8.916911E+00   4.889589E+01
   8.920123E+00   4.888437E+01
   8.930755E+00   4.887185E+01
   8.932030E+00   4.886541E+01
   8.929808E+00   4.886247E+01
   8.919923E+00   4.886349E+01
   8.904444E+00   4.885838E+01
   8.896825E+00   4.884458E+01
   8.879710E+00   4.883695E+01
   8.895323E+00   4.882960E+01
   8.902238E+00   4.882053E+01
   8.902445E+00   4.881407E+01
   8.894393E+00   4.881016E+01
   8.894805E+00   4.880595E+01
   8.903487E+00   4.880316E+01
   8.902343E+00   4.879826E+01
   8.895447E+00   4.879495E+01
   8.887139E+00   4.879928E+01
   8.868035E+00   4.878921E+01
   8.847589E+00   4.878976E+01
   8.833691E+00   4.879494E+01
   8.803657E+00   4.877408E+01
   8.836843E+00   4.875685E+01
   8.836839E+00   4.874353E+01
   8.833238E+00   4.873930E+01
   8.856062E+00   4.873746E+01
   8.880643E+00   4.872638E+01
   8.878652E+00   4.871981E+01
   8.868289E+00   4.871749E+01
   8.868934E+00   4.871080E+01
   8.861791E+00   4.870632E+01
   8.865480E+00   4.869550E+01
   8.852812E+00   4.868198E+01
   8.838170E+00   4.868000E+01
   8.829669E+00   4.867436E+01
   8.828217E+00   4.866785E+01
   8.822166E+00   4.866646E+01
   8.820495E+00   4.866193E+01
   8.802352E+00   4.865684E+01
   8.804470E+00   4.864275E+01
   8.796723E+00   4.863795E+01
   8.798357E+00   4.863415E+01
   8.794090E+00   4.862882E+01
   8.800341E+00   4.862568E+01
   8.804178E+00   4.861157E+01
   8.797580E+00   4.860655E+01
   8.796975E+00   4.859199E+01
   8.761876E+00   4.859975E+01
   8.750816E+00   4.859738E+01
   8.757661E+00   4.858661E+01
   8.760516E+00   4.855878E+01
   8.768116E+00   4.855735E+01
   8.768426E+00   4.855139E+01
   8.773928E+00   4.855270E+01
   8.776181E+00   4.855025E+01
   8.773073E+00   4.854273E+01
   8.760697E+00   4.854170E+01
   8.766871E+00   4.853440E+01
   8.762716E+00   4.852819E+01
   8.772589E+00   4.852434E+01
   8.774515E+00   4.852022E+01
   8.767996E+00   4.851570E+01
   8.765267E+00   4.850620E+01
   8.770770E+00   4.850353E+01
   8.777797E+00   4.849012E+01
   8.796862E+00   4.848743E+01
   8.808891E+00   4.848106E+01
   8.814832E+00   4.847260E+01
   8.825558E+00   4.847037E+01
   8.832815E+00   4.846199E+01
   8.792269E+00   4.844877E+01
   8.790571E+00   4.844448E+01
   8.784129E+00   4.844363E+01
   8.784074E+00   4.843844E+01
   8.773369E+00   4.843526E+01
   8.769089E+00   4.842884E+01
   8.776581E+00   4.842866E+01
   8.776153E+00   4.842470E+01
   8.781063E+00   4.842150E+01
   8.779087E+00   4.841463E+01
   8.770735E+00   4.841197E+01
   8.758798E+00   4.839099E+01
   8.754780E+00   4.838912E+01
   8.760518E+00   4.838569E+01
   8.760481E+00   4.838065E+01
   8.749244E+00   4.837615E+01
   8.715672E+00   4.837617E+01
   8.705682E+00   4.838144E+01
   8.688284E+00   4.838421E+01
   8.684822E+00   4.839209E+01
   8.674785E+00   4.839718E+01
   8.654505E+00   4.839153E+01
   8.638658E+00   4.839884E+01
   8.605237E+00   4.839330E+01
   8.598042E+00   4.839710E+01
   8.594693E+00   4.840566E+01
   8.561996E+00   4.839645E+01
   8.546948E+00   4.840150E+01
   8.525137E+00   4.839824E+01
   8.526936E+00   4.839447E+01
   8.521998E+00   4.839211E+01
   8.524416E+00   4.838880E+01
   8.522172E+00   4.838490E+01
   8.503053E+00   4.838456E+01
   8.490646E+00   4.837916E+01
   8.489484E+00   4.836965E+01
   8.499079E+00   4.836608E+01
   8.503525E+00   4.835710E+01
   8.500587E+00   4.835297E+01
   8.495708E+00   4.835361E+01
   8.481430E+00   4.834553E+01
   8.487505E+00   4.834450E+01
   8.487067E+00   4.833754E+01
   8.489803E+00   4.833549E+01
   8.505172E+00   4.833224E+01
   8.502215E+00   4.832007E+01
   8.496397E+00   4.831223E+01
   8.461699E+00   4.831047E+01
   8.446183E+00   4.829792E+01
   8.441875E+00   4.829938E+01
   8.431077E+00   4.830964E+01
   8.428417E+00   4.832080E+01
   8.395188E+00   4.831990E+01
   8.357714E+00   4.833633E+01
   8.352934E+00   4.836651E+01
   8.356141E+00   4.837648E+01
   8.344485E+00   4.838153E+01
   8.330768E+00   4.838395E+01
   8.324358E+00   4.837857E+01
   8.318249E+00   4.836764E+01
   8.322834E+00   4.835819E+01
   8.319727E+00   4.835377E+01
   8.307488E+00   4.834854E+01
   8.303762E+00   4.833974E+01
   8.289793E+00   4.835478E+01
   8.283386E+00   4.835755E+01
   8.274253E+00   4.835945E+01
   8.268277E+00   4.835694E+01
   8.263533E+00   4.836238E+01
   8.253489E+00   4.835928E+01
   8.249792E+00   4.836263E+01
   8.248700E+00   4.837071E+01
   8.256177E+00   4.837714E+01
   8.245057E+00   4.838350E+01
   8.244345E+00   4.839285E+01
   8.230022E+00   4.840205E+01
   8.238253E+00   4.840792E+01
   8.239078E+00   4.841358E+01
   8.251726E+00   4.841615E+01
   8.255370E+00   4.842267E+01
   8.251405E+00   4.842678E+01
   8.250964E+00   4.843427E+01
   8.261101E+00   4.843723E+01
   8.265329E+00   4.844878E+01
   8.261009E+00   4.846350E+01
   8.270368E+00   4.848269E+01
   8.257163E+00   4.849062E+01
   8.240554E+00   4.848887E+01
   8.226779E+00   4.849542E+01
   8.216433E+00   4.850580E+01
   8.218299E+00   4.851694E+01
   8.208677E+00   4.852165E+01
   8.215457E+00   4.853865E+01
   8.209762E+00   4.855918E+01
   8.225681E+00   4.856619E+01
   8.233734E+00   4.857727E+01
   8.226221E+00   4.857775E+01
   8.217903E+00   4.858511E+01
   8.214857E+00   4.859438E+01
   8.203471E+00   4.860193E+01
   8.209425E+00   4.860763E+01
   8.230710E+00   4.860902E+01
   8.231162E+00   4.861740E+01
   8.237826E+00   4.861901E+01
   8.238465E+00   4.862639E+01
   8.199337E+00   4.862510E+01
   8.180656E+00   4.863659E+01
   8.160690E+00   4.863761E+01
   8.158491E+00   4.864437E+01
   8.145350E+00   4.865047E+01
   8.129948E+00   4.865168E+01
   8.121679E+00   4.864608E+01
   8.106940E+00   4.864840E+01
   8.082846E+00   4.866020E+01
   8.070015E+00   4.867081E+01
   8.064108E+00   4.866838E+01
   8.059171E+00   4.867162E+01
   8.032680E+00   4.867189E+01
   8.030444E+00   4.867906E+01
   8.019530E+00   4.867647E+01
   8.001172E+00   4.868418E+01
   7.978792E+00   4.868437E+01
   7.972600E+00   4.868681E+01
   7.970586E+00   4.869240E+01
   7.979204E+00   4.870164E+01
   7.984912E+00   4.870236E+01
   7.983905E+00   4.870435E+01
   7.978255E+00   4.870579E+01
   7.974503E+00   4.871204E+01
   7.956218E+00   4.871822E+01
   7.949206E+00   4.872122E+01
END
END
2
   9.315115E+00   4.971993E+01
   9.282605E+00   4.973616E+01
   9.284129E+00   4.974181E+01
   9.315115E+00   4.971993E+01
END
END
