none
1
   2.906462E+01   -2.690837E+00
   2.906658E+01   -2.712618E+00
   2.903931E+01   -2.753090E+00
   2.896308E+01   -2.712419E+00
   2.889007E+01   -2.667136E+00
   2.888493E+01   -2.569623E+00
   2.885246E+01   -2.532679E+00
   2.888256E+01   -2.488717E+00
   2.885918E+01   -2.449786E+00
   2.885930E+01   -2.417353E+00
   2.890658E+01   -2.363227E+00
   2.899697E+01   -2.285389E+00
   2.908825E+01   -2.266933E+00
   2.914545E+01   -2.103564E+00
   2.911754E+01   -1.936240E+00
   2.912673E+01   -1.857492E+00
   2.924171E+01   -1.700176E+00
   2.924437E+01   -1.696884E+00
   2.924267E+01   -1.667705E+00
   2.926779E+01   -1.628777E+00
   2.935479E+01   -1.502179E+00
   2.950055E+01   -1.423730E+00
   2.955701E+01   -1.378592E+00
   2.967229E+01   -1.372880E+00
   2.972953E+01   -1.330988E+00
   2.976041E+01   -1.335728E+00
   2.978477E+01   -1.356785E+00
   2.982172E+01   -1.299392E+00
   2.985009E+01   -1.314654E+00
   2.989277E+01   -1.350844E+00
   2.992205E+01   -1.470307E+00
   3.001653E+01   -1.404338E+00
   3.006878E+01   -1.369416E+00
   3.011590E+01   -1.366627E+00
   3.016229E+01   -1.267991E+00
   3.020663E+01   -1.263090E+00
   3.034562E+01   -1.055208E+00
   3.043950E+01   -1.038310E+00
   3.047665E+01   -1.045707E+00
   3.048582E+01   -1.119371E+00
   3.051875E+01   -1.168976E+00
   3.061900E+01   -1.342306E+00
   3.068724E+01   -1.388485E+00
   3.074487E+01   -1.438594E+00
   3.075609E+01   -1.521014E+00
   3.084932E+01   -1.648186E+00
   3.083191E+01   -1.696382E+00
   3.084160E+01   -1.813096E+00
   3.081927E+01   -1.936436E+00
   3.090864E+01   -2.075270E+00
   3.086673E+01   -2.312864E+00
   3.083472E+01   -2.361913E+00
   3.076714E+01   -2.401268E+00
   3.065983E+01   -2.423183E+00
   3.060821E+01   -2.410830E+00
   3.056889E+01   -2.429138E+00
   3.050748E+01   -2.410181E+00
   3.046441E+01   -2.373564E+00
   3.044862E+01   -2.334271E+00
   3.043038E+01   -2.338718E+00
   3.040222E+01   -2.322008E+00
   3.037925E+01   -2.359934E+00
   3.030369E+01   -2.381636E+00
   3.025309E+01   -2.382433E+00
   3.022991E+01   -2.363308E+00
   3.019095E+01   -2.434283E+00
   3.013387E+01   -2.447485E+00
   3.008766E+01   -2.428387E+00
   3.002587E+01   -2.357325E+00
   2.996823E+01   -2.343129E+00
   2.995476E+01   -2.368815E+00
   2.997815E+01   -2.477728E+00
   2.995051E+01   -2.506774E+00
   2.993138E+01   -2.559862E+00
   2.994540E+01   -2.641186E+00
   2.992622E+01   -2.707470E+00
   2.988385E+01   -2.767113E+00
   2.983175E+01   -2.789121E+00
   2.975906E+01   -2.818547E+00
   2.970343E+01   -2.828224E+00
   2.965537E+01   -2.797987E+00
   2.954528E+01   -2.839081E+00
   2.944125E+01   -2.808246E+00
   2.936658E+01   -2.847410E+00
   2.932457E+01   -2.750275E+00
   2.931852E+01   -2.691729E+00
   2.927698E+01   -2.635655E+00
   2.921862E+01   -2.641186E+00
   2.912961E+01   -2.619830E+00
   2.908929E+01   -2.603917E+00
   2.906970E+01   -2.614018E+00
   2.906462E+01   -2.690837E+00
END
END
