none
1
   1.770310E+01   7.900714E+00
   1.680174E+01   7.499730E+00
   1.657217E+01   7.753540E+00
   1.584458E+01   7.404683E+00
   1.548007E+01   7.521816E+00
   1.551073E+01   7.707504E+00
   1.513369E+01   8.585725E+00
   1.446590E+01   9.036819E+00
   1.395753E+01   9.646232E+00
   1.401311E+01   9.736793E+00
   1.412115E+01   9.849111E+00
   1.420238E+01   1.001754E+01
   1.549590E+01   1.002517E+01
   1.508897E+01   1.049579E+01
   1.500101E+01   1.079077E+01
   1.501320E+01   1.178994E+01
   1.496916E+01   1.201995E+01
   1.481626E+01   1.214766E+01
   1.477519E+01   1.256177E+01
   1.449502E+01   1.273879E+01
   1.441951E+01   1.300226E+01
   1.401917E+01   1.304757E+01
   1.356288E+01   1.369380E+01
   1.340129E+01   1.443129E+01
   1.432494E+01   1.577347E+01
   1.543035E+01   1.693066E+01
   1.492914E+01   2.301763E+01
   1.600874E+01   2.353793E+01
   2.007240E+01   2.157649E+01
   2.402527E+01   1.951707E+01
   2.406540E+01   1.566993E+01
   2.307611E+01   1.523466E+01
   2.299754E+01   1.506632E+01
   2.274598E+01   1.482728E+01
   2.274591E+01   1.463435E+01
   2.248591E+01   1.454943E+01
   2.262274E+01   1.410563E+01
   2.219328E+01   1.378948E+01
   2.235549E+01   1.331860E+01
   2.221005E+01   1.277015E+01
   2.248767E+01   1.262914E+01
   2.242173E+01   1.249040E+01
   2.252639E+01   1.209372E+01
   2.265763E+01   1.208256E+01
   2.294209E+01   1.142582E+01
   2.300834E+01   1.128996E+01
   2.288455E+01   1.090408E+01
   2.246591E+01   1.096334E+01
   2.178899E+01   1.057963E+01
   2.172359E+01   1.025042E+01
   2.128266E+01   9.891799E+00
   2.080811E+01   9.387919E+00
   2.040391E+01   9.095220E+00
   1.891843E+01   8.889865E+00
   1.915838E+01   8.657094E+00
   1.862625E+01   8.040668E+00
   1.770310E+01   7.900714E+00
END
END
