none
1
   -7.647960E-01   5.133699E+01
   -7.750860E-01   5.133094E+01
   -7.831520E-01   5.133477E+01
   -7.856040E-01   5.133756E+01
   -7.970110E-01   5.134052E+01
   -8.145220E-01   5.134066E+01
   -8.171200E-01   5.134639E+01
   -8.287310E-01   5.135169E+01
   -8.421620E-01   5.135107E+01
   -8.530070E-01   5.135318E+01
   -8.681200E-01   5.135339E+01
   -8.731300E-01   5.135131E+01
   -8.779370E-01   5.135159E+01
   -8.895740E-01   5.135578E+01
   -9.154300E-01   5.135983E+01
   -9.198400E-01   5.136416E+01
   -9.239350E-01   5.136494E+01
   -9.723440E-01   5.135894E+01
   -9.871440E-01   5.135893E+01
   -9.900900E-01   5.136175E+01
   -1.010884E+00   5.135820E+01
   -1.050353E+00   5.135722E+01
   -1.052232E+00   5.136115E+01
   -1.062914E+00   5.136702E+01
   -1.066165E+00   5.137130E+01
   -1.072852E+00   5.137418E+01
   -1.080451E+00   5.137376E+01
   -1.080937E+00   5.137523E+01
   -1.078013E+00   5.137891E+01
   -1.086822E+00   5.138279E+01
   -1.096233E+00   5.138097E+01
   -1.114587E+00   5.137336E+01
   -1.116255E+00   5.136858E+01
   -1.114464E+00   5.136288E+01
   -1.115219E+00   5.135969E+01
   -1.122952E+00   5.135995E+01
   -1.124394E+00   5.135721E+01
   -1.138591E+00   5.135619E+01
   -1.144073E+00   5.135626E+01
   -1.147544E+00   5.135841E+01
   -1.168917E+00   5.135970E+01
   -1.176929E+00   5.135635E+01
   -1.189131E+00   5.136224E+01
   -1.202482E+00   5.136522E+01
   -1.218633E+00   5.136494E+01
   -1.225180E+00   5.136828E+01
   -1.241772E+00   5.136525E+01
   -1.249207E+00   5.137053E+01
   -1.252169E+00   5.137095E+01
   -1.257279E+00   5.137087E+01
   -1.262245E+00   5.136740E+01
   -1.264885E+00   5.136956E+01
   -1.268450E+00   5.136926E+01
   -1.275615E+00   5.136627E+01
   -1.278912E+00   5.136762E+01
   -1.287117E+00   5.136686E+01
   -1.293927E+00   5.136987E+01
   -1.318527E+00   5.137196E+01
   -1.349583E+00   5.136611E+01
   -1.364255E+00   5.136753E+01
   -1.377990E+00   5.136680E+01
   -1.411070E+00   5.137181E+01
   -1.416534E+00   5.137008E+01
   -1.418423E+00   5.136594E+01
   -1.428000E+00   5.135580E+01
   -1.442638E+00   5.135383E+01
   -1.443053E+00   5.134866E+01
   -1.432925E+00   5.134197E+01
   -1.429113E+00   5.133576E+01
   -1.450596E+00   5.133170E+01
   -1.482069E+00   5.133022E+01
   -1.496560E+00   5.132802E+01
   -1.499244E+00   5.132906E+01
   -1.498481E+00   5.133360E+01
   -1.487013E+00   5.134762E+01
   -1.501411E+00   5.135565E+01
   -1.500305E+00   5.136349E+01
   -1.497984E+00   5.136786E+01
   -1.513993E+00   5.137123E+01
   -1.515101E+00   5.137568E+01
   -1.517272E+00   5.137771E+01
   -1.528107E+00   5.137793E+01
   -1.529669E+00   5.138066E+01
   -1.538974E+00   5.138478E+01
   -1.540056E+00   5.138782E+01
   -1.547005E+00   5.138971E+01
   -1.550467E+00   5.139369E+01
   -1.556044E+00   5.139468E+01
   -1.557259E+00   5.139761E+01
   -1.554708E+00   5.140149E+01
   -1.555470E+00   5.140794E+01
   -1.562640E+00   5.140733E+01
   -1.564130E+00   5.141212E+01
   -1.572139E+00   5.141572E+01
   -1.565617E+00   5.142293E+01
   -1.560084E+00   5.142143E+01
   -1.546370E+00   5.142373E+01
   -1.539586E+00   5.142712E+01
   -1.530468E+00   5.142619E+01
   -1.530254E+00   5.142766E+01
   -1.533030E+00   5.142979E+01
   -1.525046E+00   5.144132E+01
   -1.525953E+00   5.144991E+01
   -1.530241E+00   5.145444E+01
   -1.546176E+00   5.145808E+01
   -1.549485E+00   5.146030E+01
   -1.551642E+00   5.146470E+01
   -1.559153E+00   5.146793E+01
   -1.562569E+00   5.147543E+01
   -1.567642E+00   5.147634E+01
   -1.571329E+00   5.148541E+01
   -1.583103E+00   5.149351E+01
   -1.584391E+00   5.149578E+01
   -1.583578E+00   5.149981E+01
   -1.587098E+00   5.150303E+01
   -1.589073E+00   5.151387E+01
   -1.582027E+00   5.153753E+01
   -1.571399E+00   5.154349E+01
   -1.570234E+00   5.154845E+01
   -1.566050E+00   5.154710E+01
   -1.555368E+00   5.155431E+01
   -1.541915E+00   5.155322E+01
   -1.538809E+00   5.155033E+01
   -1.532269E+00   5.154839E+01
   -1.521381E+00   5.155190E+01
   -1.512769E+00   5.155174E+01
   -1.504659E+00   5.154771E+01
   -1.496375E+00   5.154684E+01
   -1.489087E+00   5.154368E+01
   -1.485234E+00   5.154111E+01
   -1.486785E+00   5.153698E+01
   -1.485194E+00   5.153504E+01
   -1.476649E+00   5.153355E+01
   -1.469872E+00   5.152981E+01
   -1.464822E+00   5.153126E+01
   -1.465863E+00   5.153538E+01
   -1.464846E+00   5.153941E+01
   -1.456624E+00   5.153645E+01
   -1.448055E+00   5.153741E+01
   -1.426849E+00   5.154655E+01
   -1.421822E+00   5.153751E+01
   -1.404778E+00   5.154821E+01
   -1.395342E+00   5.154146E+01
   -1.383852E+00   5.154150E+01
   -1.378400E+00   5.154593E+01
   -1.378489E+00   5.155051E+01
   -1.367567E+00   5.155344E+01
   -1.358605E+00   5.154762E+01
   -1.350247E+00   5.154788E+01
   -1.346414E+00   5.154492E+01
   -1.342686E+00   5.154465E+01
   -1.339412E+00   5.154624E+01
   -1.333912E+00   5.156103E+01
   -1.328941E+00   5.156468E+01
   -1.325451E+00   5.156052E+01
   -1.303209E+00   5.155757E+01
   -1.296739E+00   5.155418E+01
   -1.287233E+00   5.155377E+01
   -1.285084E+00   5.154989E+01
   -1.269763E+00   5.154551E+01
   -1.260202E+00   5.153871E+01
   -1.240136E+00   5.153866E+01
   -1.229530E+00   5.153568E+01
   -1.204763E+00   5.153861E+01
   -1.202292E+00   5.153692E+01
   -1.204714E+00   5.153223E+01
   -1.203307E+00   5.152963E+01
   -1.161989E+00   5.153543E+01
   -1.160340E+00   5.153759E+01
   -1.140156E+00   5.154386E+01
   -1.135534E+00   5.154058E+01
   -1.133467E+00   5.153378E+01
   -1.137489E+00   5.152661E+01
   -1.142236E+00   5.152296E+01
   -1.141165E+00   5.151667E+01
   -1.133783E+00   5.151230E+01
   -1.119190E+00   5.151283E+01
   -1.112631E+00   5.151041E+01
   -1.108031E+00   5.150513E+01
   -1.103493E+00   5.149278E+01
   -1.100992E+00   5.149017E+01
   -1.087909E+00   5.148675E+01
   -1.061547E+00   5.149251E+01
   -1.051084E+00   5.149282E+01
   -1.041906E+00   5.148963E+01
   -1.036910E+00   5.148477E+01
   -1.037600E+00   5.147675E+01
   -1.019571E+00   5.146813E+01
   -1.013933E+00   5.146726E+01
   -1.009042E+00   5.146878E+01
   -1.007378E+00   5.147434E+01
   -1.000627E+00   5.147594E+01
   -9.995130E-01   5.147813E+01
   -1.001579E+00   5.148111E+01
   -9.986380E-01   5.148528E+01
   -9.933220E-01   5.148727E+01
   -9.821700E-01   5.148608E+01
   -9.780990E-01   5.148931E+01
   -9.736630E-01   5.148796E+01
   -9.701220E-01   5.149173E+01
   -9.576200E-01   5.149408E+01
   -9.527300E-01   5.148903E+01
   -9.463190E-01   5.148673E+01
   -9.435520E-01   5.148212E+01
   -9.438310E-01   5.147962E+01
   -9.402380E-01   5.147542E+01
   -9.472350E-01   5.146994E+01
   -9.466470E-01   5.146584E+01
   -9.491140E-01   5.146401E+01
   -9.533550E-01   5.146413E+01
   -9.530220E-01   5.146155E+01
   -9.470540E-01   5.146041E+01
   -9.395530E-01   5.146301E+01
   -9.308410E-01   5.146863E+01
   -9.224380E-01   5.146874E+01
   -9.199470E-01   5.147348E+01
   -9.115620E-01   5.147781E+01
   -9.101680E-01   5.148372E+01
   -8.995740E-01   5.148755E+01
   -8.942120E-01   5.149762E+01
   -8.826580E-01   5.150232E+01
   -8.718460E-01   5.150375E+01
   -8.724680E-01   5.150697E+01
   -8.815470E-01   5.151221E+01
   -8.796210E-01   5.152298E+01
   -9.012780E-01   5.153683E+01
   -9.003900E-01   5.154193E+01
   -8.902480E-01   5.155779E+01
   -8.862610E-01   5.156139E+01
   -8.808330E-01   5.156309E+01
   -8.739640E-01   5.156214E+01
   -8.666390E-01   5.155638E+01
   -8.611300E-01   5.154955E+01
   -8.561080E-01   5.154969E+01
   -8.435380E-01   5.154578E+01
   -8.377460E-01   5.154798E+01
   -8.294740E-01   5.154656E+01
   -8.242760E-01   5.155148E+01
   -8.102180E-01   5.155373E+01
   -7.945120E-01   5.155216E+01
   -7.871950E-01   5.155474E+01
   -7.829250E-01   5.155718E+01
   -7.769820E-01   5.156667E+01
   -7.722250E-01   5.156867E+01
   -7.681700E-01   5.156679E+01
   -7.629470E-01   5.156741E+01
   -7.573130E-01   5.156585E+01
   -7.286170E-01   5.157806E+01
   -7.193790E-01   5.157873E+01
   -7.153020E-01   5.157759E+01
   -7.122040E-01   5.157412E+01
   -7.107890E-01   5.156524E+01
   -7.057010E-01   5.156325E+01
   -7.017110E-01   5.156665E+01
   -6.961760E-01   5.156615E+01
   -6.902690E-01   5.155712E+01
   -6.904850E-01   5.154749E+01
   -6.921900E-01   5.154293E+01
   -6.969400E-01   5.153732E+01
   -7.009560E-01   5.152404E+01
   -7.006300E-01   5.151845E+01
   -7.024940E-01   5.151202E+01
   -6.992070E-01   5.151065E+01
   -6.927940E-01   5.151125E+01
   -6.860590E-01   5.150822E+01
   -6.819960E-01   5.150396E+01
   -6.775770E-01   5.149529E+01
   -6.662150E-01   5.148950E+01
   -6.517070E-01   5.148671E+01
   -6.470590E-01   5.149083E+01
   -6.405510E-01   5.149131E+01
   -6.378740E-01   5.149330E+01
   -6.389950E-01   5.149510E+01
   -6.452460E-01   5.149590E+01
   -6.444180E-01   5.150075E+01
   -6.541300E-01   5.149960E+01
   -6.559900E-01   5.150066E+01
   -6.561240E-01   5.150341E+01
   -6.601260E-01   5.150433E+01
   -6.596720E-01   5.150786E+01
   -6.549450E-01   5.150967E+01
   -6.543520E-01   5.151481E+01
   -6.563330E-01   5.151772E+01
   -6.610930E-01   5.152001E+01
   -6.609040E-01   5.152837E+01
   -6.484490E-01   5.153342E+01
   -6.445730E-01   5.153742E+01
   -6.305510E-01   5.153990E+01
   -6.192290E-01   5.153877E+01
   -6.173510E-01   5.153585E+01
   -6.099110E-01   5.153274E+01
   -6.061220E-01   5.153311E+01
   -6.046020E-01   5.153054E+01
   -5.957920E-01   5.152880E+01
   -5.932350E-01   5.152532E+01
   -5.873420E-01   5.152408E+01
   -5.824110E-01   5.152432E+01
   -5.765630E-01   5.153480E+01
   -5.667980E-01   5.153387E+01
   -5.668160E-01   5.152993E+01
   -5.714090E-01   5.152779E+01
   -5.704850E-01   5.152417E+01
   -5.640900E-01   5.152092E+01
   -5.672160E-01   5.151747E+01
   -5.660710E-01   5.151158E+01
   -5.529860E-01   5.151010E+01
   -5.264620E-01   5.151033E+01
   -5.251640E-01   5.150765E+01
   -5.273450E-01   5.150306E+01
   -5.276420E-01   5.149452E+01
   -5.141880E-01   5.149433E+01
   -5.006880E-01   5.149635E+01
   -4.891180E-01   5.149507E+01
   -4.897570E-01   5.149315E+01
   -4.976920E-01   5.148768E+01
   -5.074260E-01   5.146904E+01
   -5.141200E-01   5.146701E+01
   -5.209080E-01   5.147038E+01
   -5.280650E-01   5.146963E+01
   -5.345280E-01   5.145990E+01
   -5.383010E-01   5.145778E+01
   -5.259650E-01   5.144810E+01
   -5.297330E-01   5.144252E+01
   -5.234270E-01   5.144011E+01
   -5.224340E-01   5.143439E+01
   -5.324260E-01   5.143566E+01
   -5.507220E-01   5.144250E+01
   -5.560210E-01   5.144057E+01
   -5.681210E-01   5.144905E+01
   -5.713130E-01   5.144973E+01
   -5.791380E-01   5.144392E+01
   -5.926430E-01   5.144017E+01
   -6.040040E-01   5.143074E+01
   -6.042200E-01   5.141706E+01
   -6.153200E-01   5.140044E+01
   -6.135480E-01   5.139725E+01
   -6.193640E-01   5.138983E+01
   -6.162620E-01   5.138614E+01
   -6.159340E-01   5.138265E+01
   -6.208230E-01   5.138404E+01
   -6.254260E-01   5.138181E+01
   -6.406430E-01   5.138612E+01
   -6.467300E-01   5.138429E+01
   -6.553850E-01   5.138623E+01
   -6.641500E-01   5.138475E+01
   -7.076340E-01   5.137038E+01
   -7.314850E-01   5.136550E+01
   -7.349120E-01   5.136399E+01
   -7.409340E-01   5.135625E+01
   -7.572810E-01   5.134298E+01
   -7.577150E-01   5.133973E+01
   -7.610290E-01   5.133920E+01
   -7.646060E-01   5.133710E+01
   -7.646790E-01   5.133703E+01
   -7.647960E-01   5.133699E+01
END
END
