none
1
   -8.911520E+01   3.698673E+01
   -8.908910E+01   3.696521E+01
   -8.912787E+01   3.684402E+01
   -8.916224E+01   3.682991E+01
   -8.916576E+01   3.680522E+01
   -8.912259E+01   3.679675E+01
   -8.910833E+01   3.675545E+01
   -8.913580E+01   3.674452E+01
   -8.917369E+01   3.675017E+01
   -8.919220E+01   3.672334E+01
   -8.916312E+01   3.668236E+01
   -8.914814E+01   3.665974E+01
   -8.918779E+01   3.662156E+01
   -8.920454E+01   3.656779E+01
   -8.926710E+01   3.655718E+01
   -8.933055E+01   3.662439E+01
   -8.936187E+01   3.662048E+01
   -8.941161E+01   3.648282E+01
   -8.946713E+01   3.644880E+01
   -8.950414E+01   3.646723E+01
   -8.951417E+01   3.644215E+01
   -8.950061E+01   3.635022E+01
   -8.949640E+01   3.626298E+01
   -8.955942E+01   3.621214E+01
   -8.955102E+01   3.613413E+01
   -8.969958E+01   3.599842E+01
   -8.970567E+01   3.599826E+01
   -8.973806E+01   3.599757E+01
   -9.037984E+01   3.599466E+01
   -9.035042E+01   3.604358E+01
   -9.033582E+01   3.606906E+01
   -9.032122E+01   3.609216E+01
   -9.029481E+01   3.611684E+01
   -9.026809E+01   3.612305E+01
   -9.023444E+01   3.615286E+01
   -9.023817E+01   3.616023E+01
   -9.022238E+01   3.618704E+01
   -9.020380E+01   3.619817E+01
   -9.018968E+01   3.620796E+01
   -9.016168E+01   3.621872E+01
   -9.014377E+01   3.623010E+01
   -9.013344E+01   3.624293E+01
   -9.012098E+01   3.625476E+01
   -9.011723E+01   3.626751E+01
   -9.008543E+01   3.627496E+01
   -9.007924E+01   3.628222E+01
   -9.008043E+01   3.628979E+01
   -9.008495E+01   3.632188E+01
   -9.007906E+01   3.633353E+01
   -9.008054E+01   3.635051E+01
   -9.006904E+01   3.636100E+01
   -9.006745E+01   3.638108E+01
   -9.008189E+01   3.639802E+01
   -9.010987E+01   3.640110E+01
   -9.014089E+01   3.641212E+01
   -9.014713E+01   3.642558E+01
   -9.014488E+01   3.643324E+01
   -9.013711E+01   3.643762E+01
   -9.014019E+01   3.645396E+01
   -9.014444E+01   3.645981E+01
   -9.015838E+01   3.646202E+01
   -9.015464E+01   3.647336E+01
   -9.016183E+01   3.647836E+01
   -9.016179E+01   3.649492E+01
   -9.461860E+01   3.649840E+01
   -9.462098E+01   3.772216E+01
   -9.461249E+01   3.861920E+01
   -9.460773E+01   3.912141E+01
   -9.459122E+01   3.913884E+01
   -9.459278E+01   3.915419E+01
   -9.460741E+01   3.915920E+01
   -9.464408E+01   3.915210E+01
   -9.466317E+01   3.915728E+01
   -9.467534E+01   3.917812E+01
   -9.471377E+01   3.916769E+01
   -9.474277E+01   3.916732E+01
   -9.481287E+01   3.920313E+01
   -9.482771E+01   3.920933E+01
   -9.483802E+01   3.922022E+01
   -9.483382E+01   3.925437E+01
   -9.488878E+01   3.928403E+01
   -9.490813E+01   3.931087E+01
   -9.491284E+01   3.935355E+01
   -9.490402E+01   3.936297E+01
   -9.488386E+01   3.937217E+01
   -9.488717E+01   3.938763E+01
   -9.490095E+01   3.938988E+01
   -9.492341E+01   3.938151E+01
   -9.494369E+01   3.938700E+01
   -9.497501E+01   3.941952E+01
   -9.503941E+01   3.946137E+01
   -9.504975E+01   3.947350E+01
   -9.508452E+01   3.951432E+01
   -9.511212E+01   3.954126E+01
   -9.511606E+01   3.955941E+01
   -9.510828E+01   3.957760E+01
   -9.508971E+01   3.958402E+01
   -9.505192E+01   3.959107E+01
   -9.505781E+01   3.962583E+01
   -9.502976E+01   3.966758E+01
   -9.501657E+01   3.967698E+01
   -9.497420E+01   3.972924E+01
   -9.496714E+01   3.974145E+01
   -9.494785E+01   3.974846E+01
   -9.489941E+01   3.972705E+01
   -9.487716E+01   3.973311E+01
   -9.486555E+01   3.974456E+01
   -9.486364E+01   3.976211E+01
   -9.487042E+01   3.976994E+01
   -9.491225E+01   3.975634E+01
   -9.493795E+01   3.977421E+01
   -9.493436E+01   3.978880E+01
   -9.488367E+01   3.981714E+01
   -9.491763E+01   3.983322E+01
   -9.494234E+01   3.985039E+01
   -9.494531E+01   3.986180E+01
   -9.494117E+01   3.989263E+01
   -9.500002E+01   3.989221E+01
   -9.503727E+01   3.986258E+01
   -9.508514E+01   3.985889E+01
   -9.512882E+01   3.987124E+01
   -9.514301E+01   3.987990E+01
   -9.520173E+01   3.990313E+01
   -9.525182E+01   3.994608E+01
   -9.527174E+01   3.996699E+01
   -9.530466E+01   3.998227E+01
   -9.538739E+01   4.002378E+01
   -9.540919E+01   4.003081E+01
   -9.541953E+01   4.004194E+01
   -9.542453E+01   4.005974E+01
   -9.541849E+01   4.006720E+01
   -9.539853E+01   4.009572E+01
   -9.543048E+01   4.013313E+01
   -9.543868E+01   4.015675E+01
   -9.546249E+01   4.016673E+01
   -9.548217E+01   4.018461E+01
   -9.548529E+01   4.020106E+01
   -9.552237E+01   4.024650E+01
   -9.555389E+01   4.025926E+01
   -9.555933E+01   4.026776E+01
   -9.555441E+01   4.028744E+01
   -9.556324E+01   4.029455E+01
   -9.558283E+01   4.029677E+01
   -9.561096E+01   4.031100E+01
   -9.564501E+01   4.030271E+01
   -9.566013E+01   4.030980E+01
   -9.565574E+01   4.032488E+01
   -9.563146E+01   4.033359E+01
   -9.562572E+01   4.034067E+01
   -9.562949E+01   4.035093E+01
   -9.564374E+01   4.036511E+01
   -9.564677E+01   4.038577E+01
   -9.566444E+01   4.041558E+01
   -9.566035E+01   4.042674E+01
   -9.567232E+01   4.045375E+01
   -9.569522E+01   4.046724E+01
   -9.569925E+01   4.048266E+01
   -9.570296E+01   4.050552E+01
   -9.570756E+01   4.051873E+01
   -9.572243E+01   4.052510E+01
   -9.573734E+01   4.052093E+01
   -9.575771E+01   4.052305E+01
   -9.577160E+01   4.053339E+01
   -9.576639E+01   4.055072E+01
   -9.577751E+01   4.057252E+01
   -9.577602E+01   4.057990E+01
   -9.576560E+01   4.058821E+01
   -9.463201E+01   4.057419E+01
   -9.408914E+01   4.057581E+01
   -9.268669E+01   4.059281E+01
   -9.172923E+01   4.061664E+01
   -9.168390E+01   4.058260E+01
   -9.162002E+01   4.054463E+01
   -9.161504E+01   4.053374E+01
   -9.161855E+01   4.051125E+01
   -9.152153E+01   4.045822E+01
   -9.151627E+01   4.043372E+01
   -9.144115E+01   4.038925E+01
   -9.141653E+01   4.037905E+01
   -9.142515E+01   4.036938E+01
   -9.144302E+01   4.036077E+01
   -9.145968E+01   4.034067E+01
   -9.148758E+01   4.025892E+01
   -9.150153E+01   4.019769E+01
   -9.150524E+01   4.015798E+01
   -9.148666E+01   4.005799E+01
   -9.146270E+01   3.998551E+01
   -9.141647E+01   3.992851E+01
   -9.141731E+01   3.991499E+01
   -9.144089E+01   3.989195E+01
   -9.144401E+01   3.988230E+01
   -9.137602E+01   3.981355E+01
   -9.135874E+01   3.978856E+01
   -9.136701E+01   3.973340E+01
   -9.134355E+01   3.971184E+01
   -9.127409E+01   3.966795E+01
   -9.118000E+01   3.960497E+01
   -9.117179E+01   3.959421E+01
   -9.115191E+01   3.955076E+01
   -9.109833E+01   3.954095E+01
   -9.106169E+01   3.949611E+01
   -9.103641E+01   3.945080E+01
   -9.093903E+01   3.940643E+01
   -9.090319E+01   3.938189E+01
   -9.084610E+01   3.934793E+01
   -9.079190E+01   3.931206E+01
   -9.072773E+01   3.925789E+01
   -9.071415E+01   3.921435E+01
   -9.068323E+01   3.911881E+01
   -9.067810E+01   3.910085E+01
   -9.068029E+01   3.908662E+01
   -9.071062E+01   3.905436E+01
   -9.067557E+01   3.899332E+01
   -9.067302E+01   3.896292E+01
   -9.063772E+01   3.891031E+01
   -9.062347E+01   3.889120E+01
   -9.058253E+01   3.887196E+01
   -9.055643E+01   3.887370E+01
   -9.054582E+01   3.887749E+01
   -9.050235E+01   3.891242E+01
   -9.048951E+01   3.892763E+01
   -9.048521E+01   3.894556E+01
   -9.047422E+01   3.896098E+01
   -9.045164E+01   3.897064E+01
   -9.043997E+01   3.897036E+01
   -9.039480E+01   3.896286E+01
   -9.030854E+01   3.892701E+01
   -9.024938E+01   3.892222E+01
   -9.022128E+01   3.890981E+01
   -9.019611E+01   3.889029E+01
   -9.011206E+01   3.885202E+01
   -9.010666E+01   3.884476E+01
   -9.011180E+01   3.881432E+01
   -9.012070E+01   3.879625E+01
   -9.016446E+01   3.877029E+01
   -9.018122E+01   3.874480E+01
   -9.020182E+01   3.873360E+01
   -9.021006E+01   3.872073E+01
   -9.020674E+01   3.870302E+01
   -9.018394E+01   3.867645E+01
   -9.017817E+01   3.866014E+01
   -9.017620E+01   3.863439E+01
   -9.018215E+01   3.861023E+01
   -9.019496E+01   3.859314E+01
   -9.022217E+01   3.857281E+01
   -9.025769E+01   3.852687E+01
   -9.028278E+01   3.844170E+01
   -9.029328E+01   3.842455E+01
   -9.034713E+01   3.837606E+01
   -9.036551E+01   3.833894E+01
   -9.037093E+01   3.828222E+01
   -9.036104E+01   3.823721E+01
   -9.035146E+01   3.821561E+01
   -9.028944E+01   3.817314E+01
   -9.027300E+01   3.815992E+01
   -9.021709E+01   3.809690E+01
   -9.015788E+01   3.807766E+01
   -9.012903E+01   3.806477E+01
   -9.012358E+01   3.805594E+01
   -9.005790E+01   3.801816E+01
   -9.004910E+01   3.800561E+01
   -9.003078E+01   3.799778E+01
   -8.999633E+01   3.796616E+01
   -8.994176E+01   3.797310E+01
   -8.993412E+01   3.796228E+01
   -8.992315E+01   3.796231E+01
   -8.992255E+01   3.795316E+01
   -8.993082E+01   3.794499E+01
   -8.995770E+01   3.793722E+01
   -8.997177E+01   3.792529E+01
   -8.994888E+01   3.788402E+01
   -8.992262E+01   3.787363E+01
   -8.990242E+01   3.787281E+01
   -8.988307E+01   3.788215E+01
   -8.985258E+01   3.790656E+01
   -8.984124E+01   3.790785E+01
   -8.979730E+01   3.788372E+01
   -8.973872E+01   3.784970E+01
   -8.966750E+01   3.780202E+01
   -8.965738E+01   3.778638E+01
   -8.966484E+01   3.775950E+01
   -8.966164E+01   3.775256E+01
   -8.964938E+01   3.774855E+01
   -8.961627E+01   3.775255E+01
   -8.961302E+01   3.774418E+01
   -8.959424E+01   3.773478E+01
   -8.958154E+01   3.771576E+01
   -8.953048E+01   3.770318E+01
   -8.951441E+01   3.769471E+01
   -8.950901E+01   3.768550E+01
   -8.951458E+01   3.764151E+01
   -8.947293E+01   3.759289E+01
   -8.947526E+01   3.758394E+01
   -8.948532E+01   3.757794E+01
   -8.951769E+01   3.758048E+01
   -8.951417E+01   3.753813E+01
   -8.947318E+01   3.747327E+01
   -8.943713E+01   3.743863E+01
   -8.941806E+01   3.738785E+01
   -8.943059E+01   3.734507E+01
   -8.944706E+01   3.733752E+01
   -8.948731E+01   3.733085E+01
   -8.950737E+01   3.731233E+01
   -8.951535E+01   3.728605E+01
   -8.948878E+01   3.725454E+01
   -8.946984E+01   3.725628E+01
   -8.945629E+01   3.725026E+01
   -8.945537E+01   3.723975E+01
   -8.946461E+01   3.721863E+01
   -8.945351E+01   3.718963E+01
   -8.938584E+01   3.710951E+01
   -8.937588E+01   3.709560E+01
   -8.937271E+01   3.708045E+01
   -8.938225E+01   3.705691E+01
   -8.938128E+01   3.704786E+01
   -8.936120E+01   3.703294E+01
   -8.930319E+01   3.704260E+01
   -8.931382E+01   3.705804E+01
   -8.931010E+01   3.707148E+01
   -8.929724E+01   3.708547E+01
   -8.928132E+01   3.709315E+01
   -8.926789E+01   3.708964E+01
   -8.925242E+01   3.707365E+01
   -8.923193E+01   3.703944E+01
   -8.919841E+01   3.701799E+01
   -8.918945E+01   3.698160E+01
   -8.918390E+01   3.697616E+01
   -8.917033E+01   3.697333E+01
   -8.912481E+01   3.698649E+01
   -8.911520E+01   3.698673E+01
END
END
