none
1
   -3.002393E+00   5.272378E+01
   -3.000282E+00   5.272344E+01
   -2.996875E+00   5.272436E+01
   -2.977671E+00   5.272638E+01
   -2.978535E+00   5.271618E+01
   -2.968348E+00   5.271437E+01
   -2.961754E+00   5.271694E+01
   -2.962225E+00   5.272547E+01
   -2.966582E+00   5.272558E+01
   -2.966582E+00   5.272762E+01
   -2.964953E+00   5.272843E+01
   -2.966170E+00   5.272899E+01
   -2.965409E+00   5.273211E+01
   -2.973598E+00   5.273611E+01
   -2.988379E+00   5.273327E+01
   -2.997447E+00   5.273825E+01
   -2.992529E+00   5.273912E+01
   -2.993224E+00   5.274078E+01
   -2.990834E+00   5.274190E+01
   -3.010581E+00   5.275081E+01
   -3.016931E+00   5.274900E+01
   -3.021450E+00   5.275222E+01
   -3.014358E+00   5.275350E+01
   -3.010696E+00   5.275902E+01
   -3.017225E+00   5.276798E+01
   -3.026490E+00   5.276594E+01
   -3.026937E+00   5.276700E+01
   -3.037182E+00   5.276491E+01
   -3.034011E+00   5.276751E+01
   -3.040069E+00   5.276943E+01
   -3.047712E+00   5.276751E+01
   -3.052794E+00   5.277074E+01
   -3.048037E+00   5.277263E+01
   -3.058120E+00   5.277396E+01
   -3.062226E+00   5.276951E+01
   -3.064868E+00   5.276990E+01
   -3.063893E+00   5.277088E+01
   -3.068487E+00   5.277450E+01
   -3.071455E+00   5.277241E+01
   -3.071089E+00   5.277187E+01
   -3.074870E+00   5.277002E+01
   -3.079667E+00   5.277147E+01
   -3.081171E+00   5.277784E+01
   -3.088895E+00   5.277867E+01
   -3.092080E+00   5.278770E+01
   -3.085973E+00   5.279262E+01
   -3.087730E+00   5.279603E+01
   -3.109556E+00   5.279168E+01
   -3.108171E+00   5.279009E+01
   -3.117563E+00   5.278412E+01
   -3.120604E+00   5.278492E+01
   -3.119793E+00   5.278637E+01
   -3.144221E+00   5.279056E+01
   -3.145572E+00   5.278915E+01
   -3.159627E+00   5.279417E+01
   -3.162465E+00   5.279944E+01
   -3.154644E+00   5.280307E+01
   -3.155453E+00   5.280377E+01
   -3.154030E+00   5.280594E+01
   -3.155550E+00   5.280800E+01
   -3.162634E+00   5.280389E+01
   -3.168941E+00   5.280786E+01
   -3.166062E+00   5.281355E+01
   -3.167615E+00   5.282008E+01
   -3.159432E+00   5.283061E+01
   -3.155906E+00   5.283143E+01
   -3.153189E+00   5.284156E+01
   -3.163404E+00   5.284802E+01
   -3.128623E+00   5.286881E+01
   -3.153308E+00   5.287923E+01
   -3.148493E+00   5.288136E+01
   -3.147280E+00   5.288478E+01
   -3.136863E+00   5.288545E+01
   -3.147922E+00   5.289051E+01
   -3.145246E+00   5.289285E+01
   -3.114389E+00   5.289477E+01
   -3.117421E+00   5.290013E+01
   -3.111642E+00   5.291493E+01
   -3.096821E+00   5.293048E+01
   -3.085806E+00   5.292820E+01
   -3.085203E+00   5.292666E+01
   -3.031384E+00   5.293252E+01
   -3.027907E+00   5.293596E+01
   -3.023898E+00   5.293617E+01
   -3.026062E+00   5.293808E+01
   -3.010175E+00   5.295620E+01
   -2.980193E+00   5.296271E+01
   -2.980247E+00   5.296508E+01
   -2.975101E+00   5.296929E+01
   -2.968495E+00   5.296444E+01
   -2.973151E+00   5.295977E+01
   -2.926802E+00   5.293814E+01
   -2.925919E+00   5.294174E+01
   -2.906053E+00   5.294243E+01
   -2.896378E+00   5.294983E+01
   -2.886119E+00   5.295072E+01
   -2.881866E+00   5.294562E+01
   -2.839558E+00   5.294101E+01
   -2.840727E+00   5.293770E+01
   -2.822513E+00   5.292044E+01
   -2.823372E+00   5.291970E+01
   -2.812512E+00   5.291188E+01
   -2.813268E+00   5.291002E+01
   -2.802958E+00   5.289978E+01
   -2.802339E+00   5.289578E+01
   -2.799556E+00   5.289501E+01
   -2.792854E+00   5.289918E+01
   -2.792751E+00   5.290135E+01
   -2.747662E+00   5.292388E+01
   -2.728726E+00   5.292436E+01
   -2.725606E+00   5.295135E+01
   -2.722311E+00   5.295623E+01
   -2.725830E+00   5.295934E+01
   -2.724441E+00   5.296378E+01
   -2.732824E+00   5.296864E+01
   -2.729170E+00   5.297469E+01
   -2.730314E+00   5.297595E+01
   -2.725248E+00   5.298315E+01
   -2.698898E+00   5.299523E+01
   -2.686100E+00   5.298809E+01
   -2.686348E+00   5.298678E+01
   -2.663486E+00   5.298873E+01
   -2.649259E+00   5.299527E+01
   -2.636853E+00   5.299527E+01
   -2.635124E+00   5.299681E+01
   -2.628264E+00   5.299515E+01
   -2.628396E+00   5.299269E+01
   -2.621234E+00   5.298627E+01
   -2.608615E+00   5.298785E+01
   -2.603509E+00   5.298210E+01
   -2.604948E+00   5.297884E+01
   -2.594416E+00   5.297950E+01
   -2.599495E+00   5.297538E+01
   -2.593706E+00   5.297352E+01
   -2.598600E+00   5.297135E+01
   -2.595320E+00   5.296144E+01
   -2.587417E+00   5.295525E+01
   -2.571518E+00   5.295995E+01
   -2.574346E+00   5.296203E+01
   -2.561023E+00   5.296384E+01
   -2.530335E+00   5.294680E+01
   -2.522922E+00   5.297382E+01
   -2.511255E+00   5.296959E+01
   -2.510978E+00   5.296723E+01
   -2.491769E+00   5.296742E+01
   -2.482154E+00   5.295897E+01
   -2.474649E+00   5.296249E+01
   -2.469881E+00   5.296123E+01
   -2.443251E+00   5.297075E+01
   -2.434639E+00   5.296942E+01
   -2.435964E+00   5.297313E+01
   -2.433797E+00   5.297554E+01
   -2.435629E+00   5.297777E+01
   -2.433891E+00   5.297972E+01
   -2.438075E+00   5.298551E+01
   -2.432403E+00   5.298711E+01
   -2.432475E+00   5.298629E+01
   -2.404380E+00   5.299149E+01
   -2.407408E+00   5.299579E+01
   -2.375956E+00   5.299693E+01
   -2.379049E+00   5.299134E+01
   -2.374179E+00   5.298493E+01
   -2.372271E+00   5.298501E+01
   -2.372205E+00   5.298291E+01
   -2.367730E+00   5.297946E+01
   -2.378094E+00   5.297463E+01
   -2.379913E+00   5.297604E+01
   -2.382415E+00   5.297093E+01
   -2.376426E+00   5.296445E+01
   -2.385144E+00   5.295828E+01
   -2.387191E+00   5.295303E+01
   -2.394203E+00   5.295096E+01
   -2.403971E+00   5.296220E+01
   -2.410636E+00   5.296227E+01
   -2.411434E+00   5.296100E+01
   -2.413485E+00   5.296161E+01
   -2.414225E+00   5.296069E+01
   -2.406990E+00   5.295712E+01
   -2.405566E+00   5.294706E+01
   -2.415137E+00   5.294699E+01
   -2.414909E+00   5.294785E+01
   -2.427726E+00   5.294854E+01
   -2.437126E+00   5.294380E+01
   -2.445309E+00   5.292927E+01
   -2.450076E+00   5.292752E+01
   -2.449926E+00   5.292526E+01
   -2.455700E+00   5.292417E+01
   -2.455325E+00   5.291531E+01
   -2.461848E+00   5.290880E+01
   -2.470696E+00   5.290609E+01
   -2.471070E+00   5.290156E+01
   -2.480147E+00   5.290134E+01
   -2.480598E+00   5.289760E+01
   -2.490345E+00   5.289753E+01
   -2.490458E+00   5.289553E+01
   -2.495497E+00   5.289334E+01
   -2.445483E+00   5.287434E+01
   -2.438379E+00   5.288120E+01
   -2.415798E+00   5.288499E+01
   -2.412209E+00   5.288792E+01
   -2.384767E+00   5.288842E+01
   -2.385066E+00   5.288932E+01
   -2.375271E+00   5.289095E+01
   -2.382748E+00   5.287619E+01
   -2.380131E+00   5.287267E+01
   -2.381776E+00   5.286617E+01
   -2.388884E+00   5.286188E+01
   -2.386515E+00   5.285992E+01
   -2.394213E+00   5.283691E+01
   -2.400809E+00   5.283379E+01
   -2.407630E+00   5.283455E+01
   -2.417546E+00   5.282772E+01
   -2.377086E+00   5.281166E+01
   -2.378905E+00   5.281075E+01
   -2.376038E+00   5.280946E+01
   -2.376565E+00   5.280755E+01
   -2.377883E+00   5.280737E+01
   -2.377249E+00   5.280366E+01
   -2.371781E+00   5.280005E+01
   -2.373851E+00   5.279640E+01
   -2.371883E+00   5.279513E+01
   -2.385792E+00   5.279080E+01
   -2.379494E+00   5.278564E+01
   -2.379895E+00   5.278434E+01
   -2.377057E+00   5.278331E+01
   -2.379914E+00   5.277818E+01
   -2.378665E+00   5.277783E+01
   -2.378799E+00   5.277702E+01
   -2.331065E+00   5.275766E+01
   -2.329581E+00   5.275459E+01
   -2.331595E+00   5.275283E+01
   -2.314090E+00   5.274244E+01
   -2.313195E+00   5.273864E+01
   -2.316663E+00   5.273832E+01
   -2.315240E+00   5.273681E+01
   -2.315389E+00   5.272562E+01
   -2.308048E+00   5.272103E+01
   -2.299403E+00   5.272567E+01
   -2.296222E+00   5.272513E+01
   -2.291736E+00   5.271974E+01
   -2.292715E+00   5.271584E+01
   -2.298424E+00   5.271796E+01
   -2.316318E+00   5.271330E+01
   -2.324670E+00   5.270524E+01
   -2.319890E+00   5.269565E+01
   -2.313662E+00   5.269559E+01
   -2.313258E+00   5.269398E+01
   -2.307139E+00   5.269293E+01
   -2.302302E+00   5.268290E+01
   -2.247585E+00   5.268309E+01
   -2.243808E+00   5.267940E+01
   -2.242576E+00   5.267226E+01
   -2.239991E+00   5.267094E+01
   -2.238603E+00   5.266230E+01
   -2.247451E+00   5.265681E+01
   -2.234813E+00   5.265587E+01
   -2.236919E+00   5.265106E+01
   -2.233540E+00   5.264788E+01
   -2.253509E+00   5.261283E+01
   -2.309178E+00   5.260760E+01
   -2.313276E+00   5.261388E+01
   -2.318068E+00   5.261476E+01
   -2.322999E+00   5.261236E+01
   -2.324804E+00   5.260068E+01
   -2.321193E+00   5.259342E+01
   -2.301886E+00   5.259363E+01
   -2.299082E+00   5.259177E+01
   -2.299639E+00   5.258888E+01
   -2.293970E+00   5.258772E+01
   -2.294822E+00   5.258504E+01
   -2.278071E+00   5.258340E+01
   -2.278149E+00   5.258208E+01
   -2.261950E+00   5.256854E+01
   -2.263242E+00   5.256775E+01
   -2.261590E+00   5.256289E+01
   -2.282563E+00   5.255226E+01
   -2.256236E+00   5.254156E+01
   -2.268555E+00   5.253098E+01
   -2.261234E+00   5.252419E+01
   -2.301234E+00   5.250253E+01
   -2.312928E+00   5.248988E+01
   -2.294350E+00   5.247060E+01
   -2.295050E+00   5.246953E+01
   -2.288487E+00   5.245956E+01
   -2.290771E+00   5.245659E+01
   -2.287724E+00   5.245552E+01
   -2.308963E+00   5.244271E+01
   -2.310532E+00   5.243819E+01
   -2.328561E+00   5.243801E+01
   -2.333007E+00   5.243547E+01
   -2.363497E+00   5.243964E+01
   -2.362411E+00   5.242456E+01
   -2.366906E+00   5.242300E+01
   -2.365778E+00   5.242132E+01
   -2.367110E+00   5.241963E+01
   -2.365369E+00   5.241782E+01
   -2.367930E+00   5.241400E+01
   -2.365881E+00   5.240882E+01
   -2.372336E+00   5.240269E+01
   -2.333543E+00   5.238856E+01
   -2.336660E+00   5.238582E+01
   -2.349914E+00   5.238624E+01
   -2.351571E+00   5.238852E+01
   -2.390579E+00   5.238213E+01
   -2.410469E+00   5.238761E+01
   -2.414644E+00   5.238152E+01
   -2.410771E+00   5.237093E+01
   -2.469496E+00   5.236539E+01
   -2.470060E+00   5.236700E+01
   -2.476404E+00   5.236596E+01
   -2.473725E+00   5.236327E+01
   -2.475229E+00   5.236212E+01
   -2.474148E+00   5.236137E+01
   -2.486931E+00   5.235945E+01
   -2.485318E+00   5.235621E+01
   -2.487810E+00   5.235529E+01
   -2.481261E+00   5.234874E+01
   -2.483347E+00   5.234849E+01
   -2.484217E+00   5.234435E+01
   -2.478016E+00   5.233833E+01
   -2.481037E+00   5.233577E+01
   -2.479906E+00   5.233275E+01
   -2.513258E+00   5.232949E+01
   -2.513258E+00   5.233123E+01
   -2.508047E+00   5.233342E+01
   -2.538762E+00   5.234400E+01
   -2.562435E+00   5.233307E+01
   -2.562689E+00   5.232041E+01
   -2.561663E+00   5.232041E+01
   -2.564408E+00   5.231853E+01
   -2.562266E+00   5.231700E+01
   -2.563187E+00   5.231286E+01
   -2.561941E+00   5.231246E+01
   -2.563132E+00   5.231117E+01
   -2.578486E+00   5.231664E+01
   -2.610661E+00   5.230616E+01
   -2.619703E+00   5.230695E+01
   -2.628153E+00   5.231340E+01
   -2.625643E+00   5.231527E+01
   -2.626282E+00   5.231748E+01
   -2.623407E+00   5.231898E+01
   -2.624502E+00   5.231971E+01
   -2.624000E+00   5.232107E+01
   -2.629476E+00   5.232043E+01
   -2.632077E+00   5.232297E+01
   -2.631347E+00   5.232342E+01
   -2.637096E+00   5.232445E+01
   -2.636412E+00   5.232813E+01
   -2.643484E+00   5.233340E+01
   -2.649396E+00   5.233140E+01
   -2.659825E+00   5.233483E+01
   -2.655851E+00   5.233777E+01
   -2.659153E+00   5.233863E+01
   -2.660328E+00   5.234102E+01
   -2.668275E+00   5.234140E+01
   -2.685549E+00   5.232442E+01
   -2.688843E+00   5.231562E+01
   -2.680333E+00   5.231522E+01
   -2.680032E+00   5.231147E+01
   -2.712211E+00   5.230805E+01
   -2.725320E+00   5.232023E+01
   -2.738355E+00   5.232025E+01
   -2.738417E+00   5.232188E+01
   -2.746684E+00   5.232540E+01
   -2.745845E+00   5.232668E+01
   -2.759624E+00   5.232990E+01
   -2.767112E+00   5.233591E+01
   -2.748241E+00   5.233492E+01
   -2.737919E+00   5.234321E+01
   -2.740001E+00   5.234654E+01
   -2.738706E+00   5.234748E+01
   -2.741343E+00   5.234957E+01
   -2.732692E+00   5.235530E+01
   -2.792182E+00   5.235665E+01
   -2.795343E+00   5.236043E+01
   -2.792281E+00   5.236578E+01
   -2.794421E+00   5.237018E+01
   -2.792874E+00   5.237537E+01
   -2.799110E+00   5.237295E+01
   -2.807453E+00   5.237615E+01
   -2.809034E+00   5.238410E+01
   -2.805315E+00   5.238797E+01
   -2.854888E+00   5.239531E+01
   -2.863490E+00   5.238874E+01
   -2.887574E+00   5.238458E+01
   -2.886218E+00   5.238053E+01
   -2.887423E+00   5.237961E+01
   -2.885876E+00   5.237791E+01
   -2.888718E+00   5.237740E+01
   -2.888520E+00   5.237650E+01
   -2.892398E+00   5.237550E+01
   -2.890587E+00   5.237443E+01
   -2.894704E+00   5.237416E+01
   -2.892288E+00   5.237858E+01
   -2.897504E+00   5.237945E+01
   -2.897504E+00   5.238096E+01
   -2.905573E+00   5.238555E+01
   -2.919682E+00   5.238411E+01
   -2.913588E+00   5.238190E+01
   -2.920834E+00   5.237540E+01
   -2.902243E+00   5.236977E+01
   -2.900779E+00   5.236728E+01
   -2.923241E+00   5.236745E+01
   -2.939356E+00   5.236144E+01
   -2.930609E+00   5.235420E+01
   -2.936466E+00   5.235276E+01
   -2.933167E+00   5.234996E+01
   -2.970622E+00   5.235142E+01
   -2.972730E+00   5.235401E+01
   -3.065489E+00   5.235002E+01
   -3.065911E+00   5.235330E+01
   -3.099705E+00   5.236872E+01
   -3.100920E+00   5.236771E+01
   -3.112055E+00   5.237717E+01
   -3.154719E+00   5.238764E+01
   -3.157481E+00   5.239122E+01
   -3.160744E+00   5.239156E+01
   -3.160560E+00   5.239995E+01
   -3.188258E+00   5.241199E+01
   -3.188234E+00   5.241300E+01
   -3.213478E+00   5.241926E+01
   -3.230846E+00   5.243118E+01
   -3.228806E+00   5.243945E+01
   -3.233669E+00   5.243954E+01
   -3.235577E+00   5.244353E+01
   -3.233500E+00   5.245160E+01
   -3.196802E+00   5.247569E+01
   -3.181147E+00   5.247364E+01
   -3.106968E+00   5.249913E+01
   -3.029514E+00   5.250164E+01
   -3.034470E+00   5.250479E+01
   -3.031815E+00   5.250949E+01
   -3.036505E+00   5.251107E+01
   -3.030753E+00   5.251961E+01
   -3.032169E+00   5.252356E+01
   -3.004617E+00   5.251980E+01
   -3.000905E+00   5.252397E+01
   -3.003804E+00   5.252780E+01
   -3.001480E+00   5.253772E+01
   -2.994317E+00   5.255255E+01
   -2.999639E+00   5.255506E+01
   -2.997646E+00   5.256410E+01
   -3.006226E+00   5.257363E+01
   -3.039266E+00   5.257036E+01
   -3.059390E+00   5.255621E+01
   -3.087706E+00   5.255123E+01
   -3.086352E+00   5.254855E+01
   -3.094338E+00   5.254503E+01
   -3.081547E+00   5.253826E+01
   -3.082841E+00   5.253609E+01
   -3.135506E+00   5.252879E+01
   -3.136971E+00   5.253297E+01
   -3.117605E+00   5.253844E+01
   -3.117261E+00   5.254013E+01
   -3.111898E+00   5.254134E+01
   -3.128041E+00   5.256634E+01
   -3.137358E+00   5.257314E+01
   -3.140102E+00   5.258514E+01
   -3.116997E+00   5.258666E+01
   -3.089824E+00   5.259977E+01
   -3.093143E+00   5.260952E+01
   -3.083282E+00   5.261520E+01
   -3.078631E+00   5.262351E+01
   -3.072312E+00   5.262578E+01
   -3.074305E+00   5.262710E+01
   -3.059511E+00   5.263083E+01
   -3.083281E+00   5.264091E+01
   -3.051881E+00   5.264777E+01
   -3.050984E+00   5.265319E+01
   -3.045622E+00   5.265605E+01
   -3.049692E+00   5.265809E+01
   -3.042733E+00   5.267338E+01
   -3.039581E+00   5.267525E+01
   -3.046191E+00   5.267566E+01
   -3.043017E+00   5.268683E+01
   -3.046847E+00   5.269117E+01
   -3.033869E+00   5.269387E+01
   -3.030411E+00   5.270216E+01
   -3.025772E+00   5.270327E+01
   -3.021525E+00   5.270968E+01
   -3.025419E+00   5.271586E+01
   -3.020223E+00   5.272117E+01
   -3.020622E+00   5.272443E+01
   -3.018267E+00   5.272403E+01
   -3.017953E+00   5.272215E+01
   -3.002393E+00   5.272378E+01
END
END
