none
1
   1.780450E+00   6.409864E+00
   1.789792E+00   6.384679E+00
   1.789526E+00   6.345983E+00
   1.801413E+00   6.325379E+00
   1.797290E+00   6.297586E+00
   1.803016E+00   6.279919E+00
   1.700575E+00   6.253947E+00
   1.680765E+00   6.257444E+00
   1.670027E+00   6.247383E+00
   1.651265E+00   6.246156E+00
   1.640063E+00   6.238975E+00
   1.631128E+00   6.236096E+00
   1.686811E+00   5.993211E+00
   1.282454E+00   5.892541E+00
   1.194851E+00   6.110942E+00
   1.193088E+00   6.162780E+00
   1.081318E+00   6.164938E+00
   1.034011E+00   6.234848E+00
   1.019680E+00   6.254284E+00
   1.002008E+00   6.296879E+00
   8.914600E-01   6.328696E+00
   7.863610E-01   6.404657E+00
   7.464470E-01   6.440339E+00
   7.176980E-01   6.494631E+00
   7.075830E-01   6.529212E+00
   6.907930E-01   6.585754E+00
   6.527830E-01   6.605166E+00
   6.305100E-01   6.641154E+00
   5.786520E-01   6.757479E+00
   5.276110E-01   6.826811E+00
   5.267220E-01   6.858627E+00
   5.194180E-01   6.939746E+00
   5.166750E-01   6.972918E+00
   5.465800E-01   6.995669E+00
   5.927420E-01   7.063351E+00
   6.082340E-01   7.093306E+00
   5.885990E-01   7.107360E+00
   5.865220E-01   7.114199E+00
   5.925620E-01   7.135947E+00
   6.005960E-01   7.156341E+00
   6.118620E-01   7.183207E+00
   6.396530E-01   7.289388E+00
   6.362270E-01   7.370971E+00
   6.273030E-01   7.395186E+00
   5.996410E-01   7.395335E+00
   5.663990E-01   7.388022E+00
   5.345530E-01   7.419425E+00
   5.191210E-01   7.450402E+00
   5.147830E-01   7.458665E+00
   5.138240E-01   7.511558E+00
   5.137650E-01   7.594715E+00
   5.419340E-01   7.612910E+00
   5.803780E-01   7.626179E+00
   5.783040E-01   7.670443E+00
   5.859860E-01   7.705290E+00
   6.064860E-01   7.754178E+00
   6.123230E-01   7.796149E+00
   6.219460E-01   7.865329E+00
   6.131960E-01   7.921114E+00
   5.918640E-01   7.985530E+00
   5.935460E-01   8.007896E+00
   5.797670E-01   8.094683E+00
   5.869390E-01   8.139719E+00
   5.837130E-01   8.202560E+00
   5.988910E-01   8.218179E+00
   6.360530E-01   8.264504E+00
   6.867310E-01   8.285604E+00
   7.083430E-01   8.293502E+00
   7.060230E-01   8.349612E+00
   6.894620E-01   8.392470E+00
   6.472020E-01   8.420379E+00
   5.684000E-01   8.520161E+00
   5.089880E-01   8.559559E+00
   4.665420E-01   8.591829E+00
   3.689130E-01   8.754420E+00
   3.769510E-01   8.796521E+00
   3.922850E-01   8.801530E+00
   4.471910E-01   8.816131E+00
   4.913940E-01   8.841456E+00
   5.059870E-01   8.859234E+00
   5.041190E-01   8.917431E+00
   4.895250E-01   8.952193E+00
   4.642820E-01   9.001711E+00
   4.513100E-01   9.044734E+00
   4.580610E-01   9.078472E+00
   4.685570E-01   9.098423E+00
   4.724530E-01   9.147270E+00
   5.011920E-01   9.258126E+00
   5.350880E-01   9.309374E+00
   5.402630E-01   9.341448E+00
   5.605720E-01   9.402946E+00
   5.497890E-01   9.417663E+00
   5.177210E-01   9.433444E+00
   4.967260E-01   9.434315E+00
   4.897740E-01   9.450110E+00
   4.992000E-01   9.463279E+00
   4.958680E-01   9.473320E+00
   3.885890E-01   9.486674E+00
   3.399220E-01   9.447484E+00
   2.767820E-01   9.422633E+00
   2.594590E-01   9.424019E+00
   2.442880E-01   9.434081E+00
   2.239900E-01   9.462834E+00
   2.269780E-01   9.490157E+00
   2.304380E-01   9.548350E+00
   2.364670E-01   9.577889E+00
   2.456110E-01   9.580404E+00
   2.672790E-01   9.572769E+00
   2.734270E-01   9.617362E+00
   2.585810E-01   9.658315E+00
   2.775680E-01   9.690889E+00
   2.937580E-01   9.687014E+00
   3.369470E-01   9.661171E+00
   3.460070E-01   9.677345E+00
   3.404180E-01   9.714417E+00
   3.214530E-01   9.718650E+00
   3.140530E-01   9.728352E+00
   3.243770E-01   9.759493E+00
   3.203710E-01   9.773329E+00
   3.252630E-01   9.795281E+00
   3.462570E-01   9.881242E+00
   3.502310E-01   9.922674E+00
   3.542030E-01   9.986622E+00
   3.592790E-01   1.001403E+01
   3.556010E-01   1.002805E+01
   3.660170E-01   1.003901E+01
   3.617420E-01   1.008161E+01
   3.480670E-01   1.009895E+01
   3.583400E-01   1.013898E+01
   3.458040E-01   1.016880E+01
   3.159640E-01   1.030449E+01
   3.129630E-01   1.031500E+01
   2.125350E-01   1.040172E+01
   1.884820E-01   1.039972E+01
   1.836550E-01   1.041298E+01
   1.646090E-01   1.042843E+01
   1.636480E-01   1.044821E+01
   1.498780E-01   1.046291E+01
   1.383630E-01   1.052178E+01
   1.132300E-01   1.053752E+01
   5.773000E-02   1.055718E+01
   5.169400E-02   1.057992E+01
   3.548000E-02   1.059784E+01
   -6.393800E-02   1.063070E+01
   -9.479900E-02   1.071272E+01
   -7.829200E-02   1.072389E+01
   -7.721200E-02   1.077207E+01
   -3.416300E-02   1.085606E+01
   -2.995400E-02   1.088316E+01
   -1.060000E-02   1.096520E+01
   2.614000E-02   1.098257E+01
   2.888100E-02   1.099188E+01
   -7.190000E-04   1.108096E+01
   -1.048200E-02   1.110439E+01
   -3.078400E-02   1.110449E+01
   -5.291200E-02   1.108142E+01
   -9.775200E-02   1.108191E+01
   -1.274720E-01   1.110064E+01
   -1.469740E-01   1.110298E+01
   -1.483380E-01   1.112007E+01
   -1.381320E-01   1.114395E+01
   1.863400E-02   1.111850E+01
   5.036180E-01   1.101399E+01
   5.053810E-01   1.100102E+01
   5.111760E-01   1.097247E+01
   5.038750E-01   1.094013E+01
   6.567410E-01   1.100237E+01
   9.148950E-01   1.100023E+01
   9.164090E-01   1.097631E+01
   8.940590E-01   1.091897E+01
   9.091460E-01   1.087572E+01
   8.932560E-01   1.085751E+01
   8.838690E-01   1.079752E+01
   8.072260E-01   1.071182E+01
   8.135980E-01   1.055974E+01
   7.822090E-01   1.038025E+01
   1.101203E+00   1.015395E+01
   1.359194E+00   9.997714E+00
   1.368154E+00   9.829002E+00
   1.377446E+00   9.806927E+00
   1.368089E+00   9.765507E+00
   1.370830E+00   9.663940E+00
   1.378785E+00   9.647852E+00
   1.372263E+00   9.630694E+00
   1.372405E+00   9.593700E+00
   1.344288E+00   9.541740E+00
   1.366192E+00   9.488172E+00
   1.385518E+00   9.499301E+00
   1.395342E+00   9.488916E+00
   1.405311E+00   9.378930E+00
   1.421424E+00   9.323096E+00
   1.510497E+00   9.217976E+00
   1.570226E+00   9.173901E+00
   1.612326E+00   9.096230E+00
   1.624939E+00   9.034103E+00
   1.629809E+00   8.879665E+00
   1.626772E+00   8.549208E+00
   1.665663E+00   8.497733E+00
   1.663343E+00   8.483462E+00
   1.635219E+00   8.446848E+00
   1.628279E+00   8.397337E+00
   1.618474E+00   8.373396E+00
   1.636269E+00   8.360702E+00
   1.640579E+00   7.847533E+00
   1.650794E+00   7.776942E+00
   1.644183E+00   7.756867E+00
   1.646384E+00   7.636733E+00
   1.660500E+00   7.533355E+00
   1.648895E+00   7.425367E+00
   1.647501E+00   6.996035E+00
   1.641999E+00   6.990558E+00
   1.565134E+00   6.988474E+00
   1.566718E+00   6.973023E+00
   1.584950E+00   6.941144E+00
   1.610621E+00   6.905943E+00
   1.608130E+00   6.879311E+00
   1.604659E+00   6.873088E+00
   1.598767E+00   6.870792E+00
   1.604701E+00   6.833529E+00
   1.614926E+00   6.831884E+00
   1.630117E+00   6.761184E+00
   1.623514E+00   6.751742E+00
   1.627148E+00   6.734527E+00
   1.605852E+00   6.726847E+00
   1.595489E+00   6.713814E+00
   1.597847E+00   6.700740E+00
   1.620258E+00   6.652351E+00
   1.616396E+00   6.628137E+00
   1.638874E+00   6.604571E+00
   1.654563E+00   6.584257E+00
   1.668090E+00   6.580939E+00
   1.698715E+00   6.555705E+00
   1.699827E+00   6.547690E+00
   1.707527E+00   6.530515E+00
   1.714797E+00   6.508686E+00
   1.740893E+00   6.491436E+00
   1.756392E+00   6.478131E+00
   1.763064E+00   6.461642E+00
   1.783334E+00   6.429031E+00
   1.775253E+00   6.418684E+00
   1.780450E+00   6.409864E+00
END
END
