none
1
   2.661469E+01   5.750470E+01
   2.658588E+01   5.751295E+01
   2.655831E+01   5.750903E+01
   2.649830E+01   5.751976E+01
   2.646701E+01   5.757043E+01
   2.640182E+01   5.756724E+01
   2.632764E+01   5.757453E+01
   2.627128E+01   5.759355E+01
   2.624342E+01   5.761788E+01
   2.622716E+01   5.764596E+01
   2.620907E+01   5.766184E+01
   2.617494E+01   5.768523E+01
   2.619624E+01   5.771501E+01
   2.614036E+01   5.772891E+01
   2.613363E+01   5.774647E+01
   2.608130E+01   5.776096E+01
   2.604992E+01   5.775700E+01
   2.601646E+01   5.776882E+01
   2.605285E+01   5.784374E+01
   2.602004E+01   5.784123E+01
   2.599943E+01   5.785396E+01
   2.596255E+01   5.784091E+01
   2.588673E+01   5.784224E+01
   2.585708E+01   5.785248E+01
   2.581759E+01   5.786064E+01
   2.578129E+01   5.790257E+01
   2.573689E+01   5.791895E+01
   2.570484E+01   5.789858E+01
   2.567777E+01   5.789954E+01
   2.567337E+01   5.790810E+01
   2.564643E+01   5.791220E+01
   2.563618E+01   5.792617E+01
   2.557757E+01   5.794012E+01
   2.558660E+01   5.795753E+01
   2.557807E+01   5.796751E+01
   2.555719E+01   5.795544E+01
   2.551742E+01   5.796254E+01
   2.548373E+01   5.797029E+01
   2.543946E+01   5.799246E+01
   2.545394E+01   5.800727E+01
   2.544643E+01   5.801248E+01
   2.536153E+01   5.802698E+01
   2.529453E+01   5.807647E+01
   2.527035E+01   5.806251E+01
   2.530834E+01   5.803623E+01
   2.530253E+01   5.798825E+01
   2.525458E+01   5.798914E+01
   2.525128E+01   5.799872E+01
   2.522717E+01   5.801165E+01
   2.521466E+01   5.802885E+01
   2.521147E+01   5.805686E+01
   2.519900E+01   5.806340E+01
   2.519140E+01   5.807102E+01
   2.511040E+01   5.807317E+01
   2.510694E+01   5.806158E+01
   2.507879E+01   5.806138E+01
   2.502172E+01   5.801303E+01
   2.494979E+01   5.800439E+01
   2.483364E+01   5.796711E+01
   2.480688E+01   5.798529E+01
   2.474751E+01   5.797770E+01
   2.474649E+01   5.796084E+01
   2.471666E+01   5.795751E+01
   2.469322E+01   5.794154E+01
   2.467282E+01   5.795423E+01
   2.465055E+01   5.795416E+01
   2.462770E+01   5.793692E+01
   2.458554E+01   5.795640E+01
   2.454405E+01   5.793991E+01
   2.451453E+01   5.792592E+01
   2.446458E+01   5.792019E+01
   2.445634E+01   5.791188E+01
   2.446440E+01   5.790765E+01
   2.445829E+01   5.789823E+01
   2.446350E+01   5.787686E+01
   2.441154E+01   5.785955E+01
   2.440544E+01   5.786703E+01
   2.435473E+01   5.786996E+01
   2.323031E+01   5.749764E+01
   2.267558E+01   5.782371E+01
   2.166951E+01   5.769501E+01
   2.085166E+01   5.901126E+01
   2.321828E+01   5.956751E+01
   2.645342E+01   5.999705E+01
   2.782958E+01   5.961906E+01
   2.811155E+01   5.945067E+01
   2.814163E+01   5.942363E+01
   2.819842E+01   5.940175E+01
   2.821311E+01   5.938583E+01
   2.821426E+01   5.936772E+01
   2.813395E+01   5.928680E+01
   2.806781E+01   5.928867E+01
   2.795935E+01   5.926718E+01
   2.790774E+01   5.923752E+01
   2.790522E+01   5.920624E+01
   2.789151E+01   5.918068E+01
   2.786741E+01   5.915659E+01
   2.781233E+01   5.912574E+01
   2.781430E+01   5.910510E+01
   2.779343E+01   5.908997E+01
   2.779663E+01   5.906782E+01
   2.777767E+01   5.905580E+01
   2.777174E+01   5.902971E+01
   2.774969E+01   5.902498E+01
   2.775083E+01   5.898401E+01
   2.774136E+01   5.897426E+01
   2.751016E+01   5.874290E+01
   2.757565E+01   5.833422E+01
   2.751513E+01   5.830815E+01
   2.749466E+01   5.822503E+01
   2.759330E+01   5.812265E+01
   2.763869E+01   5.809982E+01
   2.761076E+01   5.805393E+01
   2.762064E+01   5.801336E+01
   2.763645E+01   5.801286E+01
   2.765051E+01   5.802170E+01
   2.765688E+01   5.802090E+01
   2.770300E+01   5.800131E+01
   2.770118E+01   5.798574E+01
   2.768652E+01   5.797598E+01
   2.768843E+01   5.795698E+01
   2.772063E+01   5.792439E+01
   2.775626E+01   5.790782E+01
   2.776222E+01   5.790052E+01
   2.781856E+01   5.789986E+01
   2.782397E+01   5.789104E+01
   2.781957E+01   5.785871E+01
   2.779798E+01   5.783680E+01
   2.774194E+01   5.782283E+01
   2.768648E+01   5.783022E+01
   2.763470E+01   5.783578E+01
   2.755929E+01   5.782660E+01
   2.755843E+01   5.781171E+01
   2.753973E+01   5.779060E+01
   2.751761E+01   5.777457E+01
   2.752990E+01   5.776080E+01
   2.755033E+01   5.773447E+01
   2.752886E+01   5.770563E+01
   2.750035E+01   5.770148E+01
   2.746181E+01   5.770223E+01
   2.738277E+01   5.766828E+01
   2.738986E+01   5.765630E+01
   2.740531E+01   5.763540E+01
   2.740959E+01   5.761128E+01
   2.737956E+01   5.759142E+01
   2.732998E+01   5.757610E+01
   2.735767E+01   5.752696E+01
   2.735206E+01   5.751293E+01
   2.727946E+01   5.753256E+01
   2.725786E+01   5.754563E+01
   2.719381E+01   5.754560E+01
   2.710042E+01   5.756100E+01
   2.708362E+01   5.757180E+01
   2.703159E+01   5.758060E+01
   2.702915E+01   5.758740E+01
   2.697226E+01   5.760002E+01
   2.694440E+01   5.759793E+01
   2.693519E+01   5.760743E+01
   2.694011E+01   5.761494E+01
   2.692380E+01   5.762829E+01
   2.690774E+01   5.762812E+01
   2.686818E+01   5.761160E+01
   2.686456E+01   5.758796E+01
   2.683481E+01   5.757792E+01
   2.680340E+01   5.757840E+01
   2.677837E+01   5.755529E+01
   2.675118E+01   5.755803E+01
   2.674933E+01   5.756495E+01
   2.676119E+01   5.757247E+01
   2.674267E+01   5.757469E+01
   2.673258E+01   5.756460E+01
   2.667447E+01   5.755027E+01
   2.664983E+01   5.754875E+01
   2.661992E+01   5.752694E+01
   2.662174E+01   5.750798E+01
   2.661469E+01   5.750470E+01
END
END
