none
1
   -1.160487E+02   4.900769E+01
   -1.040475E+02   4.900168E+01
   -1.040355E+02   4.499604E+01
   -1.040563E+02   4.499586E+01
   -1.040563E+02   4.499562E+01
   -1.059121E+02   4.499793E+01
   -1.059282E+02   4.499065E+01
   -1.062636E+02   4.499079E+01
   -1.073515E+02   4.499841E+01
   -1.090806E+02   4.499644E+01
   -1.091038E+02   4.500288E+01
   -1.097507E+02   4.499860E+01
   -1.101100E+02   4.500090E+01
   -1.101995E+02   4.499319E+01
   -1.103625E+02   4.499757E+01
   -1.104029E+02   4.499081E+01
   -1.106257E+02   4.498911E+01
   -1.107056E+02   4.498935E+01
   -1.107852E+02   4.499995E+01
   -1.110524E+02   4.499833E+01
   -1.110522E+02   4.462498E+01
   -1.110465E+02   4.447245E+01
   -1.110636E+02   4.447319E+01
   -1.111244E+02   4.449122E+01
   -1.111341E+02   4.449865E+01
   -1.111462E+02   4.453390E+01
   -1.111777E+02   4.454997E+01
   -1.112270E+02   4.457864E+01
   -1.112331E+02   4.458624E+01
   -1.112342E+02   4.460676E+01
   -1.112277E+02   4.462269E+01
   -1.112537E+02   4.464792E+01
   -1.112635E+02   4.464673E+01
   -1.112791E+02   4.465351E+01
   -1.112725E+02   4.466808E+01
   -1.112984E+02   4.470014E+01
   -1.113251E+02   4.472175E+01
   -1.113575E+02   4.472514E+01
   -1.113960E+02   4.472179E+01
   -1.114129E+02   4.470808E+01
   -1.114690E+02   4.471101E+01
   -1.114662E+02   4.468070E+01
   -1.114703E+02   4.466458E+01
   -1.115027E+02   4.463374E+01
   -1.114905E+02   4.456344E+01
   -1.114667E+02   4.455373E+01
   -1.114648E+02   4.454389E+01
   -1.114711E+02   4.453789E+01
   -1.115015E+02   4.453714E+01
   -1.116143E+02   4.454599E+01
   -1.117142E+02   4.454082E+01
   -1.117453E+02   4.453795E+01
   -1.117610E+02   4.452697E+01
   -1.118216E+02   4.450629E+01
   -1.118449E+02   4.452419E+01
   -1.118718E+02   4.456098E+01
   -1.119035E+02   4.455423E+01
   -1.119956E+02   4.453247E+01
   -1.120361E+02   4.452744E+01
   -1.120688E+02   4.453405E+01
   -1.121067E+02   4.451783E+01
   -1.121267E+02   4.452600E+01
   -1.121847E+02   4.453018E+01
   -1.122230E+02   4.454083E+01
   -1.122321E+02   4.454797E+01
   -1.122324E+02   4.456046E+01
   -1.122435E+02   4.456515E+01
   -1.122854E+02   4.456550E+01
   -1.123114E+02   4.455108E+01
   -1.123122E+02   4.454076E+01
   -1.123180E+02   4.453634E+01
   -1.123561E+02   4.448531E+01
   -1.123663E+02   4.446540E+01
   -1.123866E+02   4.444515E+01
   -1.126612E+02   4.448280E+01
   -1.127480E+02   4.448842E+01
   -1.127797E+02   4.448214E+01
   -1.128098E+02   4.439331E+01
   -1.128108E+02   4.437640E+01
   -1.128435E+02   4.435556E+01
   -1.128564E+02   4.435714E+01
   -1.128841E+02   4.437839E+01
   -1.129522E+02   4.441391E+01
   -1.130061E+02   4.444921E+01
   -1.130239E+02   4.449338E+01
   -1.130453E+02   4.454506E+01
   -1.130633E+02   4.457531E+01
   -1.130867E+02   4.460126E+01
   -1.130755E+02   4.461635E+01
   -1.130711E+02   4.465529E+01
   -1.131005E+02   4.469567E+01
   -1.131051E+02   4.472730E+01
   -1.131376E+02   4.475167E+01
   -1.131407E+02   4.476067E+01
   -1.131652E+02   4.477627E+01
   -1.131959E+02   4.479957E+01
   -1.132399E+02   4.481136E+01
   -1.132480E+02   4.481951E+01
   -1.133426E+02   4.478198E+01
   -1.133568E+02   4.479055E+01
   -1.134235E+02   4.483980E+01
   -1.134576E+02   4.486375E+01
   -1.134771E+02   4.490914E+01
   -1.134935E+02   4.492578E+01
   -1.135017E+02   4.494218E+01
   -1.134954E+02   4.495143E+01
   -1.134678E+02   4.495110E+01
   -1.134469E+02   4.496087E+01
   -1.134498E+02   4.499918E+01
   -1.134413E+02   4.500773E+01
   -1.134529E+02   4.503467E+01
   -1.134546E+02   4.505741E+01
   -1.134608E+02   4.506145E+01
   -1.134868E+02   4.506092E+01
   -1.135221E+02   4.509074E+01
   -1.135555E+02   4.511001E+01
   -1.135765E+02   4.512604E+01
   -1.135975E+02   4.516512E+01
   -1.136389E+02   4.521079E+01
   -1.136871E+02   4.525166E+01
   -1.136950E+02   4.526481E+01
   -1.136921E+02   4.528201E+01
   -1.137412E+02   4.532802E+01
   -1.137432E+02   4.534581E+01
   -1.137872E+02   4.545473E+01
   -1.138374E+02   4.551983E+01
   -1.138225E+02   4.556771E+01
   -1.138614E+02   4.562054E+01
   -1.138857E+02   4.561403E+01
   -1.139060E+02   4.561933E+01
   -1.139031E+02   4.564654E+01
   -1.139221E+02   4.565666E+01
   -1.139366E+02   4.568007E+01
   -1.140125E+02   4.565229E+01
   -1.140176E+02   4.564583E+01
   -1.140326E+02   4.564563E+01
   -1.140657E+02   4.562539E+01
   -1.140790E+02   4.560998E+01
   -1.140792E+02   4.559620E+01
   -1.140851E+02   4.558859E+01
   -1.141262E+02   4.556457E+01
   -1.141336E+02   4.555494E+01
   -1.141919E+02   4.553374E+01
   -1.142044E+02   4.553266E+01
   -1.142685E+02   4.548406E+01
   -1.143334E+02   4.545632E+01
   -1.143465E+02   4.545729E+01
   -1.143627E+02   4.547189E+01
   -1.144176E+02   4.550736E+01
   -1.144984E+02   4.555248E+01
   -1.145494E+02   4.555759E+01
   -1.145609E+02   4.556337E+01
   -1.145610E+02   4.558631E+01
   -1.145420E+02   4.560721E+01
   -1.145563E+02   4.561748E+01
   -1.145660E+02   4.563030E+01
   -1.145664E+02   4.563851E+01
   -1.145366E+02   4.565350E+01
   -1.145225E+02   4.565271E+01
   -1.145097E+02   4.566119E+01
   -1.145025E+02   4.567024E+01
   -1.144985E+02   4.570308E+01
   -1.145070E+02   4.571992E+01
   -1.145375E+02   4.573676E+01
   -1.145687E+02   4.577542E+01
   -1.145466E+02   4.579387E+01
   -1.145170E+02   4.582872E+01
   -1.145200E+02   4.583692E+01
   -1.145106E+02   4.584822E+01
   -1.144489E+02   4.586188E+01
   -1.144152E+02   4.590925E+01
   -1.144339E+02   4.593443E+01
   -1.144792E+02   4.599846E+01
   -1.144772E+02   4.601671E+01
   -1.144821E+02   4.602722E+01
   -1.144919E+02   4.602975E+01
   -1.144962E+02   4.603604E+01
   -1.144945E+02   4.604913E+01
   -1.144893E+02   4.611029E+01
   -1.145233E+02   4.612306E+01
   -1.145301E+02   4.614660E+01
   -1.145159E+02   4.617047E+01
   -1.144887E+02   4.617063E+01
   -1.144708E+02   4.624729E+01
   -1.144733E+02   4.626826E+01
   -1.144657E+02   4.627606E+01
   -1.144423E+02   4.627664E+01
   -1.144288E+02   4.628784E+01
   -1.144364E+02   4.630592E+01
   -1.144166E+02   4.633707E+01
   -1.144137E+02   4.636063E+01
   -1.144254E+02   4.638782E+01
   -1.144107E+02   4.640290E+01
   -1.143873E+02   4.641391E+01
   -1.143795E+02   4.644313E+01
   -1.143850E+02   4.646383E+01
   -1.143959E+02   4.646690E+01
   -1.144027E+02   4.647583E+01
   -1.144059E+02   4.649947E+01
   -1.143517E+02   4.653447E+01
   -1.143241E+02   4.664692E+01
   -1.143344E+02   4.665807E+01
   -1.143610E+02   4.666600E+01
   -1.144106E+02   4.665448E+01
   -1.144520E+02   4.663896E+01
   -1.144666E+02   4.662871E+01
   -1.144871E+02   4.662995E+01
   -1.145039E+02   4.663988E+01
   -1.145270E+02   4.663864E+01
   -1.145413E+02   4.664891E+01
   -1.145737E+02   4.663936E+01
   -1.145830E+02   4.663025E+01
   -1.146134E+02   4.663490E+01
   -1.146193E+02   4.664326E+01
   -1.146170E+02   4.665298E+01
   -1.146376E+02   4.665707E+01
   -1.146457E+02   4.667299E+01
   -1.146440E+02   4.668131E+01
   -1.146241E+02   4.670630E+01
   -1.146509E+02   4.673009E+01
   -1.147508E+02   4.669443E+01
   -1.147681E+02   4.669414E+01
   -1.147916E+02   4.671431E+01
   -1.147819E+02   4.673237E+01
   -1.148306E+02   4.677989E+01
   -1.148590E+02   4.679957E+01
   -1.148888E+02   4.680565E+01
   -1.148996E+02   4.681074E+01
   -1.149223E+02   4.682533E+01
   -1.149307E+02   4.683511E+01
   -1.149504E+02   4.685889E+01
   -1.149457E+02   4.686973E+01
   -1.149625E+02   4.692773E+01
   -1.150261E+02   4.697232E+01
   -1.150513E+02   4.696836E+01
   -1.150690E+02   4.699526E+01
   -1.151722E+02   4.710381E+01
   -1.152020E+02   4.713653E+01
   -1.152455E+02   4.714794E+01
   -1.152578E+02   4.716141E+01
   -1.153025E+02   4.718590E+01
   -1.153038E+02   4.719443E+01
   -1.152975E+02   4.721945E+01
   -1.153193E+02   4.723120E+01
   -1.153601E+02   4.725658E+01
   -1.154112E+02   4.726128E+01
   -1.154578E+02   4.727489E+01
   -1.155129E+02   4.729239E+01
   -1.155287E+02   4.730093E+01
   -1.155512E+02   4.733067E+01
   -1.156403E+02   4.737581E+01
   -1.157200E+02   4.741815E+01
   -1.157311E+02   4.742702E+01
   -1.157343E+02   4.743347E+01
   -1.157316E+02   4.744630E+01
   -1.157201E+02   4.745555E+01
   -1.156934E+02   4.746020E+01
   -1.156656E+02   4.745950E+01
   -1.156563E+02   4.747485E+01
   -1.156885E+02   4.748320E+01
   -1.157114E+02   4.751133E+01
   -1.157132E+02   4.752753E+01
   -1.157427E+02   4.753594E+01
   -1.157500E+02   4.754207E+01
   -1.157497E+02   4.755656E+01
   -1.157368E+02   4.756954E+01
   -1.157224E+02   4.757907E+01
   -1.156971E+02   4.762186E+01
   -1.157315E+02   4.763991E+01
   -1.157392E+02   4.765394E+01
   -1.157269E+02   4.769567E+01
   -1.157536E+02   4.771401E+01
   -1.157782E+02   4.771753E+01
   -1.157864E+02   4.772865E+01
   -1.158335E+02   4.775337E+01
   -1.158504E+02   4.778456E+01
   -1.158489E+02   4.781499E+01
   -1.158728E+02   4.783269E+01
   -1.158823E+02   4.784622E+01
   -1.159006E+02   4.784008E+01
   -1.159084E+02   4.784399E+01
   -1.159957E+02   4.792399E+01
   -1.160316E+02   4.797001E+01
   -1.160393E+02   4.796846E+01
   -1.160518E+02   4.797651E+01
   -1.160514E+02   4.900294E+01
   -1.160487E+02   4.900769E+01
END
END
