Волгоградская область
1
	42.7817481301	51.4166808837
	42.7869266421	51.4155713159
	42.7907265394	51.4158608331
	42.7958179414	51.4161221355
	42.8258243501	51.4172360271
	42.8324966431	51.4173598282
	42.8371849601	51.4172987154
	42.8480110709	51.4170164278
	42.8550864489	51.4166924371
	42.8667997699	51.4155387757
	42.8784125588	51.4136214965
	42.8791328158	51.4134766987
	42.8854154926	51.4127616761
	42.8962188567	51.4110034728
	42.9048248138	51.4093326354
	42.9056342385	51.4091735595
	42.9170967674	51.4065008726
	42.9235718346	51.4046352045
	42.9332100486	51.4023352232
	42.9444732333	51.3989185735
	42.955488843	51.3947725915
	42.9610655999	51.3923514068
	42.996944838	51.3760480912
	43.0165105181	51.369887788
	43.0203094149	51.368645136
	43.0313250247	51.364499154
	43.0333054343	51.3636649466
	43.034194913	51.363365595
	43.0452105227	51.359219613
	43.0533684737	51.355600826
	43.0850380904	51.3406014363
	43.0876010037	51.339362663
	43.0979812142	51.3338143249
	43.1045507027	51.3298319885
	43.1093719002	51.3271462341
	43.1193670071	51.3209308772
	43.1219047355	51.3192037166
	43.1340051838	51.3108162584
	43.1362470966	51.3105354188
	43.1468995778	51.3088064423
	43.1555055348	51.3071432343
	43.1564658425	51.3069549316
	43.1679283714	51.3042822447
	43.1783062245	51.3011635629
	43.1858059193	51.2986611215
	43.1866912509	51.2983631536
	43.1977068606	51.2942171716
	43.2034806833	51.2917062981
	43.2162675485	51.2858774407
	43.2212145901	51.2835307538
	43.22398162	51.2821364486
	43.2428643715	51.2724166
	43.2504775521	51.2682625671
	43.260472659	51.2620472102
	43.2631281344	51.2602383635
	43.2671477791	51.2579857726
	43.277142886	51.2517704157
	43.2815233922	51.2487487751
	43.3113812333	51.2337272597
	43.3204772469	51.2288185973
	43.3250784835	51.226069861
	43.3376906563	51.2201082967
	43.3403781033	51.2188106
	43.3507583138	51.2132622619
	43.3549019035	51.210795312
	43.3686195195	51.2042441771
	43.369269208	51.2039323048
	43.3757332533	51.2044731988
	43.3874969482	51.2048583023
	43.3992606432	51.2044731988
	43.4000619694	51.2044188801
	43.4047711667	51.2064486169
	43.4126697382	51.2095044957
	43.4330325922	51.2168363438
	43.4361496305	51.217926447
	43.4418402885	51.2197533002
	43.4781485771	51.2307472577
	43.4837211037	51.2323370542
	43.4902984593	51.2339672986
	43.5061294529	51.2375760022
	43.5110146263	51.2386184447
	43.5226274151	51.2405357239
	43.5254423934	51.2408837652
	43.5279595115	51.2414031737
	43.5395723004	51.2433204529
	43.5434814243	51.2437916299
	43.5439788282	51.2438460668
	43.5472320468	51.2468930386
	43.5563303774	51.2543598455
	43.5658975803	51.2612156062
	43.5758926872	51.2674309631
	43.5862728977	51.2729793011
	43.5969937619	51.2778368616
	43.6050001251	51.280931513
	43.6119428742	51.283426325
	43.6149521207	51.2844776555
	43.6262153054	51.2878943052
	43.6376778343	51.2905669921
	43.6492906231	51.2924842713
	43.6610039442	51.2936379327
	43.6676903203	51.2939513592
	43.6874123052	51.294508305
	43.692489624	51.294579982
	43.6992992051	51.2944510321
	43.7009487478	51.2943885363
	43.707331028	51.296225604
	43.7139083836	51.2978558484
	43.7297393773	51.301464552
	43.7346245506	51.3025069945
	43.7462373395	51.3044242737
	43.7579506605	51.3055779352
	43.7591268479	51.3056511577
	43.7780172288	51.3067650493
	43.7886047363	51.3070769303
	43.7930475249	51.3070220518
	43.8027925591	51.3067812685
	43.8106180392	51.3123172907
	43.8206131462	51.3185326476
	43.8309933566	51.3240809857
	43.8417142209	51.3289385461
	43.8527298307	51.3330845281
	43.8639930153	51.3365011778
	43.8754555443	51.3391738647
	43.8870683331	51.3410911439
	43.8987816541	51.3422448053
	43.9040251443	51.3425116891
	43.9118071268	51.3427939766
	43.9165760359	51.3429036702
	43.9183820066	51.3436632776
	43.9293976163	51.3478092595
	43.940660801	51.3512259092
	43.9521233299	51.3538985961
	43.9637361188	51.3558158753
	43.9703054305	51.3565581936
	43.9791936751	51.357397427
	43.9843376844	51.3578087701
	43.9961013794	51.3581938736
	44.0078650744	51.3578087701
	44.0195783954	51.3566551087
	44.0311911843	51.3547378295
	44.0426537132	51.3520651426
	44.0539168978	51.3486484929
	44.0649325076	51.344502511
	44.0756533719	51.3396449506
	44.0860335823	51.3340966125
	44.0923310637	51.3301805869
	44.0991083925	51.335742597
	44.1086755954	51.3425983576
	44.1186707023	51.3488137145
	44.1290509128	51.3543620526
	44.1397717771	51.359219613
	44.1507873868	51.363365595
	44.1538187562	51.3643646993
	44.1607615052	51.3665848532
	44.1689933205	51.3690023985
	44.1804558494	51.3716750854
	44.1920686383	51.3735923646
	44.1931796585	51.373735115
	44.2020679031	51.3748490066
	44.2126702039	51.3758599176
	44.2244338989	51.3762450211
	44.2361975939	51.3758599176
	44.2448964164	51.3750772573
	44.2546238944	51.3739633657
	44.257638393	51.3735923646
	44.2692511818	51.3716750854
	44.2807137107	51.3690023985
	44.2910915638	51.3658837167
	44.2985912587	51.3633812753
	44.2994765902	51.3630833074
	44.3056074759	51.3608775235
	44.3192132235	51.3620120774
	44.3223961561	51.3622490778
	44.3250601553	51.362403848
	44.3414913628	51.3632362011
	44.3483917717	51.3674294372
	44.3587719821	51.3729777753
	44.3694928464	51.3778353357
	44.3805084562	51.3819813176
	44.3917716408	51.3853979673
	44.4019596643	51.3878123462
	44.4100163049	51.3894755542
	44.4112908104	51.3897338622
	44.4229035992	51.3916511414
	44.4346169203	51.3928048028
	44.4463806152	51.3931899063
	44.4505462646	51.3931899063
	44.4623099596	51.3928048028
	44.4740232807	51.3916511414
	44.4856360695	51.3897338622
	44.4970985984	51.3870611753
	44.5009234705	51.3859909042
	44.5075915613	51.3840454085
	44.5150298739	51.38169903
	44.5260454837	51.3775530481
	44.536766348	51.3726954877
	44.5375717956	51.3722957788
	44.5436829407	51.369244021
	44.5532577034	51.3640953918
	44.5580978956	51.3611987727
	44.5672530795	51.3583607121
	44.5782686892	51.3542147302
	44.5889895535	51.3493571698
	44.5898798683	51.3488812866
	44.5946592213	51.3500150537
	44.6107725026	51.3533490991
	44.612126992	51.3536239379
	44.6237397809	51.3555412171
	44.6354531019	51.3566948785
	44.6472167969	51.357079982
	44.6569366455	51.357079982
	44.6659370932	51.3568546489
	44.677053121	51.3562977031
	44.6798163683	51.3561379327
	44.6915296894	51.3549842713
	44.7031424782	51.3530669921
	44.7146050071	51.3503943052
	44.7236250027	51.347722714
	44.7458417996	51.3405053068
	44.7480849887	51.3397602483
	44.7591005984	51.3356142663
	44.7693243087	51.3310009242
	44.7710642407	51.3301495359
	44.7732323377	51.3303048028
	44.7781124531	51.3305581376
	44.8006428051	51.3314210274
	44.8121054423	51.3326749839
	44.8199013441	51.3333565607
	44.8316650391	51.3337416642
	44.832875088	51.3337375938
	44.8736999782	51.3334629356
	44.8814903769	51.3332416728
	44.8926064047	51.332684727
	44.895369652	51.3325249567
	44.907082973	51.3313712952
	44.9177063115	51.3296479485
	44.9263198979	51.3279847405
	44.9273093483	51.327790808
	44.9387718772	51.3251181211
	44.9500350619	51.3217014714
	44.9610506717	51.3175554895
	44.9717715359	51.3126979291
	44.9741816632	51.3114868355
	44.9826744764	51.312246026
	44.9944381714	51.3126311295
	45.0036725275	51.3123939241
	45.0145062677	51.3118369783
	45.0170356066	51.3116890802
	45.0271486548	51.3107388024
	45.0565981177	51.3071300988
	45.0581983905	51.3069267152
	45.0698111794	51.305009436
	45.0743814272	51.3040384839
	45.0829873843	51.3020929883
	45.0898796653	51.3003912535
	45.10114285	51.2969746037
	45.1112844862	51.2931879467
	45.1248953261	51.2876337475
	45.1257692996	51.2872744226
	45.1364901639	51.2824168622
	45.1468703743	51.2768685241
	45.1568654813	51.2706531672
	45.1664326841	51.2637974066
	45.1755310147	51.2563305997
	45.1841215125	51.2482847205
	45.1873141956	51.2450098004
	45.1897506381	51.2442020818
	45.2007662478	51.2400560998
	45.2114871121	51.2351985394
	45.2122925598	51.2347988306
	45.2159728488	51.2329609834
	45.2270224831	51.2311187499
	45.238485012	51.228446063
	45.2497481967	51.2250294133
	45.2607638064	51.2208834314
	45.2708283422	51.2163478798
	45.2833329199	51.2102443642
	45.2839892483	51.2099223553
	45.2943694588	51.2043740173
	45.3043645657	51.1981586604
	45.3139317686	51.1913028997
	45.3230300991	51.1838360928
	45.3316205969	51.1757902136
	45.3396664761	51.1671997158
	45.347133283	51.1581013853
	45.3539890437	51.1485341824
	45.3602044006	51.1385390755
	45.3652637339	51.1291428799
	45.3677661753	51.1241456264
	45.3682551801	51.1231616116
	45.3731127405	51.1124407473
	45.3772587224	51.1014251376
	45.3806753721	51.0901619529
	45.383348059	51.078699424
	45.3852653382	51.0670866352
	45.3862799567	51.0573309838
	45.3942158873	51.0515781683
	45.4033142178	51.0441113614
	45.4119047156	51.0360654822
	45.4199505948	51.0274749844
	45.42170193	51.0254477103
	45.4218325521	51.0252942114
	45.4280103674	51.0194028845
	45.4360562466	51.0108123867
	45.4435230536	51.0017140562
	45.4503788142	50.9921468533
	45.4565941711	50.9821517464
	45.4605331783	50.9749549623
	45.4683075313	50.9599479432
	45.4699168622	50.9567645169
	45.4747744226	50.9460436526
	45.4789204045	50.9350280429
	45.4823370542	50.9237648582
	45.4833406772	50.9198432914
	45.4861177768	50.9084602348
	45.4877868407	50.9009192726
	45.4897041199	50.8893064838
	45.4902081271	50.8850950192
	45.4921536227	50.8670362424
	45.492803277	50.8595343859
	45.4931883805	50.8477706909
	45.492803277	50.8360069959
	45.4922900016	50.8298161464
	45.491971673	50.8229531019
	45.4908180115	50.8112397809
	45.4906169117	50.809759787
	45.4886714161	50.7958742889
	45.4882651768	50.7934757403
	45.5076879069	50.7923131121
	45.5087043078	50.7922493829
	45.5204176288	50.7910957215
	45.5245408287	50.7904149784
	45.5292964788	50.7980626859
	45.5361522394	50.8076298887
	45.539879522	50.8123233461
	45.5815741631	50.8630664491
	45.5853136874	50.8674713223
	45.5933595666	50.8760618201
	45.6019500644	50.8841076993
	45.611048395	50.8915745062
	45.6206155978	50.8984302668
	45.6306107048	50.9046456237
	45.6356801586	50.9074644756
	45.6476277904	50.9138579082
	45.6529385471	50.9165873944
	45.6636594114	50.9214449548
	45.6746034316	50.9255666186
	45.6765662215	50.9262338163
	45.6833890256	50.9292269372
	45.6944046354	50.9333729192
	45.7019595868	50.9357532857
	45.7239017254	50.942139089
	45.7276099587	50.9431753721
	45.7390724876	50.945848059
	45.7506852765	50.9477653382
	45.7508563506	50.9477877771
	45.7933597076	50.9533419763
	45.8049019544	50.9544731988
	45.8141600417	50.9548408493
	45.8338743972	50.9551155075
	45.8349781597	50.9550870689
	45.8363800049	50.9551329605
	45.8481436999	50.954747857
	45.8598570209	50.9535941956
	45.8602478298	50.9535423089
	45.8796798977	50.9509406853
	45.8909018776	50.9490752929
	45.8945070654	50.9483197195
	45.902853623	50.9464810354
	45.9107109641	50.9445639219
	45.9219741488	50.9411472722
	45.9329897586	50.9370012903
	45.9437106229	50.9321437299
	45.947449599	50.9302453699
	45.948550536	50.9296701612
	45.9524370852	50.9281130456
	45.9631579495	50.9232554852
	45.9684320784	50.9205455938
	45.9803720809	50.9141597906
	45.9854781624	50.9113213439
	45.9954732693	50.905105987
	45.9964400832	50.9044554426
	45.9965865608	50.9043709655
	46.0065816678	50.8981556086
	46.0085581273	50.8968159198
	46.0174463719	50.8907047748
	46.0229981361	50.8867303713
	46.025479678	50.8851017146
	46.033161757	50.879672874
	46.0413030423	50.8745426325
	46.0508702452	50.8676868719
	46.0511624096	50.8674622103
	46.0531935077	50.8672065613
	46.0648062966	50.8652892821
	46.0762688255	50.8626165953
	46.0875320101	50.8591999455
	46.0885828585	50.8588396076
	46.0958078952	50.8563371662
	46.1057726565	50.8525515222
	46.1164935208	50.8476939618
	46.1172989685	50.8472942529
	46.1234101135	50.8442424951
	46.1329848763	50.8390938659
	46.1429799832	50.832878509
	46.1525471861	50.8260227484
	46.1616455166	50.8185559415
	46.1655123737	50.815064439
	46.1671422757	50.8139881281
	46.1767094786	50.8071323675
	46.1858078091	50.7996655606
	46.1943983069	50.7916196814
	46.2024441861	50.7830291836
	46.209910993	50.7739308531
	46.2167667536	50.7643636502
	46.2229821105	50.7543685433
	46.2285304486	50.7439883328
	46.2304737832	50.7396993019
	46.240106907	50.7426214781
	46.2515694359	50.745294165
	46.2604600654	50.7468318841
	46.2774049506	50.7493266961
	46.28012711	50.7497062562
	46.291840431	50.7508599176
	46.2996669556	50.7512019243
	46.3379970337	50.7520411577
	46.3419342041	50.7520842545
	46.3536978991	50.751699151
	46.3537645313	50.7516925883
	46.359385187	50.7563053412
	46.3609962149	50.757527201
	46.3709907218	50.7650192664
	46.3789468967	50.7706531672
	46.3889420036	50.7768685241
	46.3941323065	50.7797519857
	46.4060875677	50.7861377889
	46.4112774753	50.7888026654
	46.4135717133	50.7898421711
	46.4145072083	50.7915923592
	46.4207225652	50.8015874661
	46.4275783258	50.811154669
	46.4350451328	50.8202529995
	46.4430910119	50.8288434973
	46.4516815097	50.8368893765
	46.459773304	50.8435781701
	46.4647705575	50.8474691614
	46.4657770937	50.8482471746
	46.4753442966	50.8551029353
	46.4853394035	50.8613182922
	46.495719614	50.8668666302
	46.5064404783	50.8717241907
	46.517456088	50.8758701726
	46.5287192727	50.8792868223
	46.5401818016	50.8819595092
	46.5517945904	50.8838767884
	46.5635079115	50.8850304498
	46.5752716064	50.8854155533
	46.5870353014	50.8850304498
	46.5987486225	50.8838767884
	46.6080165404	50.882409774
	46.6155162352	50.8810212242
	46.6178611061	50.8805709594
	46.629323635	50.8778982725
	46.6405868197	50.8744816228
	46.64169322	50.8741020339
	46.6489106272	50.8715995925
	46.6588198367	50.8678331995
	46.6629615631	50.8660565278
	46.6646248558	50.8663955444
	46.6758896679	50.8682666661
	46.6925598949	50.8704944493
	46.6929078717	50.8705406068
	46.7046211927	50.8716942682
	46.7163848877	50.8720793717
	46.7281485827	50.8716942682
	46.7398619037	50.8705406068
	46.7428356945	50.870123817
	46.7503277599	50.8690099254
	46.758966758	50.867509436
	46.7704292869	50.8648367491
	46.7816924716	50.8614200994
	46.7927080813	50.8572741174
	46.8034289456	50.852416557
	46.8138091561	50.8468682189
	46.823804263	50.840652862
	46.8333714659	50.8337971014
	46.8424697964	50.8263302945
	46.8450760999	50.8239994238
	46.8509687763	50.823322284
	46.853652674	50.8229483531
	46.8630978644	50.8215598032
	46.8720267555	50.820016455
	46.8834892845	50.8173437681
	46.8947524691	50.8139271184
	46.9057680789	50.8097811365
	46.9164889432	50.804923576
	46.9268691536	50.799375238
	46.9368642606	50.7931598811
	46.9464314634	50.7863041205
	46.955529794	50.7788373135
	46.9641202918	50.7707914343
	46.972166171	50.7622009366
	46.976612811	50.7569300177
	46.9802215146	50.7524820806
	46.9832416815	50.748654669
	46.9900974421	50.7390874661
	46.996312799	50.7290923592
	47.0018611371	50.7187121487
	47.0067186975	50.7079912844
	47.0108646794	50.6969756747
	47.0141964479	50.6859923061
	47.0207344749	50.6875167602
	47.025275315	50.6883595345
	47.0333319557	50.6897480843
	47.0404039044	50.6908225892
	47.0521172254	50.6919762506
	47.061411232	50.6923443979
	47.1019690933	50.6929013437
	47.1162024767	50.6925331964
	47.1186894231	50.6923528726
	47.1221344018	50.6920790665
	47.1838760376	50.6920790665
	47.1956397326	50.691693963
	47.1978177181	50.6915379275
	47.2192105404	50.6898747195
	47.2287458759	50.6888770936
	47.2403586647	50.6869598144
	47.2518211936	50.6842871275
	47.2630843783	50.6808704778
	47.2740999881	50.6767244958
	47.2848208523	50.6718669354
	47.2952010628	50.6663185973
	47.3051961697	50.6601032404
	47.3147633726	50.6532474798
	47.3238617032	50.6457806729
	47.3324522009	50.6377347937
	47.3404980801	50.6291442959
	47.3479648871	50.6200459654
	47.3548206477	50.6104787625
	47.3610360046	50.6004836556
	47.3660953379	50.5910874599
	47.3685977793	50.5860902065
	47.3690867841	50.5851061917
	47.3739443445	50.5743853274
	47.3780903264	50.5633697177
	47.3802672203	50.5561934601
	47.3830490112	50.5562453263
	47.3869792825	50.5562023804
	47.3898934095	50.5564171686
	47.4015601948	50.556802246
	47.4086402729	50.5568060607
	47.4086885278	50.556804494
	47.4087371826	50.5568060868
	47.4205008776	50.5564209833
	47.4322141986	50.5552673218
	47.4438269875	50.5533500426
	47.4552895164	50.5506773558
	47.4665527011	50.547260706
	47.4775683108	50.5431147241
	47.4882891751	50.5382571637
	47.4986693855	50.5327088256
	47.5086644925	50.5264934687
	47.5182316954	50.5196377081
	47.5273300259	50.5121709012
	47.5359205237	50.504125022
	47.5439664029	50.4955345242
	47.5514332098	50.4864361936
	47.5582889704	50.4768689908
	47.5645043273	50.4668738838
	47.5700526654	50.4564936734
	47.5749102258	50.4457728091
	47.5790562078	50.4347571994
	47.5824728575	50.4234940147
	47.5851455444	50.4120314858
	47.5870628236	50.4004186969
	47.588216485	50.3887053759
	47.5886015885	50.3769416809
	47.5886001917	50.3762328474
	47.5891472711	50.3697081835
	47.5895323746	50.3579444885
	47.5891472711	50.3461807935
	47.5886924944	50.3405829298
	47.5869415484	50.3225279683
	47.5862426637	50.316412511
	47.5843253845	50.3047997222
	47.5816526976	50.2933371933
	47.5782360479	50.2820740086
	47.574090066	50.2710583988
	47.5692325056	50.2603375345
	47.5636841675	50.2499573241
	47.5574688106	50.2399622172
	47.55061305	50.2303950143
	47.543146243	50.2212966837
	47.5351003638	50.212706186
	47.5265098661	50.2046603068
	47.5174115355	50.1971934998
	47.5078443326	50.1903377392
	47.5003289026	50.185580587
	47.501589132	50.1829483488
	47.5055323266	50.1741091433
	47.5096783086	50.1630935336
	47.5130949583	50.1518303489
	47.5157676452	50.14036782
	47.5176849244	50.1287550311
	47.5188385858	50.1170417101
	47.5192236893	50.1052780151
	47.5188385858	50.0935143202
	47.5176849244	50.0818009991
	47.5157676452	50.0701882103
	47.5130949583	50.0587256814
	47.5096783086	50.0474624967
	47.5055323266	50.0364468869
	47.5006747662	50.0257260227
	47.4971208857	50.0188923604
	47.4909296321	50.0075855977
	47.4889351745	50.0040390495
	47.4827198176	49.9940439426
	47.475864057	49.9844767397
	47.4752030239	49.983620607
	47.4668040865	49.9728101309
	47.4419940689	49.9407519868
	47.4419236495	49.9406610548
	47.4335316983	49.9298317495
	47.4090035605	49.8981475075
	47.4080114642	49.8968777574
	47.4074850359	49.8962101854
	47.4014798306	49.8889907749
	47.3934339514	49.8804002771
	47.3920287381	49.8790104209
	47.3665847074	49.8541195212
	47.3665133752	49.8540497784
	47.3568677952	49.844624349
	47.3502770816	49.8381407714
	47.3427330105	49.8311327792
	47.33363468	49.8236659723
	47.3240674771	49.8168102117
	47.3220000721	49.8154492979
	47.2595839955	49.7749753599
	47.2516562935	49.7701209168
	47.2412760831	49.7645725787
	47.2325560142	49.7605579581
	47.1837548807	49.7396502221
	47.180176382	49.7380996555
	47.1774965945	49.7369641638
	47.1664809848	49.7328181819
	47.1552178001	49.7294015322
	47.1491935461	49.7278982866
	47.0552881432	49.7061804761
	47.0551725807	49.7002845224
	47.0550923611	49.6982389213
	47.0544075738	49.6802952369
	47.0541347196	49.6728085672
	47.0538689508	49.6675957411
	47.0527152894	49.65588242
	47.0517191937	49.6492689579
	47.0467181256	49.6197966069
	47.0457969421	49.6147972801
	47.0444325457	49.6085250894
	47.0415907065	49.596498426
	47.0394984099	49.5876069815
	47.039164062	49.5861594304
	47.0346665339	49.5670477971
	47.0333204832	49.5616973305
	47.0299038335	49.5504341459
	47.0257578516	49.5394185361
	47.0209002911	49.5286976718
	47.0153519531	49.5183174614
	47.0091365962	49.5083223544
	47.0072967183	49.5056222013
	46.9972411763	49.4911492399
	46.9922252935	49.4842821901
	46.9881242991	49.4791354303
	46.986133402	49.445508329
	46.9860627069	49.4443749159
	46.9857208515	49.4399837479
	46.9905821136	49.437370497
	46.9953505989	49.4347130676
	46.9983189635	49.4329611463
	47.0580952696	49.3969046278
	47.0582356685	49.3968198531
	47.1144871944	49.3628194564
	47.1213735379	49.3584407954
	47.1309407408	49.3515850348
	47.1400390713	49.3441182278
	47.1432447788	49.3412382332
	47.1665487644	49.3197920052
	47.1719335547	49.3146261206
	47.1799794339	49.3060356228
	47.1874462408	49.2969372923
	47.1943020014	49.2873700894
	47.2005173583	49.2773749825
	47.2060656964	49.266994772
	47.2109232568	49.2562739077
	47.2140813766	49.2480906299
	47.2187330987	49.2351028402
	47.2220762001	49.2258114278
	47.2231525823	49.2227325106
	47.226569232	49.211469326
	47.2292419189	49.200006797
	47.2311591981	49.1883940082
	47.2323128595	49.1766806872
	47.232697963	49.1649169922
	47.2323128595	49.1531532972
	47.2311591981	49.1414399762
	47.2292419189	49.1298271873
	47.226569232	49.1183646584
	47.224816576	49.1122572761
	47.2217037831	49.1020911079
	47.2216850508	49.1020299684
	47.217021735	49.0868192181
	47.2109087297	49.0668019767
	47.2092060468	49.0615196524
	47.2050600649	49.0505040426
	47.2002025045	49.0397831783
	47.1946541664	49.0294029679
	47.1933235641	49.0271366954
	47.1782974738	49.0019673266
	47.178238403	49.0018684523
	47.158127319	48.9682304518
	47.1533016352	48.9606004916
	47.1464458746	48.9510332888
	47.1389790677	48.9419349582
	47.1309331885	48.9333444604
	47.1299648689	48.9323834577
	47.0985470222	48.9014386335
	47.090924844	48.894353757
	47.0818265135	48.8868869501
	47.0801210686	48.885594362
	47.0753717705	48.8820390641
	47.0752257825	48.8819298937
	47.0611724378	48.8714318469
	47.0610106669	48.8713111431
	47.0450919352	48.8594474346
	47.0375379361	48.8541141363
	47.0275428292	48.8478987794
	47.0171626187	48.8423504413
	47.0096738141	48.8388687716
	46.9279248517	48.8031212436
	46.924692792	48.8017453528
	46.9137621681	48.7976282433
	46.8965819893	48.7917867956
	46.8742344284	48.7585391687
	46.8740781185	48.7582342882
	46.8624655852	48.7354752384
	46.8623571864	48.7352631379
	46.8557477269	48.7223517239
	46.8291987962	48.6703892789
	46.8247963806	48.6622917656
	46.820338263	48.6549779773
	46.8071610665	48.6344750368
	46.7679294777	48.5733837241
	46.7661365656	48.5706468784
	46.759280805	48.5610796755
	46.7518139981	48.5519813449
	46.7437681189	48.5433908472
	46.7351776211	48.535344968
	46.7260792906	48.527878161
	46.7165120877	48.5210224004
	46.7065169808	48.5148070435
	46.6961367703	48.5092587054
	46.685415906	48.504401145
	46.6744002963	48.5002551631
	46.6631371116	48.4968385134
	46.6516745827	48.4941658265
	46.6400617938	48.4922485473
	46.6283484728	48.4910948859
	46.6165847778	48.4907097824
	46.6048210829	48.4910948859
	46.5931077618	48.4922485473
	46.581494973	48.4941658265
	46.5700324441	48.4968385134
	46.5587692594	48.5002551631
	46.5477536496	48.504401145
	46.5370327853	48.5092587054
	46.5311432263	48.5122992826
	46.5270295598	48.5145199634
	46.5267117795	48.5146512366
	46.5159909152	48.519508797
	46.509103795	48.5230919613
	46.4396610459	48.5611473813
	46.4380993724	48.562013304
	46.4267163157	48.5683991072
	46.4247848991	48.5694983582
	46.4147897922	48.5757137151
	46.4100280979	48.5790074539
	46.4086716179	48.579782782
	46.4045617772	48.5822290262
	46.4015499973	48.5836796344
	46.3911697868	48.5892279725
	46.3875502458	48.5913745596
	46.3868388039	48.5917302806
	46.3865775019	48.5917658238
	46.3757302025	48.5935806519
	46.3642676736	48.5962533388
	46.3545483409	48.599153701
	46.3326138316	48.6063787376
	46.3310699796	48.6068950252
	46.3200543699	48.6110410071
	46.3172264559	48.612240761
	46.3044395907	48.6177949602
	46.2965466403	48.6214527667
	46.2900266124	48.624835315
	46.2436475231	48.6501114991
	46.2405037949	48.6518658349
	46.2346673081	48.6551998803
	46.2339508537	48.6556113343
	46.2239557468	48.6618266912
	46.2169913745	48.6667224291
	46.1738384495	48.6724389717
	46.1705343738	48.6726181674
	46.1685112684	48.6727393256
	46.1567979474	48.673892987
	46.1537832695	48.6743158605
	46.0659228496	48.6873992508
	46.0652250281	48.6866975793
	46.0566345303	48.6786517001
	46.0475361998	48.6711848932
	46.0420999394	48.6671734407
	46.0268258915	48.6563397004
	46.022694949	48.6534953924
	46.0194811647	48.6513972594
	46.0008982676	48.6290080044
	45.9977246426	48.6252883823
	45.9896787634	48.6166978845
	45.9831664479	48.610503161
	45.981065177	48.6083665857
	45.9724746792	48.6003207065
	45.9670050794	48.5957131066
	45.9481146986	48.5804314293
	45.9444859678	48.5775722223
	45.934918765	48.5707164617
	45.9314934155	48.5684836122
	45.9292782342	48.566660889
	45.9244893248	48.5628551203
	45.9149221219	48.5559993597
	45.9075691043	48.5513395885
	45.891889316	48.5397068219
	45.8846486844	48.5346065374
	45.88120598	48.5323626553
	45.874394573	48.5267484047
	45.8694890196	48.5228465754
	45.8599218167	48.5159908147
	45.8499267098	48.5097754578
	45.8455484237	48.5073284066
	45.8286035384	48.4981655037
	45.8226016141	48.4950642169
	45.8118807498	48.4902066565
	45.80086514	48.4860606746
	45.7896019554	48.4826440249
	45.7795594184	48.4802597428
	45.7567780463	48.4755371476
	45.755460514	48.4752691542
	45.7471939175	48.4675463535
	45.7429736212	48.463958698
	45.7335284308	48.4561767156
	45.7286503965	48.4522975641
	45.7190831937	48.4454418035
	45.7090880867	48.4392264466
	45.6987078763	48.4336781085
	45.687987012	48.4288205481
	45.6769714022	48.4246745662
	45.6657082176	48.4212579165
	45.6640155129	48.4208131729
	45.6359622292	48.4135881362
	45.626192405	48.411360193
	45.6145796161	48.4094429138
	45.6084025323	48.4087380633
	45.5997965753	48.4079064593
	45.594260338	48.4074576483
	45.5827823359	48.4070727717
	45.5803052044	48.4062834751
	45.5597516155	48.3998976719
	45.552938137	48.397927228
	45.5422887747	48.395444145
	45.5396418988	48.3896023654
	45.5374617225	48.385326208
	45.5346846229	48.3800542964
	45.5313164611	48.3739502434
	45.5251011042	48.3639551364
	45.5182453436	48.3543879336
	45.5159998209	48.3515220427
	45.5048914224	48.3376365447
	45.4996701382	48.331404105
	45.491624259	48.3228136072
	45.4874675699	48.3187885361
	45.4820844666	48.3137411069
	45.4746717444	48.3058687219
	45.4660812466	48.2978228427
	45.4569829161	48.2903560358
	45.4474157132	48.2835002752
	45.4374206063	48.2772849183
	45.4270403958	48.2717365802
	45.4163195315	48.2668790198
	45.4123145029	48.2653716337
	45.4134019305	48.2640546077
	45.4206269672	48.2551739925
	45.4238010687	48.2511571104
	45.4306568293	48.2415899075
	45.4357468523	48.2335163664
	45.4364856867	48.2324193753
	45.4427010436	48.2224242684
	45.4479075491	48.2127335039
	45.4504023611	48.207728621
	45.4507441937	48.2070391751
	45.4556017541	48.1963183108
	45.4592665445	48.1867013262
	45.460104009	48.1849617724
	45.4642153406	48.1757723513
	45.4683613225	48.1647567416
	45.4703406558	48.158559826
	45.4731177554	48.1492901117
	45.4745550718	48.1442238426
	45.4772277587	48.1327613136
	45.4791450379	48.1211485248
	45.4802986993	48.1094352038
	45.4806838028	48.0976715088
	45.4802986993	48.0859078138
	45.4791450379	48.0741944928
	45.4772277587	48.0625817039
	45.4745550718	48.051119175
	45.4711384221	48.0398559903
	45.4669924402	48.0288403806
	45.4621348798	48.0181195163
	45.4565865417	48.0077393059
	45.4503711848	47.9977441989
	45.4435154242	47.9881769961
	45.4360486172	47.9790786655
	45.4280027381	47.9704881677
	45.4194122403	47.9624422885
	45.4103139097	47.9549754816
	45.4007467068	47.948119721
	45.3907515999	47.9419043641
	45.3803713895	47.936356026
	45.3696505252	47.9314984656
	45.3586349154	47.9273524837
	45.3473717307	47.9239358339
	45.3359092018	47.9212631471
	45.324296413	47.9193458679
	45.312583092	47.9181922064
	45.300819397	47.9178071029
	45.289055702	47.9181922064
	45.288361393	47.9182390629
	45.2589119301	47.9202837407
	45.2508449146	47.9210267127
	45.180695629	47.9290843526
	45.148212608	47.9310423154
	45.1336548002	47.9312631595
	45.1246193617	47.9316275702
	45.1129060406	47.9327812316
	45.1012932518	47.9346985108
	45.0979555829	47.9353953654
	45.0890597089	47.937340861
	45.0809348488	47.9393166933
	45.0696716642	47.942733343
	45.0586560544	47.946879325
	45.0479351901	47.9517368854
	45.0375549797	47.9572852235
	45.0275598727	47.9635005804
	45.0179926699	47.970356341
	45.0156938861	47.9722133502
	45.0143560208	47.9712749334
	45.0061832335	47.9661260034
	44.9869964179	47.9547461137
	44.9866994078	47.9545177179
	44.9771322049	47.9476619573
	44.9754492303	47.9465510255
	44.9668554105	47.9404369207
	44.9611674837	47.9367890245
	44.9500986462	47.9299801305
	44.9410222806	47.9234996648
	44.9310271736	47.9172843079
	44.9289283686	47.9160912707
	44.9125404291	47.9069207385
	44.9042590237	47.9025654376
	44.8989756373	47.9000658458
	44.8920367337	47.8964542926
	44.8851835198	47.8932520192
	44.873235888	47.8879724782
	44.8693682376	47.8863171912
	44.8583526278	47.8821712092
	44.8470894431	47.8787545595
	44.8356269142	47.8760818726
	44.8240141254	47.8741645934
	44.8123008044	47.873010932
	44.8005371094	47.8726258285
	44.7907965198	47.8728897739
	44.7805273547	47.8734467197
	44.7785042494	47.8735678778
	44.7667909283	47.8747215392
	44.7551781395	47.8766388184
	44.753936633	47.8768903174
	44.745872363	47.8785535254
	44.7356513405	47.8809747133
	44.7290123601	47.8828910395
	44.7230276329	47.8840691142
	44.7226769188	47.8841385133
	44.7112143899	47.8868112001
	44.7055937836	47.8884155623
	44.6882692973	47.8936666079
	44.6810366336	47.8904828406
	44.6700210238	47.8863368587
	44.6587578391	47.8829202089
	44.6472953102	47.8802475221
	44.6452791696	47.8798584369
	44.631942988	47.8773636249
	44.6223463397	47.8758354308
	44.6148876193	47.875100811
	44.6126086374	47.8717688817
	44.6068455023	47.8638178652
	44.5993786954	47.8547195346
	44.5913328162	47.8461290369
	44.5827423184	47.8380831577
	44.5819197272	47.8373661672
	44.5777540778	47.8337574636
	44.5694783384	47.8270076471
	44.5655116979	47.8240497259
	44.563087885	47.8163452482
	44.5589419031	47.8053296384
	44.5540843427	47.7946087741
	44.5485360046	47.7842285637
	44.5457183141	47.779515804
	44.5421019811	47.7736716878
	44.5387043147	47.7683893405
	44.531848554	47.7588221377
	44.5243817471	47.7497238071
	44.5163358679	47.7411333093
	44.5077453701	47.7330874301
	44.4986470396	47.7256206232
	44.4890798367	47.7187648626
	44.4790847298	47.7125495057
	44.4687045193	47.7070011676
	44.4579836551	47.7021436072
	44.4469680453	47.6979976253
	44.4357048606	47.6945809755
	44.4242423317	47.6919082887
	44.4126295429	47.6899910095
	44.4009162218	47.688837348
	44.3891525269	47.6884522445
	44.3773888319	47.688837348
	44.3746349724	47.689039086
	44.3265850457	47.6929300772
	44.3176255841	47.6938820007
	44.3060127952	47.6957992799
	44.3047775381	47.69604949
	44.289583054	47.6991827006
	44.2806942857	47.6999466881
	44.2726197857	47.7008247497
	44.2714403943	47.7009839907
	44.2272814588	47.7070951357
	44.2168480614	47.7088531739
	44.2114575915	47.710011566
	44.1879386479	47.7154441107
	44.1877103426	47.7154735983
	44.1871296209	47.7146632021
	44.1832504695	47.7097851678
	44.175468487	47.7003399774
	44.1718808316	47.6961196811
	44.1638349524	47.6875291833
	44.1552444546	47.6794833041
	44.1540142808	47.6784142915
	44.1468900672	47.6708665857
	44.1382995694	47.6628207065
	44.1292012388	47.6553538996
	44.1196340359	47.648498139
	44.1182426867	47.6475777733
	44.1029686388	47.6375756371
	44.0965569885	47.6335669958
	44.0950664231	47.632473564
	44.093583688	47.6311587192
	44.0844853575	47.6236919123
	44.0749181546	47.6168361516
	44.0649230477	47.6106207947
	44.0560298988	47.6058143544
	44.0538070198	47.6045096497
	44.0434268094	47.5989613116
	44.0393505982	47.5970143954
	44.0285244874	47.5920095126
	44.0218798342	47.5890988684
	44.0108642245	47.5849528865
	43.9996010398	47.5815362368
	43.9881385109	47.5788635499
	43.9765257221	47.5769462707
	43.964812401	47.5757926093
	43.9530487061	47.5754075058
	43.9494442401	47.575443626
	43.9216579853	47.5760005718
	43.9134987562	47.5763495551
	43.9035569647	47.5772789306
	43.8943940618	47.5783928223
	43.8926225323	47.5786171081
	43.886907633	47.5794630697
	43.8853625591	47.5784929385
	43.8815156721	47.576175819
	43.8875405212	47.5664870735
	43.8930888593	47.5561068631
	43.8979464197	47.5453859988
	43.9020924016	47.5343703891
	43.9055090513	47.5231072044
	43.9081817382	47.5116446755
	43.9100990174	47.5000318866
	43.9112526788	47.4883185656
	43.9116377823	47.4765548706
	43.9112526788	47.4647911756
	43.9100990174	47.4530778546
	43.9081817382	47.4414650657
	43.9055090513	47.4300025368
	43.9020924016	47.4187393522
	43.8979464197	47.4077237424
	43.8930888593	47.3970028781
	43.8875405212	47.3866226677
	43.8813251643	47.3766275607
	43.8744694037	47.3670603579
	43.8670025967	47.3579620273
	43.8589567175	47.3493715295
	43.8503662198	47.3413256503
	43.8412678892	47.3338588434
	43.8317006863	47.3270030828
	43.8217055794	47.3207877259
	43.8113253689	47.3152393878
	43.8006045047	47.3103818274
	43.7895888949	47.3062358455
	43.7790606523	47.3030177909
	43.7785238065	47.3026576848
	43.7729532015	47.2990820201
	43.7621194613	47.2924062999
	43.7576949593	47.2897666077
	43.7473147488	47.2842182697
	43.7365938845	47.2793607092
	43.7268283052	47.2756441841
	43.720442502	47.2734240303
	43.7191924716	47.2729945735
	43.7079292869	47.2695779238
	43.696466758	47.2669052369
	43.685656437	47.2650954426
	43.677592167	47.2639968097
	43.6767896991	47.2638893249
	43.6650763781	47.2627356635
	43.6533126831	47.26235056
	43.6415489881	47.2627356635
	43.6298356671	47.2638893249
	43.6182228782	47.2658066041
	43.6067603493	47.268479291
	43.5954971647	47.2718959407
	43.5844815549	47.2760419226
	43.5737606906	47.280899483
	43.5633804802	47.2864478211
	43.5533853732	47.292663178
	43.5439939898	47.2993841995
	43.539279024	47.3029929032
	43.5391032045	47.3031276422
	43.5322107555	47.308691326
	43.5115466825	47.3060335304
	43.5003653796	47.3049491034
	43.499870035	47.3049173232
	43.486506217	47.3040784436
	43.435800492	47.2985405494
	43.4205658691	47.2962212486
	43.403989013	47.2924295877
	43.398973777	47.2913574464
	43.3873609882	47.2894401672
	43.3867706396	47.28936344
	43.3544647215	47.2815539632
	43.3472922585	47.2799743897
	43.3400496433	47.278687117
	43.3081129978	47.2736822342
	43.3037428241	47.2730522277
	43.2920295031	47.2718985663
	43.2900544071	47.2717800184
	43.254219141	47.2698268934
	43.2528097772	47.2698346455
	43.244430542	47.2695603378
	43.2417484041	47.2695803369
	43.2223087068	47.2698702539
	43.2132271497	47.2702353583
	43.2015138287	47.2713890197
	43.1899010399	47.2733062989
	43.1879240677	47.2737110853
	43.172093074	47.2770451307
	43.1626075173	47.2793130312
	43.1513565948	47.282725519
	43.1374634674	47.2874404848
	43.1374512052	47.2874446467
	43.1264355954	47.2915906287
	43.1180687196	47.2953085314
	43.1122246033	47.298085631
	43.1098706149	47.2992252887
	43.105969458	47.3012084887
	43.0884752563	47.3103713915
	43.0819962028	47.3139365296
	43.0720010959	47.3201518865
	43.062433893	47.3270076471
	43.0533355625	47.334474454
	43.0528254358	47.334923531
	43.0481028406	47.3390968098
	43.0438986288	47.343049421
	43.0343147849	47.3401421938
	43.0304907926	47.3391624047
	43.0157660612	47.3355613305
	43.0081275246	47.3338684327
	42.9965147357	47.3319511535
	42.9916902402	47.3313821663
	42.983641229	47.3305429329
	42.9767524035	47.3299582587
	42.9649887085	47.3295731552
	42.9600499752	47.3296409721
	42.9497731807	47.3299232597
	42.9429482191	47.3302405463
	42.931234898	47.3313942077
	42.9196221092	47.3333114869
	42.9095481686	47.3356180376
	42.8945487789	47.3395090289
	42.8931601906	47.339875165
	42.881897006	47.3432918147
	42.8708813962	47.3474377966
	42.8601605319	47.3522953571
	42.8497803215	47.3578436951
	42.8397852145	47.364059052
	42.8306512363	47.3705834302
	42.825928641	47.3741845044
	42.8254954165	47.3745158869
	42.8163970859	47.3819826938
	42.8078065881	47.390028573
	42.7997607089	47.3986190708
	42.792293902	47.4077174013
	42.7854381414	47.4172846042
	42.7792227845	47.4272797111
	42.7764084289	47.4323407631
	42.7658493469	47.4520703774
	42.7631153644	47.4573895358
	42.758257804	47.4681104001
	42.7570909977	47.4709977699
	42.7529329777	47.4815492225
	42.7516783855	47.4848262534
	42.7468257757	47.491732236
	42.7456918778	47.4934504392
	42.7404399724	47.5008951389
	42.7392660403	47.5026747955
	42.7340541692	47.5100656711
	42.7305181202	47.5155720155
	42.7245067316	47.5229899233
	42.7189701012	47.5306105742
	42.7142046787	47.5358337314
	42.7140335724	47.5360291251
	42.6618103668	47.5957520255
	42.6545146662	47.6046549624
	42.6476589056	47.6142221652
	42.6461561171	47.6165087076
	42.6447127398	47.618741676
	42.6378444391	47.6271540468
	42.6309886785	47.6367212497
	42.6297747794	47.638562311
	42.6246028753	47.6458994113
	42.6183875184	47.6558945183
	42.6150394232	47.6619604887
	42.6097675116	47.671962625
	42.6075672687	47.6762768649
	42.6027097083	47.6869977292
	42.6002275534	47.6933258281
	42.5985364295	47.6972745237
	42.5943904475	47.7082901334
	42.5918441609	47.7164187473
	42.5898565456	47.7233338439
	42.5893735266	47.724488574
	42.5859852268	47.7333184067
	42.5738781613	47.7423114124
	42.5668740885	47.7462798527
	42.5656082634	47.7470038514
	42.5556131564	47.7532192083
	42.5483853281	47.758309995
	42.5475152151	47.7589554084
	42.5404298128	47.762973172
	42.5392181877	47.763666449
	42.5299750354	47.7693820912
	42.5237633329	47.7734876669
	42.5040692385	47.78323867
	42.4939453605	47.7886603455
	42.4842411552	47.7946817369
	42.4831116203	47.7953284363
	42.4731165134	47.8015437932
	42.4664248972	47.8062383786
	42.4422626047	47.8240224973
	42.439387018	47.8261836725
	42.4302886875	47.8336504794
	42.4216981897	47.8416963586
	42.4151173982	47.8482771501
	42.4144556443	47.8483286787
	42.3942984161	47.8479400158
	42.3908309937	47.8479065902
	42.3811048137	47.8481697547
	42.3708203898	47.8487267005
	42.3687828748	47.8488486395
	42.3570695538	47.850002301
	42.3557178983	47.8501854664
	42.3518816653	47.8485440588
	42.3408660556	47.8443980769
	42.3296028709	47.8409814272
	42.3219929443	47.8391190001
	42.3144932494	47.8374557921
	42.3106406471	47.8366455323
	42.2990278583	47.8347282531
	42.2873145373	47.8335745917
	42.2755508423	47.8331894882
	42.2637871473	47.8335745917
	42.2592935801	47.8339257111
	42.2501306772	47.8347573151
	42.2429109234	47.8355598571
	42.2312981346	47.8374771363
	42.2198356057	47.8401498232
	42.208572421	47.8435664729
	42.1975568113	47.8477124548
	42.186835947	47.8525700153
	42.1867428686	47.8526159498
	42.1820750503	47.8549212128
	42.1801164405	47.8548337175
	42.1713271652	47.8536585946
	42.1709684711	47.8536110046
	42.1628752039	47.8527313309
	42.154298244	47.8513908508
	42.1450526679	47.850415988
	42.1338182272	47.849524288
	42.1233578702	47.8479540376
	42.1201338153	47.8474998596
	42.1084204943	47.8463461981
	42.1046870049	47.8461404419
	42.0860789116	47.8453088379
	42.0841421741	47.8453289701
	42.0780487061	47.8451294906
	42.0719357743	47.8452333987
	42.0311032548	47.8466219485
	42.0254524915	47.8469031439
	42.0137391705	47.8480568054
	42.0021263817	47.8499740846
	41.992835477	47.8520793852
	41.9775537998	47.8559703764
	41.9753821755	47.8565377626
	41.9641189908	47.8599544124
	41.9531033811	47.8641003943
	41.9423825168	47.8689579547
	41.9320023063	47.8745062928
	41.9220071994	47.8807216497
	41.9124399965	47.8875774103
	41.903341666	47.8950442172
	41.8947511682	47.9030900964
	41.886705289	47.9116805942
	41.8792384821	47.9207789248
	41.8723827215	47.9303461276
	41.8668903474	47.939100457
	41.8641132478	47.9438230522
	41.863390265	47.9450638298
	41.8578419269	47.9554440402
	41.8529843665	47.9661649045
	41.8488383845	47.9771805143
	41.8468525191	47.9833992386
	41.8451893111	47.9889534378
	41.8437585268	47.9939978982
	41.8410858399	48.0054604271
	41.8391685607	48.0170732159
	41.8383083894	48.0249409667
	41.8377514435	48.0313343993
	41.8374579535	48.0351799696
	41.83707285	48.0469436646
	41.8374579535	48.0587073595
	41.8386116149	48.0704206806
	41.8405288941	48.0820334694
	41.8415487931	48.0868196174
	41.8443258927	48.099034278
	41.8459786806	48.105710659
	41.8493953303	48.1169738436
	41.8535413123	48.1279894534
	41.8550151276	48.1314450379
	41.8669627594	48.1586667176
	41.8703465045	48.1659319974
	41.8758948426	48.1763122078
	41.8771113791	48.1783871458
	41.8774669865	48.1794992151
	41.8746290447	48.1889828876
	41.8732079897	48.1939948464
	41.8705353028	48.2054573753
	41.869250601	48.2126835897
	41.8683075196	48.217130349
	41.8663902404	48.2287431378
	41.865236579	48.2404564588
	41.8648514755	48.2522201538
	41.8649999657	48.2595272844
	41.8652822533	48.2664700335
	41.8655188666	48.2709265978
	41.866672528	48.2826399188
	41.8685898072	48.2942527077
	41.8712624941	48.3057152366
	41.8746791438	48.3169784213
	41.8788251257	48.327994031
	41.8836826862	48.3387148953
	41.8892310242	48.3490951058
	41.8949392441	48.3583270272
	41.8941406495	48.362126992
	41.8922233703	48.3737397809
	41.8913648122	48.3815890232
	41.8908078664	48.3879748265
	41.8905127631	48.3918389051
	41.8901276596	48.4036026001
	41.8905127631	48.4153662951
	41.8916664245	48.4270796161
	41.8935837037	48.438692405
	41.8962563906	48.4501549339
	41.8996730403	48.4614181185
	41.9038190222	48.4724337283
	41.9074609308	48.4806404789
	41.9099633722	48.48592002
	41.911179024	48.4884341336
	41.9167273621	48.498814344
	41.922942719	48.508809451
	41.9297984796	48.5183766539
	41.9372652866	48.5274749844
	41.9453111658	48.5360654822
	41.9539016635	48.5441113614
	41.9597569555	48.5490300951
	41.9739171117	48.5604207811
	41.9771601503	48.5629688543
	41.9867273532	48.569824615
	41.9937830771	48.5743055283
	41.9966968836	48.5760623619
	41.9977213686	48.5768543524
	42.0072885715	48.583710113
	42.0154613588	48.588859043
	42.0182701012	48.5905249358
	42.0185496157	48.5907398504
	42.0281168185	48.597595611
	42.0381119255	48.603810968
	42.0484921359	48.609359306
	42.0534957612	48.6117317747
	42.0601651096	48.6151957928
	42.0708859739	48.6200533533
	42.0729102621	48.6208774676
	42.104854537	48.6336567035
	42.1138458585	48.636978571
	42.1238649817	48.6400570923
	42.1277313566	48.6414188786
	42.1389945412	48.6448355284
	42.142690442	48.6457839416
	42.1643229751	48.6510911978
	42.1972664447	48.6623760094
	42.1977386808	48.6625370427
	42.2090018654	48.6659536924
	42.2127195194	48.6669074411
	42.2141555284	48.6672595574
	42.218841586	48.6689228459
	42.2301047707	48.6723394957
	42.2415672996	48.6750121825
	42.2528321117	48.6768833042
	42.2695023388	48.6791110874
	42.2698503155	48.6791572449
	42.2815636366	48.6803109064
	42.2880992357	48.6806200116
	42.2975444261	48.6808946698
	42.314536217	48.6805855646
	42.3150337038	48.680552265
	42.3363069092	48.67909871
	42.3470557595	48.6823416319
	42.3585182884	48.6850143188
	42.3625159874	48.6857626262
	42.3783393516	48.6885397259
	42.3859544415	48.6897086976
	42.3976677625	48.690862359
	42.4094314575	48.6912474625
	42.4211951525	48.690862359
	42.428322659	48.6901603609
	42.4298052465	48.6907204759
	42.4500918066	48.6976632249
	42.4505157804	48.6978077336
	42.4617789651	48.7012243833
	42.4699209874	48.7032039681
	42.4702399359	48.7100898058
	42.4704151887	48.7125128049
	42.4709645051	48.7194555539
	42.4719429138	48.7287458759
	42.473860193	48.7403586647
	42.4765328798	48.7518211936
	42.4799495296	48.7630843783
	42.4840955115	48.7740999881
	42.4877374201	48.7823067387
	42.4902398615	48.7875862797
	42.4914555133	48.7901003934
	42.4970038514	48.8004806038
	42.5016526957	48.8080905138
	42.5011753619	48.809051218
	42.4963178015	48.8197720823
	42.4921718196	48.830787692
	42.4902511087	48.8367893338
	42.4885802713	48.842343533
	42.4875142161	48.8460930816
	42.4839413938	48.8474377966
	42.4741494787	48.8518405658
	42.4554851276	48.8609117508
	42.4464429197	48.8643750525
	42.4389057956	48.8677012519
	42.4374073898	48.8675625575
	42.4325934679	48.8671820746
	42.4208297729	48.8667969711
	42.4160229766	48.8668612123
	42.4054638946	48.8671434999
	42.3985069959	48.8674643622
	42.3867936749	48.8686180236
	42.3820833815	48.8693016648
	42.3645815504	48.8720787644
	42.357679055	48.8733124024
	42.3462165261	48.8759850893
	42.3349533414	48.879401739
	42.3239377317	48.883547721
	42.3132168674	48.8884052814
	42.3028366569	48.8939536194
	42.29284155	48.9001689764
	42.2876145567	48.9037968901
	42.2826173033	48.9073979643
	42.2782770937	48.9106258112
	42.2691787632	48.9180926181
	42.2605882654	48.9261384973
	42.2562168212	48.9306656401
	42.25232583	48.9348389189
	42.248651395	48.9389022739
	42.241184588	48.9480006044
	42.2343288274	48.9575678073
	42.2285235383	48.9669034717
	42.2261908791	48.9663604981
	42.2145780902	48.9644432189
	42.214477917	48.9644300595
	42.1975406611	48.9622099057
	42.1859275133	48.9610694037
	42.1792767111	48.9607569854
	42.1401073996	48.9596430938
	42.1382596673	48.9596772989
	42.1349945068	48.9595704086
	42.1325418857	48.9595871313
	42.0917017368	48.9601440771
	42.0823906629	48.9605124579
	42.0706773419	48.9616661193
	42.0590645531	48.9635833985
	42.0476020241	48.9662560854
	42.0446905688	48.967062474
	42.0310873583	48.9709534652
	42.022735629	48.9735637263
	42.0117200193	48.9777097083
	42.0061381294	48.9801332255
	42.0000269844	48.9829103251
	41.99488801	48.9853443683
	41.9845077995	48.9908927064
	41.9745126926	48.9971080633
	41.9691920322	49.0008035202
	41.959189896	49.0080209274
	41.9549433535	49.0111812311
	41.9458450229	49.018648038
	41.9372545251	49.0266939172
	41.9292086459	49.035284415
	41.921741839	49.0443827456
	41.9148860784	49.0539499484
	41.9086707215	49.0639450554
	41.9031223834	49.0743252658
	41.898264823	49.0850461301
	41.8941188411	49.0960617399
	41.8921981301	49.1020633817
	41.8905272927	49.1076175809
	41.889031354	49.1128791237
	41.8863586671	49.1243416527
	41.8844413879	49.1359544415
	41.8832877264	49.1476677625
	41.8829187742	49.1570210998
	41.8787626707	49.1641528429
	41.878397284	49.1647827629
	41.8728489459	49.1751629733
	41.8679913855	49.1858838376
	41.8638454036	49.1968994474
	41.8619050959	49.2029662774
	41.8602342585	49.208528106
	41.8587579165	49.2137244607
	41.8560852296	49.2251869896
	41.8541679504	49.2367997784
	41.8533715219	49.2439523112
	41.8528145761	49.2500634562
	41.8524573431	49.2546242445
	41.8520722396	49.2663879395
	41.8524573431	49.2781516344
	41.8536110046	49.2898649555
	41.8555282838	49.3014777443
	41.8582009707	49.3129402732
	41.8616176204	49.3242034579
	41.8657636023	49.3352190676
	41.8679862372	49.3403573121
	41.8704886786	49.345903882
	41.8731236041	49.3514865018
	41.8755403197	49.3562101658
	41.8738617188	49.3637902
	41.8719444396	49.3754029889
	41.871127934	49.38277734
	41.8705786176	49.388888485
	41.8702414618	49.3932274549
	41.8698563583	49.4049911499
	41.8702414618	49.4167548449
	41.8713951232	49.4284681659
	41.8733124024	49.4400809548
	41.8759850893	49.4515434837
	41.879401739	49.4628066683
	41.883547721	49.4738222781
	41.8884052814	49.4845431424
	41.889722244	49.4871597452
	41.8908136062	49.5034222414
	41.8919487121	49.5148558002
	41.8930693086	49.5221939869
	41.896403354	49.5413666554
	41.8972000367	49.5456412575
	41.8998727236	49.5571037864
	41.9032893733	49.5683669711
	41.9074353552	49.5793825808
	41.9122929156	49.5901034451
	41.9178412537	49.6004836556
	41.9240566106	49.6104787625
	41.9309123712	49.6200459654
	41.9383791782	49.6291442959
	41.9437045552	49.6349548128
	41.9359003268	49.6398845525
	41.934063671	49.6411282159
	41.9295074943	49.6436713319
	41.9195123874	49.6498866888
	41.9153987328	49.6527187362
	41.8848430077	49.6743862167
	41.8793894594	49.6784099298
	41.8760363707	49.6810466005
	41.8686701022	49.6857143255
	41.8659870847	49.6875422993
	41.8620026115	49.689775763
	41.8557396072	49.6935636769
	41.8365292496	49.7029992694
	41.8362728977	49.7031254352
	41.8258926872	49.7086737733
	41.8158975803	49.7148891302
	41.8063303774	49.7217448908
	41.7972320468	49.7292116977
	41.794430167	49.7317211919
	41.7899682783	49.7358023467
	41.7879969423	49.7372935968
	41.7815106725	49.7425135804
	41.7747533872	49.7426894925
	41.7676705091	49.7430136786
	41.7559571881	49.74416734
	41.748057858	49.7453864328
	41.7214007535	49.750109028
	41.7176872948	49.7508072144
	41.7062247658	49.7534799013
	41.6999962439	49.7552696958
	41.6927635779	49.7574898496
	41.6877289151	49.7591167048
	41.6767133054	49.7632626868
	41.6709469124	49.7657701737
	41.6679742701	49.7665814341
	41.6439635441	49.7694455953
	41.6417909283	49.7697181823
	41.6325260231	49.7711846389
	41.6069751808	49.7759148635
	41.6046272972	49.7763656861
	41.5931647683	49.779038373
	41.5868853179	49.7808438089
	41.5796602813	49.7830639627
	41.574676547	49.7846751765
	41.5636609372	49.7888211585
	41.5578445248	49.7913514531
	41.5389617733	49.7999650395
	41.5340573215	49.8022923053
	41.523677111	49.8078406434
	41.5136820041	49.8140560003
	41.5109015013	49.815951736
	41.4953375364	49.8267778469
	41.4885508364	49.8317378717
	41.4794525058	49.8392046787
	41.470862008	49.8472505578
	41.4628161288	49.8558410556
	41.4553493219	49.8649393862
	41.4484935613	49.8745065891
	41.4438022161	49.8819122236
	41.4321368718	49.9013595503
	41.4306128602	49.9039490227
	41.4250645221	49.9143292331
	41.423805599	49.9169347049
	41.4132153415	49.9217381061
	41.4028351311	49.9272864442
	41.3928400241	49.9335018011
	41.3912700411	49.9345628348
	41.3807109591	49.9417802421
	41.3727137392	49.9475749689
	41.3636154087	49.9550417758
	41.3550249109	49.963087655
	41.3535813384	49.9645478017
	41.3472229251	49.9710530697
	41.3444568568	49.973399967
	41.3422302158	49.9753207065
	41.333639718	49.9833665857
	41.3294601068	49.9876883003
	41.3214110956	49.9962942573
	41.3175448276	50.0005630405
	41.3100780207	50.009661371
	41.3094281581	50.010513533
	41.3091423014	50.0108907007
	41.2882214141	50.0324196885
	41.2819842197	50.0391754062
	41.2745174128	50.0482737368
	41.2676616521	50.0578409396
	41.2654463696	50.0612386642
	41.2645152765	50.0624415224
	41.2576595159	50.0720087253
	41.2554761614	50.0753562698
	41.2526738526	50.078252467
	41.2467058994	50.084730521
	41.2417968903	50.0905737249
	41.2383638391	50.0939165124
	41.2303179599	50.1025070102
	41.222851153	50.1116053408
	41.2159953924	50.1211725436
	41.2143358736	50.1237019825
	41.2109941988	50.1288899708
	41.2064383607	50.1363556389
	41.2008900226	50.1467358493
	41.1960324622	50.1574567136
	41.1918864802	50.1684723234
	41.1884698305	50.179735508
	41.1857971436	50.1911980369
	41.1838798644	50.2028108258
	41.182726203	50.2145241468
	41.1823410995	50.2262878418
	41.182726203	50.2380515368
	41.1838798644	50.2497648578
	41.1857971436	50.2613776467
	41.1884698305	50.2728401756
	41.1918864802	50.2841033602
	41.1960324622	50.29511897
	41.2008900226	50.3058398343
	41.2064383607	50.3162200447
	41.2114769869	50.3244311972
	41.2178704195	50.334250228
	41.2190471502	50.3360341824
	41.2259029108	50.3456013853
	41.2333697177	50.3546997158
	41.235334212	50.3569030534
	41.2433908526	50.365791298
	41.2494722375	50.3721784583
	41.2545094061	50.3770235877
	41.2619768152	50.3849576941
	41.2678368919	50.3905594049
	41.2626529657	50.3992105906
	41.261171637	50.4017288688
	41.255623299	50.4121090793
	41.2507657385	50.4228299436
	41.2466197566	50.4338455533
	41.2432031069	50.445108738
	41.24053042	50.4565712669
	41.2386131408	50.4681840558
	41.2374594794	50.4798973768
	41.2370743759	50.4916610718
	41.2372247684	50.4990148403
	41.2377817142	50.5126256801
	41.2380164252	50.5170356066
	41.2391700866	50.5287489276
	41.2403334668	50.5357954177
	41.2342246155	50.5456192497
	41.2302926055	50.5528025285
	41.2250723926	50.5628771438
	41.2185669278	50.564948614
	41.217794935	50.5652126245
	41.2148307229	50.5659799013
	41.2102737319	50.5672654633
	41.165275563	50.580601645
	41.1585693692	50.5827327327
	41.1475537595	50.5868787146
	41.1434500869	50.5886385001
	41.1307717169	50.5929203889
	41.1305084562	50.5930095271
	41.1194928464	50.597155509
	41.1136452478	50.5997000331
	41.1118486593	50.6005199815
	41.1102371549	50.6010585383
	41.0992215451	50.6052045203
	41.0971745336	50.606067268
	41.0855015599	50.6110721508
	41.0768277072	50.6150669635
	41.0664474968	50.6206153016
	41.0564523898	50.6268306585
	41.046885187	50.6336864191
	41.0377868564	50.641153226
	41.0291963586	50.6491991052
	41.0211504794	50.657789603
	41.0136836725	50.6668879335
	41.0068279119	50.6764551364
	41.000612555	50.6864502434
	40.9950642169	50.6968304538
	40.9902066565	50.7075513181
	40.9860606746	50.7185669278
	40.9826440249	50.7298301125
	40.979971338	50.7412926414
	40.9780540588	50.7529054303
	40.9769003973	50.7646187513
	40.9765152938	50.7763824463
	40.9769003973	50.7881461413
	40.9780540588	50.7998594623
	40.979971338	50.8114722511
	40.9826440249	50.8229347801
	40.9860606746	50.8341979647
	40.9902066565	50.8452135745
	40.9950642169	50.8559344388
	41.000612555	50.8663146492
	41.0068279119	50.8763097562
	41.0136836725	50.885876959
	41.0211504794	50.8949752896
	41.0291963586	50.9035657874
	41.0377868564	50.9116116666
	41.046885187	50.9190784735
	41.0564523898	50.9259342341
	41.0664474968	50.932149591
	41.0768277072	50.9376979291
	41.0875485715	50.9425554895
	41.090173991	50.9436188318
	41.1035101727	50.9488983728
	41.1119003629	50.9519810124
	41.1231635476	50.9553976622
	41.1346260765	50.958070349
	41.1448431563	50.9597983172
	41.1733633702	50.9669330339
	41.1933878879	50.9739377664
	41.1949615812	50.9744800969
	41.2025004163	50.9768557724
	41.2150321794	50.98050415
	41.2235641813	50.9836429997
	41.2348273659	50.9870596495
	41.2357665979	50.9873000715
	41.2383736739	50.9909488333
	41.2420238214	50.9958775694
	41.2494906284	51.0049758999
	41.2575365076	51.0135663977
	41.2661270053	51.0216122769
	41.2702371727	51.0251091227
	41.2749521386	51.0290001139
	41.2799403017	51.032970075
	41.2895075046	51.0398258357
	41.2977610873	51.0450226577
	41.3202601718	51.0583512099
	41.322001696	51.0593697448
	41.3323819064	51.0649180829
	41.3412364935	51.06899027
	41.3737377142	51.0828833975
	41.3756039914	51.0836687707
	41.379904573	51.0853856112
	41.4796283889	51.1237156893
	41.4863434171	51.1261448308
	41.494487787	51.1286956454
	41.5069730842	51.1322830789
	41.5152359342	51.135315363
	41.5264991189	51.1387320127
	41.5313361991	51.1399564537
	41.5731953887	51.1499368238
	41.5766220426	51.1511387273
	41.5878852273	51.154555377
	41.5937110112	51.1560126034
	41.5969356937	51.1567622353
	41.6198313399	51.1656151321
	41.6221269533	51.1680759478
	41.6238499701	51.1703745177
	41.6250728327	51.1719868833
	41.6254352441	51.1724575756
	41.6381093081	51.1998846698
	41.6400684894	51.2039874173
	41.6456168275	51.2143676277
	41.6518321844	51.2243627347
	41.6578525498	51.2328325433
	41.6614478211	51.2393691536
	41.667663178	51.2493642606
	41.6713573797	51.2546831814
	41.677390656	51.2643636502
	41.6840264329	51.2736435668
	41.6876351365	51.278366162
	41.6878551203	51.2786534483
	41.6953219272	51.2877517788
	41.7033678064	51.2963422766
	41.7119583042	51.3043881558
	41.7138296931	51.3060066852
	41.7327124446	51.3221123371
	41.7399393862	51.3279606146
	41.7495065891	51.3348163752
	41.7569566738	51.3395343749
	41.7625185024	51.3428684203
	41.7650635246	51.3443657775
	41.7754437351	51.3499141156
	41.7861645993	51.354771676
	41.7899180177	51.3562771829
	41.8035212281	51.361556724
	41.8107834195	51.364197199
	41.8220466042	51.3676138487
	41.8335091331	51.3702865356
	41.8380697842	51.3711327232
	41.9139059659	51.3841942466
	41.9209581036	51.3852653382
	41.9286599421	51.3861109792
	41.947550323	51.3877741872
	41.9515618055	51.3880822076
	41.9633255005	51.3884673111
	41.9750891955	51.3880822076
	41.9868025165	51.3869285462
	41.9984153053	51.385011267
	42.0098778343	51.3823385801
	42.014381062	51.3810689429
	42.0218807568	51.3788487891
	42.0286407138	51.3767017766
	42.0396563235	51.3725557947
	42.0465528644	51.3695284674
	42.0583899092	51.364034043
	42.0863470824	51.3539932131
	42.0943819705	51.3508883142
	42.1051028348	51.3460307538
	42.1154830452	51.3404824157
	42.1176914079	51.3391863708
	42.1271483895	51.3340966125
	42.1371434964	51.3278812556
	42.1387919537	51.3267665521
	42.1442786586	51.32301199
	42.1518577355	51.3215438798
	42.1924657503	51.3176437462
	42.1987470966	51.3169288514
	42.2083528879	51.3153989467
	42.2100353319	51.3150841203
	42.2266346238	51.313359686
	42.2648846811	51.3117754608
	42.2722290064	51.3122699955
	42.2800135751	51.3145905977
	42.2918443658	51.3199871487
	42.3001629733	51.3243632733
	42.3108838376	51.3292208337
	42.3176401318	51.3318610586
	42.3312509717	51.3368659414
	42.3355102872	51.3383716985
	42.3467734719	51.3417883482
	42.3498231866	51.34257696
	42.3575975396	51.3445148262
	42.3660103538	51.3463989013
	42.3776231427	51.3483161805
	42.3787436096	51.3484601146
	42.3965277283	51.3506878978
	42.4071205824	51.3516976251
	42.4188842773	51.3520827286
	42.4377670288	51.3520827286
	42.4495307238	51.3516976251
	42.4497270695	51.3516846481
	42.470562946	51.3502960983
	42.476816181	51.3497696541
	42.517928541	51.3455850602
	42.5179358688	51.3455903159
	42.5228372775	51.3489841609
	42.5235319427	51.3494459949
	42.5268593184	51.3522501644
	42.5332743471	51.3574100775
	42.54284155	51.3642658381
	42.5430765301	51.36442258
	42.548548395	51.3687931341
	42.5581155978	51.3756488947
	42.5681107048	51.3818642516
	42.5784909152	51.3874125897
	42.5804912012	51.388383697
	42.5991069238	51.397279571
	42.6078275022	51.4011660242
	42.6188431119	51.4053120061
	42.6301062966	51.4087286558
	42.6329948159	51.4094770083
	42.6407691689	51.4114225039
	42.6493431785	51.4133468383
	42.6594719433	51.415062453
	42.7030815625	51.421173598
	42.7045655865	51.4213752625
	42.7162789076	51.4225289239
	42.7280426025	51.4229140274
	42.7398062975	51.4225289239
	42.7515196186	51.4213752625
	42.7545811539	51.4209454051
	42.7731968765	51.4181683055
	42.7817481301	51.4166808837
END
END
