none
1
   -1.030429E+02   3.649738E+01
   -1.030429E+02   3.650143E+01
   -1.030035E+02   3.650175E+01
   -1.030021E+02   3.699967E+01
   -1.020371E+02   3.699746E+01
   -9.461568E+01   3.700366E+01
   -9.461480E+01   3.649943E+01
   -9.442821E+01   3.539427E+01
   -9.448288E+01   3.363781E+01
   -9.448995E+01   3.362255E+01
   -9.452049E+01   3.361358E+01
   -9.453144E+01   3.362021E+01
   -9.453151E+01   3.363035E+01
   -9.453443E+01   3.363471E+01
   -9.455476E+01   3.363611E+01
   -9.455466E+01   3.365158E+01
   -9.457286E+01   3.365275E+01
   -9.457273E+01   3.366504E+01
   -9.458147E+01   3.367492E+01
   -9.460305E+01   3.366835E+01
   -9.462098E+01   3.367778E+01
   -9.464301E+01   3.366542E+01
   -9.465106E+01   3.367191E+01
   -9.465379E+01   3.368819E+01
   -9.468451E+01   3.368137E+01
   -9.470935E+01   3.368427E+01
   -9.471357E+01   3.370347E+01
   -9.473395E+01   3.369770E+01
   -9.473999E+01   3.370371E+01
   -9.474437E+01   3.372436E+01
   -9.476526E+01   3.372987E+01
   -9.477063E+01   3.373671E+01
   -9.477163E+01   3.375147E+01
   -9.479871E+01   3.374153E+01
   -9.481709E+01   3.374915E+01
   -9.483063E+01   3.373707E+01
   -9.484936E+01   3.373659E+01
   -9.487087E+01   3.374331E+01
   -9.487974E+01   3.375083E+01
   -9.488099E+01   3.376230E+01
   -9.488774E+01   3.376200E+01
   -9.492212E+01   3.378465E+01
   -9.492130E+01   3.380780E+01
   -9.494670E+01   3.381034E+01
   -9.495242E+01   3.382445E+01
   -9.496702E+01   3.383555E+01
   -9.497148E+01   3.385882E+01
   -9.498828E+01   3.384801E+01
   -9.500818E+01   3.386273E+01
   -9.502241E+01   3.385681E+01
   -9.504773E+01   3.385980E+01
   -9.506710E+01   3.389697E+01
   -9.509171E+01   3.389056E+01
   -9.510261E+01   3.390979E+01
   -9.512464E+01   3.391668E+01
   -9.512631E+01   3.393206E+01
   -9.516218E+01   3.393480E+01
   -9.518529E+01   3.394759E+01
   -9.522605E+01   3.395893E+01
   -9.525010E+01   3.393234E+01
   -9.525068E+01   3.390366E+01
   -9.526309E+01   3.389635E+01
   -9.527626E+01   3.389825E+01
   -9.528061E+01   3.387677E+01
   -9.528743E+01   3.387198E+01
   -9.533162E+01   3.388314E+01
   -9.533888E+01   3.386588E+01
   -9.544756E+01   3.386586E+01
   -9.546567E+01   3.387042E+01
   -9.546533E+01   3.388364E+01
   -9.549108E+01   3.387198E+01
   -9.550350E+01   3.387199E+01
   -9.551504E+01   3.388804E+01
   -9.553227E+01   3.387834E+01
   -9.554600E+01   3.387740E+01
   -9.555501E+01   3.388776E+01
   -9.555217E+01   3.390758E+01
   -9.556159E+01   3.392809E+01
   -9.559791E+01   3.393128E+01
   -9.563584E+01   3.390384E+01
   -9.566440E+01   3.390525E+01
   -9.568324E+01   3.388769E+01
   -9.569631E+01   3.388229E+01
   -9.571417E+01   3.388219E+01
   -9.573784E+01   3.389296E+01
   -9.575472E+01   3.389002E+01
   -9.575951E+01   3.387498E+01
   -9.575146E+01   3.385307E+01
   -9.577141E+01   3.384089E+01
   -9.579120E+01   3.385496E+01
   -9.580491E+01   3.385830E+01
   -9.581867E+01   3.385577E+01
   -9.581598E+01   3.384432E+01
   -9.582078E+01   3.383653E+01
   -9.583848E+01   3.383280E+01
   -9.586095E+01   3.384981E+01
   -9.593399E+01   3.388367E+01
   -9.593375E+01   3.386978E+01
   -9.594274E+01   3.385724E+01
   -9.597259E+01   3.385340E+01
   -9.599104E+01   3.386387E+01
   -9.599648E+01   3.384870E+01
   -9.601918E+01   3.383760E+01
   -9.602840E+01   3.384931E+01
   -9.603550E+01   3.383877E+01
   -9.604833E+01   3.383351E+01
   -9.609719E+01   3.384471E+01
   -9.609448E+01   3.383228E+01
   -9.609897E+01   3.382749E+01
   -9.612350E+01   3.383693E+01
   -9.614670E+01   3.383497E+01
   -9.614899E+01   3.381457E+01
   -9.617571E+01   3.381014E+01
   -9.615913E+01   3.379588E+01
   -9.616663E+01   3.376912E+01
   -9.617636E+01   3.375804E+01
   -9.622074E+01   3.374440E+01
   -9.627077E+01   3.376552E+01
   -9.629126E+01   3.376361E+01
   -9.630020E+01   3.374981E+01
   -9.630417E+01   3.371910E+01
   -9.631460E+01   3.369710E+01
   -9.634799E+01   3.368340E+01
   -9.636441E+01   3.368979E+01
   -9.637205E+01   3.371500E+01
   -9.641058E+01   3.374906E+01
   -9.642436E+01   3.377346E+01
   -9.644790E+01   3.377801E+01
   -9.645891E+01   3.377224E+01
   -9.650146E+01   3.376983E+01
   -9.651845E+01   3.378619E+01
   -9.651950E+01   3.380237E+01
   -9.652841E+01   3.381840E+01
   -9.657390E+01   3.381625E+01
   -9.663143E+01   3.384339E+01
   -9.663124E+01   3.385437E+01
   -9.661354E+01   3.387157E+01
   -9.659228E+01   3.388278E+01
   -9.658966E+01   3.389203E+01
   -9.662899E+01   3.389156E+01
   -9.666621E+01   3.391403E+01
   -9.667807E+01   3.389529E+01
   -9.668196E+01   3.386175E+01
   -9.669767E+01   3.383673E+01
   -9.671190E+01   3.382868E+01
   -9.676225E+01   3.382148E+01
   -9.677324E+01   3.382807E+01
   -9.678313E+01   3.385848E+01
   -9.679526E+01   3.386602E+01
   -9.683141E+01   3.387173E+01
   -9.683700E+01   3.386707E+01
   -9.683919E+01   3.385110E+01
   -9.685013E+01   3.384425E+01
   -9.687720E+01   3.385820E+01
   -9.688547E+01   3.386630E+01
   -9.689847E+01   3.389519E+01
   -9.690518E+01   3.394079E+01
   -9.691789E+01   3.395524E+01
   -9.697357E+01   3.393271E+01
   -9.698260E+01   3.394047E+01
   -9.698352E+01   3.395271E+01
   -9.699316E+01   3.394169E+01
   -9.698205E+01   3.390567E+01
   -9.698294E+01   3.388508E+01
   -9.702226E+01   3.384170E+01
   -9.704063E+01   3.383483E+01
   -9.705525E+01   3.383793E+01
   -9.705218E+01   3.382528E+01
   -9.705648E+01   3.381666E+01
   -9.708959E+01   3.380242E+01
   -9.709220E+01   3.379436E+01
   -9.708163E+01   3.376032E+01
   -9.708336E+01   3.374295E+01
   -9.710280E+01   3.372016E+01
   -9.712655E+01   3.371397E+01
   -9.715627E+01   3.372169E+01
   -9.717421E+01   3.373533E+01
   -9.719312E+01   3.377961E+01
   -9.720808E+01   3.380008E+01
   -9.720789E+01   3.381967E+01
   -9.720193E+01   3.382933E+01
   -9.717336E+01   3.383787E+01
   -9.716964E+01   3.384693E+01
   -9.718344E+01   3.389363E+01
   -9.721133E+01   3.391301E+01
   -9.722564E+01   3.391171E+01
   -9.724240E+01   3.390144E+01
   -9.724634E+01   3.387422E+01
   -9.725448E+01   3.386093E+01
   -9.728011E+01   3.386173E+01
   -9.730025E+01   3.387718E+01
   -9.731736E+01   3.386225E+01
   -9.732570E+01   3.386344E+01
   -9.733230E+01   3.387144E+01
   -9.734592E+01   3.384210E+01
   -9.736745E+01   3.381877E+01
   -9.742721E+01   3.381649E+01
   -9.745448E+01   3.382589E+01
   -9.746551E+01   3.384037E+01
   -9.745445E+01   3.387153E+01
   -9.745398E+01   3.389049E+01
   -9.746215E+01   3.390148E+01
   -9.750057E+01   3.391661E+01
   -9.755097E+01   3.389500E+01
   -9.758846E+01   3.389966E+01
   -9.760011E+01   3.391804E+01
   -9.759200E+01   3.395161E+01
   -9.763501E+01   3.397851E+01
   -9.767142E+01   3.398835E+01
   -9.769109E+01   3.398140E+01
   -9.770718E+01   3.395334E+01
   -9.772370E+01   3.393850E+01
   -9.773312E+01   3.393345E+01
   -9.775970E+01   3.393212E+01
   -9.775755E+01   3.391584E+01
   -9.777927E+01   3.390892E+01
   -9.777669E+01   3.389905E+01
   -9.778234E+01   3.388872E+01
   -9.779929E+01   3.388273E+01
   -9.780375E+01   3.387468E+01
   -9.783310E+01   3.385494E+01
   -9.787206E+01   3.384606E+01
   -9.793790E+01   3.387643E+01
   -9.796876E+01   3.387960E+01
   -9.798019E+01   3.388804E+01
   -9.798741E+01   3.390156E+01
   -9.797993E+01   3.391533E+01
   -9.796939E+01   3.390922E+01
   -9.795981E+01   3.391596E+01
   -9.795625E+01   3.393491E+01
   -9.797222E+01   3.393432E+01
   -9.797714E+01   3.394328E+01
   -9.796274E+01   3.395384E+01
   -9.794941E+01   3.398766E+01
   -9.796008E+01   3.398841E+01
   -9.797443E+01   3.400348E+01
   -9.798677E+01   3.399689E+01
   -9.802769E+01   3.399036E+01
   -9.805589E+01   3.399292E+01
   -9.809040E+01   3.400344E+01
   -9.810843E+01   3.403077E+01
   -9.809928E+01   3.404379E+01
   -9.812320E+01   3.407185E+01
   -9.812209E+01   3.408583E+01
   -9.810178E+01   3.410603E+01
   -9.809359E+01   3.412270E+01
   -9.809301E+01   3.412893E+01
   -9.811052E+01   3.415122E+01
   -9.812905E+01   3.414807E+01
   -9.815257E+01   3.412032E+01
   -9.816933E+01   3.411118E+01
   -9.820443E+01   3.411476E+01
   -9.824105E+01   3.412992E+01
   -9.825663E+01   3.412649E+01
   -9.829462E+01   3.413011E+01
   -9.832632E+01   3.414813E+01
   -9.836387E+01   3.415405E+01
   -9.837947E+01   3.414698E+01
   -9.839582E+01   3.412693E+01
   -9.839691E+01   3.409911E+01
   -9.841287E+01   3.408251E+01
   -9.843924E+01   3.408141E+01
   -9.844763E+01   3.407081E+01
   -9.848656E+01   3.405961E+01
   -9.850624E+01   3.407019E+01
   -9.853025E+01   3.409278E+01
   -9.857445E+01   3.414285E+01
   -9.860040E+01   3.415751E+01
   -9.861720E+01   3.415346E+01
   -9.864730E+01   3.416145E+01
   -9.868890E+01   3.413039E+01
   -9.873353E+01   3.413279E+01
   -9.874078E+01   3.412277E+01
   -9.875719E+01   3.412164E+01
   -9.876686E+01   3.413362E+01
   -9.879340E+01   3.414108E+01
   -9.881384E+01   3.415556E+01
   -9.885497E+01   3.415863E+01
   -9.885825E+01   3.414757E+01
   -9.886947E+01   3.414696E+01
   -9.887777E+01   3.415489E+01
   -9.887460E+01   3.416396E+01
   -9.892001E+01   3.417935E+01
   -9.895345E+01   3.420978E+01
   -9.895905E+01   3.421046E+01
   -9.896524E+01   3.419852E+01
   -9.897535E+01   3.420082E+01
   -9.898830E+01   3.421832E+01
   -9.899895E+01   3.421514E+01
   -9.900068E+01   3.420679E+01
   -9.901180E+01   3.420051E+01
   -9.903579E+01   3.420380E+01
   -9.904347E+01   3.419521E+01
   -9.905931E+01   3.419783E+01
   -9.907940E+01   3.420850E+01
   -9.912707E+01   3.420005E+01
   -9.913481E+01   3.420672E+01
   -9.913101E+01   3.421639E+01
   -9.915900E+01   3.420588E+01
   -9.919058E+01   3.421151E+01
   -9.920011E+01   3.424378E+01
   -9.919831E+01   3.427829E+01
   -9.920958E+01   3.428129E+01
   -9.921463E+01   3.429194E+01
   -9.921510E+01   3.433779E+01
   -9.923434E+01   3.433993E+01
   -9.924513E+01   3.437044E+01
   -9.925995E+01   3.436991E+01
   -9.927734E+01   3.438312E+01
   -9.927567E+01   3.439002E+01
   -9.926227E+01   3.439250E+01
   -9.926401E+01   3.440159E+01
   -9.929447E+01   3.441232E+01
   -9.932086E+01   3.440615E+01
   -9.933577E+01   3.442504E+01
   -9.935900E+01   3.444020E+01
   -9.936032E+01   3.445316E+01
   -9.937934E+01   3.445434E+01
   -9.939209E+01   3.444077E+01
   -9.939391E+01   3.441915E+01
   -9.938855E+01   3.440502E+01
   -9.939446E+01   3.437679E+01
   -9.940235E+01   3.437054E+01
   -9.940986E+01   3.436995E+01
   -9.942043E+01   3.437686E+01
   -9.942991E+01   3.437062E+01
   -9.944161E+01   3.437125E+01
   -9.945444E+01   3.438577E+01
   -9.948819E+01   3.439512E+01
   -9.950118E+01   3.440687E+01
   -9.951493E+01   3.441110E+01
   -9.954944E+01   3.440972E+01
   -9.956987E+01   3.441541E+01
   -9.957796E+01   3.441413E+01
   -9.958265E+01   3.438781E+01
   -9.959936E+01   3.437176E+01
   -9.962465E+01   3.437061E+01
   -9.964895E+01   3.437667E+01
   -9.966316E+01   3.437071E+01
   -9.969733E+01   3.437816E+01
   -9.971488E+01   3.438889E+01
   -9.972196E+01   3.440379E+01
   -9.976897E+01   3.442806E+01
   -9.976837E+01   3.443573E+01
   -9.978498E+01   3.444212E+01
   -9.981652E+01   3.447417E+01
   -9.982717E+01   3.449504E+01
   -9.985520E+01   3.450948E+01
   -9.988910E+01   3.454677E+01
   -9.992560E+01   3.457221E+01
   -9.995338E+01   3.457532E+01
   -9.997078E+01   3.455928E+01
   -1.000033E+02   3.455994E+01
   -1.000034E+02   3.649670E+01
   -1.030429E+02   3.649738E+01
END
END
