none
1
   2.591466E+01   5.600000E+01
   2.586075E+01   5.600000E+01
   2.585744E+01   5.601852E+01
   2.582099E+01   5.605300E+01
   2.570872E+01   5.608346E+01
   2.569760E+01   5.609176E+01
   2.569520E+01   5.609717E+01
   2.569765E+01   5.612066E+01
   2.568478E+01   5.613128E+01
   2.568371E+01   5.614792E+01
   2.567726E+01   5.614888E+01
   2.564251E+01   5.613644E+01
   2.556680E+01   5.614036E+01
   2.555464E+01   5.616182E+01
   2.554682E+01   5.616616E+01
   2.551560E+01   5.616332E+01
   2.551255E+01   5.615162E+01
   2.547404E+01   5.614793E+01
   2.544833E+01   5.615695E+01
   2.542295E+01   5.614753E+01
   2.540691E+01   5.615791E+01
   2.534382E+01   5.615525E+01
   2.532093E+01   5.614598E+01
   2.530717E+01   5.614884E+01
   2.527695E+01   5.616935E+01
   2.526034E+01   5.617097E+01
   2.523916E+01   5.618445E+01
   2.517223E+01   5.617376E+01
   2.509741E+01   5.618651E+01
   2.507214E+01   5.622546E+01
   2.506929E+01   5.625663E+01
   2.504998E+01   5.627232E+01
   2.503940E+01   5.627468E+01
   2.501787E+01   5.629439E+01
   2.497352E+01   5.630964E+01
   2.496593E+01   5.632059E+01
   2.496580E+01   5.635580E+01
   2.490651E+01   5.641772E+01
   2.491193E+01   5.643729E+01
   2.490877E+01   5.644264E+01
   2.489075E+01   5.644690E+01
   2.487337E+01   5.644318E+01
   2.486754E+01   5.643857E+01
   2.487410E+01   5.641638E+01
   2.485379E+01   5.640652E+01
   2.483174E+01   5.640663E+01
   2.481872E+01   5.641369E+01
   2.481225E+01   5.641182E+01
   2.480746E+01   5.640553E+01
   2.471829E+01   5.639434E+01
   2.471123E+01   5.638195E+01
   2.465290E+01   5.637093E+01
   2.463386E+01   5.635624E+01
   2.463363E+01   5.635203E+01
   2.457932E+01   5.631475E+01
   2.457809E+01   5.630698E+01
   2.458359E+01   5.629484E+01
   2.456139E+01   5.628303E+01
   2.445596E+01   5.625781E+01
   2.443884E+01   5.625858E+01
   2.440486E+01   5.627652E+01
   2.438447E+01   5.627773E+01
   2.432900E+01   5.629852E+01
   2.430234E+01   5.629712E+01
   2.420329E+01   5.626205E+01
   2.415760E+01   5.625665E+01
   2.409245E+01   5.627797E+01
   2.406651E+01   5.627867E+01
   2.406172E+01   5.629470E+01
   2.401477E+01   5.633002E+01
   2.393051E+01   5.633224E+01
   2.391066E+01   5.633830E+01
   2.379734E+01   5.633839E+01
   2.378146E+01   5.632484E+01
   2.376851E+01   5.632621E+01
   2.376288E+01   5.633308E+01
   2.377912E+01   5.636170E+01
   2.377679E+01   5.636570E+01
   2.364606E+01   5.636431E+01
   2.356155E+01   5.633443E+01
   2.353613E+01   5.633286E+01
   2.343564E+01   5.635716E+01
   2.342501E+01   5.636822E+01
   2.330259E+01   5.638156E+01
   2.317473E+01   5.636436E+01
   2.317989E+01   5.634625E+01
   2.310812E+01   5.630696E+01
   2.309816E+01   5.630787E+01
   2.307942E+01   5.632057E+01
   2.303989E+01   5.632303E+01
   2.303034E+01   5.632996E+01
   2.301426E+01   5.636686E+01
   2.301557E+01   5.639213E+01
   2.300410E+01   5.640188E+01
   2.294544E+01   5.641399E+01
   2.293329E+01   5.640750E+01
   2.292486E+01   5.638457E+01
   2.291483E+01   5.637827E+01
   2.280681E+01   5.636725E+01
   2.273569E+01   5.637391E+01
   2.268558E+01   5.635572E+01
   2.263762E+01   5.636518E+01
   2.263247E+01   5.637676E+01
   2.258311E+01   5.639071E+01
   2.249902E+01   5.639768E+01
   2.247485E+01   5.640561E+01
   2.236745E+01   5.640101E+01
   2.234244E+01   5.639404E+01
   2.233694E+01   5.640132E+01
   2.231792E+01   5.641031E+01
   2.224483E+01   5.640510E+01
   2.220275E+01   5.641845E+01
   2.200000E+01   5.641480E+01
   2.200000E+01   5.640421E+01
   2.197242E+01   5.637823E+01
   2.188553E+01   5.636051E+01
   2.185707E+01   5.636843E+01
   2.172525E+01   5.631467E+01
   2.169756E+01   5.631092E+01
   2.160565E+01   5.632217E+01
   2.153119E+01   5.629132E+01
   2.148178E+01   5.628686E+01
   2.145684E+01   5.625136E+01
   2.135488E+01   5.622631E+01
   2.125897E+01   5.616305E+01
   2.123216E+01   5.615728E+01
   2.122756E+01   5.614959E+01
   2.124122E+01   5.612276E+01
   2.120952E+01   5.608186E+01
   2.119416E+01   5.607568E+01
   2.113990E+01   5.608154E+01
   2.081932E+01   5.600434E+01
   2.079407E+01   5.717787E+01
   2.112198E+01   5.755383E+01
   2.297973E+01   5.799898E+01
   2.441275E+01   5.786721E+01
   2.445745E+01   5.788037E+01
   2.445979E+01   5.790688E+01
   2.446523E+01   5.791642E+01
   2.459150E+01   5.795940E+01
   2.463091E+01   5.794225E+01
   2.465528E+01   5.795806E+01
   2.467348E+01   5.796183E+01
   2.470081E+01   5.795047E+01
   2.471484E+01   5.796025E+01
   2.474331E+01   5.796265E+01
   2.475596E+01   5.797794E+01
   2.477275E+01   5.798476E+01
   2.484539E+01   5.797974E+01
   2.501547E+01   5.801376E+01
   2.507748E+01   5.806329E+01
   2.509319E+01   5.806402E+01
   2.511735E+01   5.808181E+01
   2.512982E+01   5.808231E+01
   2.516222E+01   5.807154E+01
   2.519269E+01   5.807150E+01
   2.519780E+01   5.807781E+01
   2.520261E+01   5.807708E+01
   2.521013E+01   5.807058E+01
   2.520518E+01   5.806638E+01
   2.521938E+01   5.805682E+01
   2.521563E+01   5.803378E+01
   2.522217E+01   5.802580E+01
   2.523682E+01   5.802258E+01
   2.526999E+01   5.799431E+01
   2.529682E+01   5.799260E+01
   2.530169E+01   5.799994E+01
   2.529594E+01   5.804093E+01
   2.526530E+01   5.805851E+01
   2.528580E+01   5.807532E+01
   2.529386E+01   5.807761E+01
   2.536040E+01   5.803401E+01
   2.544782E+01   5.801350E+01
   2.545641E+01   5.800495E+01
   2.545346E+01   5.799775E+01
   2.545563E+01   5.798843E+01
   2.546259E+01   5.798117E+01
   2.549871E+01   5.797338E+01
   2.552207E+01   5.798086E+01
   2.552540E+01   5.796636E+01
   2.556864E+01   5.797057E+01
   2.558515E+01   5.796183E+01
   2.558035E+01   5.794820E+01
   2.558322E+01   5.794138E+01
   2.560814E+01   5.794194E+01
   2.567887E+01   5.790304E+01
   2.571345E+01   5.790736E+01
   2.572625E+01   5.792078E+01
   2.573503E+01   5.792274E+01
   2.577478E+01   5.790985E+01
   2.579320E+01   5.789210E+01
   2.585906E+01   5.786192E+01
   2.597161E+01   5.785212E+01
   2.599995E+01   5.786087E+01
   2.601789E+01   5.785077E+01
   2.604991E+01   5.784853E+01
   2.605027E+01   5.783455E+01
   2.603664E+01   5.782461E+01
   2.602174E+01   5.779008E+01
   2.602137E+01   5.777955E+01
   2.609661E+01   5.774635E+01
   2.618517E+01   5.773001E+01
   2.619539E+01   5.771873E+01
   2.617977E+01   5.769958E+01
   2.622386E+01   5.766374E+01
   2.624236E+01   5.765645E+01
   2.623963E+01   5.765068E+01
   2.624422E+01   5.764746E+01
   2.624078E+01   5.763885E+01
   2.627686E+01   5.760322E+01
   2.630505E+01   5.759930E+01
   2.631835E+01   5.759169E+01
   2.647574E+01   5.756735E+01
   2.648363E+01   5.752793E+01
   2.652239E+01   5.751619E+01
   2.657063E+01   5.752876E+01
   2.660483E+01   5.752023E+01
   2.661958E+01   5.752457E+01
   2.663123E+01   5.754482E+01
   2.667731E+01   5.756211E+01
   2.675204E+01   5.756820E+01
   2.678431E+01   5.758756E+01
   2.681095E+01   5.759080E+01
   2.684642E+01   5.760505E+01
   2.689440E+01   5.763988E+01
   2.690942E+01   5.764128E+01
   2.695257E+01   5.762080E+01
   2.700324E+01   5.761826E+01
   2.709167E+01   5.757031E+01
   2.718939E+01   5.754795E+01
   2.732212E+01   5.754839E+01
   2.739855E+01   5.752830E+01
   2.755121E+01   5.753885E+01
   2.754749E+01   5.752229E+01
   2.754906E+01   5.751945E+01
   2.756729E+01   5.751450E+01
   2.755319E+01   5.747579E+01
   2.751669E+01   5.746696E+01
   2.751191E+01   5.745679E+01
   2.751359E+01   5.744693E+01
   2.764967E+01   5.740509E+01
   2.768016E+01   5.737793E+01
   2.776224E+01   5.735265E+01
   2.779330E+01   5.732783E+01
   2.783944E+01   5.731658E+01
   2.786179E+01   5.728490E+01
   2.786680E+01   5.726702E+01
   2.786426E+01   5.724235E+01
   2.781315E+01   5.715109E+01
   2.775889E+01   5.712745E+01
   2.774844E+01   5.711233E+01
   2.772687E+01   5.709960E+01
   2.772258E+01   5.709296E+01
   2.772662E+01   5.708789E+01
   2.774590E+01   5.708825E+01
   2.775226E+01   5.708212E+01
   2.774530E+01   5.704555E+01
   2.773203E+01   5.704140E+01
   2.771740E+01   5.701263E+01
   2.771900E+01   5.700277E+01
   2.773529E+01   5.699480E+01
   2.774086E+01   5.698689E+01
   2.773927E+01   5.697688E+01
   2.773121E+01   5.696713E+01
   2.772994E+01   5.694194E+01
   2.772323E+01   5.693051E+01
   2.767188E+01   5.691105E+01
   2.766788E+01   5.689624E+01
   2.767521E+01   5.686445E+01
   2.766686E+01   5.683715E+01
   2.768811E+01   5.683762E+01
   2.770877E+01   5.685500E+01
   2.775429E+01   5.685722E+01
   2.776211E+01   5.686169E+01
   2.779158E+01   5.686428E+01
   2.779982E+01   5.687286E+01
   2.780023E+01   5.687697E+01
   2.784634E+01   5.687568E+01
   2.786848E+01   5.686388E+01
   2.790226E+01   5.683218E+01
   2.797180E+01   5.682376E+01
   2.797499E+01   5.681691E+01
   2.797210E+01   5.680801E+01
   2.795439E+01   5.680542E+01
   2.794991E+01   5.679995E+01
   2.795131E+01   5.677724E+01
   2.791815E+01   5.676457E+01
   2.790810E+01   5.674715E+01
   2.792047E+01   5.673606E+01
   2.798326E+01   5.670805E+01
   2.798225E+01   5.668698E+01
   2.800943E+01   5.666897E+01
   2.801551E+01   5.665699E+01
   2.801650E+01   5.663659E+01
   2.803978E+01   5.659504E+01
   2.813352E+01   5.657718E+01
   2.814075E+01   5.655707E+01
   2.813898E+01   5.654764E+01
   2.809984E+01   5.653358E+01
   2.810254E+01   5.652261E+01
   2.812047E+01   5.651585E+01
   2.812675E+01   5.650912E+01
   2.811992E+01   5.649830E+01
   2.818432E+01   5.644110E+01
   2.819154E+01   5.640640E+01
   2.818382E+01   5.639437E+01
   2.816487E+01   5.638008E+01
   2.824116E+01   5.628255E+01
   2.824113E+01   5.627555E+01
   2.819259E+01   5.623423E+01
   2.818900E+01   5.622298E+01
   2.820310E+01   5.621253E+01
   2.819120E+01   5.620790E+01
   2.818120E+01   5.619752E+01
   2.817549E+01   5.617216E+01
   2.811682E+01   5.615836E+01
   2.808710E+01   5.613305E+01
   2.805023E+01   5.612782E+01
   2.804089E+01   5.612037E+01
   2.800645E+01   5.612691E+01
   2.796918E+01   5.611755E+01
   2.795504E+01   5.610053E+01
   2.795387E+01   5.608763E+01
   2.793649E+01   5.606461E+01
   2.786285E+01   5.604120E+01
   2.780729E+01   5.603614E+01
   2.780774E+01   5.603325E+01
   2.782440E+01   5.602005E+01
   2.781086E+01   5.600654E+01
   2.781996E+01   5.600000E+01
   2.780461E+01   5.598701E+01
   2.766517E+01   5.593539E+01
   2.765335E+01   5.591228E+01
   2.762539E+01   5.589041E+01
   2.763382E+01   5.583565E+01
   2.760297E+01   5.578648E+01
   2.740786E+01   5.580312E+01
   2.738848E+01   5.581347E+01
   2.737228E+01   5.581264E+01
   2.736121E+01   5.580468E+01
   2.729966E+01   5.579120E+01
   2.720403E+01   5.583270E+01
   2.717593E+01   5.585322E+01
   2.713271E+01   5.585162E+01
   2.708348E+01   5.582882E+01
   2.704409E+01   5.583424E+01
   2.699529E+01   5.582456E+01
   2.698418E+01   5.581251E+01
   2.692230E+01   5.578167E+01
   2.687942E+01   5.571725E+01
   2.686123E+01   5.570626E+01
   2.681441E+01   5.569649E+01
   2.680348E+01   5.568848E+01
   2.674796E+01   5.568887E+01
   2.666769E+01   5.570557E+01
   2.664601E+01   5.569660E+01
   2.661508E+01   5.567047E+01
   2.653986E+01   5.566886E+01
   2.646330E+01   5.569756E+01
   2.637918E+01   5.570399E+01
   2.636865E+01   5.572224E+01
   2.634736E+01   5.574155E+01
   2.630795E+01   5.574574E+01
   2.627939E+01   5.575898E+01
   2.624744E+01   5.579651E+01
   2.622983E+01   5.583601E+01
   2.620663E+01   5.585630E+01
   2.610616E+01   5.589799E+01
   2.602000E+01   5.596892E+01
   2.591466E+01   5.600000E+01
END
END
