none
1
   -4.963422E+00   4.709394E+01
   -5.597685E+00   4.798896E+01
   -5.883925E+00   4.884217E+01
   -3.363363E+00   4.919312E+01
   -1.801389E+00   4.879524E+01
   -1.570048E+00   4.862724E+01
   -1.564652E+00   4.862064E+01
   -1.563489E+00   4.861510E+01
   -1.543333E+00   4.860704E+01
   -1.542196E+00   4.860289E+01
   -1.536016E+00   4.859907E+01
   -1.542692E+00   4.858679E+01
   -1.541944E+00   4.858279E+01
   -1.539558E+00   4.858117E+01
   -1.531956E+00   4.858227E+01
   -1.527330E+00   4.857995E+01
   -1.525260E+00   4.857375E+01
   -1.517827E+00   4.856699E+01
   -1.524822E+00   4.855961E+01
   -1.525422E+00   4.855602E+01
   -1.529794E+00   4.855271E+01
   -1.530397E+00   4.854898E+01
   -1.526700E+00   4.854433E+01
   -1.520481E+00   4.854261E+01
   -1.514761E+00   4.853840E+01
   -1.515424E+00   4.853250E+01
   -1.494767E+00   4.850978E+01
   -1.492703E+00   4.850165E+01
   -1.487844E+00   4.849410E+01
   -1.474719E+00   4.848691E+01
   -1.466668E+00   4.848967E+01
   -1.459788E+00   4.848642E+01
   -1.455025E+00   4.848888E+01
   -1.450155E+00   4.848893E+01
   -1.441654E+00   4.848497E+01
   -1.433761E+00   4.847840E+01
   -1.436717E+00   4.847297E+01
   -1.435588E+00   4.846981E+01
   -1.426403E+00   4.846306E+01
   -1.422128E+00   4.846189E+01
   -1.414902E+00   4.846415E+01
   -1.409000E+00   4.846178E+01
   -1.397790E+00   4.846356E+01
   -1.381055E+00   4.845807E+01
   -1.370980E+00   4.846172E+01
   -1.364969E+00   4.846802E+01
   -1.354799E+00   4.846919E+01
   -1.348867E+00   4.847493E+01
   -1.350092E+00   4.848312E+01
   -1.340359E+00   4.849198E+01
   -1.333389E+00   4.849258E+01
   -1.327567E+00   4.849979E+01
   -1.321589E+00   4.850132E+01
   -1.316268E+00   4.849797E+01
   -1.301332E+00   4.850043E+01
   -1.288208E+00   4.851060E+01
   -1.280712E+00   4.851091E+01
   -1.278534E+00   4.851664E+01
   -1.271179E+00   4.852498E+01
   -1.270816E+00   4.852940E+01
   -1.273657E+00   4.853471E+01
   -1.263219E+00   4.854136E+01
   -1.252229E+00   4.854501E+01
   -1.248471E+00   4.854484E+01
   -1.246082E+00   4.854216E+01
   -1.238998E+00   4.853949E+01
   -1.230230E+00   4.853890E+01
   -1.218828E+00   4.853884E+01
   -1.206396E+00   4.854351E+01
   -1.202941E+00   4.854205E+01
   -1.194499E+00   4.853205E+01
   -1.183639E+00   4.853000E+01
   -1.170323E+00   4.853260E+01
   -1.162900E+00   4.852956E+01
   -1.153715E+00   4.852061E+01
   -1.144400E+00   4.851920E+01
   -1.133810E+00   4.852339E+01
   -1.117490E+00   4.852302E+01
   -1.113298E+00   4.851908E+01
   -1.103435E+00   4.851452E+01
   -1.092040E+00   4.851207E+01
   -1.081442E+00   4.851274E+01
   -1.076120E+00   4.851008E+01
   -1.069675E+00   4.850997E+01
   -1.067158E+00   4.850740E+01
   -1.066019E+00   4.850385E+01
   -1.073981E+00   4.849929E+01
   -1.075065E+00   4.849215E+01
   -1.068585E+00   4.848622E+01
   -1.072994E+00   4.847923E+01
   -1.072905E+00   4.847644E+01
   -1.062745E+00   4.846754E+01
   -1.065257E+00   4.846128E+01
   -1.064068E+00   4.845122E+01
   -1.078839E+00   4.844141E+01
   -1.080989E+00   4.843431E+01
   -1.076262E+00   4.842164E+01
   -1.077246E+00   4.841406E+01
   -1.069084E+00   4.840803E+01
   -1.062321E+00   4.839994E+01
   -1.060337E+00   4.839398E+01
   -1.052152E+00   4.838255E+01
   -1.052056E+00   4.838018E+01
   -1.058922E+00   4.837093E+01
   -1.054269E+00   4.836347E+01
   -1.058546E+00   4.835699E+01
   -1.058534E+00   4.835060E+01
   -1.053924E+00   4.834033E+01
   -1.043839E+00   4.832837E+01
   -1.060586E+00   4.831027E+01
   -1.081628E+00   4.829684E+01
   -1.082701E+00   4.829245E+01
   -1.088559E+00   4.828741E+01
   -1.091325E+00   4.828207E+01
   -1.091673E+00   4.827372E+01
   -1.096693E+00   4.826976E+01
   -1.099229E+00   4.826331E+01
   -1.097051E+00   4.824989E+01
   -1.089085E+00   4.823984E+01
   -1.088778E+00   4.823416E+01
   -1.085149E+00   4.823118E+01
   -1.082710E+00   4.822304E+01
   -1.079283E+00   4.821951E+01
   -1.082815E+00   4.821014E+01
   -1.072656E+00   4.820129E+01
   -1.076411E+00   4.818996E+01
   -1.077320E+00   4.817678E+01
   -1.074009E+00   4.817245E+01
   -1.070643E+00   4.816259E+01
   -1.063059E+00   4.816121E+01
   -1.059193E+00   4.815072E+01
   -1.059629E+00   4.813629E+01
   -1.057050E+00   4.813193E+01
   -1.057734E+00   4.812627E+01
   -1.052845E+00   4.811735E+01
   -1.053393E+00   4.811146E+01
   -1.049482E+00   4.810174E+01
   -1.048370E+00   4.809090E+01
   -1.039363E+00   4.807899E+01
   -1.020152E+00   4.806857E+01
   -1.026092E+00   4.806408E+01
   -1.027100E+00   4.805852E+01
   -1.031343E+00   4.805420E+01
   -1.030460E+00   4.805047E+01
   -1.025501E+00   4.804563E+01
   -1.025983E+00   4.803906E+01
   -1.030793E+00   4.803106E+01
   -1.017177E+00   4.801349E+01
   -1.014538E+00   4.800292E+01
   -1.021852E+00   4.799308E+01
   -1.037571E+00   4.798993E+01
   -1.048408E+00   4.798338E+01
   -1.064208E+00   4.798340E+01
   -1.071465E+00   4.798058E+01
   -1.091778E+00   4.798617E+01
   -1.114734E+00   4.798664E+01
   -1.122983E+00   4.798231E+01
   -1.124610E+00   4.797042E+01
   -1.133959E+00   4.796662E+01
   -1.147230E+00   4.796651E+01
   -1.154072E+00   4.796336E+01
   -1.159847E+00   4.795070E+01
   -1.158856E+00   4.793849E+01
   -1.164035E+00   4.793380E+01
   -1.162294E+00   4.792708E+01
   -1.166901E+00   4.791606E+01
   -1.174988E+00   4.790717E+01
   -1.174958E+00   4.789701E+01
   -1.179145E+00   4.789454E+01
   -1.181096E+00   4.789104E+01
   -1.189905E+00   4.789090E+01
   -1.195686E+00   4.788613E+01
   -1.196084E+00   4.788101E+01
   -1.188985E+00   4.787341E+01
   -1.188072E+00   4.786653E+01
   -1.196055E+00   4.786272E+01
   -1.202699E+00   4.785567E+01
   -1.206745E+00   4.785629E+01
   -1.215362E+00   4.785333E+01
   -1.212690E+00   4.784405E+01
   -1.214887E+00   4.783118E+01
   -1.219687E+00   4.782483E+01
   -1.218830E+00   4.782054E+01
   -1.222402E+00   4.781809E+01
   -1.230566E+00   4.781836E+01
   -1.237736E+00   4.780832E+01
   -1.238152E+00   4.780323E+01
   -1.235310E+00   4.779781E+01
   -1.239995E+00   4.779138E+01
   -1.245184E+00   4.777579E+01
   -1.311272E+00   4.778971E+01
   -1.365397E+00   4.779786E+01
   -1.365836E+00   4.780452E+01
   -1.378366E+00   4.780868E+01
   -1.382184E+00   4.782152E+01
   -1.391446E+00   4.782708E+01
   -1.397289E+00   4.782775E+01
   -1.405210E+00   4.782310E+01
   -1.411712E+00   4.782665E+01
   -1.418143E+00   4.782601E+01
   -1.424113E+00   4.783096E+01
   -1.439613E+00   4.782915E+01
   -1.448662E+00   4.783145E+01
   -1.456653E+00   4.782985E+01
   -1.463574E+00   4.783338E+01
   -1.472574E+00   4.783143E+01
   -1.474591E+00   4.782697E+01
   -1.465659E+00   4.780825E+01
   -1.470152E+00   4.780209E+01
   -1.490720E+00   4.779698E+01
   -1.506575E+00   4.779840E+01
   -1.519953E+00   4.779200E+01
   -1.529348E+00   4.778320E+01
   -1.549040E+00   4.778153E+01
   -1.555092E+00   4.778350E+01
   -1.566428E+00   4.777743E+01
   -1.586486E+00   4.777737E+01
   -1.592465E+00   4.777341E+01
   -1.593700E+00   4.776584E+01
   -1.604636E+00   4.776131E+01
   -1.611454E+00   4.776295E+01
   -1.617314E+00   4.776073E+01
   -1.623073E+00   4.776094E+01
   -1.635007E+00   4.774012E+01
   -1.638114E+00   4.772879E+01
   -1.637166E+00   4.772158E+01
   -1.647011E+00   4.771930E+01
   -1.652483E+00   4.771493E+01
   -1.653793E+00   4.771082E+01
   -1.656977E+00   4.770825E+01
   -1.660687E+00   4.770789E+01
   -1.668923E+00   4.771102E+01
   -1.681581E+00   4.771012E+01
   -1.689861E+00   4.771187E+01
   -1.694084E+00   4.770952E+01
   -1.708305E+00   4.770717E+01
   -1.710832E+00   4.769911E+01
   -1.722315E+00   4.769700E+01
   -1.729502E+00   4.769786E+01
   -1.736645E+00   4.770291E+01
   -1.750141E+00   4.770577E+01
   -1.771216E+00   4.769697E+01
   -1.784880E+00   4.769802E+01
   -1.789102E+00   4.770040E+01
   -1.802473E+00   4.770009E+01
   -1.815699E+00   4.770409E+01
   -1.820894E+00   4.770352E+01
   -1.827757E+00   4.770792E+01
   -1.840267E+00   4.770422E+01
   -1.857643E+00   4.770702E+01
   -1.862787E+00   4.770591E+01
   -1.865344E+00   4.770132E+01
   -1.877228E+00   4.769417E+01
   -1.896426E+00   4.769465E+01
   -1.936570E+00   4.768517E+01
   -1.952863E+00   4.767134E+01
   -1.957529E+00   4.766994E+01
   -1.965858E+00   4.767023E+01
   -1.970344E+00   4.767289E+01
   -1.970633E+00   4.768809E+01
   -1.975162E+00   4.769120E+01
   -1.978509E+00   4.768934E+01
   -1.981071E+00   4.768418E+01
   -1.993813E+00   4.767648E+01
   -2.007166E+00   4.767111E+01
   -2.011955E+00   4.766512E+01
   -2.037214E+00   4.766753E+01
   -2.044663E+00   4.766376E+01
   -2.046957E+00   4.766149E+01
   -2.050791E+00   4.764872E+01
   -2.067275E+00   4.764845E+01
   -2.074363E+00   4.765059E+01
   -2.081075E+00   4.764883E+01
   -2.088946E+00   4.764155E+01
   -2.092876E+00   4.763416E+01
   -2.092425E+00   4.763111E+01
   -2.086409E+00   4.762625E+01
   -2.082843E+00   4.762012E+01
   -2.084811E+00   4.760273E+01
   -2.100472E+00   4.759589E+01
   -2.102338E+00   4.759204E+01
   -2.095169E+00   4.757144E+01
   -2.097731E+00   4.756541E+01
   -2.097884E+00   4.755814E+01
   -2.102123E+00   4.754870E+01
   -2.101438E+00   4.754597E+01
   -2.095729E+00   4.754092E+01
   -2.097561E+00   4.753338E+01
   -2.114297E+00   4.752716E+01
   -2.127512E+00   4.752781E+01
   -2.132960E+00   4.752492E+01
   -2.144435E+00   4.752372E+01
   -2.152607E+00   4.752069E+01
   -2.154088E+00   4.751829E+01
   -2.151528E+00   4.751023E+01
   -2.153176E+00   4.749582E+01
   -2.163729E+00   4.748791E+01
   -2.173935E+00   4.749053E+01
   -2.182543E+00   4.748946E+01
   -2.190855E+00   4.749353E+01
   -2.193747E+00   4.749958E+01
   -2.187968E+00   4.750388E+01
   -2.188207E+00   4.750871E+01
   -2.190466E+00   4.751055E+01
   -2.212630E+00   4.750744E+01
   -2.229147E+00   4.749748E+01
   -2.244092E+00   4.749242E+01
   -2.266129E+00   4.750059E+01
   -2.265017E+00   4.750657E+01
   -2.267813E+00   4.750941E+01
   -2.274506E+00   4.751046E+01
   -2.281319E+00   4.750823E+01
   -2.288795E+00   4.751216E+01
   -2.291969E+00   4.751194E+01
   -2.295472E+00   4.750924E+01
   -2.303224E+00   4.749045E+01
   -2.311951E+00   4.748453E+01
   -2.312606E+00   4.747579E+01
   -2.310505E+00   4.746502E+01
   -2.316703E+00   4.746001E+01
   -2.326611E+00   4.745751E+01
   -2.335025E+00   4.745828E+01
   -2.347133E+00   4.745650E+01
   -2.353098E+00   4.745312E+01
   -2.370239E+00   4.746201E+01
   -2.379761E+00   4.746130E+01
   -2.389422E+00   4.745577E+01
   -2.399485E+00   4.745457E+01
   -2.417490E+00   4.745911E+01
   -2.419154E+00   4.746486E+01
   -2.423670E+00   4.746721E+01
   -2.426133E+00   4.747089E+01
   -2.428798E+00   4.747131E+01
   -2.432534E+00   4.747017E+01
   -2.436994E+00   4.746472E+01
   -2.450700E+00   4.746211E+01
   -2.457000E+00   4.744399E+01
   -2.476844E+00   4.742439E+01
   -2.606214E+00   4.736983E+01
   -2.644864E+00   4.721199E+01
   -4.963422E+00   4.709394E+01
END
END
