none
1
   4.324842E+01   1.146531E+01
   4.342398E+01   1.174026E+01
   4.358947E+01   1.168302E+01
   4.363637E+01   1.164472E+01
   4.371549E+01   1.140415E+01
   4.376419E+01   1.123974E+01
   4.386274E+01   1.109425E+01
   4.410146E+01   1.086661E+01
   4.445816E+01   1.061602E+01
   4.474801E+01   1.062753E+01
   4.501944E+01   1.067359E+01
   4.523679E+01   1.086782E+01
   4.536902E+01   1.085868E+01
   4.571127E+01   1.103725E+01
   4.578784E+01   1.105874E+01
   4.588020E+01   1.105091E+01
   4.602412E+01   1.096259E+01
   4.625744E+01   1.097121E+01
   4.633110E+01   1.095756E+01
   4.644413E+01   1.086592E+01
   4.672059E+01   1.100642E+01
   4.707230E+01   1.122848E+01
   4.735182E+01   1.135385E+01
   4.744420E+01   1.136637E+01
   4.758583E+01   1.137308E+01
   4.776149E+01   1.128666E+01
   4.809878E+01   1.131056E+01
   4.814273E+01   1.134780E+01
   4.834013E+01   1.144692E+01
   4.861933E+01   1.149413E+01
   4.872962E+01   1.149601E+01
   4.896445E+01   1.141455E+01
   4.942646E+01   1.154282E+01
   4.952392E+01   1.162550E+01
   4.990842E+01   1.168703E+01
   5.028446E+01   1.179892E+01
   5.042114E+01   1.200714E+01
   5.049766E+01   1.206941E+01
   5.074517E+01   1.214246E+01
   5.086114E+01   1.214255E+01
   5.135845E+01   1.198527E+01
   5.144356E+01   1.191275E+01
   5.146048E+01   1.184103E+01
   5.142997E+01   1.162460E+01
   5.131281E+01   1.148271E+01
   5.131931E+01   1.145587E+01
   5.127457E+01   1.126515E+01
   5.132117E+01   1.120775E+01
   5.133701E+01   1.110126E+01
   5.128707E+01   1.089963E+01
   5.130260E+01   1.066603E+01
   5.145188E+01   1.059934E+01
   5.152041E+01   1.055054E+01
   5.156723E+01   1.044899E+01
   5.155948E+01   1.035928E+01
   5.149159E+01   1.028093E+01
   5.139549E+01   1.024188E+01
   5.126753E+01   1.023131E+01
   5.122608E+01   1.027630E+01
   5.106491E+01   1.025097E+01
   5.109398E+01   1.001496E+01
   5.104298E+01   9.839885E+00
   5.100681E+01   9.495862E+00
   5.102439E+01   9.437331E+00
   5.092806E+01   9.239946E+00
   5.083799E+01   9.150801E+00
   5.083113E+01   9.056315E+00
   5.075640E+01   8.936341E+00
   5.060316E+01   8.831881E+00
   5.058420E+01   8.668854E+00
   5.054976E+01   8.579678E+00
   5.053997E+01   8.469435E+00
   5.049345E+01   8.403303E+00
   5.034781E+01   8.262968E+00
   5.030266E+01   8.089696E+00
   5.023342E+01   7.988879E+00
   5.000978E+01   7.854952E+00
   5.001329E+01   7.717122E+00
   4.997589E+01   7.667579E+00
   4.985464E+01   7.382676E+00
   4.975495E+01   7.245642E+00
   4.952846E+01   6.884305E+00
   4.946631E+01   6.822485E+00
   4.928127E+01   6.398018E+00
   4.924966E+01   6.147069E+00
   4.904680E+01   5.767227E+00
   4.867100E+01   5.204665E+00
   4.842441E+01   4.873324E+00
   4.816407E+01   4.408916E+00
   4.799396E+01   4.224991E+00
   4.767462E+01   3.854957E+00
   4.734205E+01   3.506857E+00
   4.695020E+01   3.033593E+00
   4.651598E+01   2.654307E+00
   4.614710E+01   2.276213E+00
   4.570762E+01   2.012028E+00
   4.517053E+01   1.722614E+00
   4.476072E+01   1.450463E+00
   4.420549E+01   9.813540E-01
   4.367701E+01   5.236290E-01
   4.280578E+01   -3.963010E-01
   4.278446E+01   -4.558640E-01
   4.225787E+01   -1.111415E+00
   4.210696E+01   -1.337717E+00
   4.176864E+01   -1.927412E+00
   4.157394E+01   -1.675154E+00
   4.156755E+01   -1.649725E+00
   4.156719E+01   -1.596694E+00
   4.128911E+01   -1.215461E+00
   4.111032E+01   -9.965790E-01
   4.099867E+01   -8.309980E-01
   4.098350E+01   -5.021150E-01
   4.099575E+01   -2.208730E-01
   4.098350E+01   1.819530E-01
   4.098042E+01   9.305570E-01
   4.098616E+01   1.235631E+00
   4.097734E+01   1.488267E+00
   4.098350E+01   1.765485E+00
   4.098042E+01   2.027409E+00
   4.098742E+01   2.291874E+00
   4.098669E+01   2.829966E+00
   4.114458E+01   2.987577E+00
   4.130978E+01   3.143219E+00
   4.157246E+01   3.526294E+00
   4.185771E+01   3.914233E+00
   4.189707E+01   3.979091E+00
   4.190472E+01   3.981095E+00
   4.191085E+01   3.992926E+00
   4.194060E+01   4.018544E+00
   4.194564E+01   4.028616E+00
   4.194400E+01   4.057429E+00
   4.196520E+01   4.082195E+00
   4.197185E+01   4.083191E+00
   4.197699E+01   4.097711E+00
   4.199926E+01   4.096625E+00
   4.205856E+01   4.163310E+00
   4.208597E+01   4.181766E+00
   4.225157E+01   4.185140E+00
   4.236976E+01   4.192414E+00
   4.247459E+01   4.205767E+00
   4.252539E+01   4.205468E+00
   4.258595E+01   4.218678E+00
   4.270253E+01   4.263350E+00
   4.282390E+01   4.269632E+00
   4.285829E+01   4.290093E+00
   4.289531E+01   4.320188E+00
   4.294962E+01   4.382348E+00
   4.300472E+01   4.469371E+00
   4.302286E+01   4.542300E+00
   4.303237E+01   4.560856E+00
   4.307735E+01   4.604436E+00
   4.311372E+01   4.628873E+00
   4.323056E+01   4.697730E+00
   4.343370E+01   4.797378E+00
   4.355122E+01   4.838129E+00
   4.356933E+01   4.838747E+00
   4.358041E+01   4.845321E+00
   4.375517E+01   4.889366E+00
   4.378858E+01   4.891775E+00
   4.380849E+01   4.905059E+00
   4.403117E+01   4.946278E+00
   4.407851E+01   4.943032E+00
   4.415367E+01   4.953423E+00
   4.420211E+01   4.945382E+00
   4.438524E+01   4.943962E+00
   4.454931E+01   4.928799E+00
   4.462776E+01   4.929746E+00
   4.468053E+01   4.920299E+00
   4.473266E+01   4.925954E+00
   4.497961E+01   4.920369E+00
   4.552449E+01   5.489809E+00
   4.733859E+01   7.338208E+00
   4.797530E+01   7.996780E+00
   4.699218E+01   7.998715E+00
   4.622467E+01   8.260487E+00
   4.438037E+01   8.873435E+00
   4.414853E+01   8.945759E+00
   4.412390E+01   8.961959E+00
   4.406328E+01   8.986899E+00
   4.405480E+01   8.998770E+00
   4.403699E+01   9.007514E+00
   4.402062E+01   9.025594E+00
   4.397778E+01   9.038122E+00
   4.395991E+01   9.066247E+00
   4.384379E+01   9.158310E+00
   4.380614E+01   9.197966E+00
   4.377248E+01   9.218587E+00
   4.376254E+01   9.231823E+00
   4.373831E+01   9.246230E+00
   4.371274E+01   9.269928E+00
   4.368358E+01   9.280231E+00
   4.366804E+01   9.306999E+00
   4.363065E+01   9.335646E+00
   4.362589E+01   9.347246E+00
   4.359942E+01   9.361785E+00
   4.358262E+01   9.379544E+00
   4.355647E+01   9.390344E+00
   4.354751E+01   9.401964E+00
   4.349848E+01   9.409031E+00
   4.348399E+01   9.436143E+00
   4.346848E+01   9.441337E+00
   4.342980E+01   9.470062E+00
   4.341126E+01   9.511361E+00
   4.340301E+01   9.543516E+00
   4.335069E+01   9.589003E+00
   4.331954E+01   9.630256E+00
   4.330752E+01   9.639309E+00
   4.328771E+01   9.694074E+00
   4.327923E+01   9.701099E+00
   4.325432E+01   9.840896E+00
   4.314919E+01   9.896177E+00
   4.314006E+01   9.883829E+00
   4.312862E+01   9.883335E+00
   4.310100E+01   9.892416E+00
   4.308371E+01   9.906412E+00
   4.303325E+01   1.003213E+01
   4.302225E+01   1.004938E+01
   4.299573E+01   1.008114E+01
   4.297160E+01   1.009112E+01
   4.296733E+01   1.010043E+01
   4.288512E+01   1.018769E+01
   4.285727E+01   1.022724E+01
   4.282999E+01   1.027687E+01
   4.280232E+01   1.035066E+01
   4.278932E+01   1.040258E+01
   4.276035E+01   1.045530E+01
   4.274437E+01   1.051062E+01
   4.271697E+01   1.053290E+01
   4.270570E+01   1.057814E+01
   4.270693E+01   1.062274E+01
   4.271640E+01   1.064898E+01
   4.276339E+01   1.072344E+01
   4.295923E+01   1.098620E+01
   4.298330E+01   1.102341E+01
   4.299744E+01   1.105652E+01
   4.324842E+01   1.146531E+01
END
END
