none
1
   -1.097857E+02   8.454536E+01
   -1.074271E+02   8.494037E+01
   -5.749918E+01   8.495198E+01
   -5.482473E+01   8.307464E+01
   -6.620727E+01   8.078637E+01
   -6.720011E+01   8.066812E+01
   -7.186482E+01   7.873590E+01
   -7.590901E+01   7.731760E+01
   -5.800768E+01   6.132593E+01
   -6.400921E+01   6.037771E+01
   -6.476840E+01   6.025559E+01
   -6.542457E+01   5.972233E+01
   -6.534395E+01   5.937040E+01
   -6.581501E+01   5.876337E+01
   -6.635809E+01   5.874514E+01
   -6.663036E+01   5.840938E+01
   -6.756165E+01   5.816468E+01
   -6.832718E+01   5.851749E+01
   -6.844179E+01   5.875142E+01
   -6.920210E+01   5.883229E+01
   -6.924800E+01   5.907240E+01
   -6.954944E+01   5.909005E+01
   -6.977553E+01   5.949876E+01
   -6.965905E+01   5.979813E+01
   -6.993674E+01   6.006440E+01
   -6.967874E+01   6.016343E+01
   -6.990237E+01   6.054209E+01
   -6.949155E+01   6.087120E+01
   -6.955874E+01   6.097187E+01
   -6.989282E+01   6.071326E+01
   -7.024050E+01   6.099510E+01
   -7.160428E+01   6.112070E+01
   -7.195606E+01   6.138639E+01
   -7.186994E+01   6.160220E+01
   -7.369451E+01   6.237497E+01
   -7.481143E+01   6.210366E+01
   -7.744178E+01   6.247998E+01
   -7.806044E+01   6.226369E+01
   -7.793861E+01   6.178497E+01
   -7.747632E+01   6.150050E+01
   -7.794953E+01   6.088771E+01
   -7.759538E+01   6.082163E+01
   -7.757914E+01   6.041773E+01
   -7.727833E+01   5.981497E+01
   -7.767573E+01   5.959187E+01
   -7.769282E+01   5.932167E+01
   -7.845041E+01   5.879998E+01
   -7.714726E+01   5.810437E+01
   -7.683163E+01   5.777350E+01
   -7.648146E+01   5.712360E+01
   -7.643058E+01   5.635375E+01
   -7.662396E+01   5.597365E+01
   -7.750504E+01   5.530882E+01
   -7.945338E+01   5.464107E+01
   -7.937536E+01   5.437620E+01
   -7.887709E+01   5.402826E+01
   -7.884854E+01   5.312296E+01
   -7.842160E+01   5.232638E+01
   -7.887000E+01   5.172365E+01
   -7.869743E+01   5.149924E+01
   -7.879694E+01   5.109432E+01
   -7.900140E+01   5.111814E+01
   -7.906841E+01   5.140690E+01
   -7.936551E+01   5.155526E+01
   -7.983096E+01   5.106002E+01
   -8.044939E+01   5.126305E+01
   -8.072499E+01   5.171145E+01
   -8.144887E+01   5.203910E+01
   -8.166283E+01   5.238630E+01
   -8.234439E+01   5.288904E+01
   -8.223029E+01   5.380018E+01
   -8.253625E+01   5.424648E+01
   -8.236263E+01   5.496475E+01
   -8.390758E+01   5.519440E+01
   -8.506928E+01   5.517802E+01
   -8.593928E+01   5.555951E+01
   -8.748108E+01   5.591163E+01
   -8.804242E+01   5.637796E+01
   -8.891261E+01   5.673950E+01
   -9.063208E+01   5.712782E+01
   -9.278064E+01   5.683599E+01
   -9.284751E+01   5.698965E+01
   -9.252863E+01   5.734296E+01
   -9.326026E+01   5.865400E+01
   -9.448945E+01   5.862642E+01
   -9.489480E+01   5.898398E+01
   -9.493452E+01   5.989915E+01
   -1.020560E+02   5.991608E+01
   -1.021006E+02   6.414151E+01
   -1.093426E+02   6.473396E+01
   -1.106914E+02   6.540033E+01
   -1.125305E+02   6.540468E+01
   -1.207315E+02   6.791295E+01
   -1.207756E+02   6.959589E+01
   -1.170777E+02   6.974239E+01
   -1.172456E+02   6.987534E+01
   -1.171188E+02   7.010042E+01
   -1.101017E+02   7.010049E+01
   -1.100135E+02   7.922940E+01
   -1.097857E+02   8.454536E+01
END
END
