none
1
   7.132006E+00   4.748848E+01
   7.128529E+00   4.748893E+01
   7.080105E+00   4.747718E+01
   7.035575E+00   4.748695E+01
   7.021019E+00   4.748458E+01
   7.012048E+00   4.747287E+01
   7.002995E+00   4.744095E+01
   6.955099E+00   4.740808E+01
   6.947157E+00   4.739698E+01
   6.948180E+00   4.738337E+01
   6.957691E+00   4.737359E+01
   6.971263E+00   4.737218E+01
   7.018004E+00   4.738386E+01
   7.056230E+00   4.737035E+01
   7.070073E+00   4.735005E+01
   7.059580E+00   4.732257E+01
   6.974243E+00   4.727856E+01
   6.963469E+00   4.726233E+01
   6.961339E+00   4.723479E+01
   6.894430E+00   4.719393E+01
   6.889128E+00   4.718922E+01
   6.855453E+00   4.714636E+01
   6.769073E+00   4.710751E+01
   6.760108E+00   4.709953E+01
   6.725613E+00   4.704180E+01
   6.623551E+00   4.698110E+01
   6.481204E+00   4.694450E+01
   6.468920E+00   4.693522E+01
   6.466862E+00   4.691997E+01
   6.475476E+00   4.688771E+01
   6.453496E+00   4.682390E+01
   6.456440E+00   4.680534E+01
   6.467224E+00   4.679104E+01
   6.460984E+00   4.676887E+01
   6.158170E+00   4.659343E+01
   6.148724E+00   4.658069E+01
   6.151520E+00   4.656508E+01
   6.165489E+00   4.654399E+01
   6.158111E+00   4.652456E+01
   6.101739E+00   4.646979E+01
   6.095717E+00   4.645418E+01
   6.097044E+00   4.643317E+01
   6.101776E+00   4.642612E+01
   6.090887E+00   4.641627E+01
   6.056782E+00   4.641495E+01
   6.032892E+00   4.638693E+01
   6.021689E+00   4.638175E+01
   6.015278E+00   4.637535E+01
   5.985209E+00   4.636210E+01
   5.981132E+00   4.635404E+01
   5.967637E+00   4.634137E+01
   5.966129E+00   4.633721E+01
   5.955516E+00   4.632678E+01
   5.942347E+00   4.630788E+01
   5.923430E+00   4.631041E+01
   5.917611E+00   4.629355E+01
   5.909595E+00   4.628278E+01
   5.893954E+00   4.628405E+01
   5.879579E+00   4.626834E+01
   5.869637E+00   4.626363E+01
   5.863746E+00   4.626857E+01
   5.852381E+00   4.626037E+01
   5.827036E+00   4.626008E+01
   5.766923E+00   4.626681E+01
   5.725991E+00   4.625975E+01
   5.718881E+00   4.626364E+01
   5.718478E+00   4.627101E+01
   5.713309E+00   4.628066E+01
   5.717758E+00   4.629438E+01
   5.713287E+00   4.630707E+01
   5.685062E+00   4.630948E+01
   5.681331E+00   4.631620E+01
   5.674564E+00   4.631781E+01
   5.668045E+00   4.632295E+01
   5.645728E+00   4.632306E+01
   5.644103E+00   4.632648E+01
   5.648536E+00   4.633183E+01
   5.648887E+00   4.633559E+01
   5.647859E+00   4.633951E+01
   5.644289E+00   4.634126E+01
   5.634079E+00   4.632998E+01
   5.612306E+00   4.631942E+01
   5.608531E+00   4.631066E+01
   5.603579E+00   4.630691E+01
   5.599408E+00   4.629789E+01
   5.595979E+00   4.629448E+01
   5.587683E+00   4.629124E+01
   5.578136E+00   4.629276E+01
   5.566082E+00   4.629207E+01
   5.559116E+00   4.628159E+01
   5.541825E+00   4.626855E+01
   5.520937E+00   4.626313E+01
   5.511108E+00   4.626330E+01
   5.500048E+00   4.626704E+01
   5.492332E+00   4.626719E+01
   5.473300E+00   4.626325E+01
   5.455310E+00   4.627427E+01
   5.457680E+00   4.629108E+01
   5.464561E+00   4.629315E+01
   5.472283E+00   4.631074E+01
   5.471593E+00   4.631451E+01
   5.468241E+00   4.631637E+01
   5.465508E+00   4.632100E+01
   5.460697E+00   4.632130E+01
   5.456210E+00   4.631632E+01
   5.436606E+00   4.631456E+01
   5.429490E+00   4.633310E+01
   5.423394E+00   4.634011E+01
   5.420613E+00   4.634050E+01
   5.417869E+00   4.633748E+01
   5.414991E+00   4.631624E+01
   5.411869E+00   4.630978E+01
   5.409561E+00   4.630854E+01
   5.403820E+00   4.630971E+01
   5.403458E+00   4.632634E+01
   5.400196E+00   4.633657E+01
   5.378874E+00   4.634505E+01
   5.372027E+00   4.635197E+01
   5.374479E+00   4.636077E+01
   5.367467E+00   4.636751E+01
   5.361320E+00   4.636912E+01
   5.363315E+00   4.637343E+01
   5.370599E+00   4.637841E+01
   5.369745E+00   4.638440E+01
   5.361566E+00   4.638941E+01
   5.352054E+00   4.639183E+01
   5.347392E+00   4.639810E+01
   5.339252E+00   4.640024E+01
   5.333630E+00   4.639602E+01
   5.314644E+00   4.640780E+01
   5.297636E+00   4.641269E+01
   5.298169E+00   4.641661E+01
   5.304453E+00   4.641954E+01
   5.308563E+00   4.642562E+01
   5.316980E+00   4.642981E+01
   5.315835E+00   4.643646E+01
   5.309412E+00   4.644727E+01
   5.311324E+00   4.645383E+01
   5.320423E+00   4.645608E+01
   5.323287E+00   4.646371E+01
   5.345994E+00   4.646265E+01
   5.358847E+00   4.646569E+01
   5.368034E+00   4.646188E+01
   5.372898E+00   4.646206E+01
   5.383289E+00   4.647252E+01
   5.397312E+00   4.646826E+01
   5.408745E+00   4.647131E+01
   5.419027E+00   4.648436E+01
   5.416403E+00   4.648923E+01
   5.419399E+00   4.649649E+01
   5.417306E+00   4.649999E+01
   5.407430E+00   4.649881E+01
   5.400800E+00   4.650362E+01
   5.392893E+00   4.650545E+01
   5.387199E+00   4.651208E+01
   5.376637E+00   4.651521E+01
   5.368444E+00   4.651488E+01
   5.356996E+00   4.651926E+01
   5.357647E+00   4.652767E+01
   5.359903E+00   4.653166E+01
   5.358204E+00   4.653682E+01
   5.360949E+00   4.655188E+01
   5.355070E+00   4.656290E+01
   5.363193E+00   4.656558E+01
   5.365358E+00   4.657113E+01
   5.361054E+00   4.657757E+01
   5.366690E+00   4.658081E+01
   5.383430E+00   4.658296E+01
   5.390509E+00   4.658096E+01
   5.402584E+00   4.658274E+01
   5.405148E+00   4.659122E+01
   5.409614E+00   4.659595E+01
   5.410051E+00   4.659873E+01
   5.404255E+00   4.660650E+01
   5.395329E+00   4.660901E+01
   5.395269E+00   4.661195E+01
   5.400847E+00   4.661543E+01
   5.417503E+00   4.661719E+01
   5.424646E+00   4.662170E+01
   5.429493E+00   4.662785E+01
   5.435939E+00   4.663036E+01
   5.438540E+00   4.663548E+01
   5.437352E+00   4.663792E+01
   5.424686E+00   4.664667E+01
   5.412300E+00   4.665331E+01
   5.412249E+00   4.665523E+01
   5.421281E+00   4.666099E+01
   5.417295E+00   4.666726E+01
   5.416709E+00   4.667354E+01
   5.409891E+00   4.667727E+01
   5.402348E+00   4.667834E+01
   5.394091E+00   4.668482E+01
   5.403535E+00   4.669560E+01
   5.404798E+00   4.670055E+01
   5.400079E+00   4.670594E+01
   5.393404E+00   4.670780E+01
   5.394445E+00   4.671751E+01
   5.392449E+00   4.672106E+01
   5.389063E+00   4.672235E+01
   5.387782E+00   4.672741E+01
   5.382806E+00   4.672990E+01
   5.359865E+00   4.673079E+01
   5.365274E+00   4.675229E+01
   5.375565E+00   4.675612E+01
   5.383907E+00   4.676260E+01
   5.387643E+00   4.676684E+01
   5.387238E+00   4.677106E+01
   5.382693E+00   4.677469E+01
   5.374620E+00   4.677348E+01
   5.370446E+00   4.677542E+01
   5.365878E+00   4.678106E+01
   5.356516E+00   4.678614E+01
   5.348420E+00   4.678841E+01
   5.339932E+00   4.678952E+01
   5.336834E+00   4.679310E+01
   5.332080E+00   4.679469E+01
   5.329307E+00   4.681007E+01
   5.326012E+00   4.681580E+01
   5.334115E+00   4.682055E+01
   5.339094E+00   4.682696E+01
   5.342269E+00   4.682655E+01
   5.349255E+00   4.681873E+01
   5.360409E+00   4.682019E+01
   5.364523E+00   4.682532E+01
   5.369053E+00   4.682730E+01
   5.386367E+00   4.682859E+01
   5.390372E+00   4.683165E+01
   5.407198E+00   4.683448E+01
   5.410612E+00   4.683427E+01
   5.413447E+00   4.682994E+01
   5.429153E+00   4.682775E+01
   5.443654E+00   4.683020E+01
   5.456617E+00   4.683270E+01
   5.460106E+00   4.683994E+01
   5.455519E+00   4.684547E+01
   5.457142E+00   4.685125E+01
   5.454583E+00   4.685460E+01
   5.450674E+00   4.685483E+01
   5.443633E+00   4.685074E+01
   5.433686E+00   4.685377E+01
   5.427602E+00   4.685891E+01
   5.414591E+00   4.685948E+01
   5.403086E+00   4.686636E+01
   5.400250E+00   4.687019E+01
   5.401460E+00   4.687351E+01
   5.398840E+00   4.688195E+01
   5.399252E+00   4.688730E+01
   5.396323E+00   4.689017E+01
   5.387348E+00   4.689169E+01
   5.379334E+00   4.688732E+01
   5.371323E+00   4.688598E+01
   5.368945E+00   4.688260E+01
   5.362611E+00   4.688153E+01
   5.349047E+00   4.689069E+01
   5.340361E+00   4.688870E+01
   5.334922E+00   4.688373E+01
   5.328605E+00   4.688630E+01
   5.315334E+00   4.690310E+01
   5.311178E+00   4.690970E+01
   5.309348E+00   4.691883E+01
   5.302665E+00   4.692344E+01
   5.302395E+00   4.692537E+01
   5.306050E+00   4.692909E+01
   5.302047E+00   4.693563E+01
   5.293114E+00   4.693546E+01
   5.289952E+00   4.693936E+01
   5.287031E+00   4.693948E+01
   5.278782E+00   4.693555E+01
   5.270557E+00   4.692695E+01
   5.261285E+00   4.692623E+01
   5.260119E+00   4.693747E+01
   5.250760E+00   4.694403E+01
   5.252581E+00   4.694844E+01
   5.260861E+00   4.695025E+01
   5.262353E+00   4.695694E+01
   5.260705E+00   4.696387E+01
   5.255547E+00   4.696650E+01
   5.253541E+00   4.697003E+01
   5.252108E+00   4.697901E+01
   5.256829E+00   4.698469E+01
   5.269825E+00   4.699129E+01
   5.273522E+00   4.699925E+01
   5.298891E+00   4.700318E+01
   5.301131E+00   4.700511E+01
   5.302941E+00   4.701541E+01
   5.301647E+00   4.701781E+01
   5.274261E+00   4.702674E+01
   5.275335E+00   4.703419E+01
   5.280600E+00   4.704092E+01
   5.283861E+00   4.704962E+01
   5.293091E+00   4.705402E+01
   5.295354E+00   4.705899E+01
   5.305177E+00   4.706440E+01
   5.310375E+00   4.706366E+01
   5.322697E+00   4.707487E+01
   5.335187E+00   4.707944E+01
   5.345292E+00   4.707826E+01
   5.359051E+00   4.708180E+01
   5.368679E+00   4.707885E+01
   5.385462E+00   4.708340E+01
   5.390936E+00   4.709231E+01
   5.396489E+00   4.709581E+01
   5.397707E+00   4.710652E+01
   5.409122E+00   4.711490E+01
   5.407511E+00   4.712757E+01
   5.411955E+00   4.713036E+01
   5.413572E+00   4.713401E+01
   5.427459E+00   4.713827E+01
   5.435133E+00   4.714301E+01
   5.437692E+00   4.714942E+01
   5.436658E+00   4.715354E+01
   5.439674E+00   4.715769E+01
   5.449223E+00   4.716264E+01
   5.456655E+00   4.718198E+01
   5.455532E+00   4.719041E+01
   5.444176E+00   4.719791E+01
   5.444003E+00   4.720061E+01
   5.449754E+00   4.720464E+01
   5.464907E+00   4.720855E+01
   5.477207E+00   4.722014E+01
   5.472746E+00   4.723115E+01
   5.482754E+00   4.724143E+01
   5.482436E+00   4.725102E+01
   5.476854E+00   4.725652E+01
   5.486855E+00   4.726770E+01
   5.487212E+00   4.728952E+01
   5.503817E+00   4.728735E+01
   5.515559E+00   4.730268E+01
   5.513868E+00   4.730618E+01
   5.505505E+00   4.730683E+01
   5.502288E+00   4.731101E+01
   5.497817E+00   4.731327E+01
   5.485672E+00   4.731491E+01
   5.481229E+00   4.731228E+01
   5.475587E+00   4.731224E+01
   5.468492E+00   4.731649E+01
   5.472096E+00   4.732091E+01
   5.476233E+00   4.733230E+01
   5.481139E+00   4.733302E+01
   5.484862E+00   4.732871E+01
   5.491276E+00   4.733176E+01
   5.493993E+00   4.733846E+01
   5.493790E+00   4.734450E+01
   5.486805E+00   4.735967E+01
   5.487759E+00   4.737045E+01
   5.493134E+00   4.737712E+01
   5.491140E+00   4.738845E+01
   5.476377E+00   4.739334E+01
   5.452660E+00   4.738209E+01
   5.438640E+00   4.739086E+01
   5.431388E+00   4.739174E+01
   5.434856E+00   4.740347E+01
   5.438854E+00   4.740609E+01
   5.439618E+00   4.740900E+01
   5.434352E+00   4.741303E+01
   5.429233E+00   4.742104E+01
   5.430986E+00   4.743052E+01
   5.429860E+00   4.743629E+01
   5.432912E+00   4.744221E+01
   5.432214E+00   4.744589E+01
   5.429242E+00   4.744745E+01
   5.417671E+00   4.744800E+01
   5.410513E+00   4.745871E+01
   5.406129E+00   4.746018E+01
   5.389681E+00   4.745184E+01
   5.379050E+00   4.744938E+01
   5.377794E+00   4.745764E+01
   5.365799E+00   4.746453E+01
   5.368100E+00   4.746821E+01
   5.375533E+00   4.746634E+01
   5.394277E+00   4.747293E+01
   5.395333E+00   4.747579E+01
   5.393895E+00   4.747847E+01
   5.386933E+00   4.747918E+01
   5.385808E+00   4.748083E+01
   5.387474E+00   4.748617E+01
   5.398893E+00   4.750045E+01
   5.426565E+00   4.749769E+01
   5.431522E+00   4.749949E+01
   5.438523E+00   4.749456E+01
   5.445991E+00   4.749764E+01
   5.452211E+00   4.750774E+01
   5.465137E+00   4.751811E+01
   5.470432E+00   4.752855E+01
   5.485584E+00   4.752924E+01
   5.495502E+00   4.754505E+01
   5.494276E+00   4.755572E+01
   5.488582E+00   4.756151E+01
   5.478567E+00   4.756416E+01
   5.478870E+00   4.756631E+01
   5.483273E+00   4.756887E+01
   5.485949E+00   4.757740E+01
   5.483175E+00   4.758212E+01
   5.482492E+00   4.758911E+01
   5.476876E+00   4.760590E+01
   5.469959E+00   4.760720E+01
   5.461916E+00   4.761381E+01
   5.446676E+00   4.762204E+01
   5.440884E+00   4.762867E+01
   5.427390E+00   4.763016E+01
   5.423052E+00   4.762827E+01
   5.418861E+00   4.762412E+01
   5.414177E+00   4.761305E+01
   5.407991E+00   4.760816E+01
   5.405009E+00   4.760102E+01
   5.396293E+00   4.759382E+01
   5.389616E+00   4.759313E+01
   5.383651E+00   4.759949E+01
   5.373151E+00   4.760348E+01
   5.370908E+00   4.760737E+01
   5.371702E+00   4.761981E+01
   5.384435E+00   4.763551E+01
   5.396345E+00   4.764440E+01
   5.397796E+00   4.765318E+01
   5.405172E+00   4.767394E+01
   5.419877E+00   4.767913E+01
   5.436430E+00   4.767247E+01
   5.461349E+00   4.767468E+01
   5.474541E+00   4.768265E+01
   5.482905E+00   4.768594E+01
   5.511255E+00   4.767555E+01
   5.527577E+00   4.767431E+01
   5.548214E+00   4.769320E+01
   5.567406E+00   4.770849E+01
   5.583520E+00   4.770345E+01
   5.593529E+00   4.768381E+01
   5.594229E+00   4.767887E+01
   5.605364E+00   4.767639E+01
   5.616223E+00   4.767464E+01
   5.632729E+00   4.767853E+01
   5.648220E+00   4.767670E+01
   5.656255E+00   4.768084E+01
   5.659935E+00   4.768598E+01
   5.668263E+00   4.768673E+01
   5.673467E+00   4.768366E+01
   5.680545E+00   4.768781E+01
   5.689860E+00   4.768778E+01
   5.693465E+00   4.769510E+01
   5.691021E+00   4.770516E+01
   5.682754E+00   4.771133E+01
   5.683226E+00   4.772357E+01
   5.688470E+00   4.773356E+01
   5.692026E+00   4.773759E+01
   5.705226E+00   4.774498E+01
   5.704880E+00   4.775281E+01
   5.705660E+00   4.776723E+01
   5.697505E+00   4.776919E+01
   5.689186E+00   4.776769E+01
   5.679958E+00   4.776880E+01
   5.678716E+00   4.777026E+01
   5.675359E+00   4.777881E+01
   5.680582E+00   4.780968E+01
   5.691221E+00   4.782231E+01
   5.700318E+00   4.782512E+01
   5.706409E+00   4.782318E+01
   5.721878E+00   4.782281E+01
   5.730842E+00   4.781920E+01
   5.740525E+00   4.782080E+01
   5.743681E+00   4.782588E+01
   5.744538E+00   4.783209E+01
   5.742109E+00   4.784248E+01
   5.743188E+00   4.784958E+01
   5.761180E+00   4.786111E+01
   5.775469E+00   4.785959E+01
   5.786122E+00   4.785657E+01
   5.799175E+00   4.785675E+01
   5.799785E+00   4.785156E+01
   5.802568E+00   4.784878E+01
   5.814315E+00   4.785023E+01
   5.820935E+00   4.785638E+01
   5.822200E+00   4.786020E+01
   5.819924E+00   4.787003E+01
   5.829851E+00   4.788157E+01
   5.836531E+00   4.789171E+01
   5.842687E+00   4.789592E+01
   5.847948E+00   4.790555E+01
   5.851822E+00   4.790730E+01
   5.875172E+00   4.790187E+01
   5.883519E+00   4.790291E+01
   5.886241E+00   4.790492E+01
   5.888067E+00   4.791032E+01
   5.882904E+00   4.792067E+01
   5.883076E+00   4.792606E+01
   5.893234E+00   4.793095E+01
   5.891670E+00   4.793815E+01
   5.898781E+00   4.794542E+01
   5.915526E+00   4.794963E+01
   5.917985E+00   4.795814E+01
   5.916249E+00   4.796704E+01
   5.921820E+00   4.797278E+01
   5.931990E+00   4.797856E+01
   5.940069E+00   4.798139E+01
   5.946889E+00   4.798115E+01
   5.952859E+00   4.797361E+01
   5.958973E+00   4.797139E+01
   5.961501E+00   4.796827E+01
   5.960294E+00   4.796469E+01
   5.940102E+00   4.795008E+01
   5.934503E+00   4.794376E+01
   5.937533E+00   4.793827E+01
   5.952369E+00   4.793806E+01
   5.960303E+00   4.794529E+01
   5.967404E+00   4.794892E+01
   5.970472E+00   4.795869E+01
   5.996086E+00   4.795987E+01
   6.005425E+00   4.796536E+01
   6.008878E+00   4.797038E+01
   6.012006E+00   4.797343E+01
   6.017036E+00   4.798393E+01
   6.018211E+00   4.798863E+01
   6.033130E+00   4.800006E+01
   6.042320E+00   4.800526E+01
   6.075783E+00   4.801544E+01
   6.082212E+00   4.801433E+01
   6.097677E+00   4.801642E+01
   6.107777E+00   4.801458E+01
   6.116911E+00   4.802148E+01
   6.131281E+00   4.802537E+01
   6.139723E+00   4.801834E+01
   6.149280E+00   4.801557E+01
   6.158346E+00   4.800596E+01
   6.155198E+00   4.799567E+01
   6.161067E+00   4.799285E+01
   6.160626E+00   4.798301E+01
   6.166745E+00   4.797765E+01
   6.165842E+00   4.797281E+01
   6.160827E+00   4.796826E+01
   6.162123E+00   4.796035E+01
   6.174151E+00   4.795375E+01
   6.182207E+00   4.795841E+01
   6.197316E+00   4.795346E+01
   6.208568E+00   4.794815E+01
   6.209889E+00   4.793941E+01
   6.234978E+00   4.793490E+01
   6.239190E+00   4.793909E+01
   6.250924E+00   4.794089E+01
   6.279603E+00   4.795600E+01
   6.296515E+00   4.795698E+01
   6.308047E+00   4.795170E+01
   6.330412E+00   4.795555E+01
   6.335336E+00   4.795700E+01
   6.365408E+00   4.796440E+01
   6.380564E+00   4.795994E+01
   6.391147E+00   4.796180E+01
   6.405726E+00   4.795411E+01
   6.410901E+00   4.794490E+01
   6.435665E+00   4.794431E+01
   6.438691E+00   4.793647E+01
   6.446441E+00   4.792971E+01
   6.450406E+00   4.792243E+01
   6.458281E+00   4.792173E+01
   6.463644E+00   4.791778E+01
   6.464469E+00   4.791347E+01
   6.459482E+00   4.790863E+01
   6.463439E+00   4.790052E+01
   6.478507E+00   4.789442E+01
   6.481065E+00   4.789035E+01
   6.502934E+00   4.789757E+01
   6.540983E+00   4.790454E+01
   6.543289E+00   4.790985E+01
   6.549480E+00   4.791257E+01
   6.560021E+00   4.792963E+01
   6.566467E+00   4.793492E+01
   6.591519E+00   4.794407E+01
   6.607289E+00   4.794539E+01
   6.618572E+00   4.793295E+01
   6.628761E+00   4.793114E+01
   6.632102E+00   4.792885E+01
   6.641263E+00   4.792000E+01
   6.642645E+00   4.791688E+01
   6.641151E+00   4.791054E+01
   6.648994E+00   4.790353E+01
   6.655307E+00   4.790212E+01
   6.675638E+00   4.789205E+01
   6.683350E+00   4.789166E+01
   6.704176E+00   4.788288E+01
   6.711772E+00   4.787669E+01
   6.730116E+00   4.786984E+01
   6.741330E+00   4.786310E+01
   6.762783E+00   4.785939E+01
   6.785099E+00   4.785204E+01
   6.793025E+00   4.784535E+01
   6.792426E+00   4.783243E+01
   6.812730E+00   4.782084E+01
   6.825106E+00   4.781641E+01
   6.832639E+00   4.781935E+01
   6.839125E+00   4.782592E+01
   6.845068E+00   4.782521E+01
   6.846974E+00   4.782291E+01
   6.851244E+00   4.780792E+01
   6.851047E+00   4.780086E+01
   6.862887E+00   4.779334E+01
   6.870959E+00   4.778322E+01
   6.882278E+00   4.778331E+01
   6.897378E+00   4.777840E+01
   6.912024E+00   4.777939E+01
   6.927159E+00   4.777077E+01
   6.940482E+00   4.777287E+01
   6.952947E+00   4.776539E+01
   6.974047E+00   4.775259E+01
   6.982745E+00   4.775236E+01
   7.010870E+00   4.774342E+01
   7.016360E+00   4.774472E+01
   7.022269E+00   4.773468E+01
   7.038868E+00   4.772199E+01
   7.039028E+00   4.771759E+01
   7.030838E+00   4.770828E+01
   7.029639E+00   4.770349E+01
   7.034607E+00   4.770074E+01
   7.038416E+00   4.769541E+01
   7.040076E+00   4.768847E+01
   7.048836E+00   4.768551E+01
   7.049634E+00   4.768228E+01
   7.043375E+00   4.767722E+01
   7.043915E+00   4.767441E+01
   7.047318E+00   4.767187E+01
   7.046264E+00   4.766892E+01
   7.037106E+00   4.766168E+01
   7.040382E+00   4.764965E+01
   7.021874E+00   4.764854E+01
   7.019556E+00   4.764686E+01
   7.020336E+00   4.764118E+01
   7.017740E+00   4.763863E+01
   7.015828E+00   4.763246E+01
   7.017903E+00   4.762646E+01
   7.011074E+00   4.762416E+01
   7.008209E+00   4.761710E+01
   7.012114E+00   4.760258E+01
   7.024435E+00   4.759397E+01
   7.032824E+00   4.759569E+01
   7.039703E+00   4.760238E+01
   7.056008E+00   4.760045E+01
   7.066276E+00   4.760267E+01
   7.081300E+00   4.759742E+01
   7.087114E+00   4.759374E+01
   7.096051E+00   4.757533E+01
   7.106468E+00   4.757004E+01
   7.109609E+00   4.756362E+01
   7.108937E+00   4.755637E+01
   7.121321E+00   4.754822E+01
   7.133661E+00   4.754095E+01
   7.137198E+00   4.753778E+01
   7.139953E+00   4.752832E+01
   7.144390E+00   4.752514E+01
   7.140726E+00   4.751844E+01
   7.139250E+00   4.751052E+01
   7.131669E+00   4.749970E+01
   7.132006E+00   4.748848E+01
END
END
