Калужская область
1
	36.4870964622	55.4951162901
	36.4939756193	55.4931254267
	36.5035149315	55.495294165
	36.5151277203	55.4972114442
	36.5268410413	55.4983651056
	36.5280894973	55.4984425749
	36.5469798781	55.4995488371
	36.5479905153	55.4995453228
	36.5574951172	55.4998564713
	36.5692588122	55.4994713678
	36.5714107596	55.4993173548
	36.6000209891	55.4970972009
	36.6095823627	55.4960975526
	36.6211951515	55.4941802734
	36.6326576805	55.4915075865
	36.6439208651	55.4880909368
	36.6549364749	55.4839449548
	36.6656573392	55.4790873944
	36.6760375496	55.4735390563
	36.6835334713	55.468963727
	36.6874168331	55.4664612856
	36.6899160184	55.464821258
	36.6994832212	55.4579654974
	36.7085815518	55.4504986905
	36.7096278183	55.449518755
	36.7153439141	55.4476183776
	36.716415372	55.4472584172
	36.7217637573	55.4453481975
	36.731126659	55.445042931
	36.7370291979	55.4447533502
	36.7487425189	55.4435996888
	36.7603553078	55.4416824096
	36.7706714472	55.4393128502
	36.783450683	55.4359788048
	36.7845970725	55.4356756773
	36.7958602572	55.4322590276
	36.806875867	55.4281130456
	36.808104277	55.4275988857
	36.8225543503	55.4214877407
	36.8320468045	55.4171443402
	36.8424270149	55.4115960021
	36.8524221219	55.4053806452
	36.8544323478	55.4039401377
	36.8637454963	55.4061129037
	36.8692996955	55.4072191659
	36.8693443992	55.4072280639
	36.8809571881	55.4091453431
	36.8926705091	55.4102990045
	36.9044342041	55.410684108
	36.9133177427	55.4104645942
	36.9188719419	55.410189936
	36.9217520983	55.4100243463
	36.9334654193	55.4088706849
	36.9450782082	55.4069534057
	36.9565407371	55.4042807188
	36.9668665226	55.4011794017
	36.9727030094	55.3992339061
	36.9736404086	55.3989185735
	36.9846560183	55.3947725915
	36.9953768826	55.3899150311
	37.0057570931	55.3843666931
	37.0091391113	55.3823645009
	37.0169210937	55.3776419056
	37.0235341824	55.3734287409
	37.0331013853	55.3665729803
	37.0352575039	55.3648923459
	37.0419255948	55.3596128049
	37.0488678067	55.3538266324
	37.0574583045	55.3457807532
	37.0655041837	55.3371902554
	37.0676161993	55.3347377987
	37.0732709073	55.3285842984
	37.0775122134	55.3235659978
	37.0785338875	55.3229805847
	37.0885289944	55.3167652277
	37.0980961973	55.3099094671
	37.1071945279	55.3024426602
	37.1083627206	55.3014091878
	37.1104781624	55.300206842
	37.1204732693	55.2939914851
	37.1300404722	55.2871357245
	37.1321965908	55.2854550901
	37.1388646817	55.2801755491
	37.1458068936	55.2743893765
	37.1498794245	55.2707063856
	37.1521593753	55.2697802209
	37.1628802396	55.2649226605
	37.17326045	55.2593743224
	37.1832555569	55.2531589655
	37.1858225751	55.2514114984
	37.1894312788	55.248909057
	37.1964314634	55.2438007635
	37.205529794	55.2363339566
	37.2141202918	55.2282880774
	37.222166171	55.2196975796
	37.2296329779	55.2105992491
	37.2364887385	55.2010320462
	37.2427040954	55.1910369393
	37.2482524335	55.1806567288
	37.2531099939	55.1699358645
	37.2572559758	55.1589202548
	37.2576492767	55.1577484143
	37.2587555389	55.1544143689
	37.2617788877	55.1443230247
	37.2644515746	55.1328604958
	37.2663688538	55.1212477069
	37.2675225153	55.1095343859
	37.2679076188	55.0977706909
	37.2678659118	55.0938975201
	37.2734302668	55.0860341824
	37.2747976005	55.0839568765
	37.2759656197	55.0827160231
	37.2802258633	55.0780273526
	37.2876926703	55.068929022
	37.2945484309	55.0593618192
	37.2985168538	55.0531508334
	37.3001989163	55.0520404963
	37.3097661192	55.0451847357
	37.3188644497	55.0377179288
	37.3274549475	55.0296720496
	37.3355008267	55.0210815518
	37.3429676336	55.0119832212
	37.3498233943	55.0024160184
	37.3519381654	54.9991761398
	37.3558291566	54.9930726242
	37.3599297424	54.9863173958
	37.3611728839	54.9841289933
	37.3688557798	54.9785496038
	37.3779541104	54.9710827969
	37.3865446082	54.9630369177
	37.3945904874	54.9544464199
	37.4020572943	54.9453480894
	37.4089130549	54.9357808865
	37.4151284118	54.9257857796
	37.4206767499	54.9154055691
	37.4255343103	54.9046847049
	37.4296802922	54.8936690951
	37.4330969419	54.8824059104
	37.4357696288	54.8709433815
	37.437686908	54.8593305927
	37.4388405695	54.8476172716
	37.4392256729	54.8358535767
	37.4388405695	54.8240898817
	37.437686908	54.8123765606
	37.4357696288	54.8007637718
	37.4339231618	54.7925021128
	37.4333509572	54.7901980356
	37.4325247374	54.7869971657
	37.4291080876	54.7757339811
	37.4249621057	54.7647183713
	37.4201045453	54.753997507
	37.4145562072	54.7436172966
	37.4083408503	54.7336221896
	37.4066613298	54.7311532248
	37.4014733415	54.7236611594
	37.3962971014	54.7165629213
	37.3939614169	54.7135844208
	37.394303798	54.7024917603
	37.394303798	54.6949920654
	37.3939186945	54.6832283704
	37.392765033	54.6715150494
	37.3908477538	54.6599022606
	37.3881750669	54.6484397317
	37.3847584172	54.637176547
	37.3839302761	54.634792026
	37.3808708889	54.6261784396
	37.3775530481	54.6175473508
	37.3726954877	54.6068264865
	37.3671471496	54.5964462761
	37.3609317927	54.5864511691
	37.3540760321	54.5768839663
	37.3466092252	54.5677856357
	37.3439457454	54.564815619
	37.3317234554	54.5514870668
	37.3263410559	54.5458665857
	37.3177505581	54.5378207065
	37.3110944209	54.5322615099
	37.3059168268	54.5281449579
	37.3035160345	54.5249430483
	37.2960492276	54.5158447177
	37.2938780654	54.5134137713
	37.287160983	54.5052856357
	37.2829930167	54.5006950702
	37.2822771692	54.4989407834
	37.2808719867	54.4956417752
	37.2769809954	54.4867535306
	37.2735286176	54.4793316745
	37.2679802795	54.4689514641
	37.2617649226	54.4589563571
	37.254909162	54.4493891543
	37.247442355	54.4402908237
	37.2393964758	54.4317003259
	37.2308059781	54.4236544467
	37.2217076475	54.4161876398
	37.2178139255	54.4132825767
	37.2067055271	54.4052259361
	37.2010320462	54.4012752386
	37.1910369393	54.3950598817
	37.180856189	54.3896100599
	37.1711701124	54.3848185128
	37.1688131131	54.3832164617
	37.1588180062	54.3770011048
	37.1484974211	54.3714846372
	37.1466766112	54.3604561546
	37.1440039244	54.3489936257
	37.1405872746	54.337730441
	37.1364412927	54.3267148313
	37.1315837323	54.315993967
	37.1276960157	54.3085534142
	37.1276386251	54.3082086103
	37.1269585948	54.3035891165
	37.1250130992	54.2916414847
	37.1238952392	54.2854592064
	37.1212225523	54.2739966775
	37.1181559275	54.2637750749
	37.1156611155	54.2562753801
	37.1153110906	54.255233798
	37.1111651086	54.2442181882
	37.1063075482	54.2334973239
	37.1007592101	54.2231171135
	37.0977408167	54.2180807769
	37.0953833337	54.2142889678
	37.0921863703	54.2093301974
	37.0853306097	54.1997629946
	37.0845870606	54.1988007354
	37.0788879028	54.1914765166
	37.0721646451	54.1833404453
	37.0641187659	54.1747499475
	37.0555282681	54.1667040683
	37.0465181505	54.1593049929
	37.0356844103	54.1509813235
	37.0355961973	54.150913592
	37.0260289944	54.1440578313
	37.0160338875	54.1378424744
	37.0056536771	54.1322941364
	36.998231821	54.1288417585
	36.9893435764	54.1249507672
	36.9860445681	54.1235455847
	36.9770830989	54.1201107613
	36.9676379084	54.1167767158
	36.965583768	54.1160655574
	36.9543205833	54.1126489077
	36.9442290985	54.1102544858
	36.9281234467	54.1069204404
	36.9267524025	54.1066421754
	36.9151396137	54.1047248962
	36.9087485142	54.1039994942
	36.8970755405	54.1028856026
	36.891753319	54.1024573431
	36.879989624	54.1020722396
	36.8726317381	54.1022228007
	36.8590285276	54.1027797465
	36.8546227186	54.1030142889
	36.8429093976	54.1041679504
	36.8312966087	54.1060852296
	36.8252973349	54.1073853616
	36.8232094383	54.1068124209
	36.8117469094	54.104139734
	36.8001341205	54.1022224548
	36.7936960696	54.1014925787
	36.7703653812	54.0992724249
	36.765090111	54.0988486395
	36.753326416	54.098463536
	36.7503380824	54.0984883624
	36.7172799159	54.0990376788
	36.7085045545	54.0993979559
	36.6967912335	54.1005516174
	36.6851784447	54.1024688966
	36.6737159157	54.1051415835
	36.6624527311	54.1085582332
	36.6514371213	54.1127042151
	36.6440581522	54.1160475825
	36.6414786608	54.1157935248
	36.6297149658	54.1154084213
	36.6226498241	54.1155472356
	36.6146638884	54.1158611684
	36.6055690464	54.1155930249
	36.5714893183	54.1132156732
	36.5669911558	54.1095241266
	36.5574239529	54.102668366
	36.5484479268	54.0970867143
	36.5435544156	54.0911239536
	36.5355085364	54.0825334558
	36.5269180386	54.0744875766
	36.5178197081	54.0670207697
	36.5082525052	54.0601650091
	36.4982573982	54.0539496522
	36.4929219989	54.0509887737
	36.4887563494	54.0487686199
	36.4837115384	54.0461811603
	36.4729906741	54.0413235999
	36.4619750643	54.0371776179
	36.4507118797	54.0337609682
	36.4392493508	54.0310882813
	36.4276365619	54.0291710021
	36.4159232409	54.0280173407
	36.4041595459	54.0276322372
	36.3977737427	54.0276322372
	36.3919746536	54.0278220797
	36.3910476039	54.0238260993
	36.3899413416	54.0196604499
	36.3898382749	54.0192740822
	36.3864216252	54.0080108976
	36.3822756433	53.9969952878
	36.3774180829	53.9862744235
	36.3718697448	53.9758942131
	36.3656543879	53.9658991061
	36.3587986273	53.9563319033
	36.3543041828	53.9507111389
	36.3515270832	53.9473770935
	36.3485547208	53.9438995273
	36.3405088416	53.9353090295
	36.3319183438	53.9272631503
	36.3228200132	53.9197963434
	36.3132528104	53.9129405828
	36.3032577034	53.9067252259
	36.2980354398	53.9038246969
	36.289704141	53.8993767599
	36.2845461941	53.8967289508
	36.2833811107	53.8961596073
	36.278525871	53.8854443454
	36.2735647389	53.876088962
	36.2713522145	53.8721979708
	36.2707650085	53.8711731437
	36.2645496516	53.8611780368
	36.257693891	53.8516108339
	36.250227084	53.8425125034
	36.2421812048	53.8339220056
	36.2335907071	53.8258761264
	36.2245467353	53.8184510469
	36.2209304023	53.8156739473
	36.2208760435	53.8156322199
	36.2113088406	53.8087764593
	36.2102880041	53.8081416623
	36.213989654	53.8029760159
	36.2202050109	53.792980909
	36.225753349	53.7826006985
	36.2306109094	53.7718798342
	36.2347568913	53.7608642245
	36.2381735411	53.7496010398
	36.2408462279	53.7381385109
	36.2427635071	53.7265257221
	36.2439171686	53.714812401
	36.2443022721	53.7030487061
	36.2443022721	53.699432373
	36.2439171686	53.6876686781
	36.2427635071	53.675955357
	36.2408462279	53.6643425682
	36.2381735411	53.6528800393
	36.2347568913	53.6416168546
	36.2323043706	53.6348410331
	36.2309158208	53.6312323295
	36.2292223596	53.6269925412
	36.2243647992	53.6162716769
	36.2188164611	53.6058914665
	36.2126011042	53.5958963596
	36.2057453436	53.5863291567
	36.1982785367	53.5772308261
	36.1902326575	53.5686403284
	36.1845743842	53.5632232833
	36.179384566	53.5584669396
	36.1759615564	53.549538928
	36.171103996	53.5388180637
	36.1655556579	53.5284378532
	36.159340301	53.5184427463
	36.1524845404	53.5088755434
	36.1450177335	53.4997772129
	36.1369718543	53.4911867151
	36.1283813565	53.4831408359
	36.1192830259	53.475674029
	36.1097158231	53.4688182683
	36.0997207161	53.4626029114
	36.0893405057	53.4570545734
	36.0786196414	53.452197013
	36.0676040316	53.448051031
	36.056340847	53.4446343813
	36.044878318	53.4419616944
	36.0332655292	53.4400444152
	36.0215522082	53.4388907538
	36.0097885132	53.4385056503
	35.9980248182	53.4388907538
	35.9863114972	53.4400444152
	35.9746987083	53.4419616944
	35.9647664133	53.4442375542
	35.950642179	53.436573496
	35.9438644497	53.4303149081
	35.9381549209	53.425629219
	35.9340778631	53.4199396914
	35.9266110562	53.4108413608
	35.9240578102	53.4079916648
	35.9210060523	53.4046576194
	35.9155134192	53.3989168176
	35.9069229214	53.3908709384
	35.9006152276	53.385589484
	35.8936648492	53.3800352848
	35.8908742124	53.3778499323
	35.8813070096	53.3709941717
	35.8713119026	53.3647788148
	35.8609316922	53.3592304767
	35.8502108279	53.3543729163
	35.8391952182	53.3502269343
	35.8307922522	53.3476020259
	35.8210724035	53.3448249263
	35.8182121848	53.344033185
	35.8067496559	53.3413604981
	35.7951368671	53.3394432189
	35.7834235461	53.3382895575
	35.7716598511	53.337904454
	35.7598961561	53.3382895575
	35.7481828351	53.3394432189
	35.7474074406	53.3395470175
	35.7412962955	53.3403786215
	35.7304589012	53.3421921021
	35.7266983444	53.3429819743
	35.7234259875	53.3427374945
	35.7116622925	53.342352391
	35.7052688599	53.342352391
	35.6935051649	53.3427374945
	35.6817918439	53.3438911559
	35.6739429397	53.3451013226
	35.6710479256	53.3433936219
	35.6666624664	53.340942692
	35.6618610663	53.3343836611
	35.6543942593	53.3252853305
	35.6463483801	53.3166948328
	35.6377578824	53.3086489536
	35.6286595518	53.3011821466
	35.6190923489	53.294326386
	35.609097242	53.2881110291
	35.5987170315	53.282562691
	35.5879961673	53.2777051306
	35.5769805575	53.2735591487
	35.5687706277	53.2710686937
	35.564382257	53.2628586296
	35.5581669001	53.2528635226
	35.5513111395	53.2432963198
	35.5438443326	53.2341979892
	35.5357984534	53.2256074914
	35.5272079556	53.2175616122
	35.5271424015	53.2175078134
	35.5267305994	53.2164624509
	35.5218730389	53.2057415866
	35.5163247009	53.1953613762
	35.510109344	53.1853662692
	35.5032535833	53.1757990664
	35.4957867764	53.1667007358
	35.4877408972	53.158110238
	35.4791503994	53.1500643588
	35.4756728333	53.1470919964
	35.4723387879	53.1443148968
	35.4667180235	53.1398204523
	35.4571508206	53.1329646917
	35.4471557137	53.1267493348
	35.4367755032	53.1212009967
	35.4260546389	53.1163434363
	35.4150390292	53.1121974544
	35.4037758445	53.1087808046
	35.3923133156	53.1061081178
	35.3807005268	53.1041908386
	35.3740993089	53.1034455105
	35.3682704514	53.1028961941
	35.3631583483	53.1024878607
	35.3513946533	53.1021027572
	35.3404256349	53.1024375412
	35.3268147951	53.1032691452
	35.3260201185	53.1033194647
	35.3143067975	53.1044731262
	35.3113330067	53.1048899159
	35.3038409413	53.1060038075
	35.2972102011	53.1071554869
	35.2914504672	53.1049876765
	35.2801872825	53.1015710268
	35.2687247536	53.0988983399
	35.2580516938	53.0971072991
	35.2489621711	53.0958618597
	35.2464024863	53.0951168292
	35.2426888084	53.0940789614
	35.2312262795	53.0914062745
	35.2196134906	53.0894889953
	35.2079001696	53.0883353339
	35.1961364746	53.0879502304
	35.1843727796	53.0883353339
	35.1726594586	53.0894889953
	35.1707324359	53.0897533004
	35.1649035784	53.0905849044
	35.1552178123	53.0922378785
	35.1437552834	53.0949105654
	35.1324920987	53.0983272151
	35.121476489	53.102473197
	35.1107556247	53.1073307574
	35.1003754143	53.1128790955
	35.0903803073	53.1190944524
	35.0890346529	53.1200587347
	35.0812723771	53.1170844893
	35.0765574112	53.1154212813
	35.0745391513	53.1147227839
	35.0632759666	53.1113061342
	35.0518134377	53.1086334473
	35.0402006488	53.1067161681
	35.0284873278	53.1055625067
	35.0167236328	53.1051774032
	35.0049599378	53.1055625067
	34.9932466168	53.1067161681
	34.981633828	53.1086334473
	34.970171299	53.1113061342
	34.9589081144	53.1147227839
	34.9478925046	53.1188687659
	34.9371716403	53.1237263263
	34.9306505107	53.127109475
	34.9275987529	53.128772683
	34.9237396721	53.1309378724
	34.9137445651	53.1371532293
	34.9041773623	53.1440089899
	34.8950790317	53.1514757968
	34.8864885339	53.159521676
	34.8802091998	53.166127578
	34.8724272174	53.1747411644
	34.8706606723	53.1767257602
	34.8631938654	53.1858240908
	34.8563381048	53.1953912936
	34.8541140582	53.1988027986
	34.8521685626	53.2018621858
	34.8481772523	53.2084457878
	34.8448685885	53.2146358622
	34.8296017221	53.214444535
	34.8225852282	53.2138465033
	34.8108215332	53.2134613998
	34.7990578382	53.2138465033
	34.7981396611	53.2139090433
	34.7023816365	53.2124389553
	34.6995371047	53.2122660571
	34.6946532899	53.2113387797
	34.6845793109	53.2097206237
	34.6728659899	53.2085669623
	34.6611022949	53.2081818588
	34.6493385999	53.2085669623
	34.6467198148	53.2087578134
	34.6397770657	53.2093147592
	34.6306825299	53.2102775695
	34.619069741	53.2121948487
	34.6076072121	53.2148675356
	34.5963440275	53.2182841853
	34.5856491835	53.2222976641
	34.5809265883	53.2242431597
	34.5806058225	53.2243756629
	34.5698849582	53.2292332233
	34.5595047478	53.2347815613
	34.5495096408	53.2409969182
	34.5407727277	53.2472193959
	34.531246493	53.2466073551
	34.5197143555	53.2462372787
	34.506942749	53.2462372787
	34.495179054	53.2466223822
	34.4844825413	53.2476451252
	34.4778144505	53.2484843586
	34.4767976422	53.248615277
	34.4651848533	53.2505325562
	34.4537223244	53.2532052431
	34.4424591398	53.2566218928
	34.43144353	53.2607678748
	34.4207226657	53.2656254352
	34.4103424553	53.2711737733
	34.4003473483	53.2773891302
	34.3907801455	53.2842448908
	34.3816818149	53.2917116977
	34.3730913171	53.2997575769
	34.3650454379	53.3083480747
	34.357578631	53.3174464052
	34.3507228704	53.3270136081
	34.3445075135	53.337008715
	34.3389591754	53.3473889255
	34.334101615	53.3581097898
	34.3299556331	53.3691253995
	34.3265389834	53.3803885842
	34.3238662965	53.3918511131
	34.3236840394	53.3927801534
	34.3222878602	53.3999975607
	34.3205528381	53.4106813092
	34.3193991766	53.4223946302
	34.3190140731	53.4341583252
	34.3193991766	53.4459220202
	34.3205528381	53.4576353412
	34.3221271367	53.4674775011
	34.3199338294	53.4725507077
	34.3157878474	53.4835663175
	34.3123711977	53.4948295022
	34.3096985108	53.5062920311
	34.3077812316	53.5179048199
	34.3066275702	53.529618141
	34.3062424667	53.5413818359
	34.3066275702	53.5531455309
	34.3067864899	53.5551435827
	34.3042201071	53.5571930164
	34.285973161	53.5681997304
	34.2789484225	53.5726619573
	34.2693812197	53.5795177179
	34.2602828891	53.5869845248
	34.2580129894	53.5890093839
	34.2460729869	53.5998431242
	34.2397523889	53.6058641443
	34.2317065097	53.6144546421
	34.2303472724	53.6160227113
	34.2203527655	53.6276880556
	34.214245196	53.6352183169
	34.2073894353	53.6447855197
	34.207349297	53.6448456504
	34.1986397442	53.6459142174
	34.1970658917	53.6461143615
	34.1854531029	53.6480316407
	34.1739905739	53.6507043276
	34.1627273893	53.6541209773
	34.1517117795	53.6582669592
	34.1409909152	53.6631245197
	34.1306107048	53.6686728577
	34.1206155978	53.6748882146
	34.111048395	53.6817439753
	34.1092350394	53.6832321577
	34.1020301125	53.6816391236
	34.0904173236	53.6797218444
	34.080729484	53.6787124271
	34.0626707072	53.6773238773
	34.0606452257	53.6771796332
	34.0488815308	53.6767945297
	34.0371178358	53.6771796332
	34.0254045147	53.6783332946
	34.0137917259	53.6802505738
	34.00783955	53.681539661
	33.994785656	53.6845990482
	33.9892753029	53.6859826479
	33.9780121183	53.6893992976
	33.9690276734	53.6927184144
	33.9593001953	53.6966094056
	33.9572690305	53.6974362708
	33.9522093715	53.6996234729
	33.9462715721	53.6979226503
	33.9348090431	53.6952499635
	33.9231962543	53.6933326843
	33.9176407223	53.6926889845
	33.9120788937	53.6921320387
	33.9059211046	53.691622077
	33.8980222596	53.6912785015
	33.8852430237	53.6910038433
	33.8696144788	53.6913474188
	33.8579011578	53.6925010803
	33.8519403441	53.693387665
	33.8452722533	53.6944939272
	33.8396202781	53.6955246217
	33.8281577492	53.6981973085
	33.8252526894	53.6990018679
	33.8135949745	53.7023359133
	33.8052368497	53.7049480037
	33.79422124	53.7090939856
	33.7835003757	53.713951546
	33.7731201652	53.7194998841
	33.769738147	53.7215020763
	33.7619561646	53.7262246715
	33.7553430759	53.7304378362
	33.745775873	53.7372935968
	33.7366775425	53.7447604037
	33.7343648022	53.7468241466
	33.7193654126	53.7604426159
	33.713087655	53.7664247522
	33.7050417758	53.77501525
	33.6975749689	53.7841135805
	33.6948474254	53.7877629725
	33.6903994884	53.7938741175
	33.6862712713	53.7997919284
	33.6800559144	53.8097870354
	33.6745075763	53.8201672458
	33.6722437495	53.8249327825
	33.670246559	53.8293012076
	33.6682815885	53.8299556331
	33.6572659787	53.834101615
	33.6465451144	53.8389591754
	33.636164904	53.8445075135
	33.629299866	53.8486781588
	33.6268019061	53.8483314636
	33.6204108066	53.8476060616
	33.6145743198	53.8470491158
	33.6092520983	53.8466208563
	33.5974884033	53.8462357528
	33.5857247083	53.8466208563
	33.5849797041	53.8466712398
	33.5761969826	53.8446945435
	33.5701970918	53.8436064789
	33.5532522066	53.8408293792
	33.5476393085	53.8400001647
	33.5359259875	53.8388465033
	33.5334376527	53.8387007178
	33.5249037128	53.8373680236
	33.5131903918	53.8362143622
	33.5014266968	53.8358292587
	33.4896630018	53.8362143622
	33.4779496808	53.8373680236
	33.4663368919	53.8392853028
	33.454874363	53.8419579897
	33.4436111783	53.8453746394
	33.4325955686	53.8495206213
	33.4218747043	53.8543781818
	33.4141196497	53.8584400985
	33.4103990216	53.8588905456
	33.3987862327	53.8608078248
	33.3873237038	53.8634805117
	33.3760605192	53.8668971614
	33.3686231168	53.8696057429
	33.3636258634	53.8715512385
	33.360047656	53.8729886389
	33.3493267917	53.8778461993
	33.3389465812	53.8833945374
	33.3289514743	53.8896098943
	33.3193842714	53.8964656549
	33.3148304358	53.9000783304
	33.311778678	53.9025807718
	33.3072341831	53.9064349033
	33.2986436853	53.9144807825
	33.2905978061	53.9230712802
	33.2831309992	53.9321696108
	33.2762752386	53.9417368137
	33.2700598817	53.9517319206
	33.2645115436	53.9621121311
	33.2596539832	53.9728329953
	33.2566185877	53.9806747083
	33.2541161463	53.9876174573
	33.2530055598	53.9907913541
	33.2495889101	54.0020545388
	33.2469162232	54.0135170677
	33.244998944	54.0251298565
	33.2438452826	54.0368431776
	33.2434601791	54.0486068726
	33.2438452826	54.0603705675
	33.244998944	54.0720838886
	33.2469162232	54.0836966774
	33.2495889101	54.0951592063
	33.2530055598	54.106422391
	33.2549837219	54.1119516303
	33.2566545593	54.1163919379
	33.2588223792	54.1218783084
	33.2636799396	54.1325991727
	33.2692282777	54.1429793831
	33.2727934269	54.1488895354
	33.2775160221	54.1563892303
	33.2801662298	54.1604741849
	33.2870219904	54.1700413877
	33.2944887973	54.1791397183
	33.3025346765	54.1877302161
	33.3111251743	54.1957760953
	33.3121112804	54.1966345668
	33.3168752333	54.201511593
	33.3183580408	54.2030118933
	33.3269485385	54.2110577725
	33.327628701	54.2116512462
	33.3445812157	54.2263683483
	33.3529993837	54.2332416815
	33.3625665866	54.2400974421
	33.3714725862	54.2456789053
	33.3795215974	54.2504015005
	33.3806107048	54.2510353942
	33.3909909152	54.2565837323
	33.4017117795	54.2614412927
	33.4034396611	54.2620916213
	33.4035742865	54.2662040026
	33.4047279479	54.2779173236
	33.4066452271	54.2895301125
	33.409317914	54.3009926414
	33.4110880325	54.3071570215
	33.4121942947	54.3107657251
	33.4138408259	54.3158645297
	33.4179868079	54.3268801394
	33.4228443683	54.3376010037
	33.4283927064	54.3479812142
	33.4340828859	54.3571317672
	33.4332907782	54.3651741712
	33.4329056747	54.3769378662
	33.4332907782	54.3887015612
	33.4344444396	54.4004148822
	33.4363617188	54.4120276711
	33.4390344057	54.4234902
	33.4424510554	54.4347533847
	33.4465970374	54.4457689944
	33.4497172626	54.4528653517
	33.4518136416	54.4615456199
	33.4552302913	54.4728088046
	33.4558752185	54.474522335
	33.4556870468	54.4802703857
	33.4560721503	54.4920340807
	33.4572258117	54.5037474018
	33.4591430909	54.5153601906
	33.4618157778	54.5268227195
	33.4635858963	54.5329870996
	33.4646921585	54.5365958032
	33.4663386897	54.5416946078
	33.4704846716	54.5527102176
	33.4753422321	54.5634310818
	33.4808905701	54.5738112923
	33.487105927	54.5838063992
	33.4939616877	54.5933736021
	33.5014284946	54.6024719326
	33.5094743738	54.6110624304
	33.5180648716	54.6191083096
	33.5271632021	54.6265751165
	33.536730405	54.6334308772
	33.53681666	54.6334884749
	33.5443163548	54.6384933578
	33.5542252067	54.6446511169
	33.5575307345	54.6465133592
	33.5584249228	54.6476310945
	33.563646207	54.6538635342
	33.5716920862	54.662454032
	33.5774771025	54.6679871226
	33.5905386259	54.6799347544
	33.5911556692	54.6804965525
	33.5972505578	54.6868986121
	33.6058410556	54.6949444913
	33.6147395099	54.7022577051
	33.6183482135	54.7050348047
	33.6185480898	54.7051883978
	33.6281152927	54.7120441584
	33.6381103996	54.7182595153
	33.6484906101	54.7238078534
	33.6592114743	54.7286654138
	33.6682948123	54.7321432063
	33.6730174075	54.7338064143
	33.6749496793	54.7344746037
	33.686212864	54.7378912535
	33.6976753929	54.7405639403
	33.7092881817	54.7424812195
	33.7210015028	54.743634881
	33.7327651978	54.7440199845
	33.7445288927	54.743634881
	33.7562422138	54.7424812195
	33.7622030274	54.7415946349
	33.7688711183	54.7404883726
	33.7745230934	54.7394576781
	33.7802185795	54.7382285519
	33.7803933175	54.7382771692
	33.7820533181	54.7387304869
	33.793515847	54.7414031737
	33.8051286358	54.7433204529
	33.8168419569	54.7444741144
	33.8286056519	54.7448592179
	33.8403693468	54.7444741144
	33.8520826679	54.7433204529
	33.8636954567	54.7414031737
	33.8637789773	54.7413865399
	33.8685684537	54.7430881902
	33.8798316384	54.7465048399
	33.8912941673	54.7491775268
	33.9029069562	54.751094806
	33.9143323107	54.752229361
	33.9268292589	54.7530685944
	33.9271172254	54.7530877008
	33.9388809204	54.7534728043
	33.9506446154	54.7530877008
	33.9623579364	54.7519340394
	33.9739707253	54.7500167602
	33.9825044465	54.7481025028
	34.0069490266	54.7419913578
	34.0098778343	54.7412329283
	34.0211410189	54.7378162786
	34.031799166	54.7338179125
	34.0364085634	54.7331849708
	34.0391473162	54.7327874074
	34.0458297729	54.732911586
	34.0526695564	54.7327814892
	34.0598869636	54.732506831
	34.0648108752	54.7322518243
	34.0765241962	54.7310981629
	34.086409486	54.7295157285
	34.094998637	54.730294514
	34.1074955852	54.731126118
	34.1076744764	54.7311379327
	34.1194381714	54.7315230362
	34.1312018664	54.7311379327
	34.1429151874	54.7299842713
	34.1545279762	54.7280669921
	34.1659905052	54.7253943052
	34.1687909201	54.7246196395
	34.1746197775	54.7229564315
	34.1830825473	54.7203144475
	34.194098157	54.7161684656
	34.2048190213	54.7113109052
	34.2151992317	54.7057625671
	34.2251943387	54.6995472102
	34.227535512	54.6979301394
	34.2280540588	54.7031950336
	34.2281073985	54.7035966928
	34.2286643443	54.7077547128
	34.2305282838	54.7189658425
	34.2332009707	54.7304283714
	34.2366176204	54.741691556
	34.2407636023	54.7527071658
	34.2456211627	54.7634280301
	34.2511695008	54.7738082405
	34.2573848577	54.7838033475
	34.2642406183	54.7933705503
	34.2717074252	54.8024688809
	34.2797533044	54.8110593787
	34.2883438022	54.8191052579
	34.2974421328	54.8265720648
	34.3070093356	54.8334278254
	34.3143141309	54.8380586381
	34.3184797803	54.8405610795
	34.321170092	54.8421456237
	34.3315503024	54.8476939618
	34.3422711667	54.8525515222
	34.3532867765	54.8566975041
	34.3645499611	54.8601141539
	34.3740932102	54.8623941946
	34.3846522922	54.8646143484
	34.3865715721	54.8650069945
	34.3981843609	54.8669242737
	34.4097187908	54.8680661205
	34.422215739	54.8688977245
	34.4223946302	54.8689095392
	34.4341583252	54.8692946427
	34.4377871372	54.8692580328
	34.4513979771	54.8689833746
	34.45953286	54.868634881
	34.4696052736	54.8676895778
	34.5082176393	54.8629669826
	34.5098585468	54.8627586243
	34.5214713356	54.8608413451
	34.5281594784	54.8593781393
	34.5409387143	54.8563263815
	34.542828269	54.85586433
	34.574557773	54.8569707326
	34.5925895006	54.8566948785
	34.6043028217	54.8555412171
	34.6159156105	54.8536239379
	34.6167837527	54.8534490308
	34.6303596332	54.8506790642
	34.6344922361	54.8525515222
	34.6455078458	54.8566975041
	34.6567710305	54.8601141539
	34.657573825	54.8603272765
	34.662853366	54.8617158263
	34.6707038004	54.8635932565
	34.6712579165	54.8657127952
	34.6746745662	54.8769759799
	34.6765219964	54.882156701
	34.6781852044	54.886604638
	34.6804837561	54.8924395266
	34.6815387704	54.8949332961
	34.6821960694	54.8984168312
	34.6822515292	54.898694504
	34.6839223666	54.9070258028
	34.6865395937	54.918210659
	34.6899562434	54.9294738436
	34.6918471435	54.9347706947
	34.6968443969	54.9481068764
	34.6990994788	54.953825635
	34.7039570392	54.9645464993
	34.7095053773	54.9749267098
	34.7157207342	54.9849218167
	34.7225764948	54.9944890196
	34.7300433017	55.0035873501
	34.7380891809	55.0121778479
	34.7466796787	55.0202237271
	34.755578133	55.0275369409
	34.7591868366	55.0303140405
	34.7593867128	55.0304676336
	34.7689539157	55.0373233943
	34.7789490227	55.0435387512
	34.7893292331	55.0490870892
	34.8000500974	55.0539446496
	34.8110657071	55.0580906316
	34.8215777624	55.0613042745
	34.8368594397	55.0654699239
	34.8376105691	55.0656729307
	34.849073098	55.0683456176
	34.858295715	55.0699318993
	34.8755152584	55.0724343407
	34.8779054303	55.0727653382
	34.8896187513	55.0739189996
	34.8967415055	55.0742442194
	34.9179390632	55.0747913503
	34.9235712253	55.0788273005
	34.9335663322	55.0850426574
	34.9341289903	55.0853661561
	34.9347468568	55.0857199149
	34.9432433994	55.0936719083
	34.9523417299	55.1011387152
	34.9619089328	55.1079944758
	34.9719040397	55.1142098327
	34.975539382	55.1162528788
	34.9788402277	55.1206944639
	34.9863070346	55.1297927945
	34.9943529138	55.1383832922
	35.0029434116	55.1464291714
	35.0117983572	55.1537088923
	35.0154146902	55.1564936213
	35.0156580752	55.1566807074
	35.025225278	55.163536468
	35.035220385	55.1697518249
	35.0456005954	55.175300163
	35.0490488326	55.1769553
	35.0621027267	55.1830511862
	35.0693753537	55.1862536096
	35.0803909635	55.1903995915
	35.0847567362	55.1918196976
	35.1021761023	55.1990310445
	35.1057029985	55.2004476621
	35.1086497859	55.2099914218
	35.1127957678	55.2210070315
	35.1176533282	55.2317278958
	35.1232016663	55.2421081063
	35.1294170232	55.2521032132
	35.132866137	55.2569164459
	35.1333493567	55.2582003299
	35.1382069171	55.2689211941
	35.1431680491	55.2782765776
	35.1453805736	55.2821675688
	35.1459677796	55.2831923958
	35.1521831365	55.2931875027
	35.1590388971	55.3027547056
	35.166505704	55.3118530362
	35.1691976172	55.3148540526
	35.172249375	55.3181804686
	35.1776033411	55.32376995
	35.1861938388	55.3318158292
	35.1952921694	55.3392826361
	35.2048593723	55.3461383967
	35.2148544792	55.3523537536
	35.2252346896	55.3579020917
	35.2359555539	55.3627596521
	35.2413172594	55.3648805092
	35.2425828943	55.366158866
	35.2511733921	55.3742047452
	35.2602717226	55.3816715521
	35.2698389255	55.3885273127
	35.2798340324	55.3947426696
	35.2902142429	55.4002910077
	35.3009351072	55.4051485681
	35.303035172	55.4060029768
	35.3094133459	55.4085511946
	35.3183288907	55.4118427678
	35.3295920754	55.4152594175
	35.3410546043	55.4179321044
	35.3526673932	55.4198493836
	35.3600417443	55.4206658893
	35.3661528893	55.4212152057
	35.3704918592	55.4215523614
	35.37465665	55.4217768742
	35.3813323702	55.4220591617
	35.3889312744	55.4222197525
	35.4006949694	55.421834649
	35.4124082904	55.4206809876
	35.4146125017	55.4203769158
	35.4223868548	55.4192553948
	35.4317954323	55.4176421874
	35.4371587285	55.4164648902
	35.4383684167	55.4177564612
	35.4469589145	55.4258023404
	35.4560572451	55.4332691473
	35.4656244479	55.4401249079
	35.4756195549	55.4463402648
	35.4859997653	55.4518886029
	35.4967206296	55.4567461633
	35.5058039675	55.4602239558
	35.5105265628	55.4618871638
	35.5124588346	55.4625553533
	35.5237220193	55.465972003
	35.5351845482	55.4686446899
	35.546797337	55.4705619691
	35.558510658	55.4717156305
	35.570274353	55.472100734
	35.5807084605	55.4717978326
	35.5951509044	55.4709585992
	35.5964804919	55.4708763971
	35.6071587833	55.4698559464
	35.6382313557	55.4659484336
	35.6476004983	55.4687338438
	35.6590630272	55.4714065307
	35.6699301127	55.4732240491
	35.6760488871	55.4740556531
	35.6767945904	55.4741554139
	35.6885079115	55.4753090753
	35.7002716064	55.4756941788
	35.7120353014	55.4753090753
	35.7223625926	55.4743324139
	35.7384194164	55.4723452664
	35.7478705675	55.4719750299
	35.7595838886	55.4708213685
	35.7711966774	55.4689040893
	35.7720648196	55.4687291822
	35.7856756594	55.4659520826
	35.7962700462	55.4634543028
	35.8028738301	55.4615488687
	35.8145391743	55.4579401651
	35.8191985751	55.4564289494
	35.8302141848	55.4522829675
	35.830687604	55.4520860799
	35.8406821109	55.447912801
	35.850929556	55.4432521283
	35.8613097664	55.4377037902
	35.8635008631	55.436418043
	35.87051178	55.432237159
	35.8894697908	55.4236899707
	35.8950961209	55.4210353314
	35.9030116625	55.4168842052
	35.9044079746	55.4170759584
	35.9054017682	55.4172096131
	35.9171150892	55.4183632745
	35.9288787842	55.418748378
	35.9406424792	55.4183632745
	35.9523558002	55.4172096131
	35.963968589	55.4152923339
	35.9655468038	55.4149710553
	35.9722148946	55.4135825055
	35.9820992088	55.4112310972
	35.9933623934	55.4078144475
	36.0043780032	55.4036684656
	36.0047434899	55.4035166047
	36.0062063687	55.4029068857
	36.0082167736	55.4032417999
	36.0142961163	55.4041480897
	36.0260094373	55.4053017511
	36.0377731323	55.4056868546
	36.0495368273	55.4053017511
	36.0612501483	55.4041480897
	36.0728629372	55.4022308105
	36.0843254661	55.3995581236
	36.0955886508	55.3961414739
	36.1066042605	55.3919954919
	36.115953918	55.387806921
	36.1239722511	55.3863998168
	36.1255907197	55.386070151
	36.1322511811	55.3846816012
	36.1420952415	55.3823385801
	36.1533584262	55.3789219304
	36.1643740359	55.3747759485
	36.1750949002	55.3699183881
	36.1758702808	55.3695336905
	36.1792077359	55.3678678252
	36.1795659395	55.3680645668
	36.1822941458	55.3694881204
	36.1853413165	55.3762133694
	36.1908896546	55.3865935799
	36.1971050115	55.3965886868
	36.2039607721	55.4061558897
	36.211427579	55.4152542202
	36.2194734582	55.423844718
	36.228063956	55.4318905972
	36.2371622866	55.4393574041
	36.2467294894	55.4462131648
	36.2567245964	55.4524285217
	36.2671048068	55.4579768597
	36.2778256711	55.4628344202
	36.2888412809	55.4669804021
	36.3001044655	55.4703970518
	36.3115669945	55.4730697387
	36.3223100945	55.4748703623
	36.3287260365	55.4757469009
	36.3361470337	55.4772589706
	36.3365267418	55.4774019441
	36.3387753391	55.4785304486
	36.3494962033	55.483388009
	36.3584576726	55.4868228325
	36.3679028631	55.4901568779
	36.3699570035	55.4908680364
	36.3812201882	55.4942846861
	36.3924050444	55.4969019132
	36.3979592436	55.4980158048
	36.3982369163	55.4980712646
	36.4098497052	55.4999885438
	36.4215630262	55.5011422052
	36.4333267212	55.5015273087
	36.4403562123	55.5013898923
	36.4475736196	55.5011076047
	36.4523078234	55.5008599176
	36.4640211444	55.4997062562
	36.4756339333	55.497788977
	36.4870964622	55.4951162901
END
END
