none
1
   -1.607695E+00   5.269550E+01
   -1.613048E+00   5.269808E+01
   -1.610787E+00   5.270493E+01
   -1.616360E+00   5.270675E+01
   -1.623963E+00   5.269894E+01
   -1.635514E+00   5.270029E+01
   -1.637570E+00   5.269783E+01
   -1.648297E+00   5.269655E+01
   -1.657143E+00   5.269774E+01
   -1.656347E+00   5.270656E+01
   -1.660985E+00   5.271345E+01
   -1.657937E+00   5.271975E+01
   -1.678399E+00   5.272549E+01
   -1.703169E+00   5.272671E+01
   -1.707315E+00   5.273167E+01
   -1.700771E+00   5.273957E+01
   -1.706378E+00   5.273903E+01
   -1.709290E+00   5.274559E+01
   -1.703773E+00   5.275397E+01
   -1.686864E+00   5.276105E+01
   -1.683961E+00   5.277063E+01
   -1.672165E+00   5.277411E+01
   -1.672400E+00   5.278132E+01
   -1.666099E+00   5.278643E+01
   -1.651811E+00   5.278130E+01
   -1.638630E+00   5.278813E+01
   -1.627028E+00   5.278187E+01
   -1.619521E+00   5.278683E+01
   -1.612838E+00   5.278323E+01
   -1.615403E+00   5.278843E+01
   -1.610546E+00   5.279637E+01
   -1.591961E+00   5.280064E+01
   -1.593073E+00   5.280797E+01
   -1.612358E+00   5.281571E+01
   -1.600141E+00   5.283040E+01
   -1.608494E+00   5.283292E+01
   -1.617827E+00   5.284363E+01
   -1.631244E+00   5.284586E+01
   -1.633160E+00   5.285120E+01
   -1.639662E+00   5.285359E+01
   -1.643444E+00   5.285418E+01
   -1.647163E+00   5.285011E+01
   -1.654274E+00   5.285077E+01
   -1.657517E+00   5.285472E+01
   -1.667592E+00   5.285313E+01
   -1.670144E+00   5.285916E+01
   -1.687052E+00   5.286107E+01
   -1.692353E+00   5.286401E+01
   -1.711960E+00   5.286309E+01
   -1.726183E+00   5.285818E+01
   -1.730945E+00   5.286098E+01
   -1.731199E+00   5.286458E+01
   -1.737178E+00   5.286409E+01
   -1.742169E+00   5.286801E+01
   -1.752753E+00   5.286716E+01
   -1.753102E+00   5.287267E+01
   -1.774463E+00   5.287750E+01
   -1.777910E+00   5.288173E+01
   -1.783326E+00   5.288226E+01
   -1.788238E+00   5.287830E+01
   -1.801165E+00   5.288439E+01
   -1.810855E+00   5.287895E+01
   -1.823814E+00   5.288098E+01
   -1.834401E+00   5.288602E+01
   -1.836908E+00   5.289148E+01
   -1.834391E+00   5.290013E+01
   -1.849217E+00   5.290827E+01
   -1.849845E+00   5.291916E+01
   -1.857176E+00   5.292017E+01
   -1.855129E+00   5.293221E+01
   -1.836415E+00   5.294674E+01
   -1.830593E+00   5.294834E+01
   -1.836180E+00   5.295490E+01
   -1.829289E+00   5.296243E+01
   -1.831884E+00   5.297145E+01
   -1.828241E+00   5.297802E+01
   -1.806241E+00   5.298206E+01
   -1.805864E+00   5.298679E+01
   -1.797366E+00   5.298743E+01
   -1.790796E+00   5.299396E+01
   -1.771944E+00   5.299763E+01
   -1.766001E+00   5.300113E+01
   -1.767772E+00   5.300957E+01
   -1.763205E+00   5.301643E+01
   -1.759529E+00   5.301699E+01
   -1.765433E+00   5.302133E+01
   -1.764047E+00   5.302620E+01
   -1.758900E+00   5.302924E+01
   -1.763190E+00   5.303294E+01
   -1.760976E+00   5.303743E+01
   -1.769063E+00   5.304251E+01
   -1.779708E+00   5.304153E+01
   -1.786289E+00   5.304931E+01
   -1.785507E+00   5.305577E+01
   -1.780274E+00   5.305903E+01
   -1.787162E+00   5.306232E+01
   -1.785979E+00   5.306625E+01
   -1.792360E+00   5.307598E+01
   -1.790928E+00   5.308059E+01
   -1.795939E+00   5.308826E+01
   -1.793452E+00   5.309281E+01
   -1.786764E+00   5.309383E+01
   -1.788054E+00   5.310008E+01
   -1.785675E+00   5.310270E+01
   -1.789614E+00   5.310477E+01
   -1.788619E+00   5.310760E+01
   -1.802009E+00   5.311382E+01
   -1.811026E+00   5.312278E+01
   -1.812225E+00   5.312834E+01
   -1.823507E+00   5.313619E+01
   -1.818568E+00   5.314997E+01
   -1.814573E+00   5.315295E+01
   -1.831449E+00   5.316652E+01
   -1.834348E+00   5.317184E+01
   -1.875516E+00   5.319346E+01
   -1.890559E+00   5.319745E+01
   -1.908517E+00   5.319689E+01
   -1.923675E+00   5.320173E+01
   -1.938216E+00   5.321014E+01
   -1.955431E+00   5.321140E+01
   -1.962365E+00   5.321836E+01
   -1.963560E+00   5.322346E+01
   -1.988353E+00   5.321215E+01
   -1.991255E+00   5.321526E+01
   -1.991582E+00   5.322407E+01
   -1.976717E+00   5.323006E+01
   -1.982899E+00   5.323691E+01
   -2.000859E+00   5.324378E+01
   -2.003547E+00   5.324831E+01
   -2.002534E+00   5.325470E+01
   -2.011118E+00   5.326019E+01
   -2.006940E+00   5.326883E+01
   -2.010974E+00   5.327994E+01
   -2.011011E+00   5.330256E+01
   -2.003892E+00   5.331880E+01
   -2.012236E+00   5.332274E+01
   -2.016014E+00   5.334020E+01
   -2.007756E+00   5.334583E+01
   -2.008961E+00   5.335348E+01
   -2.012218E+00   5.335499E+01
   -2.011638E+00   5.335993E+01
   -2.018462E+00   5.336417E+01
   -2.021955E+00   5.336501E+01
   -2.026684E+00   5.336195E+01
   -2.032924E+00   5.336452E+01
   -2.035756E+00   5.336823E+01
   -2.031998E+00   5.337167E+01
   -2.035550E+00   5.337522E+01
   -2.033975E+00   5.337723E+01
   -2.024948E+00   5.337568E+01
   -2.020724E+00   5.338196E+01
   -2.006492E+00   5.338760E+01
   -2.006522E+00   5.339364E+01
   -1.995104E+00   5.341176E+01
   -1.995623E+00   5.341354E+01
   -2.014158E+00   5.341425E+01
   -2.024689E+00   5.341916E+01
   -2.021732E+00   5.342548E+01
   -2.025747E+00   5.342619E+01
   -2.029005E+00   5.343288E+01
   -2.014006E+00   5.344155E+01
   -2.007113E+00   5.343745E+01
   -2.009379E+00   5.344281E+01
   -1.996827E+00   5.344743E+01
   -1.996277E+00   5.345176E+01
   -1.989000E+00   5.345583E+01
   -1.989550E+00   5.346158E+01
   -1.983695E+00   5.346368E+01
   -1.990126E+00   5.346944E+01
   -1.989712E+00   5.348085E+01
   -1.976074E+00   5.348910E+01
   -1.972704E+00   5.349511E+01
   -1.972769E+00   5.350556E+01
   -1.963455E+00   5.351153E+01
   -1.958610E+00   5.350740E+01
   -1.951342E+00   5.350590E+01
   -1.922664E+00   5.351152E+01
   -1.919493E+00   5.351393E+01
   -1.928370E+00   5.352155E+01
   -1.925082E+00   5.352396E+01
   -1.923779E+00   5.353187E+01
   -1.917140E+00   5.353417E+01
   -1.912672E+00   5.353954E+01
   -1.900838E+00   5.354008E+01
   -1.893589E+00   5.353550E+01
   -1.884289E+00   5.354084E+01
   -1.872276E+00   5.354172E+01
   -1.839606E+00   5.352164E+01
   -1.826424E+00   5.352521E+01
   -1.820963E+00   5.352278E+01
   -1.817935E+00   5.351555E+01
   -1.799310E+00   5.351276E+01
   -1.799139E+00   5.351038E+01
   -1.804436E+00   5.350751E+01
   -1.795926E+00   5.350500E+01
   -1.793210E+00   5.349786E+01
   -1.797350E+00   5.349176E+01
   -1.799222E+00   5.348201E+01
   -1.778088E+00   5.347583E+01
   -1.774757E+00   5.346917E+01
   -1.767522E+00   5.346610E+01
   -1.747474E+00   5.346558E+01
   -1.743751E+00   5.346276E+01
   -1.745205E+00   5.345378E+01
   -1.742112E+00   5.344508E+01
   -1.747274E+00   5.343792E+01
   -1.742523E+00   5.343318E+01
   -1.743961E+00   5.342748E+01
   -1.741574E+00   5.342518E+01
   -1.728588E+00   5.341763E+01
   -1.722458E+00   5.342075E+01
   -1.711733E+00   5.342043E+01
   -1.701422E+00   5.341633E+01
   -1.702076E+00   5.340613E+01
   -1.693721E+00   5.340297E+01
   -1.681470E+00   5.340363E+01
   -1.667543E+00   5.339510E+01
   -1.653571E+00   5.339438E+01
   -1.651850E+00   5.338476E+01
   -1.661187E+00   5.337382E+01
   -1.661997E+00   5.336770E+01
   -1.629893E+00   5.335769E+01
   -1.625099E+00   5.335368E+01
   -1.589258E+00   5.334701E+01
   -1.591065E+00   5.334328E+01
   -1.610342E+00   5.334158E+01
   -1.625815E+00   5.332751E+01
   -1.625498E+00   5.332455E+01
   -1.630262E+00   5.332061E+01
   -1.627253E+00   5.331798E+01
   -1.608670E+00   5.332423E+01
   -1.597490E+00   5.331491E+01
   -1.587985E+00   5.332249E+01
   -1.583786E+00   5.332240E+01
   -1.577491E+00   5.331739E+01
   -1.579492E+00   5.331319E+01
   -1.561933E+00   5.331736E+01
   -1.555217E+00   5.331155E+01
   -1.557671E+00   5.330744E+01
   -1.547761E+00   5.330912E+01
   -1.537810E+00   5.330680E+01
   -1.532720E+00   5.331149E+01
   -1.517474E+00   5.331397E+01
   -1.510938E+00   5.331767E+01
   -1.479560E+00   5.332108E+01
   -1.468935E+00   5.331882E+01
   -1.459474E+00   5.332151E+01
   -1.456995E+00   5.332413E+01
   -1.461923E+00   5.332614E+01
   -1.462798E+00   5.332914E+01
   -1.444143E+00   5.333827E+01
   -1.436648E+00   5.334101E+01
   -1.417644E+00   5.333589E+01
   -1.409889E+00   5.334332E+01
   -1.387578E+00   5.333762E+01
   -1.388119E+00   5.333238E+01
   -1.380528E+00   5.332372E+01
   -1.353485E+00   5.332014E+01
   -1.343317E+00   5.331344E+01
   -1.321355E+00   5.333487E+01
   -1.312668E+00   5.333568E+01
   -1.298501E+00   5.333397E+01
   -1.287373E+00   5.332741E+01
   -1.288336E+00   5.332278E+01
   -1.293330E+00   5.331977E+01
   -1.289587E+00   5.331086E+01
   -1.273670E+00   5.331218E+01
   -1.266821E+00   5.330724E+01
   -1.243839E+00   5.330331E+01
   -1.230606E+00   5.331032E+01
   -1.219372E+00   5.330571E+01
   -1.204138E+00   5.330590E+01
   -1.199706E+00   5.331311E+01
   -1.187004E+00   5.330589E+01
   -1.178730E+00   5.330794E+01
   -1.172563E+00   5.330304E+01
   -1.169961E+00   5.329405E+01
   -1.177151E+00   5.328747E+01
   -1.164792E+00   5.327752E+01
   -1.179381E+00   5.326989E+01
   -1.173563E+00   5.326710E+01
   -1.173229E+00   5.326426E+01
   -1.201136E+00   5.325991E+01
   -1.201335E+00   5.325623E+01
   -1.211010E+00   5.324712E+01
   -1.200356E+00   5.323597E+01
   -1.208998E+00   5.321553E+01
   -1.200267E+00   5.320774E+01
   -1.199797E+00   5.319946E+01
   -1.193922E+00   5.319201E+01
   -1.194055E+00   5.318584E+01
   -1.198571E+00   5.318120E+01
   -1.217933E+00   5.317727E+01
   -1.239726E+00   5.317697E+01
   -1.254400E+00   5.316307E+01
   -1.268302E+00   5.316623E+01
   -1.282324E+00   5.316574E+01
   -1.290131E+00   5.316968E+01
   -1.295342E+00   5.316946E+01
   -1.301562E+00   5.316217E+01
   -1.316200E+00   5.316334E+01
   -1.321786E+00   5.316091E+01
   -1.323744E+00   5.315666E+01
   -1.319957E+00   5.314493E+01
   -1.313261E+00   5.313590E+01
   -1.319453E+00   5.313045E+01
   -1.313587E+00   5.312684E+01
   -1.309932E+00   5.312051E+01
   -1.309029E+00   5.310955E+01
   -1.299629E+00   5.310439E+01
   -1.299906E+00   5.310001E+01
   -1.306858E+00   5.309717E+01
   -1.300906E+00   5.308811E+01
   -1.306586E+00   5.308481E+01
   -1.328846E+00   5.308084E+01
   -1.341015E+00   5.306957E+01
   -1.342799E+00   5.306440E+01
   -1.331911E+00   5.304960E+01
   -1.330992E+00   5.303515E+01
   -1.317125E+00   5.301704E+01
   -1.317831E+00   5.301130E+01
   -1.302730E+00   5.300251E+01
   -1.299066E+00   5.299146E+01
   -1.293170E+00   5.298771E+01
   -1.295023E+00   5.298367E+01
   -1.285939E+00   5.296905E+01
   -1.289887E+00   5.295625E+01
   -1.281044E+00   5.295224E+01
   -1.276206E+00   5.293615E+01
   -1.276792E+00   5.293190E+01
   -1.283765E+00   5.292548E+01
   -1.280922E+00   5.292203E+01
   -1.280272E+00   5.291113E+01
   -1.274050E+00   5.290691E+01
   -1.244136E+00   5.290371E+01
   -1.245290E+00   5.289928E+01
   -1.237921E+00   5.289417E+01
   -1.238598E+00   5.289100E+01
   -1.244671E+00   5.288892E+01
   -1.238066E+00   5.288507E+01
   -1.237219E+00   5.288048E+01
   -1.243886E+00   5.287716E+01
   -1.253294E+00   5.287764E+01
   -1.266430E+00   5.287155E+01
   -1.278013E+00   5.287389E+01
   -1.289718E+00   5.287076E+01
   -1.305626E+00   5.287525E+01
   -1.308819E+00   5.287173E+01
   -1.317499E+00   5.287158E+01
   -1.318138E+00   5.286827E+01
   -1.324873E+00   5.286433E+01
   -1.332558E+00   5.286547E+01
   -1.339457E+00   5.286290E+01
   -1.344147E+00   5.286597E+01
   -1.341825E+00   5.286216E+01
   -1.349985E+00   5.285670E+01
   -1.350178E+00   5.285189E+01
   -1.358547E+00   5.285425E+01
   -1.368563E+00   5.284741E+01
   -1.381036E+00   5.284402E+01
   -1.387767E+00   5.283774E+01
   -1.387549E+00   5.283121E+01
   -1.417335E+00   5.280028E+01
   -1.439698E+00   5.280110E+01
   -1.441430E+00   5.279234E+01
   -1.467310E+00   5.278267E+01
   -1.468423E+00   5.278076E+01
   -1.461022E+00   5.277230E+01
   -1.469428E+00   5.276519E+01
   -1.486256E+00   5.276141E+01
   -1.493079E+00   5.275622E+01
   -1.504686E+00   5.276620E+01
   -1.518634E+00   5.276523E+01
   -1.528716E+00   5.275969E+01
   -1.537405E+00   5.275846E+01
   -1.548037E+00   5.276247E+01
   -1.552479E+00   5.276135E+01
   -1.552367E+00   5.275812E+01
   -1.559077E+00   5.275053E+01
   -1.555160E+00   5.274110E+01
   -1.544099E+00   5.273195E+01
   -1.544991E+00   5.272735E+01
   -1.549261E+00   5.272495E+01
   -1.549208E+00   5.271940E+01
   -1.563965E+00   5.270975E+01
   -1.576644E+00   5.271021E+01
   -1.589073E+00   5.270462E+01
   -1.599763E+00   5.269588E+01
   -1.607695E+00   5.269550E+01
END
END
