none
1
   -8.952723E+01   3.011013E+01
   -8.957322E+01   3.017819E+01
   -8.961887E+01   3.022586E+01
   -8.961456E+01   3.024230E+01
   -8.963606E+01   3.025432E+01
   -8.963538E+01   3.027696E+01
   -8.964882E+01   3.028999E+01
   -8.964202E+01   3.030676E+01
   -8.962950E+01   3.031266E+01
   -8.963452E+01   3.032131E+01
   -8.963262E+01   3.033979E+01
   -8.965754E+01   3.035598E+01
   -8.968502E+01   3.040703E+01
   -8.968523E+01   3.043882E+01
   -8.968466E+01   3.045204E+01
   -8.969476E+01   3.046174E+01
   -8.970267E+01   3.046462E+01
   -8.971616E+01   3.047670E+01
   -8.972542E+01   3.049095E+01
   -8.975500E+01   3.050191E+01
   -8.976849E+01   3.051430E+01
   -8.977895E+01   3.054193E+01
   -8.979598E+01   3.054624E+01
   -8.981173E+01   3.056965E+01
   -8.981009E+01   3.058832E+01
   -8.982465E+01   3.059399E+01
   -8.982379E+01   3.064460E+01
   -8.985345E+01   3.066127E+01
   -8.983855E+01   3.069173E+01
   -8.984852E+01   3.070556E+01
   -8.983394E+01   3.072177E+01
   -8.983918E+01   3.073162E+01
   -8.983592E+01   3.073718E+01
   -8.982654E+01   3.073791E+01
   -8.983204E+01   3.076795E+01
   -8.982170E+01   3.079252E+01
   -8.980259E+01   3.082394E+01
   -8.979578E+01   3.083164E+01
   -8.978869E+01   3.085719E+01
   -8.978408E+01   3.087412E+01
   -8.977788E+01   3.089981E+01
   -8.976150E+01   3.094265E+01
   -8.973508E+01   3.098159E+01
   -8.973901E+01   3.099982E+01
   -8.974599E+01   3.099508E+01
   -8.975427E+01   3.100157E+01
   -9.057162E+01   3.099960E+01
   -9.138981E+01   3.099884E+01
   -9.163878E+01   3.099905E+01
   -9.158129E+01   3.102815E+01
   -9.156496E+01   3.105386E+01
   -9.157093E+01   3.106641E+01
   -9.163059E+01   3.111494E+01
   -9.162871E+01   3.113592E+01
   -9.160130E+01   3.116616E+01
   -9.159392E+01   3.118830E+01
   -9.160490E+01   3.120478E+01
   -9.164803E+01   3.123102E+01
   -9.165857E+01   3.125783E+01
   -9.163871E+01   3.127257E+01
   -9.156462E+01   3.126662E+01
   -9.151959E+01   3.128131E+01
   -9.151314E+01   3.131271E+01
   -9.155317E+01   3.134455E+01
   -9.155317E+01   3.138042E+01
   -9.157275E+01   3.137438E+01
   -9.158328E+01   3.139831E+01
   -9.158106E+01   3.141193E+01
   -9.156832E+01   3.142734E+01
   -9.154320E+01   3.143768E+01
   -9.151806E+01   3.144267E+01
   -9.152001E+01   3.150765E+01
   -9.152723E+01   3.152381E+01
   -9.151491E+01   3.153699E+01
   -9.147964E+01   3.153563E+01
   -9.145181E+01   3.154434E+01
   -9.143925E+01   3.154904E+01
   -9.141482E+01   3.156567E+01
   -9.141034E+01   3.157740E+01
   -9.140924E+01   3.158717E+01
   -9.142288E+01   3.159204E+01
   -9.146987E+01   3.158305E+01
   -9.149275E+01   3.158720E+01
   -9.152120E+01   3.160994E+01
   -9.151952E+01   3.163329E+01
   -9.149711E+01   3.165034E+01
   -9.147186E+01   3.162973E+01
   -9.143558E+01   3.161754E+01
   -9.140480E+01   3.162412E+01
   -9.140283E+01   3.171026E+01
   -9.137503E+01   3.174677E+01
   -9.136980E+01   3.176514E+01
   -9.134716E+01   3.184966E+01
   -9.133501E+01   3.185812E+01
   -9.129130E+01   3.186469E+01
   -9.127215E+01   3.186496E+01
   -9.123794E+01   3.188091E+01
   -9.118808E+01   3.191986E+01
   -9.119821E+01   3.193548E+01
   -9.118842E+01   3.196902E+01
   -9.116598E+01   3.198730E+01
   -9.110597E+01   3.199505E+01
   -9.108383E+01   3.201523E+01
   -9.109068E+01   3.203010E+01
   -9.115916E+01   3.204855E+01
   -9.116478E+01   3.207259E+01
   -9.113779E+01   3.208652E+01
   -9.110126E+01   3.205468E+01
   -9.108438E+01   3.205266E+01
   -9.108552E+01   3.208074E+01
   -9.111156E+01   3.212004E+01
   -9.116431E+01   3.212792E+01
   -9.117947E+01   3.215411E+01
   -9.116774E+01   3.220039E+01
   -9.113484E+01   3.221827E+01
   -9.111147E+01   3.221240E+01
   -9.108519E+01   3.223123E+01
   -9.106180E+01   3.222523E+01
   -9.105353E+01   3.224177E+01
   -9.103980E+01   3.224729E+01
   -9.099125E+01   3.222014E+01
   -9.097540E+01   3.225432E+01
   -9.098795E+01   3.226973E+01
   -9.098333E+01   3.229688E+01
   -9.096271E+01   3.230166E+01
   -9.094920E+01   3.228839E+01
   -9.090618E+01   3.232441E+01
   -9.091393E+01   3.233470E+01
   -9.098823E+01   3.234701E+01
   -9.100748E+01   3.235911E+01
   -9.099844E+01   3.240632E+01
   -9.102946E+01   3.242854E+01
   -9.105394E+01   3.243355E+01
   -9.109793E+01   3.245448E+01
   -9.112077E+01   3.248162E+01
   -9.112141E+01   3.250185E+01
   -9.110209E+01   3.254745E+01
   -9.111935E+01   3.257982E+01
   -9.114459E+01   3.259358E+01
   -9.115620E+01   3.261485E+01
   -9.115576E+01   3.264489E+01
   -9.112085E+01   3.267835E+01
   -9.106757E+01   3.270645E+01
   -9.105963E+01   3.272078E+01
   -9.116638E+01   3.274300E+01
   -9.116640E+01   3.281407E+01
   -9.114655E+01   3.284874E+01
   -9.117654E+01   3.289513E+01
   -9.121554E+01   3.291655E+01
   -9.121892E+01   3.293135E+01
   -9.120603E+01   3.296393E+01
   -9.117356E+01   3.299432E+01
   -9.116641E+01   3.302263E+01
   -9.113251E+01   3.303735E+01
   -9.112537E+01   3.305550E+01
   -9.120345E+01   3.310316E+01
   -9.120676E+01   3.312552E+01
   -9.118399E+01   3.314668E+01
   -9.116110E+01   3.314675E+01
   -9.114782E+01   3.313541E+01
   -9.113162E+01   3.313411E+01
   -9.109404E+01   3.314264E+01
   -9.108938E+01   3.318056E+01
   -9.109626E+01   3.322290E+01
   -9.110085E+01   3.323318E+01
   -9.113221E+01   3.326568E+01
   -9.113053E+01   3.327835E+01
   -9.114655E+01   3.329876E+01
   -9.114587E+01   3.335297E+01
   -9.116591E+01   3.337472E+01
   -9.120755E+01   3.339468E+01
   -9.121334E+01   3.341059E+01
   -9.120065E+01   3.342315E+01
   -9.121020E+01   3.342880E+01
   -9.124048E+01   3.343854E+01
   -9.123534E+01   3.346049E+01
   -9.121152E+01   3.347267E+01
   -9.119020E+01   3.350099E+01
   -9.123024E+01   3.353809E+01
   -9.123548E+01   3.356351E+01
   -9.118000E+01   3.358728E+01
   -9.115408E+01   3.358739E+01
   -9.113549E+01   3.360623E+01
   -9.114263E+01   3.362192E+01
   -9.117359E+01   3.364338E+01
   -9.122225E+01   3.365766E+01
   -9.123293E+01   3.366963E+01
   -9.123275E+01   3.368410E+01
   -9.121387E+01   3.370292E+01
   -9.116069E+01   3.371209E+01
   -9.115149E+01   3.373132E+01
   -9.114993E+01   3.376866E+01
   -9.113389E+01   3.378812E+01
   -9.110595E+01   3.377620E+01
   -9.105248E+01   3.378350E+01
   -9.105005E+01   3.381152E+01
   -9.107788E+01   3.385633E+01
   -9.107461E+01   3.387004E+01
   -9.101568E+01   3.392781E+01
   -9.108655E+01   3.395182E+01
   -9.109249E+01   3.397737E+01
   -9.107642E+01   3.398848E+01
   -9.104511E+01   3.399132E+01
   -9.101849E+01   3.400814E+01
   -9.099166E+01   3.402239E+01
   -9.089509E+01   3.403115E+01
   -9.089236E+01   3.405753E+01
   -9.092277E+01   3.408919E+01
   -9.094959E+01   3.410559E+01
   -9.096340E+01   3.412430E+01
   -9.095786E+01   3.414201E+01
   -9.091090E+01   3.417043E+01
   -9.091894E+01   3.419284E+01
   -9.094010E+01   3.421797E+01
   -9.094195E+01   3.423550E+01
   -9.093248E+01   3.424815E+01
   -9.090477E+01   3.424892E+01
   -9.089177E+01   3.422854E+01
   -9.084936E+01   3.421321E+01
   -9.083185E+01   3.427714E+01
   -9.080364E+01   3.428741E+01
   -9.076681E+01   3.428541E+01
   -9.074735E+01   3.430490E+01
   -9.074910E+01   3.432243E+01
   -9.077239E+01   3.434506E+01
   -9.076868E+01   3.436617E+01
   -9.075065E+01   3.437289E+01
   -9.068146E+01   3.437350E+01
   -9.066229E+01   3.437901E+01
   -9.061622E+01   3.439518E+01
   -9.057524E+01   3.442321E+01
   -9.057201E+01   3.443849E+01
   -9.058995E+01   3.445901E+01
   -9.059377E+01   3.449239E+01
   -9.058252E+01   3.451927E+01
   -9.054577E+01   3.454838E+01
   -9.059173E+01   3.461357E+01
   -9.059341E+01   3.467121E+01
   -9.057064E+01   3.469712E+01
   -9.055383E+01   3.470264E+01
   -9.057317E+01   3.472721E+01
   -9.056728E+01   3.474199E+01
   -9.054838E+01   3.475138E+01
   -9.055201E+01   3.478696E+01
   -9.053832E+01   3.480323E+01
   -9.051255E+01   3.480628E+01
   -9.046186E+01   3.482188E+01
   -9.048999E+01   3.486853E+01
   -9.048347E+01   3.488673E+01
   -9.046765E+01   3.489576E+01
   -9.043293E+01   3.488617E+01
   -9.042041E+01   3.483835E+01
   -9.034138E+01   3.486526E+01
   -9.031061E+01   3.485017E+01
   -9.031757E+01   3.487457E+01
   -9.025351E+01   3.491111E+01
   -9.024949E+01   3.493703E+01
   -9.025688E+01   3.495085E+01
   -9.030591E+01   3.497845E+01
   -9.031123E+01   3.500031E+01
   -8.819915E+01   3.500055E+01
   -8.815071E+01   3.492557E+01
   -8.809292E+01   3.489161E+01
   -8.823806E+01   3.379500E+01
   -8.846822E+01   3.189364E+01
   -8.837733E+01   3.004168E+01
   -8.952723E+01   3.011013E+01
END
END
