Хакасия
1
	89.4757677737	55.1803331995
	89.4758716643	55.1802901285
	89.4825075961	55.1883140652
	89.4905534753	55.196904563
	89.4991439731	55.2049504422
	89.5082423037	55.2124172491
	89.5178095065	55.2192730097
	89.5278046135	55.2254883666
	89.5381848239	55.2310367047
	89.5394036965	55.2316320826
	89.5577752785	55.2405203273
	89.5672772702	55.2447825098
	89.57829288	55.2489284917
	89.5895560647	55.2523451414
	89.6010185936	55.2550178283
	89.6126313824	55.2569351075
	89.6131786636	55.2570063044
	89.6326183609	55.2595049311
	89.6437844007	55.2605873956
	89.6555480957	55.2609724991
	89.6673117907	55.2605873956
	89.6790251117	55.2594337342
	89.6906379006	55.257516455
	89.7019568414	55.2548821788
	89.7186118097	55.2504342418
	89.7187553977	55.2503958311
	89.7300185824	55.2469791814
	89.7410341922	55.2428331995
	89.7517550564	55.237975639
	89.7521636248	55.2377572547
	89.7990765577	55.2432528997
	89.8032786196	55.2465778631
	89.8128458224	55.2534336237
	89.8228409294	55.2596489806
	89.8332211398	55.2651973187
	89.8439420041	55.2700548791
	89.8549576139	55.2742008611
	89.8662207986	55.2776175108
	89.8776833275	55.2802901977
	89.8881849358	55.2820576623
	89.9092816596	55.2849690022
	89.9130475347	55.2863504341
	89.9171753263	55.2878078862
	89.928438511	55.2912245359
	89.9399010399	55.2938972228
	89.9515138287	55.295814502
	89.9632271497	55.2969681634
	89.9671001497	55.2971801002
	90.0557079378	55.3010710914
	90.0596603934	55.3012011379
	90.0598751926	55.301307243
	90.0705960569	55.3061648035
	90.0816116666	55.3103107854
	90.0928748513	55.3137274351
	90.1043373802	55.316400122
	90.108916051	55.3172494123
	90.1347568103	55.3216973493
	90.1417909283	55.3227653382
	90.1535042494	55.3239189996
	90.1652679443	55.3243041031
	90.1770316393	55.3239189996
	90.1887449603	55.3227653382
	90.2003577492	55.320848059
	90.2118202781	55.3181753721
	90.2163084919	55.3169101788
	90.248237508	55.3074611737
	90.2550124789	55.3053097173
	90.2660280886	55.3011637353
	90.2767489529	55.2963061749
	90.2871291634	55.2907578369
	90.2971242703	55.2845424799
	90.3066914732	55.2776867193
	90.3157898037	55.2702199124
	90.3243803015	55.2621740332
	90.3277124481	55.2587522046
	90.328877462	55.2585472771
	90.3437070203	55.2578291208
	90.3598151333	55.2605961904
	90.3667894024	55.261653888
	90.3785027235	55.2628075494
	90.3902664185	55.2631926529
	90.4020301134	55.2628075494
	90.4137434345	55.261653888
	90.4253562233	55.2597366088
	90.4368187522	55.2570639219
	90.4377235581	55.2568189511
	90.4410575295	55.2577467527
	90.4525200584	55.2604194396
	90.4641328473	55.2623367188
	90.4758461683	55.2634903802
	90.4876098633	55.2638754837
	90.4993735583	55.2634903802
	90.5110868793	55.2623367188
	90.5226996681	55.2604194396
	90.5341621971	55.2577467527
	90.5454253817	55.254330103
	90.5564409915	55.2501841211
	90.5671618558	55.2453265607
	90.5775420662	55.2397782226
	90.5875371732	55.2335628657
	90.597104376	55.2267071051
	90.6062027066	55.2192402982
	90.6147932044	55.211194419
	90.6228390836	55.2026039212
	90.6303058905	55.1935055906
	90.6371616511	55.1839383878
	90.6417304982	55.1767366643
	90.6596092236	55.1470201577
	90.6823234676	55.1189350299
	90.6851688665	55.1153233702
	90.6920246272	55.1057561673
	90.6924151775	55.1051281112
	90.7026680677	55.1061379327
	90.7144317627	55.1065230362
	90.7261954577	55.1061379327
	90.7379087787	55.1049842713
	90.7495215676	55.1030669921
	90.7520494441	55.1025452829
	90.815670965	55.0889382578
	90.8246056175	55.0867872801
	90.8358688021	55.0833706304
	90.8468844119	55.0792246484
	90.8576052762	55.074367088
	90.8679854866	55.0688187499
	90.8779805936	55.062603393
	90.8875477964	55.0557476324
	90.896646127	55.0482808255
	90.9052366248	55.0402349463
	90.9084377105	55.0369511845
	90.9225943186	55.0363740677
	90.9270316393	55.0361382379
	90.9387449603	55.0349845765
	90.9503577492	55.0330672973
	90.9522146526	55.0326877549
	90.9799856487	55.0268588975
	90.9895912742	55.024565753
	91.0008544589	55.0211491033
	91.0118700686	55.0170031213
	91.0225909329	55.0121455609
	91.0329711434	55.0065972228
	91.0429662503	55.0003818659
	91.0525334532	54.9935261053
	91.0616317837	54.9860592984
	91.0702222815	54.9780134192
	91.0782681607	54.9694229214
	91.0857349676	54.9603245909
	91.0925907282	54.950757388
	91.0988060851	54.9407622811
	91.1020908794	54.9348162985
	91.1073704204	54.9248179769
	91.1096339642	54.9203837491
	91.1144915246	54.9096628848
	91.1186375066	54.898647275
	91.1220541563	54.8873840904
	91.1247268432	54.8759215615
	91.1266441224	54.8643087726
	91.1277977838	54.8525954516
	91.1281828873	54.8408317566
	91.1280251707	54.8333011303
	91.1251998358	54.765878904
	91.1952838789	54.7392326877
	91.2001940432	54.7372828149
	91.2081316629	54.7337681986
	91.3217409769	54.6801488139
	91.3245242215	54.6788058698
	91.3349044319	54.6732575317
	91.3448995389	54.6670421748
	91.3544667417	54.6601864142
	91.3635650723	54.6527196072
	91.3721555701	54.644673728
	91.3802014493	54.6360832303
	91.3876682562	54.6269848997
	91.3945240168	54.6174176968
	91.4007393737	54.6074225899
	91.4015761691	54.605957389
	91.4210311251	54.5715183021
	91.4257426678	54.5626032925
	91.4306002283	54.5518824282
	91.4347462102	54.5408668185
	91.4381628599	54.5296036338
	91.4408355468	54.5181411049
	91.4415725343	54.5142078358
	91.4491915851	54.4708885328
	91.4673980306	54.4487649593
	91.5217633763	54.4045870483
	91.526925668	54.4002286099
	91.5355161658	54.3921827307
	91.5392878706	54.3882957012
	91.6201060469	54.3024573833
	91.6243802213	54.2977539151
	91.6318470282	54.2886555845
	91.638498225	54.2793938567
	91.6720703061	54.2293713305
	91.6952556245	54.2037594482
	91.6971417569	54.2016426175
	91.7046085638	54.1925442869
	91.7114643244	54.182977084
	91.7176796813	54.1729819771
	91.7226571196	54.1637491146
	91.730187332	54.148749725
	91.7307582318	54.147602377
	91.7356157922	54.1368815127
	91.7397617742	54.125865903
	91.7431784239	54.1146027183
	91.7458511108	54.1031401894
	91.74776839	54.0915274005
	91.7489220514	54.0798140795
	91.7491200629	54.076252054
	91.7499440375	54.0582009065
	91.749746026	54.0382355421
	91.7485923646	54.026522221
	91.7466750854	54.0149094322
	91.7440023985	54.0034469033
	91.7405857488	53.9921837186
	91.7364397668	53.9811681089
	91.7347008389	53.9771114725
	91.7216469449	53.9476620096
	91.7185283124	53.9409977817
	91.7129799743	53.9306175712
	91.7067646174	53.9206224643
	91.7049297078	53.9179294624
	91.6865962728	53.8915393867
	91.6815754217	53.8846651857
	91.6741086148	53.8755668552
	91.6692715947	53.8702682999
	91.6749083992	53.8671471496
	91.6766675547	53.8661181685
	91.6930707529	53.8563983199
	91.7013067044	53.8512119441
	91.7108739073	53.8443561834
	91.7199722378	53.8368893765
	91.7285627356	53.8288434973
	91.7366086148	53.8202529995
	91.7440754217	53.811154669
	91.7509311823	53.8015874661
	91.7571465392	53.7915923592
	91.7626948773	53.7812121487
	91.7675524377	53.7704912844
	91.7716984197	53.7594756747
	91.7751150694	53.74821249
	91.7777877563	53.7367499611
	91.7797050355	53.7251371723
	91.7808586969	53.7134238512
	91.7812179904	53.7047071136
	91.7834638935	53.7044257996
	91.7950766823	53.7025085204
	91.8065392112	53.6998358335
	91.8178023959	53.6964191838
	91.8288180056	53.6922732019
	91.8395388699	53.6874156415
	91.8499190804	53.6818673034
	91.8599141873	53.6756519465
	91.8694813902	53.6687961859
	91.871151442	53.6674990416
	91.8958783096	53.6480593443
	91.9033065884	53.6418896817
	91.9085161373	53.6371371727
	91.9131951313	53.6367489611
	91.9218000751	53.6358260987
	91.9334128639	53.6339088195
	91.9448753929	53.6312361326
	91.9561385775	53.6278194829
	91.9671541873	53.623673501
	91.9778750516	53.6188159406
	91.988255262	53.6132676025
	91.998250369	53.6070522456
	92.0078175718	53.600196485
	92.0169159024	53.592729678
	92.0255064002	53.5846837988
	92.0335522794	53.5760933011
	92.0357505474	53.5735387702
	92.0416987065	53.5664941955
	92.0482457913	53.5623211054
	92.0578129942	53.5554653448
	92.0669113247	53.5479985379
	92.0755018225	53.5399526587
	92.0835477017	53.5313621609
	92.0910145086	53.5222638304
	92.0978702693	53.5126966275
	92.1040856262	53.5027015206
	92.1080220129	53.4955097946
	92.1139682917	53.4871381558
	92.1201836486	53.4771430489
	92.1257319867	53.4667628384
	92.1305895471	53.4560419741
	92.134735529	53.4450263644
	92.1381521788	53.4337631797
	92.1408248656	53.4223006508
	92.1416739215	53.4177233418
	92.1436346759	53.4063326558
	92.1447028992	53.3992971759
	92.1458565607	53.3875838549
	92.1462416642	53.3758201599
	92.1458565607	53.3640564649
	92.1447028992	53.3523431439
	92.14278562	53.3407303551
	92.1401129332	53.3292678261
	92.1366962834	53.3180046415
	92.1325503015	53.3069890317
	92.1276927411	53.2962681674
	92.122144403	53.285887957
	92.1159290461	53.27589285
	92.1090732855	53.2663256472
	92.1016064786	53.2572273166
	92.0935605994	53.2486368188
	92.0849701016	53.2405909396
	92.0814067257	53.2375471469
	92.0450068843	53.20726608
	92.0394719297	53.2028430658
	92.0299047269	53.1959873052
	92.0199096199	53.1897719483
	92.0166679483	53.1879448156
	91.9751911117	53.1651289554
	91.9712746183	53.1600001348
	91.9710193914	53.1596667116
	91.9635525845	53.1505683811
	91.9555067053	53.1419778833
	91.9469162075	53.1339320041
	91.937817877	53.1264651972
	91.9282506741	53.1196094366
	91.9234382594	53.1165035642
	91.9183922891	53.1133596215
	91.9042217571	53.0919211434
	91.9037250666	53.0911737643
	91.896869306	53.0816065615
	91.8894024991	53.0725082309
	91.8813566199	53.0639177331
	91.8727661221	53.0558718539
	91.8636677915	53.048405047
	91.8541005887	53.0415492864
	91.8441054817	53.0353339295
	91.8384434099	53.0321993766
	91.8159290666	53.0202593742
	91.811210928	53.017845589
	91.8004900637	53.0129880286
	91.789474454	53.0088420466
	91.7782112693	53.0054253969
	91.7667487404	53.00275271
	91.7551359516	53.0008354308
	91.7515051685	53.0003949353
	91.7240804483	52.9973503018
	91.6925332857	52.985412698
	91.692525567	52.9851769178
	91.6924332328	52.9838440424
	91.6907700248	52.9610626704
	91.6897086976	52.9506822247
	91.6877914184	52.9390694359
	91.6851187315	52.927606907
	91.6817020818	52.9163437223
	91.6775560998	52.9053281125
	91.6726985394	52.8946072482
	91.6671502014	52.8842270378
	91.6626969634	52.8769208424
	91.6568586367	52.867835748
	91.656218585	52.8653777505
	91.6528019353	52.8541145658
	91.6486559534	52.843098956
	91.6451440831	52.8351671549
	91.6406885167	52.8257257792
	91.6393428265	52.822936716
	91.6337944885	52.8125565056
	91.6275791316	52.8025613986
	91.6207233709	52.7929941958
	91.613256564	52.7838958652
	91.6052106848	52.7753053674
	91.6010590056	52.771284994
	91.5921783903	52.7629575099
	91.5877395718	52.7589320041
	91.5786412413	52.7514651972
	91.5716646539	52.7463732699
	91.5710026068	52.7455050295
	91.5635357999	52.7364066989
	91.5554899207	52.7278162012
	91.5468994229	52.719770322
	91.5378010923	52.712303515
	91.5282338895	52.7054477544
	91.5182387825	52.6992323975
	91.5078585721	52.6936840594
	91.4999690687	52.6900277502
	91.4997854795	52.689337101
	91.4963688298	52.6780739164
	91.4922228479	52.6670583066
	91.4873652875	52.6563374423
	91.4818169494	52.6459572319
	91.4756015925	52.6359621249
	91.4687458319	52.6263949221
	91.461279025	52.6172965915
	91.4532331458	52.6087060937
	91.444642648	52.6006602145
	91.436836764	52.5941945015
	91.4342121526	52.5857925748
	91.4300661706	52.5747769651
	91.4252086102	52.5640561008
	91.4196602722	52.5536758903
	91.4176095774	52.5502139955
	91.4120401194	52.5410472779
	91.4078754572	52.5345140659
	91.4010196966	52.524946863
	91.3935528897	52.5158485324
	91.3855070105	52.5072580347
	91.3769165127	52.4992121555
	91.3678181822	52.4917453485
	91.3582509793	52.4848895879
	91.3482558724	52.478674231
	91.3378756619	52.4731258929
	91.3272437304	52.4683051976
	91.3187987801	52.4631140809
	91.3084185696	52.4575657428
	91.2976977053	52.4527081824
	91.2866820956	52.4485622005
	91.2754189109	52.4451455507
	91.263956382	52.4424728638
	91.2523435932	52.4405555847
	91.2406302721	52.4394019232
	91.2288665771	52.4390168197
	91.2171028822	52.4394019232
	91.2131088114	52.4397084115
	91.1702545023	52.4434773324
	91.1625352521	52.4443245056
	91.1569222963	52.4451537295
	91.1229321902	52.4507243841
	91.0225131109	52.4299599366
	91.0211814186	52.4296898133
	91.0095686298	52.4277725341
	90.9978553088	52.4266188727
	90.987730194	52.4262412331
	90.972795176	52.4261051682
	90.948196757	52.4082414495
	90.9308688805	52.3882599472
	90.9302121304	52.3875068576
	90.9221662512	52.3789163599
	90.9135757534	52.3708704807
	90.9044774229	52.3634036737
	90.89491022	52.3565479131
	90.8849151131	52.3503325562
	90.8745349026	52.3447842181
	90.8701865632	52.3427117728
	90.8563856486	52.3363595336
	90.8522994639	52.3249911508
	90.8492098474	52.3169987973
	90.844352287	52.3062779331
	90.8388039489	52.2958977226
	90.83787501	52.2943076084
	90.8226009621	52.2684668492
	90.8173145442	52.2600618564
	90.8104587835	52.2504946535
	90.8029919766	52.241396323
	90.7949460974	52.2328058252
	90.7863555996	52.224759946
	90.7832511133	52.222099196
	90.7593711084	52.2020987382
	90.7533772642	52.1972926813
	90.7438100613	52.1904369207
	90.7338149544	52.1842215638
	90.7298980118	52.1820248535
	90.7132403522	52.1729543422
	90.7126976867	52.1720077995
	90.7064823298	52.1620126926
	90.6996265692	52.1524454897
	90.6921597623	52.1433471592
	90.6841138831	52.1347566614
	90.6755233853	52.1267107822
	90.6664250547	52.1192439753
	90.6592087794	52.1139860682
	90.6575371602	52.1128305041
	90.6528087079	52.1024205112
	90.6472603698	52.0920403007
	90.6410450129	52.0820451938
	90.6341892523	52.0724779909
	90.6267224454	52.0633796604
	90.6186765662	52.0547891626
	90.6100860684	52.0467432834
	90.6009877378	52.0392764765
	90.591420535	52.0324207159
	90.581425428	52.026205359
	90.5710452176	52.0206570209
	90.5603243533	52.0157994605
	90.5493087435	52.0116534785
	90.5380455589	52.0082368288
	90.52658303	52.0055641419
	90.5149702411	52.0036468627
	90.5032569201	52.0024932013
	90.4914932251	52.0021080978
	90.4818061663	52.0023691479
	90.472738443	52.0009382298
	90.4681791645	52.000278485
	90.4564658434	51.9991248236
	90.4557800641	51.9990811907
	90.4377289167	51.9979672991
	90.426651001	51.9976258285
	90.422081746	51.9976838763
	90.4109733476	51.9979661639
	90.4037789076	51.9982932196
	90.3920655865	51.999446881
	90.3855598812	52.0004247255
	90.373216909	52.0025114495
	90.3679199573	52.0005074427
	90.3609772082	51.9980050013
	90.3578033114	51.9968944148
	90.3465401267	51.9934777651
	90.3422074575	51.9923743584
	90.3341508169	51.9904288628
	90.3270209572	51.9888595826
	90.3206477943	51.9877107452
	90.3199126717	51.9872840027
	90.319284219	51.9869228519
	90.3134553616	51.9835888064
	90.3037036038	51.9784016193
	90.2929827395	51.9735440588
	90.2878985461	51.9715377321
	90.287790534	51.9712943355
	90.2852880926	51.9660147945
	90.2840724408	51.9635006809
	90.2785241027	51.9531204704
	90.2723087458	51.9431253635
	90.2655615952	51.9336998494
	90.2619452622	51.9289772542
	90.2618366522	51.9288355654
	90.2543698453	51.9197372348
	90.2463239661	51.911146737
	90.2377334683	51.9031008579
	90.236859297	51.9023392006
	90.237233819	51.8975898058
	90.2375912306	51.8889821827
	90.2399350308	51.8863617032
	90.2474018377	51.8772633726
	90.2542575984	51.8676961697
	90.2582097988	51.8615117534
	90.2612615566	51.8565145
	90.2635247131	51.8527038094
	90.2690730511	51.8423235989
	90.2739306116	51.8316027346
	90.2780765935	51.8205871249
	90.2814932432	51.8093239402
	90.2841659301	51.7978614113
	90.2859495546	51.787242416
	90.286788788	51.781131271
	90.2869224427	51.7801374774
	90.2880761041	51.7684241564
	90.2884612076	51.7566604614
	90.2880761041	51.7448967664
	90.2869224427	51.7331834454
	90.2850051635	51.7215706566
	90.2823324766	51.7101081277
	90.2789158269	51.698844943
	90.274769845	51.6878293332
	90.2725852858	51.6827755401
	90.2700828444	51.6772213408
	90.2674098431	51.6715542697
	90.2618615051	51.6611740593
	90.2556461482	51.6511789523
	90.2487903875	51.6416117495
	90.2413235806	51.6325134189
	90.2332777014	51.6239229211
	90.2246872036	51.6158770419
	90.2205770363	51.6123801961
	90.2158620704	51.6084892049
	90.2108739073	51.6045192438
	90.2013067044	51.5976634832
	90.1913115975	51.5914481263
	90.180931387	51.5858997882
	90.1774904536	51.5842480621
	90.1649935054	51.5784115753
	90.1577135745	51.575205741
	90.1466979647	51.571059759
	90.1364002961	51.5679046984
	90.1319732333	51.5663371638
	90.1207100486	51.5629205141
	90.1092475197	51.5602478272
	90.0976347309	51.558330548
	90.0879345832	51.5573201848
	90.0590344367	51.555100031
	90.0570212633	51.5549567328
	90.0452575684	51.5545716293
	90.0334938734	51.5549567328
	90.03034329	51.5551910386
	90.0203487832	51.5560226426
	90.0117860455	51.5569419982
	90.0001732567	51.5588592774
	89.9943621195	51.5601153699
	89.9805218878	51.5633472921
	89.9802414029	51.5630968906
	89.9711430723	51.5556300837
	89.9707612707	51.5553379268
	89.9591035558	51.5464420528
	89.9499181546	51.539878449
	89.9411172837	51.5343587159
	89.9388731763	51.5330399855
	89.9136130795	51.5076395549
	89.9077206754	51.5005630405
	89.9039942897	51.4964439896
	89.8939297605	51.485658449
	89.8891327045	51.4794967132
	89.8824368619	51.4713958652
	89.8743909827	51.4628053674
	89.8658004849	51.4547594882
	89.8567021543	51.4472926813
	89.8523327231	51.4440437815
	89.8403850913	51.4354378244
	89.8351873196	51.4318309637
	89.8251922127	51.4256156068
	89.8148120023	51.4200672687
	89.804091138	51.4152097083
	89.7972514655	51.4125388475
	89.7836406257	51.4075415941
	89.7794646884	51.4060664729
	89.7682015037	51.4026498232
	89.7590225635	51.4004467759
	89.7504855224	51.3986333139
	89.7502898837	51.3985667781
	89.739026699	51.3951501284
	89.7275641701	51.3924774415
	89.7159513812	51.3905601623
	89.7048785704	51.3894496302
	89.6968219298	51.3888926844
	89.6961814196	51.3888495551
	89.6844177246	51.3884644516
	89.6800000184	51.3885187121
	89.6782345882	51.3878686987
	89.6739043856	51.3863368587
	89.6668506122	51.384103139
	89.6526904559	51.3799374896
	89.6484810447	51.3787545595
	89.6370185158	51.3760818726
	89.625405727	51.3741645934
	89.6176519531	51.3733143874
	89.6018285888	51.3719258376
	89.5978690417	51.3716223822
	89.5861053467	51.3712372787
	89.5743416517	51.3716223822
	89.5626283307	51.3727760436
	89.5614068401	51.3729411158
	89.5433556926	51.3754435572
	89.5329643944	51.3771957642
	89.5215018654	51.3798684511
	89.5200370724	51.3802675747
	89.510012048	51.3830446743
	89.5002136564	51.3860622005
	89.4930533033	51.3886631866
	89.4844473463	51.391997232
	89.4805920896	51.3935422278
	89.4698712253	51.3983997882
	89.4647358953	51.4010355246
	89.4439076482	51.4121515525
	89.4386627678	51.4150641541
	89.4286676608	51.421279511
	89.4254630924	51.4234711272
	89.4246797444	51.4240193632
	89.4215938172	51.4257282948
	89.4207400946	51.4258585358
	89.4120359004	51.4182423659
	89.4030888731	51.4109080988
	89.3935216702	51.4040523382
	89.3835265633	51.3978369813
	89.3767609986	51.3941221057
	89.370367566	51.3907880603
	89.3667529202	51.3889545978
	89.3560320559	51.3840970374
	89.3450164462	51.3799510554
	89.3337532615	51.3765344057
	89.3261811295	51.3746803646
	89.318689064	51.3730171565
	89.3147986672	51.3721985108
	89.3087894464	51.3711089173
	89.2935153985	51.3686064759
	89.2879118305	51.3677787902
	89.2761985094	51.3666251288
	89.2644348145	51.3662400253
	89.2583440029	51.3663431825
	89.2500127041	51.3666254701
	89.2443398206	51.3669074164
	89.2326264996	51.3680610778
	89.2210137108	51.369978357
	89.2095511819	51.3726510439
	89.1982879972	51.3760676936
	89.1972156493	51.3764354796
	89.1699787108	51.3858730406
	89.160035449	51.3896512366
	89.1493145847	51.394508797
	89.140931724	51.3989209143
	89.133988975	51.4028119055
	89.1319916252	51.4039481263
	89.1219965182	51.4101634832
	89.1124293154	51.4170192438
	89.1033309848	51.4244860507
	89.0966863857	51.4307093969
	89.0961303378	51.430511053
	89.0848671531	51.4270944033
	89.0778015501	51.4253535766
	89.0333526976	51.4153514404
	89.0289557717	51.4144195802
	89.0173429828	51.412502301
	89.0056296618	51.4113486395
	89.002335315	51.4112407938
	89.0015196186	51.4111061218
	88.9980585663	51.410684551
	88.9695525059	51.4074924661
	88.9543880183	51.4051518933
	88.9439643166	51.4027542359
	88.9323515277	51.4008369567
	88.9206382067	51.3996832953
	88.9108888226	51.3993094713
	88.8646381213	51.3987914748
	88.8454738358	51.3978350155
	88.8438888305	51.3882347801
	88.8412161436	51.3767722512
	88.8377994939	51.3655090665
	88.833653512	51.3544934568
	88.8287959515	51.3437725925
	88.8232476135	51.333392382
	88.8170322566	51.3233972751
	88.8101764959	51.3138300722
	88.802709689	51.3047317417
	88.7946638098	51.2961412439
	88.786073312	51.2880953647
	88.7769749815	51.2806285578
	88.7681293639	51.2742574712
	88.7561969909	51.2662008306
	88.7554754056	51.2657161565
	88.7454802986	51.2595007996
	88.7351000882	51.2539524615
	88.7243792239	51.2490949011
	88.7243106316	51.2490665059
	88.7234582757	51.2485929748
	88.7156603909	51.2445072711
	88.7121473287	51.2428218779
	88.7073932928	51.2363306826
	88.6999264859	51.227232352
	88.6918806067	51.2186418542
	88.6832901089	51.210595975
	88.6831388057	51.2104634353
	88.6720304072	51.2007435866
	88.6630833799	51.1934093195
	88.6535161771	51.1865535589
	88.6435210701	51.180338202
	88.6409387445	51.1788755676
	88.6284417962	51.1719328186
	88.6206439114	51.1678471149
	88.612741299	51.1641851118
	88.6118804953	51.1636879688
	88.6118590828	51.1636756043
	88.6014788724	51.1581272662
	88.5907580081	51.1532697058
	88.5830351418	51.1502771946
	88.5761076516	51.1477747532
	88.5728149081	51.1466212825
	88.5615517234	51.1432046328
	88.5500891945	51.1405319459
	88.5384764057	51.1386146667
	88.5307781609	51.1377693421
	88.5149242791	51.1363731629
	88.5109092028	51.1360648261
	88.4991455078	51.1356797226
	88.490814209	51.1356797226
	88.479050514	51.1360648261
	88.4684859204	51.1370710155
	88.4425703675	51.1403132403
	88.4253226293	51.1405990063
	88.4078140599	51.1395925124
	88.3989854318	51.1393022603
	88.3659196359	51.1390276021
	88.3526619642	51.1394065009
	88.3409486432	51.1405601623
	88.3293358543	51.1424774415
	88.3291247253	51.142519569
	88.3194048767	51.1444650646
	88.3081534768	51.147095624
	88.2968902921	51.1505122737
	88.2912522119	51.1525314316
	88.2743149561	51.1589172348
	88.2689374265	51.1610440588
	88.2582165622	51.1659016193
	88.257330747	51.1663414868
	88.2501133398	51.1699501904
	88.2423590979	51.1740668605
	88.2277191253	51.1823032593
	88.2064472385	51.1826556986
	88.1980401483	51.18299181
	88.1961183197	51.1830249654
	88.1924743652	51.1829056747
	88.1863835537	51.1830088319
	88.1780522549	51.1832911195
	88.1723793714	51.1835730658
	88.1606660504	51.1847267272
	88.1490532615	51.1866440064
	88.1478568235	51.1868862163
	88.1384116331	51.1888317119
	88.1281455422	51.1912621889
	88.1168823575	51.1946788386
	88.1145838952	51.195476438
	88.1059779382	51.1985281958
	88.0972607908	51.2018765784
	88.0904582624	51.2048603005
	88.0752399266	51.2119135708
	88.0744724259	51.2121864146
	88.0658887204	51.2154874182
	88.0551678561	51.2203449786
	88.0543499425	51.2207509133
	88.0398846104	51.2279759499
	88.0303223137	51.2331183533
	88.0203272067	51.2393337102
	88.0107600039	51.2461894709
	88.0016616733	51.2536562778
	87.9930711755	51.261702157
	87.9850252963	51.2702926548
	87.9775584894	51.2793909853
	87.9707027288	51.2889581882
	87.9655560884	51.2972346592
	87.9614661476	51.2963546998
	87.9498533588	51.2944374206
	87.9381400378	51.2932837592
	87.9263763428	51.2928986557
	87.9146126478	51.2932837592
	87.9028993268	51.2944374206
	87.8934898375	51.2959307051
	87.8859825132	51.2973268843
	87.8837792137	51.297750879
	87.8723166848	51.3004235659
	87.8610535001	51.3038402156
	87.8500378904	51.3079861975
	87.8393170261	51.3128437579
	87.8289368156	51.318392096
	87.8189417087	51.3246074529
	87.8093745058	51.3314632135
	87.8002761753	51.3389300204
	87.7916856775	51.3469758996
	87.7916477066	51.3470138818
	87.7788761002	51.3597931177
	87.7708681918	51.3683456333
	87.7634013849	51.3774439638
	87.7565456243	51.3870111667
	87.7536021486	51.3915634321
	87.750825049	51.3960037397
	87.7475531678	51.4014465812
	87.7420048297	51.4118267917
	87.7394144943	51.4173106584
	87.7386308679	51.4180894861
	87.7344652185	51.4222551355
	87.7264193393	51.4308456333
	87.7189525324	51.4399439638
	87.7120967718	51.4495111667
	87.7058814149	51.4595062736
	87.7003330768	51.4698864841
	87.6954755164	51.4806073484
	87.6913295344	51.4916229581
	87.6879128847	51.5028861428
	87.6852401978	51.5143486717
	87.6833229186	51.5259614605
	87.6821692572	51.5376747816
	87.6817841537	51.5494384766
	87.6821692572	51.5612021715
	87.6833229186	51.5729154926
	87.6852401978	51.5845282814
	87.6879128847	51.5959908103
	87.6913295344	51.607253995
	87.6954755164	51.6182696048
	87.7003330768	51.628990469
	87.7058814149	51.6393706795
	87.7120967718	51.6493657864
	87.712746871	51.6502729989
	87.7075289584	51.6558441074
	87.7000621515	51.6649424379
	87.6932063909	51.6745096408
	87.6893512084	51.6805353747
	87.6810199096	51.6941462146
	87.6786597352	51.6981155876
	87.6731113971	51.708495798
	87.6682538367	51.7192166623
	87.6641078548	51.7302322721
	87.660691205	51.7414954568
	87.6580185181	51.7529579857
	87.6565043869	51.7616889027
	87.6556804122	51.7672507313
	87.6552772643	51.7701326031
	87.6541236029	51.7818459242
	87.6537384994	51.7936096191
	87.6541236029	51.8053733141
	87.6552772643	51.8170866352
	87.6571945435	51.828699424
	87.6598672304	51.8401619529
	87.6610694917	51.8444370302
	87.6660591158	51.861374286
	87.6682735042	51.8683623934
	87.6724194861	51.8793780032
	87.6772770465	51.8900988675
	87.6793730953	51.8942151266
	87.6824401119	51.9000516134
	87.6858924012	51.9063155647
	87.6921077581	51.9163106717
	87.696963009	51.9232202314
	87.7016779748	51.9296060346
	87.7036784845	51.9322636778
	87.7111452914	51.9413620083
	87.7158352876	51.9465056409
	87.7261044526	51.9573393811
	87.7294603357	51.9607862464
	87.7380508335	51.9688321255
	87.7443303474	51.9740910561
	87.7498845466	51.9785313638
	87.7527033632	51.9807392401
	87.7622705661	51.9875950007
	87.772265673	51.9938103576
	87.7790312377	51.9975252331
	87.7854246704	52.0008592785
	87.7890393161	52.0026927411
	87.7997601804	52.0075503015
	87.8028631318	52.0088019019
	87.8049575726	52.0109734197
	87.8072343835	52.0132917395
	87.8074744472	52.0135313509
	87.8085148115	52.0171424485
	87.8101780195	52.0226966477
	87.812163885	52.028915372
	87.816309867	52.0399309817
	87.8211674274	52.050651846
	87.8267157654	52.0610320564
	87.8329311223	52.0710271634
	87.839786883	52.0805943663
	87.8472536899	52.0896926968
	87.8552995691	52.0982831946
	87.8638900669	52.1063290738
	87.8729883974	52.1137958807
	87.873370199	52.1140880375
	87.8791990565	52.1185359746
	87.8883844577	52.1250995783
	87.8929652205	52.1280608734
	87.8944953065	52.1307647225
	87.8984826561	52.1373420957
	87.9062493797	52.1495567563
	87.908477387	52.1529744901
	87.9131038486	52.1595734883
	87.9222896396	52.1720704366
	87.9245189386	52.1750386412
	87.9319857455	52.1841369717
	87.9367642386	52.1893738997
	87.9420437796	52.1949357283
	87.9453111658	52.1982892981
	87.9539016635	52.2063351773
	87.9629999941	52.2138019842
	87.9634606998	52.2141543175
	87.9809472721	52.2274828697
	87.9900537692	52.2339862971
	88.0000488762	52.240201654
	88.0104290866	52.2457499921
	88.016495047	52.2486021296
	88.0290897472	52.2561604876
	88.0317108635	52.257703485
	88.0420910739	52.2632518231
	88.0528119382	52.2681093835
	88.063827548	52.2722553655
	88.0750907326	52.2756720152
	88.0865532615	52.2783447021
	88.0981660504	52.2802619813
	88.1098793714	52.2814156427
	88.1216430664	52.2818007462
	88.1287530199	52.2816601647
	88.1356957689	52.2813855065
	88.1403495104	52.2811409845
	88.1520628314	52.2799873231
	88.1616605782	52.2784027287
	88.1682049655	52.2818599164
	88.1789258298	52.2867174768
	88.1899414396	52.2908634587
	88.2012046242	52.2942801084
	88.2126671531	52.2969527953
	88.224279942	52.2988700745
	88.2313045852	52.2996548016
	88.2435462902	52.3007792764
	88.2462905796	52.3032361172
	88.2553889101	52.3107029242
	88.264956113	52.3175586848
	88.2749512199	52.3237740417
	88.2853314304	52.3293223798
	88.2960522947	52.3341799402
	88.3070679044	52.3383259221
	88.3183310891	52.3417425718
	88.329793618	52.3444152587
	88.3414064068	52.3463325379
	88.350165967	52.3472681616
	88.3811107912	52.34980875
	88.3840645521	52.3500267877
	88.392403483	52.3503792831
	88.3964410983	52.3531574397
	88.3974638026	52.3538357536
	88.4097013514	52.3618923942
	88.4186737541	52.3674294372
	88.4290539645	52.3729777753
	88.4397748288	52.3778353357
	88.447781192	52.3809299871
	88.454723941	52.3834247992
	88.4577331876	52.3844761296
	88.4689963723	52.3878927793
	88.4693699173	52.3879924403
	88.4811033775	52.3911093956
	88.4857455192	52.3927699601
	88.487441595	52.3983611727
	88.4915875769	52.4093767825
	88.4964451373	52.4200976468
	88.5019934754	52.4304778572
	88.5082088323	52.4404729642
	88.5150645929	52.450040167
	88.5225313998	52.4591384976
	88.530577279	52.4677289954
	88.5338414623	52.4709114735
	88.5393956615	52.4761910145
	88.544721976	52.4810544156
	88.5538203066	52.4885212225
	88.5633875095	52.4953769831
	88.5733826164	52.50159234
	88.5773384886	52.5038102422
	88.590110095	52.5107606206
	88.5965344333	52.5140910565
	88.6033858315	52.5172925275
	88.6047457553	52.518861398
	88.6127916345	52.5274518958
	88.6213821323	52.535497775
	88.6304804628	52.5429645819
	88.6355756619	52.5467335259
	88.6414197781	52.5508991753
	88.6458917819	52.5539859919
	88.6558868889	52.5602013488
	88.6662670993	52.5657496869
	88.6769879636	52.5706072473
	88.6832766802	52.573074802
	88.7165107499	52.5854000599
	88.7278921067	52.591015861
	88.7279278659	52.5910335004
	88.7386487302	52.5958910608
	88.7466319488	52.5989773937
	88.7605327056	52.6039746471
	88.7635650968	52.6050342961
	88.7703226058	52.6071805839
	88.7733789645	52.6092685847
	88.7833740715	52.6154839416
	88.78840896	52.618284292
	88.8075892579	52.628553457
	88.8129345798	52.6313014447
	88.8236554441	52.6361590051
	88.8315245867	52.6392042848
	88.8345839248	52.640306431
	88.8366991052	52.6424573889
	88.845289603	52.6505032681
	88.8543879335	52.657970075
	88.858069674	52.6607211575
	88.8597784891	52.6619643205
	88.859439862	52.6640153546
	88.8582862006	52.6757286756
	88.8579010971	52.6874923706
	88.8581443478	52.6968435804
	88.8586936642	52.7073950331
	88.858835517	52.7098075182
	88.8599891784	52.7215208393
	88.8619064576	52.7331336281
	88.8633289894	52.73965108
	88.8641342408	52.7439749977
	88.8668069277	52.7554375266
	88.8702235774	52.7667007113
	88.8743695593	52.7777163211
	88.8792271198	52.7884371854
	88.8817739992	52.7932020616
	88.8806806171	52.7936039429
	88.8379102314	52.8105488281
	88.8353284177	52.8115949011
	88.8287311716	52.8144836375
	88.8215137644	52.8178176829
	88.8173901462	52.819786507
	88.8070099357	52.825334845
	88.7970148288	52.8315502019
	88.792542825	52.8346370185
	88.7866987088	52.8388026679
	88.7816035097	52.842571612
	88.7725051792	52.8500384189
	88.7639146814	52.8580842981
	88.7558688022	52.8666747959
	88.7484019953	52.8757731264
	88.7415462347	52.8853403293
	88.7353308777	52.8953354362
	88.7297825397	52.9057156467
	88.7249249793	52.916436511
	88.7207789973	52.9274521207
	88.7173623476	52.9387153054
	88.7146896607	52.9501778343
	88.7127723815	52.9617906231
	88.7116187201	52.9735039442
	88.7112336166	52.9852676392
	88.7116187201	52.9970313341
	88.7127723815	53.0087446552
	88.7146896607	53.020357444
	88.7173623476	53.0318199729
	88.7207789973	53.0430831576
	88.723773583	53.051250489
	88.72388078	53.0520796161
	88.7257980592	53.063692405
	88.728470746	53.0751549339
	88.7318873958	53.0864181185
	88.7360333777	53.0974337283
	88.7408909381	53.1081545926
	88.7464392762	53.118534803
	88.7526546331	53.12852991
	88.7595103937	53.1380971128
	88.7669772006	53.1471954434
	88.7750230798	53.1557859412
	88.7791447795	53.1597781958
	88.7835850871	53.1639438453
	88.7879739322	53.1679249448
	88.7704539563	53.1682037064
	88.7615517347	53.1685660468
	88.7498384137	53.1697197082
	88.7382256248	53.1716369874
	88.7267630959	53.1743096743
	88.7154999112	53.177726324
	88.7062303651	53.1811597638
	88.6993028748	53.1839444928
	88.6975568113	53.1846570349
	88.686835947	53.1895145953
	88.6764557365	53.1950629334
	88.6668428892	53.2010235781
	88.6609987729	53.2049069399
	88.6606165134	53.2051616521
	88.6510493105	53.2120174128
	88.64195098	53.2194842197
	88.6333604822	53.2275300989
	88.625314603	53.2361205967
	88.6178477961	53.2452189272
	88.6109920354	53.2547861301
	88.6047766785	53.264781237
	88.5992283405	53.2751614475
	88.59437078	53.2858823117
	88.5902247981	53.2968979215
	88.5872261148	53.306628344
	88.585837565	53.3116332268
	88.5854195986	53.313165989
	88.5827469117	53.3246285179
	88.5808296325	53.3362413067
	88.5796759711	53.3479546278
	88.5792908676	53.3597183228
	88.5795337676	53.3690627942
	88.5798084258	53.3743423352
	88.5799506293	53.3767615587
	88.5811042907	53.3884748798
	88.5830215699	53.4000876686
	88.5856942568	53.4115501975
	88.5891109065	53.4228133822
	88.5932568884	53.433828992
	88.5981144489	53.4445498563
	88.6036627869	53.4549300667
	88.6098781438	53.4649251736
	88.614476034	53.4714852905
	88.6154183779	53.4751564597
	88.6188350276	53.4864196444
	88.6229810095	53.4974352542
	88.6278385699	53.5081561185
	88.633386908	53.5185363289
	88.6396022649	53.5285314359
	88.6464580255	53.5380986387
	88.6531851108	53.5463481336
	88.6530288941	53.5471245506
	88.6514368507	53.5563868457
	88.6508722755	53.5602778369
	88.6505470397	53.5626283307
	88.6493933783	53.5743416517
	88.6490082748	53.5861053467
	88.6493933783	53.5978690417
	88.6505470397	53.6095823627
	88.6524643189	53.6211951515
	88.6551370058	53.6326576805
	88.6585536555	53.6439208651
	88.6626996375	53.6549364749
	88.6675571979	53.6656573392
	88.673105536	53.6760375496
	88.6793208929	53.6860326566
	88.6861766535	53.6955998594
	88.6936434604	53.70469819
	88.7016893396	53.7132886878
	88.7102798374	53.721334567
	88.7193781679	53.7288013739
	88.7289453708	53.7356571345
	88.7389404777	53.7418724914
	88.7493206882	53.7474208295
	88.7600415525	53.7522783899
	88.7674437954	53.7551547376
	88.7785301481	53.7604766877
	88.7875378904	53.7645006799
	88.7985535001	53.7686466619
	88.8021785252	53.7697463012
	88.8100616936	53.7746483703
	88.8154964412	53.7776621581
	88.8285427058	53.7846049071
	88.8334881686	53.7871394574
	88.8403193473	53.7902346242
	88.8432918147	53.800033536
	88.8474377966	53.8110491458
	88.8522953571	53.8217700101
	88.8578436951	53.8321502205
	88.864059052	53.8421453275
	88.8709148127	53.8517125303
	88.8752448974	53.8571356858
	88.879395288	53.8621329392
	88.8825320102	53.8658081143
	88.8905778894	53.8743986121
	88.8965921277	53.880031561
	88.8965863562	53.8800442991
	88.8924403743	53.8910599088
	88.8920199586	53.8923135334
	88.8685560484	53.9154004307
	88.8675218591	53.9164262781
	88.8594759799	53.9250167759
	88.8533492213	53.9323905033
	88.8522585727	53.9336227329
	88.8447917658	53.9427210634
	88.8379360052	53.9522882663
	88.8332553374	53.9596761028
	88.8249240385	53.9735616009
	88.8233893494	53.9761688713
	88.8178410114	53.9865490817
	88.8129834509	53.997269946
	88.808837469	54.0082855558
	88.8054208193	54.0195487404
	88.8027481324	54.0310112694
	88.8008308532	54.0426240582
	88.7996771918	54.0543373792
	88.7992920883	54.0661010742
	88.7996771918	54.0778647692
	88.8008308532	54.0895780902
	88.8027481324	54.1011908791
	88.8054208193	54.112653408
	88.8068321633	54.1176329043
	88.8084953713	54.1231947329
	88.810500677	54.1294784213
	88.8146466589	54.140494031
	88.8195042194	54.1512148953
	88.8250525574	54.1615951058
	88.8253306508	54.1620750669
	88.8322733998	54.1740150693
	88.8358838275	54.1798011938
	88.8338912876	54.1814364291
	88.829647188	54.1852796153
	88.8251916216	54.1894452647
	88.8208452234	54.1936479578
	88.8136345715	54.2013466924
	88.8076137502	54.1999221779
	88.8038343421	54.1961427698
	88.7952438443	54.1880968906
	88.7861455137	54.1806300837
	88.7765783109	54.173774323
	88.7665832039	54.1675589661
	88.7562029935	54.1620106281
	88.7454821292	54.1571530676
	88.7344665194	54.1530070857
	88.7232033347	54.149590436
	88.7130153113	54.1471760571
	88.7125801272	54.147086218
	88.7114232237	54.1461909967
	88.7078602644	54.1435264017
	88.7017567487	54.1390784647
	88.6957525052	54.1348872991
	88.6857573982	54.1286719422
	88.6753771878	54.1231236041
	88.6646563235	54.1182660437
	88.6536407138	54.1141200618
	88.6423775291	54.1107034121
	88.632349451	54.1083221279
	88.6242928104	54.1066512905
	88.6228583595	54.1063598878
	88.6112455707	54.1044426086
	88.5995322497	54.1032889472
	88.5877685547	54.1029038437
	88.5788726807	54.1029038437
	88.5671089857	54.1032889472
	88.5553956647	54.1044426086
	88.5437828758	54.1063598878
	88.5426174592	54.1065957108
	88.5223385285	54.1107689896
	88.5120414162	54.1132058535
	88.5007782316	54.1166225032
	88.4897626218	54.1207684851
	88.4790417575	54.1256260455
	88.4686615471	54.1311743836
	88.4586664401	54.1373897405
	88.4490992373	54.1442455011
	88.4400009067	54.151712308
	88.4355321086	54.1557659326
	88.431091801	54.159931582
	88.4269701013	54.1639238367
	88.4189242221	54.1725143344
	88.4114574152	54.181612665
	88.4046016546	54.1911798679
	88.4043621682	54.1915392177
	88.3848827803	54.1952560639
	88.3835045555	54.1955246217
	88.3720420266	54.1981973085
	88.3690229575	54.1990345146
	88.3273512046	54.2109821464
	88.319107089	54.2135615901
	88.3080914792	54.217707572
	88.2973706149	54.2225651324
	88.2869904045	54.2281134705
	88.2769952975	54.2343288274
	88.2674280947	54.241184588
	88.2583297641	54.248651395
	88.2497392663	54.2566972742
	88.2416933871	54.2652877719
	88.2342265802	54.2743861025
	88.2273708196	54.2839533054
	88.2211554627	54.2939484123
	88.2156071246	54.3043286227
	88.2107495642	54.315049487
	88.2066035823	54.3260650968
	88.2031869326	54.3373282815
	88.2024363349	54.3402257736
	88.1999338935	54.3502279098
	88.1980118043	54.3587929466
	88.1960945251	54.3704057355
	88.1949408637	54.3821190565
	88.1945557602	54.3938827515
	88.1949408637	54.4056464464
	88.1960945251	54.4173597675
	88.1980118043	54.4289725563
	88.2006844912	54.4404350852
	88.2041011409	54.4516982699
	88.2082471228	54.4627138797
	88.2131046832	54.4734347439
	88.2186530213	54.4838149544
	88.2248683782	54.4938100613
	88.2317241388	54.5033772642
	88.2391909457	54.5124755948
	88.2472368249	54.5210660925
	88.2558273227	54.5291119717
	88.2649256533	54.5365787787
	88.2744928561	54.5434345393
	88.2806109453	54.5473462149
	88.2856158281	54.5504056021
	88.2894928459	54.5527092834
	88.2998730563	54.5582576215
	88.3105939206	54.5631151819
	88.3216095304	54.5672611638
	88.3328727151	54.5706778135
	88.344335244	54.5733505004
	88.3559480328	54.5752677796
	88.3676613538	54.576421441
	88.3714403532	54.5766292254
	88.3981850327	54.5778176699
	88.3985694037	54.5900946886
	88.3997230651	54.6018080097
	88.4016403443	54.6134207985
	88.4043130312	54.6248833274
	88.4077296809	54.6361465121
	88.4118756629	54.6471621218
	88.4167332233	54.6578829861
	88.4222815613	54.6682631966
	88.4284969182	54.6782583035
	88.4326584578	54.6842218819
	88.4321692572	54.6901711195
	88.4317841537	54.7019348145
	88.4321692572	54.7136985094
	88.4333229186	54.7254118305
	88.4352401978	54.7370246193
	88.4379128847	54.7484871482
	88.4413295344	54.7597503329
	88.4454755164	54.7707659426
	88.4475525652	54.7755806502
	88.4485763795	54.7811911843
	88.4512490664	54.7926537132
	88.4546657161	54.8039168978
	88.458811698	54.8149325076
	88.4636692584	54.8256533719
	88.4692175965	54.8360335823
	88.4749148002	54.8451954311
	88.4730838918	54.8460461381
	88.4693219089	54.84784742
	88.4589416984	54.8533957581
	88.4489465915	54.859611115
	88.4393793886	54.8664668756
	88.4302810581	54.8739336826
	88.42581226	54.8779873071
	88.4213719524	54.8821529565
	88.4172502527	54.8861452112
	88.4092043735	54.894735709
	88.4017375666	54.9038340395
	88.3948818059	54.9134012424
	88.388666449	54.9233963493
	88.383118111	54.9337765598
	88.3782605505	54.9444974241
	88.3741145686	54.9555130338
	88.3711348085	54.965175302
	88.3697462587	54.9701725554
	88.3693093691	54.9717734719
	88.3666366822	54.9832360008
	88.364719403	54.9948487897
	88.3635957421	55.0061130025
	88.3576045843	55.0145441257
	88.355934064	55.0170906467
	88.3498763247	55.0264976902
	88.3453314881	55.0339462761
	88.33978315	55.0443264865
	88.3349255896	55.0550473508
	88.3307796077	55.0660629606
	88.327362958	55.0773261452
	88.3270680122	55.0784411862
	88.311322197	55.0885253117
	88.3083978854	55.0904384466
	88.2988306826	55.0972942072
	88.289732352	55.1047610141
	88.2873187724	55.1069163823
	88.2781482402	55.1152553105
	88.271971322	55.1211458215
	88.2718621987	55.1212550386
	88.267421891	55.1257029756
	88.2594851352	55.1341842563
	88.2520183283	55.1432825869
	88.2464836833	55.150900349
	88.2434319255	55.1553406566
	88.2421108098	55.1572900974
	88.2358954529	55.1672852043
	88.2303471149	55.1776654147
	88.2254895545	55.188386279
	88.2213435725	55.1994018888
	88.2179269228	55.2106650735
	88.2152542359	55.2221276024
	88.2133369567	55.2337403912
	88.2121832953	55.2454537122
	88.2117981918	55.2572174072
	88.2120414425	55.266568617
	88.2125907589	55.2771200697
	88.2127326117	55.2795325548
	88.2138862731	55.2912458759
	88.2158035523	55.3028586647
	88.2184762392	55.3143211936
	88.2211823807	55.3234474305
	88.2247987137	55.3345558289
	88.2255092219	55.3366927767
	88.2296552039	55.3477083865
	88.2345127643	55.3584292508
	88.2400611024	55.3688094612
	88.2408168399	55.3701059169
	88.2444179141	55.3762246913
	88.2498775335	55.3849233426
	88.2567332941	55.3944905455
	88.2602761486	55.3989591804
	88.2652810314	55.4050703254
	88.2692049838	55.409700021
	88.277250863	55.4182905188
	88.2804792466	55.4214389583
	88.2918623033	55.4322650691
	88.2972244175	55.4371625088
	88.306322748	55.4446293158
	88.3130979236	55.4495813237
	88.3194913563	55.4540292607
	88.3222833835	55.4559330134
	88.3322784904	55.4621483703
	88.3367419378	55.4646414427
	88.3453247551	55.4699227233
	88.3557049655	55.4754710614
	88.3664258298	55.4803286218
	88.3677186299	55.4808582443
	88.3896760274	55.4897541183
	88.3980702224	55.4929136792
	88.4075367758	55.4962098275
	88.4154993837	55.5026890081
	88.4212434695	55.5069183137
	88.4300228116	55.5131177925
	88.4308303745	55.5138302945
	88.4311854227	55.5141408407
	88.4335018011	55.5176976956
	88.4403575617	55.5272648985
	88.4440542709	55.5319211374
	88.454323436	55.544425715
	88.4580935336	55.5488678067
	88.4661394128	55.5574583045
	88.4667667788	55.558082591
	88.4948124331	55.5858535871
	88.5027755649	55.5932751797
	88.5118738955	55.6007419867
	88.5214410983	55.6075977473
	88.525813542	55.6104286095
	88.5382418257	55.6182220361
	88.543864489	55.6216065307
	88.5542446994	55.6271548688
	88.5649655637	55.6320124292
	88.5759811734	55.6361584111
	88.5872443581	55.6395750608
	88.598706887	55.6422477477
	88.6103196759	55.6441650269
	88.6220329969	55.6453186883
	88.6337966919	55.6457037918
	88.6455603869	55.6453186883
	88.6572737079	55.6441650269
	88.6688864968	55.6422477477
	88.6794317039	55.6398182645
	88.7695119651	55.6161900297
	88.7704292869	55.615946826
	88.7816924716	55.6125301763
	88.7927080813	55.6083841943
	88.8034289456	55.6035266339
	88.8125565087	55.5986478498
	88.8128501208	55.5986382379
	88.8245634418	55.5974845765
	88.8361762306	55.5955672973
	88.8446976993	55.5936561026
	88.8702638003	55.5872664847
	88.8732048606	55.5865049925
	88.8844680453	55.5830883428
	88.8954836551	55.5789423608
	88.9062045193	55.5740848004
	88.9165847298	55.5685364623
	88.9219659926	55.565303077
	88.9508661391	55.5472443001
	88.9554799832	55.5442623286
	88.9650471861	55.537406568
	88.9741455166	55.529939761
	88.9827360144	55.5218938818
	88.9907818936	55.5133033841
	88.9982487005	55.5042050535
	88.9990721889	55.5031234236
	89.0347468485	55.5000181732
	89.0426267963	55.4991569398
	89.0542395851	55.4972396606
	89.065702114	55.4945669737
	89.0769652987	55.491150324
	89.0879809085	55.487004342
	89.0987017728	55.4821467816
	89.1090819832	55.4765984435
	89.1190770901	55.4703830866
	89.128644293	55.463527326
	89.1377426236	55.4560605191
	89.1463331214	55.4480146399
	89.1543790005	55.4394241421
	89.1618458075	55.4303258116
	89.1687015681	55.4207586087
	89.174916925	55.4107635018
	89.1804652631	55.4003832913
	89.1853228235	55.389662427
	89.1856879296	55.3887742847
	89.1870891963	55.3878810325
	89.2323696528	55.3587214866
	89.2349141873	55.3570522456
	89.2444813902	55.350196485
	89.2535797207	55.342729678
	89.2621702185	55.3346837988
	89.2702160977	55.3260933011
	89.2776829046	55.3169949705
	89.2845386652	55.3074277676
	89.2907540222	55.2974326607
	89.2914978687	55.296061556
	89.2995455838	55.2924151837
	89.3099257942	55.2868668456
	89.3148495055	55.2839184172
	89.3492962218	55.262537039
	89.3543676175	55.2592701106
	89.3639348204	55.2524143499
	89.3730331509	55.244947543
	89.3816236487	55.2369016638
	89.3896695279	55.228311166
	89.3971363348	55.2192128355
	89.4039920954	55.2096456326
	89.4042718676	55.2092256497
	89.4075982836	55.2042169522
	89.4082957447	55.203091827
	89.4164213241	55.201329789
	89.4248558616	55.1992865171
	89.4361190463	55.1958698674
	89.4447885831	55.1926763697
	89.4734217008	55.1812856837
	89.4757677737	55.1803331995
END
END
