none
1
   -8.751669E+01   3.028086E+01
   -8.751807E+01   3.022783E+01
   -8.751634E+01   3.010403E+01
   -8.830577E+01   3.011242E+01
   -8.839676E+01   3.036931E+01
   -8.842033E+01   3.086644E+01
   -8.847493E+01   3.189380E+01
   -8.840549E+01   3.244988E+01
   -8.834260E+01   3.299152E+01
   -8.824472E+01   3.379581E+01
   -8.818866E+01   3.420498E+01
   -8.815798E+01   3.446345E+01
   -8.812010E+01   3.472450E+01
   -8.809968E+01   3.489153E+01
   -8.813740E+01   3.490605E+01
   -8.815580E+01   3.492117E+01
   -8.817753E+01   3.496158E+01
   -8.820035E+01   3.499046E+01
   -8.820451E+01   3.500872E+01
   -8.742858E+01   3.500449E+01
   -8.686213E+01   3.499366E+01
   -8.639719E+01   3.499336E+01
   -8.560449E+01   3.498624E+01
   -8.555975E+01   3.475042E+01
   -8.546879E+01   3.432860E+01
   -8.542780E+01   3.412544E+01
   -8.523071E+01   3.310840E+01
   -8.518452E+01   3.287025E+01
   -8.518414E+01   3.286178E+01
   -8.517780E+01   3.285459E+01
   -8.516165E+01   3.285174E+01
   -8.515778E+01   3.283957E+01
   -8.516665E+01   3.282804E+01
   -8.516639E+01   3.281239E+01
   -8.515081E+01   3.279540E+01
   -8.513062E+01   3.277956E+01
   -8.513645E+01   3.275432E+01
   -8.511857E+01   3.273814E+01
   -8.511804E+01   3.272626E+01
   -8.512099E+01   3.271571E+01
   -8.511326E+01   3.268655E+01
   -8.509237E+01   3.267097E+01
   -8.508692E+01   3.265842E+01
   -8.509746E+01   3.264514E+01
   -8.509563E+01   3.263879E+01
   -8.508469E+01   3.263401E+01
   -8.508805E+01   3.262419E+01
   -8.508135E+01   3.261599E+01
   -8.507998E+01   3.260414E+01
   -8.506734E+01   3.257961E+01
   -8.506133E+01   3.257798E+01
   -8.504525E+01   3.256242E+01
   -8.502218E+01   3.254315E+01
   -8.501387E+01   3.252703E+01
   -8.500752E+01   3.252511E+01
   -8.500104E+01   3.251476E+01
   -8.499425E+01   3.248604E+01
   -8.499478E+01   3.247507E+01
   -8.499788E+01   3.247000E+01
   -8.499464E+01   3.245286E+01
   -8.498489E+01   3.244711E+01
   -8.497060E+01   3.244402E+01
   -8.496143E+01   3.242482E+01
   -8.496241E+01   3.242118E+01
   -8.497790E+01   3.241113E+01
   -8.497933E+01   3.240304E+01
   -8.497507E+01   3.239263E+01
   -8.497707E+01   3.237583E+01
   -8.498545E+01   3.235799E+01
   -8.500318E+01   3.234413E+01
   -8.500635E+01   3.233644E+01
   -8.500547E+01   3.232906E+01
   -8.500094E+01   3.232355E+01
   -8.493304E+01   3.229978E+01
   -8.490297E+01   3.227509E+01
   -8.488920E+01   3.226163E+01
   -8.489127E+01   3.225685E+01
   -8.490293E+01   3.224959E+01
   -8.491115E+01   3.224614E+01
   -8.491499E+01   3.223550E+01
   -8.492129E+01   3.222429E+01
   -8.492430E+01   3.222028E+01
   -8.492992E+01   3.221736E+01
   -8.495805E+01   3.221415E+01
   -8.496516E+01   3.220638E+01
   -8.496325E+01   3.219886E+01
   -8.496565E+01   3.219273E+01
   -8.501035E+01   3.217905E+01
   -8.504434E+01   3.214261E+01
   -8.505983E+01   3.213294E+01
   -8.504536E+01   3.208739E+01
   -8.505405E+01   3.207425E+01
   -8.505248E+01   3.206791E+01
   -8.505315E+01   3.203898E+01
   -8.505474E+01   3.203153E+01
   -8.505153E+01   3.202441E+01
   -8.505215E+01   3.201316E+01
   -8.506302E+01   3.200170E+01
   -8.506910E+01   3.198150E+01
   -8.506427E+01   3.197077E+01
   -8.506925E+01   3.196427E+01
   -8.507735E+01   3.193954E+01
   -8.509823E+01   3.192412E+01
   -8.510141E+01   3.191600E+01
   -8.510634E+01   3.190537E+01
   -8.511082E+01   3.189357E+01
   -8.511675E+01   3.189118E+01
   -8.513249E+01   3.189127E+01
   -8.512675E+01   3.187729E+01
   -8.513605E+01   3.184562E+01
   -8.513212E+01   3.182685E+01
   -8.512963E+01   3.181749E+01
   -8.513128E+01   3.179195E+01
   -8.512365E+01   3.176768E+01
   -8.511724E+01   3.173284E+01
   -8.511258E+01   3.168790E+01
   -8.508059E+01   3.165565E+01
   -8.507921E+01   3.165197E+01
   -8.505674E+01   3.162115E+01
   -8.505882E+01   3.160884E+01
   -8.505428E+01   3.160535E+01
   -8.505359E+01   3.157723E+01
   -8.503960E+01   3.154099E+01
   -8.504344E+01   3.151752E+01
   -8.506421E+01   3.148321E+01
   -8.506428E+01   3.144327E+01
   -8.506424E+01   3.143013E+01
   -8.507597E+01   3.139851E+01
   -8.509054E+01   3.136401E+01
   -8.508426E+01   3.135353E+01
   -8.508250E+01   3.132874E+01
   -8.508208E+01   3.131827E+01
   -8.508812E+01   3.129464E+01
   -8.509819E+01   3.128273E+01
   -8.511022E+01   3.127274E+01
   -8.511071E+01   3.126007E+01
   -8.509507E+01   3.122581E+01
   -8.509714E+01   3.121062E+01
   -8.510535E+01   3.120203E+01
   -8.510586E+01   3.118714E+01
   -8.510116E+01   3.118618E+01
   -8.509686E+01   3.118056E+01
   -8.509868E+01   3.116653E+01
   -8.509155E+01   3.116195E+01
   -8.507555E+01   3.115824E+01
   -8.506253E+01   3.114330E+01
   -8.503417E+01   3.110908E+01
   -8.502444E+01   3.108468E+01
   -8.500998E+01   3.105450E+01
   -8.500712E+01   3.104574E+01
   -8.499670E+01   3.101396E+01
   -8.499969E+01   3.100008E+01
   -8.599860E+01   3.099117E+01
   -8.652027E+01   3.099156E+01
   -8.704006E+01   3.099783E+01
   -8.723761E+01   3.099470E+01
   -8.730149E+01   3.099674E+01
   -8.759692E+01   3.099577E+01
   -8.758718E+01   3.096600E+01
   -8.758927E+01   3.095318E+01
   -8.762444E+01   3.085811E+01
   -8.761586E+01   3.084152E+01
   -8.757867E+01   3.081234E+01
   -8.757059E+01   3.080227E+01
   -8.754411E+01   3.078045E+01
   -8.753445E+01   3.076192E+01
   -8.750974E+01   3.073435E+01
   -8.748026E+01   3.071836E+01
   -8.744879E+01   3.070047E+01
   -8.742955E+01   3.068986E+01
   -8.740497E+01   3.067595E+01
   -8.739535E+01   3.065571E+01
   -8.739267E+01   3.064595E+01
   -8.739326E+01   3.061386E+01
   -8.739741E+01   3.060436E+01
   -8.740640E+01   3.058317E+01
   -8.741069E+01   3.057292E+01
   -8.741552E+01   3.056924E+01
   -8.741649E+01   3.056134E+01
   -8.743909E+01   3.053660E+01
   -8.743728E+01   3.052987E+01
   -8.744219E+01   3.052304E+01
   -8.744533E+01   3.052174E+01
   -8.744284E+01   3.051400E+01
   -8.743860E+01   3.050795E+01
   -8.742946E+01   3.049905E+01
   -8.742672E+01   3.048811E+01
   -8.742925E+01   3.047766E+01
   -8.742313E+01   3.046615E+01
   -8.740728E+01   3.045799E+01
   -8.739909E+01   3.045255E+01
   -8.736763E+01   3.045174E+01
   -8.735755E+01   3.043776E+01
   -8.740267E+01   3.040514E+01
   -8.742826E+01   3.040540E+01
   -8.743274E+01   3.038374E+01
   -8.744348E+01   3.036632E+01
   -8.744940E+01   3.032574E+01
   -8.749768E+01   3.032787E+01
   -8.750313E+01   3.032335E+01
   -8.750326E+01   3.030986E+01
   -8.749458E+01   3.030670E+01
   -8.744942E+01   3.031267E+01
   -8.745115E+01   3.029903E+01
   -8.751669E+01   3.028086E+01
END
END
