none
1
   -2.193488E+00   5.242210E+01
   -2.219254E+00   5.243352E+01
   -2.248383E+00   5.243642E+01
   -2.261673E+00   5.243570E+01
   -2.264826E+00   5.243792E+01
   -2.269611E+00   5.243733E+01
   -2.279455E+00   5.244181E+01
   -2.286737E+00   5.244274E+01
   -2.289993E+00   5.244644E+01
   -2.296182E+00   5.244874E+01
   -2.292288E+00   5.245257E+01
   -2.291177E+00   5.246041E+01
   -2.297026E+00   5.247332E+01
   -2.303949E+00   5.248008E+01
   -2.309640E+00   5.248260E+01
   -2.314073E+00   5.248916E+01
   -2.307992E+00   5.249994E+01
   -2.298845E+00   5.250512E+01
   -2.291375E+00   5.251350E+01
   -2.267717E+00   5.252321E+01
   -2.266715E+00   5.252589E+01
   -2.269548E+00   5.253190E+01
   -2.261549E+00   5.254278E+01
   -2.266687E+00   5.254800E+01
   -2.283758E+00   5.255205E+01
   -2.282408E+00   5.255434E+01
   -2.265417E+00   5.256385E+01
   -2.264433E+00   5.256775E+01
   -2.266040E+00   5.257072E+01
   -2.281117E+00   5.258317E+01
   -2.295147E+00   5.258385E+01
   -2.302772E+00   5.259043E+01
   -2.308448E+00   5.258978E+01
   -2.321687E+00   5.259231E+01
   -2.325996E+00   5.259974E+01
   -2.324351E+00   5.261222E+01
   -2.322389E+00   5.261514E+01
   -2.315791E+00   5.261606E+01
   -2.312120E+00   5.261457E+01
   -2.307472E+00   5.260909E+01
   -2.300298E+00   5.260866E+01
   -2.296562E+00   5.261018E+01
   -2.281170E+00   5.260789E+01
   -2.268163E+00   5.261199E+01
   -2.255755E+00   5.261267E+01
   -2.247318E+00   5.262896E+01
   -2.238900E+00   5.263671E+01
   -2.235828E+00   5.264451E+01
   -2.239016E+00   5.265387E+01
   -2.249026E+00   5.265682E+01
   -2.241839E+00   5.266200E+01
   -2.240898E+00   5.266464E+01
   -2.245928E+00   5.267869E+01
   -2.249271E+00   5.268086E+01
   -2.262094E+00   5.268158E+01
   -2.273559E+00   5.267850E+01
   -2.303386E+00   5.268177E+01
   -2.310661E+00   5.269197E+01
   -2.320861E+00   5.269465E+01
   -2.325831E+00   5.270502E+01
   -2.312979E+00   5.272041E+01
   -2.317006E+00   5.272645E+01
   -2.317524E+00   5.274415E+01
   -2.325156E+00   5.274927E+01
   -2.331349E+00   5.275036E+01
   -2.334153E+00   5.275692E+01
   -2.342340E+00   5.276042E+01
   -2.347000E+00   5.276473E+01
   -2.350414E+00   5.276502E+01
   -2.355469E+00   5.277040E+01
   -2.369971E+00   5.277632E+01
   -2.371935E+00   5.278224E+01
   -2.379306E+00   5.278294E+01
   -2.385804E+00   5.278857E+01
   -2.386235E+00   5.279185E+01
   -2.375849E+00   5.279814E+01
   -2.380402E+00   5.281103E+01
   -2.417360E+00   5.282630E+01
   -2.416218E+00   5.283002E+01
   -2.408624E+00   5.283553E+01
   -2.398752E+00   5.283513E+01
   -2.395644E+00   5.283712E+01
   -2.389999E+00   5.286236E+01
   -2.382192E+00   5.286907E+01
   -2.383996E+00   5.287622E+01
   -2.381597E+00   5.288237E+01
   -2.382280E+00   5.288520E+01
   -2.388319E+00   5.288754E+01
   -2.396128E+00   5.288793E+01
   -2.411338E+00   5.288605E+01
   -2.425899E+00   5.288073E+01
   -2.440563E+00   5.287937E+01
   -2.444683E+00   5.287305E+01
   -2.446509E+00   5.287274E+01
   -2.458609E+00   5.287841E+01
   -2.458518E+00   5.288447E+01
   -2.466672E+00   5.289203E+01
   -2.471820E+00   5.290617E+01
   -2.461736E+00   5.291096E+01
   -2.457671E+00   5.291679E+01
   -2.458207E+00   5.292096E+01
   -2.456403E+00   5.292549E+01
   -2.446637E+00   5.293042E+01
   -2.437851E+00   5.294479E+01
   -2.425147E+00   5.295072E+01
   -2.412348E+00   5.294809E+01
   -2.408550E+00   5.294897E+01
   -2.407456E+00   5.295391E+01
   -2.409431E+00   5.295728E+01
   -2.415060E+00   5.295978E+01
   -2.414073E+00   5.296269E+01
   -2.401598E+00   5.296273E+01
   -2.393975E+00   5.295414E+01
   -2.391328E+00   5.295367E+01
   -2.388346E+00   5.295500E+01
   -2.381032E+00   5.296405E+01
   -2.380729E+00   5.296671E+01
   -2.383610E+00   5.297110E+01
   -2.381250E+00   5.297619E+01
   -2.375073E+00   5.297638E+01
   -2.372128E+00   5.297993E+01
   -2.380232E+00   5.299109E+01
   -2.379755E+00   5.299546E+01
   -2.381971E+00   5.299803E+01
   -2.381993E+00   5.300324E+01
   -2.384301E+00   5.300727E+01
   -2.375874E+00   5.301434E+01
   -2.376312E+00   5.301706E+01
   -2.385291E+00   5.302556E+01
   -2.385077E+00   5.303023E+01
   -2.387351E+00   5.303322E+01
   -2.384889E+00   5.304384E+01
   -2.386304E+00   5.304845E+01
   -2.382119E+00   5.305353E+01
   -2.375286E+00   5.305573E+01
   -2.360912E+00   5.305636E+01
   -2.354167E+00   5.306009E+01
   -2.348013E+00   5.305836E+01
   -2.342127E+00   5.306142E+01
   -2.336575E+00   5.306853E+01
   -2.332416E+00   5.307107E+01
   -2.329737E+00   5.307758E+01
   -2.318665E+00   5.308252E+01
   -2.303823E+00   5.308423E+01
   -2.292551E+00   5.308027E+01
   -2.281469E+00   5.308167E+01
   -2.276888E+00   5.308725E+01
   -2.256603E+00   5.309192E+01
   -2.253718E+00   5.309512E+01
   -2.245932E+00   5.309400E+01
   -2.238086E+00   5.310240E+01
   -2.225970E+00   5.310563E+01
   -2.219643E+00   5.311007E+01
   -2.200148E+00   5.312538E+01
   -2.178203E+00   5.314593E+01
   -2.160554E+00   5.315413E+01
   -2.156293E+00   5.316068E+01
   -2.145853E+00   5.316053E+01
   -2.144274E+00   5.316298E+01
   -2.145782E+00   5.317638E+01
   -2.140711E+00   5.318509E+01
   -2.133485E+00   5.318433E+01
   -2.126975E+00   5.317681E+01
   -2.119186E+00   5.317588E+01
   -2.107876E+00   5.317002E+01
   -2.092700E+00   5.317419E+01
   -2.086248E+00   5.317150E+01
   -2.073447E+00   5.317289E+01
   -2.068302E+00   5.317603E+01
   -2.062588E+00   5.317672E+01
   -2.055934E+00   5.318738E+01
   -2.046882E+00   5.319390E+01
   -2.028595E+00   5.319466E+01
   -2.017455E+00   5.319046E+01
   -2.010603E+00   5.319397E+01
   -2.002358E+00   5.319490E+01
   -1.996350E+00   5.320072E+01
   -1.993894E+00   5.320835E+01
   -1.987805E+00   5.321492E+01
   -1.962124E+00   5.322743E+01
   -1.959291E+00   5.321929E+01
   -1.955111E+00   5.321461E+01
   -1.937389E+00   5.321302E+01
   -1.921983E+00   5.320472E+01
   -1.914614E+00   5.320402E+01
   -1.908208E+00   5.320024E+01
   -1.890493E+00   5.320066E+01
   -1.873551E+00   5.319651E+01
   -1.831572E+00   5.317402E+01
   -1.829818E+00   5.316948E+01
   -1.815345E+00   5.315968E+01
   -1.811243E+00   5.315437E+01
   -1.811131E+00   5.315156E+01
   -1.814162E+00   5.314920E+01
   -1.818143E+00   5.314020E+01
   -1.817980E+00   5.313712E+01
   -1.810802E+00   5.313275E+01
   -1.807817E+00   5.312586E+01
   -1.799403E+00   5.311627E+01
   -1.785889E+00   5.310942E+01
   -1.782612E+00   5.310364E+01
   -1.781797E+00   5.309288E+01
   -1.789685E+00   5.308790E+01
   -1.787121E+00   5.308029E+01
   -1.788060E+00   5.307560E+01
   -1.782304E+00   5.306365E+01
   -1.774376E+00   5.305923E+01
   -1.780701E+00   5.305504E+01
   -1.781849E+00   5.305181E+01
   -1.776482E+00   5.304512E+01
   -1.767953E+00   5.304531E+01
   -1.758552E+00   5.303920E+01
   -1.755569E+00   5.303070E+01
   -1.759797E+00   5.302190E+01
   -1.756469E+00   5.301678E+01
   -1.764217E+00   5.300771E+01
   -1.761183E+00   5.300054E+01
   -1.762292E+00   5.299836E+01
   -1.766799E+00   5.299791E+01
   -1.770848E+00   5.299455E+01
   -1.782023E+00   5.299336E+01
   -1.787230E+00   5.298809E+01
   -1.792879E+00   5.298680E+01
   -1.802989E+00   5.298004E+01
   -1.823431E+00   5.297726E+01
   -1.826884E+00   5.297460E+01
   -1.828271E+00   5.297000E+01
   -1.824246E+00   5.296176E+01
   -1.829751E+00   5.295503E+01
   -1.827559E+00   5.294727E+01
   -1.832502E+00   5.294011E+01
   -1.837728E+00   5.293959E+01
   -1.845727E+00   5.293538E+01
   -1.851967E+00   5.292560E+01
   -1.846305E+00   5.292047E+01
   -1.845854E+00   5.291626E+01
   -1.841588E+00   5.291376E+01
   -1.840578E+00   5.290825E+01
   -1.832208E+00   5.290273E+01
   -1.828694E+00   5.289665E+01
   -1.830901E+00   5.289274E+01
   -1.830361E+00   5.289000E+01
   -1.825682E+00   5.288732E+01
   -1.821738E+00   5.288731E+01
   -1.817686E+00   5.288378E+01
   -1.810240E+00   5.288275E+01
   -1.805627E+00   5.288393E+01
   -1.801880E+00   5.288743E+01
   -1.790412E+00   5.288240E+01
   -1.784053E+00   5.288520E+01
   -1.776704E+00   5.288500E+01
   -1.772245E+00   5.288065E+01
   -1.758542E+00   5.287853E+01
   -1.731579E+00   5.286417E+01
   -1.723483E+00   5.286409E+01
   -1.714880E+00   5.286724E+01
   -1.704463E+00   5.286797E+01
   -1.698575E+00   5.286446E+01
   -1.689975E+00   5.286573E+01
   -1.669346E+00   5.286232E+01
   -1.659084E+00   5.285819E+01
   -1.642240E+00   5.285750E+01
   -1.635494E+00   5.285430E+01
   -1.626529E+00   5.285569E+01
   -1.617683E+00   5.284673E+01
   -1.606012E+00   5.284427E+01
   -1.599986E+00   5.283932E+01
   -1.590923E+00   5.283750E+01
   -1.588305E+00   5.283354E+01
   -1.584490E+00   5.283258E+01
   -1.584498E+00   5.283036E+01
   -1.587885E+00   5.282784E+01
   -1.601828E+00   5.282541E+01
   -1.606061E+00   5.281903E+01
   -1.604719E+00   5.281639E+01
   -1.590755E+00   5.281018E+01
   -1.588362E+00   5.279946E+01
   -1.593581E+00   5.279623E+01
   -1.598403E+00   5.279669E+01
   -1.607211E+00   5.279319E+01
   -1.609878E+00   5.278893E+01
   -1.608429E+00   5.278369E+01
   -1.612858E+00   5.278009E+01
   -1.619890E+00   5.278229E+01
   -1.626920E+00   5.277855E+01
   -1.638021E+00   5.278439E+01
   -1.647449E+00   5.277902E+01
   -1.652048E+00   5.277831E+01
   -1.661721E+00   5.278331E+01
   -1.666267E+00   5.278311E+01
   -1.668569E+00   5.278097E+01
   -1.670207E+00   5.277172E+01
   -1.680581E+00   5.276931E+01
   -1.684226E+00   5.275962E+01
   -1.692237E+00   5.275380E+01
   -1.692776E+00   5.274813E+01
   -1.690950E+00   5.274402E+01
   -1.695218E+00   5.274119E+01
   -1.697990E+00   5.273170E+01
   -1.694557E+00   5.272819E+01
   -1.678214E+00   5.272879E+01
   -1.670347E+00   5.272520E+01
   -1.655881E+00   5.272270E+01
   -1.655134E+00   5.271166E+01
   -1.650557E+00   5.270119E+01
   -1.645855E+00   5.270047E+01
   -1.635317E+00   5.270379E+01
   -1.622831E+00   5.270026E+01
   -1.614350E+00   5.270180E+01
   -1.603616E+00   5.269824E+01
   -1.597724E+00   5.270166E+01
   -1.589958E+00   5.269888E+01
   -1.585641E+00   5.269411E+01
   -1.588680E+00   5.268640E+01
   -1.602127E+00   5.267783E+01
   -1.603367E+00   5.267283E+01
   -1.612747E+00   5.267054E+01
   -1.615154E+00   5.266730E+01
   -1.620097E+00   5.266664E+01
   -1.641050E+00   5.265554E+01
   -1.638759E+00   5.264871E+01
   -1.631713E+00   5.264348E+01
   -1.636363E+00   5.264015E+01
   -1.639891E+00   5.263184E+01
   -1.634816E+00   5.261947E+01
   -1.638128E+00   5.261334E+01
   -1.638451E+00   5.260835E+01
   -1.642776E+00   5.260265E+01
   -1.648108E+00   5.259765E+01
   -1.655334E+00   5.259434E+01
   -1.665929E+00   5.259091E+01
   -1.681966E+00   5.259157E+01
   -1.687943E+00   5.258750E+01
   -1.697917E+00   5.258928E+01
   -1.704197E+00   5.258627E+01
   -1.715174E+00   5.258760E+01
   -1.729325E+00   5.258667E+01
   -1.740056E+00   5.258839E+01
   -1.743598E+00   5.259213E+01
   -1.746701E+00   5.259246E+01
   -1.768832E+00   5.258782E+01
   -1.776820E+00   5.259081E+01
   -1.788089E+00   5.258664E+01
   -1.799039E+00   5.259847E+01
   -1.829337E+00   5.260710E+01
   -1.848843E+00   5.260310E+01
   -1.854214E+00   5.259984E+01
   -1.863564E+00   5.258969E+01
   -1.874053E+00   5.258380E+01
   -1.893522E+00   5.259894E+01
   -1.886562E+00   5.261111E+01
   -1.887107E+00   5.261436E+01
   -1.897183E+00   5.262307E+01
   -1.916535E+00   5.263403E+01
   -1.916947E+00   5.263607E+01
   -1.911785E+00   5.263970E+01
   -1.911491E+00   5.264370E+01
   -1.919055E+00   5.264923E+01
   -1.920343E+00   5.265340E+01
   -1.926130E+00   5.265479E+01
   -1.932276E+00   5.265885E+01
   -1.939884E+00   5.265522E+01
   -1.952020E+00   5.265781E+01
   -1.954567E+00   5.265273E+01
   -1.958438E+00   5.265001E+01
   -1.959662E+00   5.264253E+01
   -1.964281E+00   5.263958E+01
   -1.986344E+00   5.263844E+01
   -1.990477E+00   5.263549E+01
   -1.994804E+00   5.263702E+01
   -2.002634E+00   5.263598E+01
   -2.012301E+00   5.263226E+01
   -2.023376E+00   5.262419E+01
   -2.028511E+00   5.262312E+01
   -2.030009E+00   5.262076E+01
   -2.028994E+00   5.261647E+01
   -2.030492E+00   5.261563E+01
   -2.045418E+00   5.261955E+01
   -2.058265E+00   5.262047E+01
   -2.065333E+00   5.261722E+01
   -2.066908E+00   5.261094E+01
   -2.081280E+00   5.261068E+01
   -2.085573E+00   5.261271E+01
   -2.089449E+00   5.261816E+01
   -2.096416E+00   5.262049E+01
   -2.102071E+00   5.263289E+01
   -2.111708E+00   5.263380E+01
   -2.115224E+00   5.263631E+01
   -2.127969E+00   5.263614E+01
   -2.137005E+00   5.262841E+01
   -2.148233E+00   5.262809E+01
   -2.150961E+00   5.262352E+01
   -2.157613E+00   5.262178E+01
   -2.162852E+00   5.261725E+01
   -2.168577E+00   5.260825E+01
   -2.174081E+00   5.260768E+01
   -2.180266E+00   5.260366E+01
   -2.185477E+00   5.260494E+01
   -2.187909E+00   5.260384E+01
   -2.188120E+00   5.258808E+01
   -2.195425E+00   5.258709E+01
   -2.198248E+00   5.258482E+01
   -2.196609E+00   5.257952E+01
   -2.183222E+00   5.257820E+01
   -2.179931E+00   5.257569E+01
   -2.171901E+00   5.255783E+01
   -2.150074E+00   5.255547E+01
   -2.145525E+00   5.255617E+01
   -2.142057E+00   5.255913E+01
   -2.132242E+00   5.255404E+01
   -2.135280E+00   5.254860E+01
   -2.134303E+00   5.253426E+01
   -2.145038E+00   5.252739E+01
   -2.143107E+00   5.251642E+01
   -2.149880E+00   5.251295E+01
   -2.156383E+00   5.251381E+01
   -2.177450E+00   5.251046E+01
   -2.185199E+00   5.250569E+01
   -2.183822E+00   5.249635E+01
   -2.176676E+00   5.248607E+01
   -2.176160E+00   5.247922E+01
   -2.172578E+00   5.247492E+01
   -2.166192E+00   5.247169E+01
   -2.172257E+00   5.246332E+01
   -2.174674E+00   5.245484E+01
   -2.170343E+00   5.244159E+01
   -2.162988E+00   5.242888E+01
   -2.162582E+00   5.242334E+01
   -2.164368E+00   5.242202E+01
   -2.184956E+00   5.242472E+01
   -2.193488E+00   5.242210E+01
END
END
