Курганская область
1
	64.9599291507	56.9942217493
	64.9645771721	56.9922194071
	64.9856800774	56.9827742166
	64.9917529202	56.9799189984
	65.0021331307	56.9743706603
	65.0121282376	56.9681553034
	65.0216954405	56.9612995428
	65.030793771	56.9538327359
	65.0336574201	56.9512667168
	65.0369990949	56.9482073296
	65.0427259436	56.9427274695
	65.0438709018	56.9415721099
	65.0533446933	56.9386448308
	65.064360303	56.9344988489
	65.0750811673	56.9296412885
	65.0854613777	56.9240929504
	65.0954564847	56.9178775935
	65.1050236875	56.9110218329
	65.1141220181	56.9035550259
	65.1227125159	56.8955091467
	65.1307583951	56.886918649
	65.138225202	56.8778203184
	65.1450809626	56.8682531155
	65.1512963195	56.8582580086
	65.1568446576	56.8478777981
	65.161702218	56.8371569339
	65.1658481999	56.8261413241
	65.1692648497	56.8148781394
	65.1719375365	56.8034156105
	65.1738548157	56.7918028217
	65.1750084772	56.7800895006
	65.1753935807	56.7683258057
	65.1752716016	56.7617027775
	65.1772617742	56.7561416293
	65.1806784239	56.7448784446
	65.1819233208	56.7399554756
	65.1833118706	56.7341189888
	65.1846179569	56.7281858237
	65.1882472455	56.7212145901
	65.1931048059	56.7104937259
	65.1972507878	56.6994781161
	65.2006674375	56.6882149314
	65.2033401244	56.6767524025
	65.2052574036	56.6651396137
	65.2064110651	56.6534262926
	65.2067961686	56.6416625977
	65.2067961686	56.635269165
	65.2064110651	56.6235054701
	65.2052574036	56.611792149
	65.2033401244	56.6001793602
	65.2017808832	56.5930910953
	65.2099624722	56.5863324307
	65.21855297	56.5782865515
	65.2265988492	56.5696960537
	65.2340656561	56.5605977232
	65.2409214167	56.5510305203
	65.2415738825	56.54998127
	65.2464698097	56.5491729491
	65.2579323387	56.5465002623
	65.2691955233	56.5430836125
	65.2802111331	56.5389376306
	65.2909319974	56.5340800702
	65.3013122078	56.5285317321
	65.3113073148	56.5223163752
	65.3208745176	56.5154606146
	65.3299728482	56.5079938077
	65.338563346	56.4999479285
	65.3466092252	56.4913574307
	65.3540760321	56.4822591001
	65.3540965757	56.4822304315
	65.4741875244	56.4771997811
	65.4784232409	56.4769722833
	65.4872643705	56.47617327
	65.6342065092	56.4592283848
	65.6367045587	56.4589225942
	65.6903086847	56.4519798451
	65.6906828266	56.4519309876
	65.7022956154	56.4500137084
	65.7137581443	56.4473410215
	65.725021329	56.4439243718
	65.7360369387	56.4397783899
	65.746757803	56.4349208295
	65.7571380135	56.4293724914
	65.7671331204	56.4231571345
	65.7767003233	56.4163013739
	65.7857986538	56.408834567
	65.7943891516	56.4007886878
	65.8024350308	56.39219819
	65.8099018377	56.3830998594
	65.8167575984	56.3735326566
	65.8229729553	56.3635375496
	65.8285212933	56.3531573392
	65.8333788537	56.3424364749
	65.8356394442	56.3367030135
	65.8390649559	56.3343208446
	65.8458684141	56.3293491644
	65.8471094753	56.3283882322
	65.8499457134	56.3268685772
	65.8549315926	56.3240944763
	65.8649266995	56.3178791194
	65.8744939024	56.3110233587
	65.8835922329	56.3035565518
	65.8921827307	56.2955106726
	65.8963202033	56.2912339969
	65.9088018927	56.2778978153
	65.9127102994	56.2735839932
	65.9201771063	56.2644856626
	65.9270328669	56.2549184598
	65.9332482238	56.2449233528
	65.9387965619	56.2345431424
	65.9405560083	56.2308711339
	65.941491815	56.2302211229
	65.948376959	56.2251926703
	65.9574752896	56.2177258633
	65.9598982726	56.2155619439
	65.9599770799	56.2155043971
	65.9625640062	56.2138648896
	65.9671294686	56.2113167663
	65.9709630495	56.2090396287
	65.9714236584	56.2089243776
	65.9743172264	56.2081747618
	65.9829676779	56.2056227806
	65.9907461753	56.2040448038
	66.001538906	56.2015066709
	66.0128020907	56.1980900212
	66.0238177005	56.1939440393
	66.0314580221	56.1905694047
	66.0343071217	56.1892310945
	66.0425094516	56.1968899869
	66.0516077822	56.2043567938
	66.061174985	56.2112125544
	66.0613766916	56.2113471338
	66.067205549	56.2152304957
	66.0769989494	56.2213112731
	66.0873791599	56.2268596112
	66.0981000241	56.2317171716
	66.1091156339	56.2358631536
	66.1189947888	56.2389030323
	66.1270514294	56.2411308155
	66.1284354592	56.2415075865
	66.1398979881	56.2441802734
	66.151510777	56.2460975526
	66.163224098	56.247251214
	66.1679962144	56.2475003799
	66.1893737779	56.2483319839
	66.2081290514	56.248082818
	66.2086071872	56.2480508396
	66.2423361941	56.2457498591
	66.2866039943	56.2441908315
	66.2920371325	56.2439171686
	66.3031552863	56.2428408524
	66.324807508	56.2400637528
	66.3254026752	56.2399864075
	66.337015464	56.2380691283
	66.348477993	56.2353964415
	66.3597411776	56.2319797917
	66.3707567874	56.2278338098
	66.3814776517	56.2229762494
	66.3918578621	56.2174279113
	66.4018529691	56.2112125544
	66.4114201719	56.2043567938
	66.4205185025	56.1968899869
	66.4291090003	56.1888441077
	66.4351903852	56.1824569474
	66.4376579767	56.1797346518
	66.4424273196	56.1778383874
	66.4531481839	56.172980827
	66.4540339991	56.1725409595
	66.4607020899	56.1692069141
	66.4701964852	56.1640984435
	66.4801915921	56.1578830866
	66.489758795	56.151027326
	66.4930776514	56.1484182298
	66.4986991087	56.1438912155
	66.5073906639	56.1458450072
	66.5084396632	56.1460504277
	66.5225184226	56.1506851968
	66.5232159519	56.151031059
	66.5255883121	56.1521794456
	66.5410076666	56.1595045211
	66.547716791	56.1649128241
	66.5496080613	56.1663443332
	66.5538925083	56.170225253
	66.5629908388	56.1776920599
	66.5662337614	56.1801228878
	66.5694412143	56.1830044888
	66.5785395449	56.1904712957
	66.5881067477	56.1973270564
	66.5981018547	56.2035424133
	66.6084820651	56.2090907513
	66.6192029294	56.2139483118
	66.6302185392	56.2180942937
	66.6414817238	56.2215109434
	66.6529442528	56.2241836303
	66.6549786645	56.2245761325
	66.6638745386	56.2262393405
	66.6734529156	56.2277641175
	66.6851662367	56.2289177789
	66.6969299316	56.2293028824
	66.7015697744	56.229243027
	66.7291358785	56.2285316858
	66.74586827	56.2289673008
	66.7623130114	56.2286431207
	66.7627590521	56.2286133289
	66.7749813422	56.2277817249
	66.7862486225	56.2266578553
	66.7978614113	56.2247405761
	66.8093239402	56.2220678892
	66.8205871249	56.2186512395
	66.8316027346	56.2145052576
	66.8423235989	56.2096476971
	66.8527038094	56.2040993591
	66.8626989163	56.1978840022
	66.8722661192	56.1910282415
	66.8813644497	56.1835614346
	66.8899549475	56.1755155554
	66.8940525656	56.1712814488
	66.898218215	56.1668335118
	66.9021664761	56.1624771206
	66.9030481283	56.1614641859
	66.9054466942	56.1619582885
	66.917059483	56.1638755677
	66.9280861638	56.1649829049
	66.9761360905	56.1683169503
	66.9768227308	56.1683632745
	66.9885864258	56.168748378
	67.0003501208	56.1683632745
	67.0120634418	56.1672096131
	67.0236762306	56.1652923339
	67.0351387596	56.162619647
	67.0464019442	56.1592029973
	67.057417554	56.1550570154
	67.0681384183	56.150199455
	67.0736402427	56.1473675761
	67.0942483187	56.1475960424
	67.1246499585	56.1486384659
	67.1266393311	56.1486074542
	67.1308135986	56.1487441056
	67.1425772936	56.1483590021
	67.1542906146	56.1472053406
	67.1659034035	56.1452880614
	67.1773659324	56.1426153746
	67.1886291171	56.1391987248
	67.1942104013	56.1370980782
	67.225095938	56.1402909485
	67.2318276136	56.1408593072
	67.2338651286	56.1409812463
	67.2441495524	56.1415381921
	67.2455876278	56.1415300321
	67.2538757324	56.1418013565
	67.2568553738	56.1417766744
	67.2904704861	56.1412197286
	67.2992545397	56.1408593072
	67.3047422473	56.1404151791
	67.3277830188	56.1381950253
	67.3340086322	56.137485492
	67.3456214211	56.1355682128
	67.35708395	56.1328955259
	67.3683471347	56.1294788762
	67.3793627444	56.1253328943
	67.3900836087	56.1204753339
	67.4004638191	56.1149269958
	67.4104589261	56.1087116389
	67.420026129	56.1018558783
	67.4291244595	56.0943890713
	67.4377149573	56.0863431922
	67.4457608365	56.0777526944
	67.4532276434	56.0686543638
	67.460083404	56.0590871609
	67.4662987609	56.049092054
	67.471847099	56.0387118436
	67.4767046594	56.0279909793
	67.4808506413	56.0169753695
	67.4842672911	56.0057121848
	67.4869399779	55.9942496559
	67.4888572571	55.9826368671
	67.4900109186	55.9709235461
	67.4903960221	55.9591598511
	67.4900562238	55.9487800891
	67.5085048496	55.9296848993
	67.511622887	55.9263748538
	67.5318207124	55.9043827599
	67.5538939022	55.9026018043
	67.562905727	55.9016456483
	67.5745185158	55.8997283691
	67.5781613029	55.8989645086
	67.5970516838	55.8947988592
	67.6048714256	55.8928900328
	67.6161346102	55.889473383
	67.618215682	55.8887527157
	67.7586573463	55.8953708762
	67.8169776477	55.9036336976
	67.8187318463	55.9038734315
	67.8304451673	55.9050270929
	67.8422088623	55.9054121964
	67.8539725573	55.9050270929
	67.8656858783	55.9038734315
	67.8772986672	55.9019561523
	67.8887611961	55.8992834654
	67.9000243808	55.8958668157
	67.9110399905	55.8917208337
	67.9217608548	55.8868632733
	67.9321410652	55.8813149352
	67.9347535281	55.8797771306
	67.9680787234	55.8597804875
	67.9754613675	55.8551029353
	67.9792045908	55.8524205794
	67.97973194	55.8525903928
	67.9952179213	55.8582756743
	67.9993896817	55.8597492619
	68.0106528664	55.8631659117
	68.0221153953	55.8658385986
	68.0337281842	55.8677558778
	68.0345360099	55.8678603697
	68.0439600333	55.8736677817
	68.0483887199	55.8763100524
	68.0587689304	55.8818583905
	68.0694897947	55.8867159509
	68.0805054044	55.8908619328
	68.0917685891	55.8942785826
	68.103231118	55.8969512695
	68.1148439068	55.8988685486
	68.1265572279	55.9000222101
	68.1383209229	55.9004073136
	68.1500846178	55.9000222101
	68.1617979389	55.8988685486
	68.1734107277	55.8969512695
	68.1848732566	55.8942785826
	68.1876236298	55.893518188
	68.243165622	55.8776871943
	68.2516784335	55.8750309392
	68.2626940432	55.8708849573
	68.2734149075	55.8660273969
	68.283795118	55.8604790588
	68.2937902249	55.8542637019
	68.3033574278	55.8474079413
	68.3124557583	55.8399411343
	68.3210462561	55.8318952551
	68.3290921353	55.8233047574
	68.3365589422	55.8142064268
	68.3434147028	55.8046392239
	68.3496300598	55.794644117
	68.3551783978	55.7842639065
	68.3600359582	55.7735430423
	68.3641819402	55.7625274325
	68.3675985899	55.7512642478
	68.3702712768	55.7398017189
	68.3715615144	55.7319868647
	68.3914891096	55.7230741613
	68.3976061917	55.7201991498
	68.4079864021	55.7146508117
	68.4179815091	55.7084354548
	68.427548712	55.7015796942
	68.4366470425	55.6941128873
	68.4452375403	55.6860670081
	68.4532834195	55.6774765103
	68.4607502264	55.6683781797
	68.467605987	55.6588109769
	68.4738213439	55.6488158699
	68.4753593256	55.6459385087
	68.4811952347	55.6445256555
	68.4854256248	55.6434469786
	68.4966888095	55.6400303288
	68.5077044192	55.6358843469
	68.5184252835	55.6310267865
	68.5288054939	55.6254784484
	68.5388006009	55.6192630915
	68.5483678038	55.6124073309
	68.5574661343	55.604940524
	68.5603567314	55.6023498283
	68.5637871483	55.6030669921
	68.5753999371	55.6049842713
	68.5871132581	55.6061379327
	68.5988769531	55.6065230362
	68.6074829102	55.6065230362
	68.6192466051	55.6061379327
	68.6309599262	55.6049842713
	68.642572715	55.6030669921
	68.6540352439	55.6003943052
	68.6652984286	55.5969776555
	68.6763140384	55.5928316736
	68.6870349026	55.5879741132
	68.6974151131	55.5824257751
	68.70741022	55.5762104182
	68.7169774229	55.5693546576
	68.7260757534	55.5618878506
	68.7346662512	55.5538419714
	68.7393765775	55.5489285179
	68.7448515277	55.5483131287
	68.7564643166	55.5463958495
	68.7679268455	55.5437231626
	68.7791900302	55.5403065129
	68.7902056399	55.536160531
	68.8009265042	55.5313029706
	68.8113067146	55.5257546325
	68.8213018216	55.5195392756
	68.8308690245	55.512683515
	68.8385017727	55.506488071
	68.8596275662	55.4883606296
	68.8610931485	55.4870892667
	68.8696836463	55.4790433875
	68.8777295254	55.4704528897
	68.8851963324	55.4613545591
	68.892052093	55.4517873563
	68.8982674499	55.4417922493
	68.903815788	55.4314120389
	68.9086733484	55.4206911746
	68.9128193303	55.4096755648
	68.91623598	55.3984123802
	68.9189086669	55.3869498512
	68.9208259461	55.3753370624
	68.9219796075	55.3636237414
	68.922364711	55.3518600464
	68.9219796075	55.3400963514
	68.9208259461	55.3283830304
	68.9189086669	55.3167702415
	68.91623598	55.3053077126
	68.9128193303	55.2940445279
	68.9086733484	55.2830289182
	68.903815788	55.2723080539
	68.9014485822	55.2676778052
	68.8983158513	55.2574615812
	68.8941698694	55.2464459714
	68.889312309	55.2357251071
	68.8837639709	55.2253448967
	68.877548614	55.2153497897
	68.8706928534	55.2057825869
	68.8639234927	55.1974842907
	68.8596856017	55.1897079948
	68.8593434665	55.1891179854
	68.8590736268	55.186968388
	68.8571563476	55.1753555992
	68.8544836607	55.1638930703
	68.8533661529	55.1599065783
	68.8516495391	55.1540433886
	68.8493503972	55.1467666959
	68.8452044153	55.1357510862
	68.8403468549	55.1250302219
	68.8347985168	55.1146500114
	68.8285831599	55.1046549045
	68.8217273993	55.0950877016
	68.8192955027	55.0919892388
	68.8170448313	55.0891854363
	68.812009921	55.0831855686
	68.8039640418	55.0745950708
	68.795373544	55.0665491916
	68.7862752134	55.0590823847
	68.7832566669	55.0568160956
	68.7769776752	55.0522041266
	68.7704290189	55.0476146551
	68.7604339119	55.0413992982
	68.7500537015	55.0358509601
	68.7426315298	55.032398444
	68.7354598989	55.0292589482
	68.7321612063	55.0278539038
	68.7211455966	55.0237079219
	68.7098824119	55.0202912722
	68.7021114783	55.0183932159
	68.6919186072	55.0161425446
	68.6882270119	55.0153679139
	68.676614223	55.0134506347
	68.6746969794	55.0132086954
	68.6581411933	55.011209794
	68.6483451159	55.0102980719
	68.6382850669	55.0099210369
	68.6337857698	55.0098784184
	68.6292105944	55.0095198737
	68.6174468994	55.0091347702
	68.6087501194	55.009345146
	68.6033021867	55.0096088722
	68.5919110039	55.0101215868
	68.5882347791	55.0103247748
	68.5765214581	55.0114784362
	68.5649086693	55.0133957154
	68.5534461403	55.0160684023
	68.5523264669	55.0163722916
	68.5419782978	55.0147018554
	68.5330879123	55.013755539
	68.4968940647	55.0108105927
	68.4940711291	55.0106032477
	68.4823074341	55.0102181442
	68.4759413984	55.0103308377
	68.45811309	55.01096224
	68.4541140205	55.0003369672
	68.44925646	54.9896161029
	68.4446185006	54.9808314768
	68.4419558436	54.976108877
	68.441045465	54.9745132927
	68.4348301081	54.9645181857
	68.4279743475	54.9549509829
	68.4205075406	54.9458526523
	68.4124616614	54.9372621545
	68.4038711636	54.9292162753
	68.3947728331	54.9217494684
	68.3852056302	54.9148937078
	68.3752105232	54.9086783509
	68.3706803813	54.9061492781
	68.3700404584	54.9048382663
	68.3644921203	54.8944580559
	68.3582767634	54.8844629489
	68.3514210028	54.874895746
	68.3439541959	54.8657974155
	68.3381337593	54.8594720007
	68.3357991645	54.8570534826
	68.3335737219	54.8547883996
	68.3249832241	54.8467425204
	68.3158848936	54.8392757135
	68.3063176907	54.8324199529
	68.2963225838	54.826204596
	68.2859423733	54.8206562579
	68.2825284912	54.8190171684
	68.2740293547	54.8150460727
	68.2667223725	54.8118276019
	68.2557067628	54.8076816199
	68.2444435781	54.8042649702
	68.2412950136	54.8034517485
	68.2362538471	54.7978131293
	68.2293485632	54.7905107507
	68.2207580655	54.7824648715
	68.2116597349	54.7749980646
	68.202092532	54.768142304
	68.1920974251	54.7619269471
	68.19016923	54.7608295034
	68.183730021	54.7572169851
	68.1752780057	54.7527660907
	68.1645571414	54.7479085303
	68.1593826183	54.7458583851
	68.1518218883	54.7429973621
	68.1459808017	54.7409015254
	68.134717617	54.7374848757
	68.1232550881	54.7348121888
	68.1116422992	54.7328949096
	68.0999289782	54.7317412482
	68.0974316806	54.7315950001
	68.0926251621	54.7313470448
	68.0833587646	54.7311081894
	68.0715950697	54.7314932929
	68.0598817486	54.7326469543
	68.0507529754	54.7340882629
	68.0426200409	54.735587439
	68.0401360252	54.7360634095
	68.0286734963	54.7387360964
	68.0174103116	54.7421527461
	68.0131422559	54.7436617173
	68.0032469312	54.7473009385
	67.9964993772	54.7499379492
	67.9857785129	54.7547955096
	67.9841994722	54.7555838609
	67.9707869966	54.762362578
	67.9619858269	54.7671225648
	67.9545080702	54.7716861901
	67.9491546121	54.7751350525
	67.9185195488	54.7853916987
	67.9135853094	54.7785059755
	67.9061185025	54.769407645
	67.8980726233	54.7608171472
	67.8894821255	54.752771268
	67.880383795	54.7453044611
	67.8708165921	54.7384487005
	67.8658373225	54.735238994
	67.8578340877	54.7302646288
	67.8528182503	54.7272589783
	67.8424380398	54.7217106403
	67.8317171756	54.7168530798
	67.8310766972	54.7165892288
	67.8232184209	54.7133696243
	67.8221536189	54.7129373332
	67.8194604427	54.7118539591
	67.8101501132	54.7084041194
	67.7988869285	54.7049874697
	67.7963506367	54.7043276384
	67.7636586811	54.6960764483
	67.7574957954	54.6946358288
	67.6754340278	54.6769699657
	67.6726706764	54.6763977296
	67.6610578876	54.6744804504
	67.6493445666	54.6733267889
	67.6375808716	54.6729416854
	67.637472734	54.672941718
	67.6370391513	54.6727939204
	67.6257759666	54.6693772707
	67.6143134377	54.6667045838
	67.6107007584	54.6660242812
	67.5857943822	54.6615972269
	67.5851411915	54.6614767948
	67.5760053974	54.6600341918
	67.5642920763	54.6588805304
	67.5525283813	54.6584954269
	67.5407646864	54.6588805304
	67.5304235184	54.6598589097
	67.5142577551	54.6618608152
	67.5085367007	54.6625548327
	67.5067201275	54.6627845886
	67.4951073387	54.6647018678
	67.4836448098	54.6673745546
	67.4753572015	54.6698099515
	67.4713223953	54.6711016513
	67.4511362252	54.6696859519
	67.4503165514	54.6696303473
	67.4407862087	54.66925911
	67.4094522853	54.6688700108
	67.4072189331	54.6688561447
	67.3959479173	54.6692096353
	67.3906486224	54.669542364
	67.3803621935	54.6648816437
	67.3754254703	54.6629216756
	67.3687802693	54.6603963466
	67.3627013827	54.6582103328
	67.351438198	54.6547936831
	67.3467231705	54.6535983878
	67.3382568026	54.6504855708
	67.326993618	54.6470689211
	67.3159452831	54.6444791283
	67.2956739819	54.6403974022
	67.2952597878	54.6403145081
	67.2836469989	54.6383972289
	67.2719336779	54.6372435675
	67.268186121	54.6370371831
	67.2536655404	54.636389391
	67.2195218442	54.6311189472
	67.1885821891	54.6263031557
	67.1843962055	54.6257019164
	67.1726828844	54.624548255
	67.169480677	54.6243670291
	67.1487681966	54.6233800029
	67.1390536404	54.6182140887
	67.1380128221	54.617704975
	67.1269578294	54.6123415107
	67.1172777835	54.607993064
	67.1062621737	54.603847082
	67.094998989	54.6004304323
	67.0835364601	54.5977577454
	67.0719236713	54.5958404662
	67.0602103503	54.5946868048
	67.0567561839	54.5944937492
	67.0405894969	54.5937460685
	67.0205162733	54.5939391242
	67.0107052338	54.5948526534
	66.9779442214	54.5988109156
	66.9577841743	54.598825467
	66.8597395794	54.5923541014
	66.856382527	54.5919140492
	66.8502932157	54.5868429459
	66.844685858	54.5823596674
	66.8351186551	54.5755039068
	66.8251235481	54.5692885499
	66.8147433377	54.5637402118
	66.8040224734	54.5588826514
	66.7930068637	54.5547366694
	66.781743679	54.5513200197
	66.7702811501	54.5486473328
	66.7586683612	54.5467300536
	66.7469550402	54.5455763922
	66.7351913452	54.5451912887
	66.7348997637	54.5451915251
	66.7184279009	54.5452182279
	66.7069557874	54.5456030951
	66.6952424664	54.5467567565
	66.6836296776	54.5486740357
	66.6774287549	54.5500216071
	66.6658966062	54.5527416383
	66.6303564852	54.547251843
	66.5795841264	54.5393727166
	66.5754789691	54.5387840392
	66.5637656481	54.5376303778
	66.5520019531	54.5372452743
	66.5402382581	54.5376303778
	66.5285277929	54.5387836633
	66.513593112	54.540749608
	66.502881357	54.5418433258
	66.498482672	54.5419833588
	66.4969791014	54.5420055264
	66.4953734765	54.5410674182
	66.484993266	54.5355190802
	66.4742724017	54.5306615198
	66.463256792	54.5265155378
	66.4519936073	54.5230988881
	66.4405310784	54.5204262012
	66.4289182895	54.518508922
	66.4265167957	54.5182091816
	66.4145279035	54.5167946449
	66.3787739726	54.5120873204
	66.3473708922	54.5040292362
	66.3404134726	54.5023905779
	66.2262141597	54.4778779066
	66.1869204362	54.4694090956
	66.1769538994	54.4664424829
	66.1721932029	54.4650964174
	66.160730674	54.4624237305
	66.1549972895	54.4613795491
	66.0944744734	54.4513671075
	66.0822066854	54.448258409
	66.0819794411	54.448200982
	66.064012217	54.4436729364
	66.0551474831	54.4416755921
	66.0435346942	54.4397583129
	66.0318213732	54.4386046515
	66.0307150589	54.4385355628
	66.0138769852	54.4375361121
	66.0137943437	54.4375312259
	65.9948810747	54.4364173343
	65.9939086937	54.4364205544
	65.9843063354	54.4361062057
	65.9725426405	54.4364913092
	65.9608293194	54.4376449706
	65.9492165306	54.4395622498
	65.9377540017	54.4422349367
	65.9304881177	54.4443465925
	65.9159016053	54.4486864376
	65.9093780851	54.4507632808
	65.8983624753	54.4549092627
	65.887641611	54.4597668231
	65.8854765126	54.4608527158
	65.8810060779	54.4631326375
	65.8772634305	54.4605022283
	65.8672683235	54.4542868714
	65.8568881131	54.4487385333
	65.8479766108	54.4446420285
	65.8386153437	54.4406442258
	65.8368059817	54.4398831702
	65.825790372	54.4357371882
	65.8145271873	54.4323205385
	65.8037469321	54.429784937
	65.791021102	54.4272023869
	65.7903388283	54.4270653016
	65.7787260395	54.4251480224
	65.7670127184	54.423994361
	65.761972544	54.4237349675
	65.7486134742	54.4232352422
	65.7418899536	54.4231095321
	65.7301262586	54.4234946356
	65.7184129376	54.4246482971
	65.7087228799	54.4261939908
	65.6965845132	54.4284713651
	65.6946617821	54.4288429505
	65.6831992531	54.4315156374
	65.6719360685	54.4349322871
	65.6689520354	54.4359745595
	65.65364747	54.4414715382
	65.6456158933	54.4445752478
	65.6360243978	54.4488807631
	65.6244879333	54.4544700238
	65.6203124461	54.4558980261
	65.6188660652	54.4562519489
	65.6170331143	54.4540733249
	65.6089872351	54.4454828271
	65.6003967373	54.4374369479
	65.5912984068	54.429970141
	65.5817312039	54.4231143804
	65.571736097	54.4168990235
	65.5613558865	54.4113506854
	65.5506350222	54.406493125
	65.5396194125	54.4023471431
	65.5283562278	54.3989304934
	65.5168936989	54.3962578065
	65.5109274037	54.395175251
	65.4892599232	54.3916199532
	65.4836134296	54.3907852294
	65.4719001086	54.389631568
	65.4601364136	54.3892464645
	65.4483727186	54.389631568
	65.4470378643	54.3897240467
	65.4329845196	54.3907502003
	65.4226060528	54.391811383
	65.4182669682	54.3924945294
	65.418521869	54.3909506183
	65.4196755304	54.3792372973
	65.4200606339	54.3674736023
	65.4199386376	54.3608501079
	65.4194656152	54.3480136516
	65.4192025079	54.342873451
	65.4180488465	54.33116013
	65.4161315673	54.3195473411
	65.4134588804	54.3080848122
	65.4100422307	54.2968216275
	65.4058962488	54.2858060178
	65.4010386884	54.2750851535
	65.3954903503	54.2647049431
	65.3892749934	54.2547098361
	65.3824192328	54.2451426333
	65.3749524258	54.2360443027
	65.3669065466	54.2274538049
	65.3583160489	54.2194079257
	65.3492177183	54.2119411188
	65.3481186394	54.2111044514
	65.3308685784	54.1980772603
	65.3224004544	54.192058167
	65.3124053475	54.1858428101
	65.302025137	54.180294472
	65.2913042727	54.1754369116
	65.280288663	54.1712909297
	65.2690254783	54.16787428
	65.2575629494	54.1652015931
	65.2459501605	54.1632843139
	65.2342368395	54.1621306525
	65.2292034386	54.1618715125
	65.2084209679	54.1610933143
	65.2016906738	54.1609673507
	65.1931971149	54.1611680041
	65.1827821735	54.1616603679
	65.1355635156	54.1585107606
	65.1337211512	54.1583778687
	65.1325446398	54.1582968817
	65.1207809448	54.1579117782
	65.1090172498	54.1582968817
	65.0973039288	54.1594505431
	65.08569114	54.1613678223
	65.0798075594	54.1626408473
	65.0707743563	54.1647541896
	65.0651954079	54.1661538515
	65.0539322233	54.1695705012
	65.0429166135	54.1737164832
	65.0321957492	54.1785740436
	65.0225170257	54.1837194786
	65.0133770111	54.1889417991
	65.0126755241	54.1893447022
	65.0026804172	54.1955600591
	64.9931132143	54.2024158197
	64.9863931527	54.207833381
	64.9849511972	54.2090540841
	64.9834266255	54.2103593983
	64.962935789	54.2281024127
	64.9587199252	54.2304783621
	64.9306895527	54.2179696494
	64.9262224856	54.2160481787
	64.9152068759	54.2119021968
	64.9125598808	54.2110264833
	64.8648075004	54.1956379946
	64.8561913108	54.1930970583
	64.8447287819	54.1904243714
	64.8382279158	54.1892549275
	64.815858935	54.1856536586
	64.7837395844	54.1804654997
	64.7785353046	54.1797027709
	64.7668219836	54.1785491095
	64.7660554036	54.1785005089
	64.7511094197	54.1775849815
	64.7508270854	54.1775679097
	64.7486454184	54.1774377135
	64.7438849932	54.1771438601
	64.7210396497	54.1771872626
	64.7163392343	54.1775572755
	64.6927479985	54.1795498299
	64.6893271943	54.1798716913
	64.6617469331	54.1827327142
	64.6568284649	54.1833114745
	64.6452156761	54.1852287537
	64.6337531472	54.1879014406
	64.6337268166	54.187908498
	64.6164839241	54.1925315182
	64.6138588523	54.1917352114
	64.6023963234	54.1890625245
	64.5907835346	54.1871452453
	64.5906241298	54.1871243317
	64.5867614413	54.1857638911
	64.5754982566	54.1823472414
	64.5640357277	54.1796745545
	64.5524229389	54.1777572753
	64.541434048	54.176674964
	64.537193594	54.1744083942
	64.5264727298	54.1695508338
	64.51545712	54.1654048518
	64.5041939353	54.1619882021
	64.496993566	54.1602171039
	64.4965852978	54.1600666398
	64.4922027255	54.1585155086
	64.4809395408	54.1550988588
	64.4694770119	54.152426172
	64.457864223	54.1505088928
	64.4577946267	54.150499744
	64.4491047464	54.1493591496
	64.4374610216	54.1482146368
	64.4256973267	54.1478295333
	64.4246823067	54.1478323974
	64.4145428413	54.1478896178
	64.4037941663	54.1482718573
	64.3920808453	54.1494255187
	64.3875912214	54.1500742857
	64.3663681176	54.1534148381
	64.3655875466	54.153257776
	64.3539747577	54.1513404968
	64.3422614367	54.1501868353
	64.3304977417	54.1498017318
	64.3187340467	54.1501868353
	64.317308837	54.1502859345
	64.3115915548	54.148569191
	64.3064171409	54.1470994387
	64.294954612	54.1444267518
	64.2833418231	54.1425094726
	64.2716285021	54.1413558112
	64.2598648071	54.1409707077
	64.2548835503	54.1410396976
	64.248786893	54.1388469295
	64.2449931476	54.1376058994
	64.2389964435	54.1357176243
	64.2315270042	54.1335420046
	64.2200644753	54.1308693177
	64.2084516864	54.1289520385
	64.1967383654	54.1277983771
	64.1849746704	54.1274132736
	64.1741766706	54.1277376903
	64.1658164294	54.126993476
	64.1540527344	54.1266083725
	64.1493580808	54.1266696506
	64.1376698395	54.1269748302
	64.1306007981	54.1272986555
	64.1278281935	54.1275019124
	64.1219409085	54.1244625629
	64.1112200442	54.1196050025
	64.1044023408	54.1169422093
	64.0927598848	54.1126659337
	64.0885619784	54.1111827449
	64.0772987937	54.1077660952
	64.0658362648	54.1050934083
	64.054223476	54.1031761291
	64.0425101549	54.1020224677
	64.03074646	54.1016373642
	64.018982765	54.1020224677
	64.0122389431	54.1025927255
	64.0102027177	54.1021179443
	64.0084834239	54.1017846486
	64.0073868369	54.1014871035
	63.995924308	54.0988144166
	63.9843115192	54.0968971374
	63.9725981982	54.095743476
	63.9608345032	54.0953583725
	63.9490708082	54.095743476
	63.9450945809	54.0960483958
	63.9426177284	54.0955375916
	63.9310049396	54.0936203124
	63.9192916186	54.092466651
	63.9075279236	54.0920815475
	63.8957642286	54.092466651
	63.8840509076	54.0936203124
	63.8724381187	54.0955375916
	63.8665544619	54.0968106345
	63.855929497	54.0957968817
	63.844309359	54.0954118355
	63.838339164	54.0941185243
	63.8314370307	54.0928849437
	63.817661013	54.090699008
	63.7784550609	54.0835061847
	63.7694753986	54.0820922973
	63.7688617998	54.082012589
	63.76566473	54.0811242495
	63.7581217903	54.0792766914
	63.7514838839	54.0768771724
	63.7402206993	54.0734605227
	63.7287581703	54.0707878358
	63.7171453815	54.0688705566
	63.7146800769	54.0685632989
	63.7074661953	54.0677147654
	63.6988448764	54.0645404414
	63.6875816917	54.0611237917
	63.6777003936	54.0587730115
	63.6766204501	54.0584025935
	63.6653572654	54.0549859438
	63.6538947365	54.0523132569
	63.6437287721	54.0505924333
	63.6367470359	54.048569623
	63.625284507	54.0458969361
	63.6199507907	54.0449193354
	63.6029731837	54.0420713807
	63.6007308542	54.0412936762
	63.5894676695	54.0378770265
	63.5780051406	54.0352043396
	63.5696906662	54.0337524017
	63.5629975033	54.0318192926
	63.5515349744	54.0291466057
	63.5399221856	54.0272293265
	63.5282088646	54.0260756651
	63.5164451696	54.0256905616
	63.5061154186	54.0259874293
	63.4869697849	54.0224331288
	63.4776167255	54.0209503295
	63.4659034045	54.0197966681
	63.456945521	54.0194334507
	63.4468405983	54.0171188599
	63.4352278095	54.0152015807
	63.4235144884	54.0140479193
	63.4117507935	54.0136628158
	63.4113875366	54.0136631826
	63.3981657959	54.0136898855
	63.3867653578	54.0140746222
	63.3750520367	54.0152282836
	63.3634392479	54.0171455628
	63.3626507601	54.0173042363
	63.3534463283	54.0191779378
	63.3293512021	54.0218058859
	63.3229232673	54.021880272
	63.3132408827	54.0222533331
	63.3015275616	54.0234069946
	63.2899147728	54.0253242738
	63.2784522439	54.0279969606
	63.2671890592	54.0314136104
	63.2561734494	54.0355595923
	63.2454525852	54.0404171527
	63.2350723747	54.0459654908
	63.2250772678	54.0521808477
	63.2155100649	54.0590366083
	63.208540977	54.064755991
	63.2060699796	54.0655055598
	63.1950543699	54.0696515418
	63.1888797456	54.072345713
	63.1822116547	54.0754051002
	63.1776654147	54.0775684894
	63.1672852043	54.0831168275
	63.1592225318	54.0880588785
	63.1536683326	54.0916675821
	63.1517358981	54.092940888
	63.1421686953	54.0997966486
	63.1330703647	54.1072634555
	63.1244798669	54.1153093347
	63.1204945567	54.1194236325
	63.1163212779	54.1238715695
	63.1155976919	54.1246473495
	63.1090630262	54.1249564276
	63.0973497052	54.126110089
	63.0960849202	54.1262811685
	63.0760882771	54.1290582681
	63.0657402733	54.1308044679
	63.0542777444	54.1334771547
	63.0475235213	54.1354291997
	63.0394592512	54.1379316411
	63.0349502897	54.1393962459
	63.0239346799	54.1435422278
	63.0132138156	54.1483997882
	63.0028336052	54.1539481263
	62.9928384982	54.1601634832
	62.9832712954	54.1670192438
	62.9741729648	54.1744860507
	62.965582467	54.1825319299
	62.9615902124	54.1866536296
	62.9574245629	54.1910939372
	62.9533709384	54.1955627353
	62.9459041315	54.2046610659
	62.9390483709	54.2142282687
	62.932833014	54.2242233757
	62.9272846759	54.2346035861
	62.9224271155	54.2453244504
	62.9182811336	54.2563400602
	62.9162758279	54.2626237486
	62.9146126199	54.2681855772
	62.9132012758	54.2731650735
	62.9105285889	54.2846276024
	62.9086113097	54.2962403912
	62.9074576483	54.3079537122
	62.9070725448	54.3197174072
	62.9074576483	54.3314811022
	62.9086113097	54.3431944232
	62.9105285889	54.3548072121
	62.9132012758	54.366269741
	62.9155479538	54.3742794474
	62.9174934494	54.3803905925
	62.9185634212	54.3836440707
	62.9227094031	54.3946596804
	62.9275669635	54.4053805447
	62.9331153016	54.4157607552
	62.9393306585	54.4257558621
	62.9402391951	54.4270237234
	62.9418115053	54.4337669944
	62.9441581833	54.4417767009
	62.9446414083	54.4432945961
	62.9446757454	54.4451270479
	62.9445710189	54.4483261108
	62.9449561224	54.4600898058
	62.9458475832	54.4697174018
	62.9475107912	54.4836028998
	62.9477729919	54.4856886249
	62.9485054048	54.4907045883
	62.9496192965	54.4976473373
	62.9508041627	54.5042441628
	62.9527805207	54.5127203
	62.949509719	54.5131956833
	62.9417809135	54.5090957175
	62.9411538954	54.5087823957
	62.9332549568	54.5039466004
	62.9228747464	54.4983982623
	62.9121538821	54.4935407019
	62.9011382724	54.48939472
	62.9002529408	54.4890967521
	62.892753246	54.4865943107
	62.8823753929	54.4834756289
	62.8709128639	54.480802942
	62.8650746741	54.4797414541
	62.8493198457	54.4771446515
	62.8368537817	54.4734349987
	62.8321053123	54.4720925722
	62.8228850726	54.469880757
	62.8187920819	54.4685171208
	62.8084923362	54.4654244814
	62.7992551315	54.4632090675
	62.7952572133	54.4618750724
	62.7848793601	54.4587563906
	62.7759452942	54.4566055383
	62.7573344365	54.4503461741
	62.746549282	54.4470910463
	62.7350867531	54.4444183595
	62.7234739643	54.4425010803
	62.7117606432	54.4413474188
	62.6999969482	54.4409623153
	62.6882332533	54.4413474188
	62.6765199322	54.4425010803
	62.6649071434	54.4444183595
	62.6581376668	54.4459010082
	62.6511872883	54.4475642163
	62.6488916472	54.4481295343
	62.6423775291	54.4462518129
	62.6309150002	54.4435791261
	62.6193022113	54.4416618469
	62.6075888903	54.4405081854
	62.5958251953	54.4401230819
	62.5895099971	54.4402339822
	62.5656223628	54.4410732156
	62.5601738661	54.4413474188
	62.5536661363	54.4418927682
	62.542832396	54.4429990304
	62.5376268048	54.4436073425
	62.5260140159	54.4455246217
	62.514551487	54.4481973085
	62.5032883024	54.4516139583
	62.4922726926	54.4557599402
	62.4815518283	54.4606175006
	62.4711716179	54.4661658387
	62.4611765109	54.4723811956
	62.4516093081	54.4792369562
	62.4425109775	54.4867037631
	62.4339204797	54.4947496423
	62.4308244187	54.4980552731
	62.4276558494	54.4970940981
	62.4161933205	54.4944214112
	62.4045805316	54.492504132
	62.3998668167	54.4919467301
	62.3811420962	54.4899826671
	62.374044094	54.4879235659
	62.36440588	54.4856235845
	62.3579308128	54.4837579165
	62.347968518	54.4813902877
	62.3051905029	54.4725020431
	62.3036902687	54.4721969849
	62.2920774799	54.4702797057
	62.2803641588	54.4691260443
	62.2686004639	54.4687409408
	62.2568367689	54.4691260443
	62.2497175381	54.4697348919
	62.2391660854	54.4708487835
	62.2345719952	54.4713935973
	62.2229592064	54.4733108765
	62.2120728903	54.4758301909
	62.2111358309	54.4755092219
	62.1998726463	54.4720925722
	62.1942568028	54.4706842827
	62.1859331334	54.4687387871
	62.1800864479	54.4674743897
	62.1684736591	54.4655571105
	62.156760338	54.4644034491
	62.1449966431	54.4640183456
	62.1332329481	54.4644034491
	62.1266005222	54.4649615754
	62.1157667819	54.466075467
	62.1106858868	54.4666710021
	62.099073098	54.4685882813
	62.0950388242	54.469438929
	62.0589212705	54.4774879402
	62.0514930153	54.4793099794
	62.0402298307	54.4827266292
	62.0292142209	54.4868726111
	62.0184933566	54.4917301715
	62.0081131462	54.4972785096
	61.9981180392	54.5034938665
	61.9885508364	54.5103496271
	61.9794525058	54.517816434
	61.970862008	54.5258623132
	61.9628161288	54.534452811
	61.9553493219	54.5435511416
	61.9516428994	54.5485586828
	61.9503262815	54.5490979529
	61.9396054172	54.5539555133
	61.9292252067	54.5595038514
	61.9192300998	54.5657192083
	61.9096628969	54.5725749689
	61.9005645664	54.5800417758
	61.8919740686	54.588087655
	61.8839281894	54.5966781528
	61.8764613825	54.6057764834
	61.8696056219	54.6153436862
	61.863390265	54.6253387932
	61.8578419269	54.6357190036
	61.8529843665	54.6464398679
	61.8488383845	54.6574554776
	61.8454217348	54.6687186623
	61.8427490479	54.6801811912
	61.8408317687	54.6917939801
	61.8399732106	54.6996432225
	61.8394162648	54.7060290257
	61.8391211615	54.7098931043
	61.838736058	54.7216567993
	61.8391211615	54.7334204943
	61.8396647985	54.7399114468
	61.8410533483	54.7535222866
	61.8416633727	54.7587446552
	61.8435806519	54.770357444
	61.8462533388	54.7818199729
	61.8469490674	54.7843429026
	61.8510774841	54.7988997478
	61.8500384189	54.8000091465
	61.842571612	54.809107477
	61.8357158514	54.8186746799
	61.8295004944	54.8286697868
	61.8239521564	54.8390499973
	61.819094596	54.8497708616
	61.814948614	54.8607864713
	61.8146332814	54.8617238705
	61.8090790822	54.8783864682
	61.8059777651	54.8887122536
	61.8033050782	54.9001747825
	61.8015725422	54.9104245987
	61.8009728823	54.9126075173
	61.7983001954	54.9240700462
	61.7981877665	54.9246400748
	61.7977107353	54.9260927621
	61.7948617373	54.9356559182
	61.7921890504	54.9471184471
	61.7905184449	54.9569281033
	61.7898721132	54.9592765236
	61.7871994264	54.9707390526
	61.7852821472	54.9823518414
	61.784423589	54.9902010838
	61.7838666432	54.996586887
	61.7835715399	55.0004509657
	61.7831864364	55.0122146606
	61.7835715399	55.0239783556
	61.7847252014	55.0356916767
	61.7866424805	55.0473044655
	61.7893151674	55.0587669944
	61.7927318172	55.0700301791
	61.7934000066	55.0719624509
	61.7950632146	55.0766850461
	61.7985410071	55.0857683841
	61.8033985675	55.0964892483
	61.8089469056	55.1068694588
	61.8151622625	55.1168645657
	61.8220180231	55.1264317686
	61.82948483	55.1355300991
	61.8375307092	55.1441205969
	61.846121207	55.1521664761
	61.8532687166	55.1581149527
	61.8568417643	55.1609355079
	61.8572526941	55.1613477698
	61.8658431919	55.169393649
	61.8719212854	55.1744509047
	61.870333014	55.1770050529
	61.8647846759	55.1873852634
	61.8599271155	55.1981061277
	61.8557811336	55.2091217374
	61.8523644838	55.2203849221
	61.849691797	55.231847451
	61.8477745178	55.2434602398
	61.8466208563	55.2551735609
	61.8462357528	55.2669372559
	61.8466208563	55.2787009508
	61.8477745178	55.2904142719
	61.849691797	55.3020270607
	61.8523644838	55.3134895896
	61.8531635431	55.3163754139
	61.8570545343	55.3299862538
	61.8596721248	55.3383636141
	61.8611778818	55.3426229297
	61.8631354972	55.3479466886
	61.8645232583	55.3532864881
	61.8648690615	55.3545967674
	61.8682857112	55.365859952
	61.8724316931	55.3768755618
	61.8772892535	55.3875964261
	61.8828375916	55.3979766365
	61.8829812904	55.3982250721
	61.8860406776	55.4035046131
	61.8921123357	55.4132512845
	61.8989680963	55.4228184873
	61.9064349033	55.4319168179
	61.9144807825	55.4405073157
	61.9230712802	55.4485531949
	61.9321696108	55.4560200018
	61.9417368137	55.4628757624
	61.9517319206	55.4690911193
	61.9621121311	55.4746394574
	61.9728329953	55.4794970178
	61.9838486051	55.4836429997
	61.9951117898	55.4870596495
	61.9996820031	55.4881252738
	62.002275763	55.4929778572
	62.0084911199	55.5029729642
	62.0153468805	55.512540167
	62.0228136874	55.5216384976
	62.0308595666	55.5302289954
	62.0377250353	55.5367423785
	62.0821738878	55.576743294
	62.083898917	55.5782757901
	62.0929972475	55.585742597
	62.1025644504	55.5925983576
	62.1125595573	55.5988137145
	62.1152233187	55.6003215634
	62.1177257601	55.6017101132
	62.1254422092	55.6057506024
	62.1361630735	55.6106081628
	62.1471786832	55.6147541448
	62.1584418679	55.6181707945
	62.1699043968	55.6208434814
	62.1815171856	55.6227607606
	62.1932305067	55.623914422
	62.2049942017	55.6242995255
	62.2167578966	55.623914422
	62.2284712177	55.6227607606
	62.2400840065	55.6208434814
	62.2455601676	55.6196652737
	62.2527775748	55.6179944363
	62.2587639427	55.6164999571
	62.2700271273	55.6130833074
	62.2765337254	55.6106343973
	62.2768105898	55.611821804
	62.2791572677	55.6198315104
	62.2811027633	55.6259426555
	62.2821727351	55.6291961337
	62.2841719351	55.6345078805
	62.2746254661	55.6360840089
	62.2631629372	55.6387566958
	62.2579737278	55.6402308914
	62.249642429	55.6427333328
	62.2435684537	55.6446757869
	62.232552844	55.6488217688
	62.2315890087	55.6492242851
	62.2200341728	55.6540892594
	62.2138443326	55.6560664729
	62.2028287229	55.6602124548
	62.1992821526	55.6617262339
	62.1923394035	55.6647779918
	62.1851651096	55.6681217731
	62.1747848991	55.6736701111
	62.1700825276	55.6764813739
	62.1584171834	55.6836987812
	62.1531244479	55.6871028753
	62.1435572451	55.6939586359
	62.1344589145	55.7014254428
	62.1258684167	55.709471322
	62.1178225375	55.7180618198
	62.1103557306	55.7271601503
	62.10349997	55.7367273532
	62.0972846131	55.7467224602
	62.091736275	55.7571026706
	62.0868787146	55.7678235349
	62.0827327327	55.7788391446
	62.080727427	55.785122833
	62.079064219	55.7906846616
	62.077652875	55.7956641579
	62.0749801881	55.8071266868
	62.0730629089	55.8187394757
	62.0721892332	55.8276100535
	62.0686839777	55.8318812197
	62.0618282171	55.8414484225
	62.0556128602	55.8514435295
	62.0500645221	55.8618237399
	62.0452069617	55.8725446042
	62.0415789898	55.8820560916
	62.037695628	55.8931721194
	62.0371776179	55.8946762418
	62.0337609682	55.9059394265
	62.0322662535	55.9119268116
	62.0286667351	55.9139502625
	62.0238472671	55.9168340355
	62.0121895523	55.9240590721
	62.0070139133	55.927390656
	61.9974467104	55.9342464167
	61.9883483799	55.9417132236
	61.9798670991	55.9496499794
	61.9754191621	55.954090287
	61.9753099451	55.9541994104
	61.9672640659	55.9627899082
	61.9597972589	55.9718882387
	61.9529414983	55.9814554416
	61.9467261414	55.9914505485
	61.9411778033	56.001830759
	61.9363202429	56.0125516233
	61.9342802525	56.0179717479
	61.9292415338	56.0241114443
	61.9223857732	56.0336786472
	61.9161704163	56.0436737541
	61.9106220782	56.0540539645
	61.9057645178	56.0647748288
	61.9016185359	56.0757904386
	61.8982018862	56.0870536233
	61.8955291993	56.0985161522
	61.8936119201	56.110128941
	61.8928950042	56.1164313439
	61.8924283362	56.1175473508
	61.8882823543	56.1285629606
	61.8848657045	56.1398261452
	61.8821930177	56.1512886741
	61.8802757385	56.162901463
	61.8794171804	56.1707507054
	61.8788602346	56.1771365086
	61.8785651312	56.1810005872
	61.8781800277	56.1927642822
	61.8785651312	56.2045279772
	61.8794770469	56.2143256571
	61.8803162803	56.2212760356
	61.8805580261	56.2231916767
	61.8805725006	56.2233013611
	61.8783020264	56.2332360008
	61.8763847472	56.2448487897
	61.8752310858	56.2565621107
	61.8748459823	56.2683258057
	61.8752310858	56.2800895006
	61.8763847472	56.2918028217
	61.8783020264	56.3034156105
	61.8809747133	56.3148781394
	61.8843913631	56.3261413241
	61.888537345	56.3371569339
	61.8933949054	56.3478777981
	61.8989432435	56.3582580086
	61.9051586004	56.3682531155
	61.912014361	56.3778203184
	61.9179430084	56.3851414224
	61.9293336944	56.398477604
	61.9308718539	56.4002548306
	61.9389177331	56.4088453284
	61.9475082309	56.4168912076
	61.949719796	56.4187991543
	61.957235709	56.4257794522
	61.9663340395	56.4332462591
	61.9759012424	56.4401020197
	61.9858963493	56.4463173766
	61.9962765598	56.4518657147
	62.0008227998	56.4540291039
	62.0074908906	56.4570884911
	62.0136655149	56.4597826623
	62.0246811246	56.4639286443
	62.0359443093	56.467345294
	62.0474068382	56.4700179809
	62.0590196271	56.4719352601
	62.0707329481	56.4730889215
	62.0736593616	56.4732567927
	62.0736725334	56.4732643981
	62.0840527438	56.4788127362
	62.0947736081	56.4836702966
	62.1049050473	56.4875135791
	62.1075672687	56.4931567288
	62.1131156068	56.5035369393
	62.1131617766	56.5036168605
	62.1162135345	56.5088964015
	62.1223827215	56.5188115872
	62.1292384821	56.5283787901
	62.136705289	56.5374771206
	62.1447511682	56.5460676184
	62.1506080718	56.55166643
	62.1603355498	56.5605546746
	62.163069144	56.5630017422
	62.1721674746	56.5704685492
	62.1817346774	56.5773243098
	62.1902347036	56.5826668611
	62.1902908237	56.5827160977
	62.192866511	56.5849322266
	62.1958681116	56.5880064002
	62.2044586093	56.5960522794
	62.2076341827	56.5987725364
	62.2229082305	56.6115517722
	62.2288309877	56.6162983221
	62.2383981906	56.6231540827
	62.2483932976	56.6293694396
	62.258773508	56.6349177777
	62.2607700419	56.6358870919
	62.2671558452	56.6389388498
	62.2758801755	56.6428270959
	62.2852620406	56.646409729
	62.2929941958	56.652690534
	62.3025613986	56.6595462946
	62.3125565056	56.6657616515
	62.322936716	56.6713099896
	62.323990018	56.6718251593
	62.4637223788	56.7396047003
	62.4733899411	56.7439470911
	62.4844055509	56.748093073
	62.4956687356	56.7515097227
	62.5071312645	56.7541824096
	62.5187440533	56.7560996888
	62.5304573744	56.7572533502
	62.5422210693	56.7576384537
	62.5539847643	56.7572533502
	62.5599774357	56.756759846
	62.5935849186	56.7534258006
	62.5993055683	56.7527656434
	62.6006336578	56.7525857608
	62.6325779327	56.7481378238
	62.642862632	56.7464004272
	62.6543251609	56.7437277403
	62.6578115865	56.7427558552
	62.6664251729	56.7402610432
	62.674201932	56.7378162786
	62.6852175418	56.7336702966
	62.6911763834	56.7309703806
	62.6960678434	56.7328113957
	62.707331028	56.7362280455
	62.718793557	56.7389007323
	62.7304063458	56.7408180115
	62.7421196668	56.741971673
	62.7538833618	56.7423567765
	62.7656470568	56.741971673
	62.7773603778	56.7408180115
	62.7853056287	56.7395907773
	62.7886456181	56.7389981687
	62.7911713127	56.7404839416
	62.8015515231	56.7460322797
	62.8122723874	56.7508898401
	62.8232879972	56.755035822
	62.8345511819	56.7584524717
	62.8460137108	56.7611251586
	62.8490061361	56.7616940912
	62.8581766683	56.7633572993
	62.8667970318	56.7647056458
	62.8785103529	56.7658593072
	62.8902740479	56.7662444107
	62.8973026181	56.7661070304
	62.9026053811	56.7676153746
	62.91406791	56.7702880614
	62.9160749075	56.770675436
	62.9249631522	56.772338644
	62.9345689435	56.7738685486
	62.9408692101	56.7745852596
	62.9611481408	56.7765307552
	62.9665611952	56.7769677057
	62.9739289827	56.7772990829
	62.9967103548	56.7778560287
	63.0011062622	56.777909755
	63.0128699572	56.7775246515
	63.0152332267	56.7773541146
	63.0363437614	56.7756909066
	63.0456938129	56.774707782
	63.0573066017	56.7727905028
	63.0687691306	56.770117816
	63.0800323153	56.7667011662
	63.0869738176	56.7641848013
	63.095863309	56.7614216252
	63.1068789187	56.7572756433
	63.1092860721	56.756258017
	63.1134956147	56.7544422692
	63.1185893859	56.7529400539
	63.1243416527	56.7541824096
	63.127334078	56.7547513422
	63.1365046102	56.7564145502
	63.1451249737	56.7577628968
	63.1568382948	56.7589165582
	63.1641459011	56.7592464541
	63.1755365871	56.7595287417
	63.1917563708	56.7591988458
	63.197932433	56.7586870534
	63.2201568593	56.7564592702
	63.2256941181	56.7558174012
	63.2343322945	56.7544658231
	63.2429558494	56.7564025634
	63.2448437864	56.7567676173
	63.2537396604	56.7584384547
	63.2634645123	56.75999068
	63.2751778333	56.7611443414
	63.2833700392	56.7614619876
	63.286927849	56.7640687876
	63.2924820482	56.7679521495
	63.2956186496	56.7700962214
	63.3056137565	56.7763115783
	63.315993967	56.7818599164
	63.3176840824	56.7826824384
	63.3246268315	56.7860164838
	63.3336575803	56.7900515222
	63.34467319	56.7941975041
	63.3559363747	56.7976141539
	63.3673989036	56.8002868407
	63.3790116925	56.8022041199
	63.3907250135	56.8033577814
	63.3941892149	56.8035513008
	63.4003003599	56.8038335884
	63.4085998535	56.8040251725
	63.4203635485	56.803640069
	63.4320768695	56.8024864075
	63.4436896584	56.8005691283
	63.4551521873	56.7978964415
	63.4564203251	56.7975516746
	63.4601799705	56.7983413451
	63.4717927594	56.8002586243
	63.4835060804	56.8014122858
	63.4873359978	56.8016223255
	63.4937294304	56.8019046131
	63.4956801549	56.801883812
	63.501663208	56.8020796769
	63.513426903	56.8016945734
	63.525140224	56.8005409119
	63.5334102936	56.7992557383
	63.5628521271	56.7939761972
	63.5661948464	56.7933440917
	63.5709573253	56.7923295724
	63.5892907604	56.788163923
	63.5959908103	56.7865057554
	63.607253995	56.7830891057
	63.6182696048	56.7789431238
	63.6186237545	56.7787959876
	63.6313108906	56.775174373
	63.6397552157	56.7725376531
	63.6507708255	56.7683916711
	63.6544689482	56.7668111923
	63.6614116972	56.7637518051
	63.6684344388	56.7604747235
	63.6788146492	56.7549263854
	63.6888097562	56.7487110285
	63.698376959	56.7418552679
	63.7074752896	56.734388461
	63.7142158973	56.7280751929
	63.7146644296	56.7280678677
	63.7185974121	56.7281966202
	63.7303611071	56.7278115167
	63.7420744281	56.7266578553
	63.7443851558	56.726338385
	63.7655033198	56.7232789978
	63.774805381	56.7216811889
	63.7862679099	56.719008502
	63.7914571194	56.7175343063
	63.7997884182	56.7150318649
	63.8058623934	56.7130894109
	63.8168780032	56.7089434289
	63.8275988675	56.7040858685
	63.8379790779	56.6985375305
	63.8479741849	56.6923221735
	63.8575413877	56.6854664129
	63.8666397183	56.677999606
	63.874173992	56.6709429886
	63.8846214979	56.6719719781
	63.8963851929	56.6723570816
	63.9081488879	56.6719719781
	63.9198622089	56.6708183167
	63.9314749977	56.6689010375
	63.9388932208	56.6672618723
	63.9435730314	56.6689228459
	63.954836216	56.6723394957
	63.9662987449	56.6750121825
	63.9779115338	56.6769294617
	63.9868705331	56.6778813478
	63.9971396982	56.6787129518
	63.9998940199	56.6789147272
	64.0116577148	56.6792998307
	64.017125057	56.679216716
	64.0508076763	56.6781923914
	64.0546745264	56.6843421152
	64.0573879095	56.6885274686
	64.0642436701	56.6980946714
	64.0688472656	56.7038463509
	64.0720103937	56.7080968077
	64.0794772006	56.7171951382
	64.0875230798	56.725785636
	64.0961135776	56.7338315152
	64.1014257758	56.7383116358
	64.1117101996	56.7466505641
	64.115496332	56.7496372503
	64.1250635349	56.756493011
	64.1337119612	56.7618709481
	64.1338691833	56.7634672504
	64.1357864625	56.7750800392
	64.1384591494	56.7865425681
	64.1418757991	56.7978057528
	64.146021781	56.8088213626
	64.1508793414	56.8195422269
	64.1564276795	56.8299224373
	64.1626430364	56.8399175443
	64.169498797	56.8494847471
	64.1769656039	56.8585830777
	64.1850114831	56.8671735755
	64.1936019809	56.8752194546
	64.2027003115	56.8826862616
	64.208903005	56.8872383399
	64.2192026876	56.8944633765
	64.222567197	56.8967670588
	64.2325623039	56.9029824157
	64.2429425144	56.9085307538
	64.2474887544	56.910694143
	64.2541568452	56.9137535302
	64.2603314695	56.9164477014
	64.2713470792	56.9205936833
	64.2757176933	56.9220152961
	64.2837590751	56.9245177375
	64.2906516457	56.9265127745
	64.3021141746	56.9291854613
	64.3137269635	56.9311027405
	64.3254402845	56.932256402
	64.3372039795	56.9326415055
	64.3452022193	56.932463584
	64.3537172854	56.9320845597
	64.3628221553	56.9320845597
	64.3634867457	56.9321561537
	64.3709877699	56.9328057184
	64.3827514648	56.9331908219
	64.3868851866	56.9331433141
	64.4014459578	56.9328085837
	64.4018458754	56.9328409453
	64.4041887292	56.9352277747
	64.412779227	56.9432736539
	64.4218775576	56.9507404608
	64.4314447604	56.9575962214
	64.4414398674	56.9638115783
	64.4518200778	56.9693599164
	64.4625409421	56.9742174768
	64.4735565519	56.9783634587
	64.4848197365	56.9817801084
	64.4962822655	56.9844527953
	64.5078950543	56.9863700745
	64.5134016312	56.9870088653
	64.5888914631	56.9945890611
	64.6230044968	56.9987901381
	64.6332253187	56.9997536554
	64.6449890137	57.0001387589
	64.6567527087	56.9997536554
	64.6684660297	56.998599994
	64.6760846678	56.9974303995
	64.6792441637	56.997251214
	64.6901731464	56.9961990589
	64.717287453	56.9927506138
	64.7498747466	57.0071969738
	64.7539380368	57.0089388513
	64.7649536466	57.0130848332
	64.7694165682	57.0145351444
	64.7774732088	57.0170375858
	64.7842734719	57.0190039244
	64.7957360008	57.0216766112
	64.8073487897	57.0235938904
	64.8190621107	57.0247475519
	64.8308258057	57.0251326554
	64.8425895006	57.0247475519
	64.8543028217	57.0235938904
	64.8659156105	57.0216766112
	64.8707576603	57.0206439932
	64.8988033146	57.01425819
	64.9054237937	57.0126181211
	64.9106130032	57.0111439255
	64.9272756008	57.0061390426
	64.9333495761	57.0041965886
	64.9443651858	57.0000506067
	64.9463308948	56.9992226945
	64.9489135409	56.9983677312
	64.9599291507	56.9942217493
END
END
