none
1
   2.144057E+01   5.433608E+01
   2.278126E+01   5.437215E+01
   2.280616E+01   5.439314E+01
   2.280633E+01   5.437339E+01
   2.282058E+01   5.435079E+01
   2.280418E+01   5.429615E+01
   2.269892E+01   5.426131E+01
   2.264834E+01   5.426923E+01
   2.254606E+01   5.423481E+01
   2.251685E+01   5.420510E+01
   2.255774E+01   5.415637E+01
   2.259903E+01   5.416256E+01
   2.264458E+01   5.411971E+01
   2.264758E+01   5.408574E+01
   2.261880E+01   5.406699E+01
   2.268057E+01   5.403965E+01
   2.271125E+01   5.398311E+01
   2.279438E+01   5.392675E+01
   2.279225E+01   5.385928E+01
   2.274111E+01   5.382252E+01
   2.270776E+01   5.375135E+01
   2.263689E+01   5.373402E+01
   2.261009E+01   5.370268E+01
   2.257808E+01   5.371135E+01
   2.248809E+01   5.368413E+01
   2.248033E+01   5.364927E+01
   2.242260E+01   5.366262E+01
   2.236888E+01   5.364248E+01
   2.218186E+01   5.354459E+01
   2.206601E+01   5.351570E+01
   2.203267E+01   5.348233E+01
   2.198942E+01   5.350503E+01
   2.193560E+01   5.349556E+01
   2.189828E+01   5.345376E+01
   2.186127E+01   5.344427E+01
   2.169077E+01   5.347713E+01
   2.146214E+01   5.345240E+01
   2.144273E+01   5.341958E+01
   2.129541E+01   5.339403E+01
   2.126908E+01   5.340895E+01
   2.106215E+01   5.332100E+01
   2.094193E+01   5.334173E+01
   2.093523E+01   5.330804E+01
   2.085622E+01   5.327872E+01
   2.076057E+01   5.329910E+01
   2.059572E+01   5.321934E+01
   2.052335E+01   5.320832E+01
   2.045654E+01   5.322566E+01
   2.037266E+01   5.315790E+01
   2.035997E+01   5.313392E+01
   2.031060E+01   5.312575E+01
   2.017748E+01   5.313923E+01
   2.014223E+01   5.312657E+01
   2.009725E+01   5.315207E+01
   1.997798E+01   5.312954E+01
   1.989800E+01   5.316586E+01
   1.989639E+01   5.319462E+01
   1.985128E+01   5.317441E+01
   1.984892E+01   5.312857E+01
   1.975778E+01   5.313761E+01
   1.972691E+01   5.321473E+01
   1.967615E+01   5.322777E+01
   1.966794E+01   5.326270E+01
   1.969830E+01   5.328374E+01
   1.967241E+01   5.329596E+01
   1.966993E+01   5.332252E+01
   1.951498E+01   5.331640E+01
   1.950948E+01   5.335025E+01
   1.942129E+01   5.334638E+01
   1.937032E+01   5.339622E+01
   1.925174E+01   5.338362E+01
   1.921786E+01   5.341034E+01
   1.921339E+01   5.347399E+01
   1.917589E+01   5.350640E+01
   1.917905E+01   5.356135E+01
   1.911666E+01   5.358195E+01
   1.911998E+01   5.361834E+01
   1.919725E+01   5.365620E+01
   1.919811E+01   5.369678E+01
   1.928361E+01   5.375611E+01
   1.931446E+01   5.382594E+01
   1.946816E+01   5.380283E+01
   1.946682E+01   5.382399E+01
   1.954139E+01   5.390650E+01
   1.954170E+01   5.393023E+01
   1.936744E+01   5.392230E+01
   1.935975E+01   5.398947E+01
   1.931338E+01   5.401051E+01
   1.926444E+01   5.400428E+01
   1.924605E+01   5.404358E+01
   1.920824E+01   5.406214E+01
   1.922442E+01   5.409630E+01
   1.920273E+01   5.411701E+01
   1.923876E+01   5.417948E+01
   1.930520E+01   5.420567E+01
   1.924150E+01   5.426180E+01
   1.925212E+01   5.429509E+01
   1.962248E+01   5.440688E+01
   1.962510E+01   5.449474E+01
   1.966072E+01   5.446298E+01
   2.144057E+01   5.433608E+01
END
END
