polygon
1
   4.745024E+01   4.121199E+01
   4.755554E+01   4.114866E+01
   4.763965E+01   4.117394E+01
   4.777601E+01   4.113550E+01
   4.790696E+01   4.117502E+01
   4.811290E+01   4.144532E+01
   4.841078E+01   4.155137E+01
   4.862989E+01   4.180192E+01
   4.886453E+01   4.195753E+01
   4.860773E+01   4.216834E+01
   4.823971E+01   4.257976E+01
   4.797945E+01   4.299383E+01
   4.784597E+01   4.311901E+01
   4.788465E+01   4.329552E+01
   4.785146E+01   4.347209E+01
   4.789469E+01   4.361146E+01
   4.816466E+01   4.387705E+01
   4.819536E+01   4.398996E+01
   4.816440E+01   4.409189E+01
   4.804129E+01   4.420116E+01
   4.780840E+01   4.424603E+01
   4.789509E+01   4.444452E+01
   4.778865E+01   4.465814E+01
   4.759802E+01   4.474029E+01
   4.737386E+01   4.472613E+01
   4.764786E+01   4.515848E+01
   4.805696E+01   4.524572E+01
   4.827987E+01   4.540203E+01
   4.867183E+01   4.535084E+01
   4.886567E+01   4.538544E+01
   4.901144E+01   4.547855E+01
   4.911256E+01   4.565282E+01
   4.993666E+01   4.604634E+01
   4.971829E+01   4.623479E+01
   4.952308E+01   4.624281E+01
   4.919315E+01   4.642750E+01
   4.862393E+01   4.665237E+01
   4.892563E+01   4.664270E+01
   4.904755E+01   4.675114E+01
   4.856782E+01   4.743402E+01
   4.846943E+01   4.747112E+01
   4.823329E+01   4.773880E+01
   4.804813E+01   4.781218E+01
   4.766885E+01   4.780996E+01
   4.741085E+01   4.788850E+01
   4.735203E+01   4.776545E+01
   4.723594E+01   4.780066E+01
   4.722767E+01   4.787353E+01
   4.714475E+01   4.795903E+01
   4.726121E+01   4.807877E+01
   4.717553E+01   4.815345E+01
   4.715755E+01   4.830710E+01
   4.659034E+01   4.846934E+01
   4.680537E+01   4.889006E+01
   4.701220E+01   4.899480E+01
   4.709872E+01   4.914378E+01
   4.701870E+01   4.927955E+01
   4.685039E+01   4.938503E+01
   4.694498E+01   4.981672E+01
   4.719074E+01   4.988336E+01
   4.738377E+01   5.005208E+01
   4.736594E+01   5.027447E+01
   4.751007E+01   5.037976E+01
   4.759166E+01   5.040748E+01
   4.789502E+01   5.020414E+01
   4.805998E+01   5.005301E+01
   4.820312E+01   4.982278E+01
   4.844790E+01   4.975097E+01
   4.876092E+01   4.987291E+01
   4.895297E+01   5.002451E+01
   4.877469E+01   5.029923E+01
   4.871294E+01   5.054935E+01
   4.883899E+01   5.054948E+01
   4.914368E+01   5.073163E+01
   4.945624E+01   5.081043E+01
   4.949517E+01   5.088162E+01
   4.943494E+01   5.100972E+01
   4.946337E+01   5.105153E+01
   4.977528E+01   5.105602E+01
   5.002016E+01   5.119171E+01
   5.038884E+01   5.128291E+01
   5.043973E+01   5.136955E+01
   5.059199E+01   5.143686E+01
   5.062893E+01   5.156545E+01
   5.076797E+01   5.152409E+01
   5.084618E+01   5.154813E+01
   5.087969E+01   5.163323E+01
   5.123949E+01   5.162827E+01
   5.119473E+01   5.152671E+01
   5.126264E+01   5.144307E+01
   5.158176E+01   5.145817E+01
   5.163571E+01   5.140443E+01
   5.185604E+01   5.146959E+01
   5.184275E+01   5.156811E+01
   5.190648E+01   5.162539E+01
   5.209789E+01   5.160852E+01
   5.231873E+01   5.168726E+01
   5.254097E+01   5.140815E+01
   5.278196E+01   5.144728E+01
   5.294984E+01   5.140401E+01
   5.322514E+01   5.145484E+01
   5.353716E+01   5.137390E+01
   5.355134E+01   5.128157E+01
   5.363629E+01   5.118537E+01
   5.399397E+01   5.111170E+01
   5.408016E+01   5.106506E+01
   5.417041E+01   5.092215E+01
   5.442749E+01   5.080938E+01
   5.436506E+01   5.061075E+01
   5.454151E+01   5.047668E+01
   5.464616E+01   5.049797E+01
   5.478157E+01   5.061327E+01
   5.472781E+01   5.080790E+01
   5.474457E+01   5.091284E+01
   5.465958E+01   5.097017E+01
   5.502412E+01   5.085762E+01
   5.502561E+01   5.077932E+01
   5.536266E+01   5.060933E+01
   5.547464E+01   5.061864E+01
   5.571887E+01   5.049804E+01
   5.608227E+01   5.065105E+01
   5.617464E+01   5.072225E+01
   5.620940E+01   5.086100E+01
   5.637383E+01   5.085250E+01
   5.649571E+01   5.093050E+01
   5.651267E+01   5.100062E+01
   5.671622E+01   5.092326E+01
   5.679957E+01   5.096934E+01
   5.677757E+01   5.103494E+01
   5.716343E+01   5.104051E+01
   5.729910E+01   5.089787E+01
   5.750648E+01   5.082501E+01
   5.757432E+01   5.088038E+01
   5.779196E+01   5.087955E+01
   5.781701E+01   5.106097E+01
   5.816644E+01   5.101243E+01
   5.829841E+01   5.109797E+01
   5.836807E+01   5.102613E+01
   5.855480E+01   5.100639E+01
   5.855671E+01   5.083518E+01
   5.861717E+01   5.082102E+01
   5.863651E+01   5.076234E+01
   5.875108E+01   5.075904E+01
   5.887397E+01   5.064752E+01
   5.940752E+01   5.058650E+01
   5.941208E+01   5.052040E+01
   5.950366E+01   5.044446E+01
   5.983658E+01   5.049067E+01
   6.003802E+01   5.064431E+01
   6.004013E+01   5.076267E+01
   6.014419E+01   5.078129E+01
   6.030811E+01   5.062164E+01
   6.082497E+01   5.060673E+01
   6.147750E+01   5.076372E+01
   6.160910E+01   5.118039E+01
   6.171087E+01   5.121220E+01
   6.173371E+01   5.127975E+01
   6.150500E+01   5.145935E+01
   6.102821E+01   5.152042E+01
   6.097324E+01   5.156357E+01
   6.095630E+01   5.166168E+01
   6.048638E+01   5.169575E+01
   6.055666E+01   5.174170E+01
   6.055461E+01   5.183352E+01
   6.019803E+01   5.193890E+01
   6.052283E+01   5.210175E+01
   6.074276E+01   5.211238E+01
   6.110595E+01   5.231430E+01
   6.101920E+01   5.254008E+01
   6.090531E+01   5.256987E+01
   6.088123E+01   5.267443E+01
   6.077260E+01   5.269768E+01
   6.116093E+01   5.294651E+01
   6.147824E+01   5.297811E+01
   6.162182E+01   5.290428E+01
   6.179870E+01   5.294538E+01
   6.202330E+01   5.289914E+01
   6.216733E+01   5.295498E+01
   6.219602E+01   5.305015E+01
   6.213175E+01   5.316199E+01
   6.181359E+01   5.322919E+01
   6.170444E+01   5.330797E+01
   6.154245E+01   5.326888E+01
   6.123391E+01   5.334354E+01
   6.128709E+01   5.345849E+01
   6.147316E+01   5.341210E+01
   6.158914E+01   5.345228E+01
   6.164179E+01   5.352702E+01
   6.156672E+01   5.364116E+01
   6.121980E+01   5.361791E+01
   6.111265E+01   5.367060E+01
   6.127224E+01   5.377458E+01
   6.132252E+01   5.402155E+01
   6.143208E+01   5.402931E+01
   6.155738E+01   5.392026E+01
   6.170177E+01   5.396783E+01
   6.193821E+01   5.389840E+01
   6.207141E+01   5.390617E+01
   6.208669E+01   5.399158E+01
   6.234790E+01   5.398152E+01
   6.240841E+01   5.389399E+01
   6.251660E+01   5.386345E+01
   6.262218E+01   5.393064E+01
   6.263738E+01   5.402574E+01
   6.309202E+01   5.405401E+01
   6.323851E+01   5.414052E+01
   6.379068E+01   5.421601E+01
   6.397411E+01   5.414977E+01
   6.410045E+01   5.425829E+01
   6.461423E+01   5.432537E+01
   6.475536E+01   5.430440E+01
   6.495391E+01   5.436365E+01
   6.510061E+01   5.428314E+01
   6.523567E+01   5.428547E+01
   6.531312E+01   5.435856E+01
   6.527782E+01   5.449810E+01
   6.551136E+01   5.451945E+01
   6.555275E+01   5.458507E+01
   6.576179E+01   5.455718E+01
   6.590964E+01   5.465084E+01
   6.601484E+01   5.457539E+01
   6.707417E+01   5.473086E+01
   6.732834E+01   5.481538E+01
   6.769672E+01   5.481308E+01
   6.780211E+01   5.484358E+01
   6.786256E+01   5.492386E+01
   6.824901E+01   5.492079E+01
   6.836633E+01   5.506849E+01
   6.830415E+01   5.513647E+01
   6.864694E+01   5.515331E+01
   6.877505E+01   5.531655E+01
   6.902836E+01   5.523811E+01
   6.903674E+01   5.537045E+01
   6.920471E+01   5.528023E+01
   6.937966E+01   5.532359E+01
   6.948628E+01   5.528513E+01
   6.970530E+01   5.529902E+01
   6.993304E+01   5.516394E+01
   7.020063E+01   5.509731E+01
   7.041639E+01   5.516605E+01
   7.046601E+01   5.522237E+01
   7.076852E+01   5.523043E+01
   7.094090E+01   5.505848E+01
   7.091112E+01   5.487317E+01
   7.099774E+01   5.474058E+01
   7.107781E+01   5.465284E+01
   7.117515E+01   5.464735E+01
   7.112151E+01   5.458040E+01
   7.115395E+01   5.437672E+01
   7.094941E+01   5.434494E+01
   7.095604E+01   5.424729E+01
   7.109352E+01   5.408826E+01
   7.116922E+01   5.404168E+01
   7.135058E+01   5.412825E+01
   7.147602E+01   5.404809E+01
   7.173271E+01   5.405468E+01
   7.181381E+01   5.412726E+01
   7.179116E+01   5.419184E+01
   7.196843E+01   5.417919E+01
   7.219242E+01   5.407730E+01
   7.226859E+01   5.418256E+01
   7.236464E+01   5.400627E+01
   7.232821E+01   5.392899E+01
   7.251375E+01   5.385759E+01
   7.257601E+01   5.391939E+01
   7.273967E+01   5.392125E+01
   7.276257E+01   5.402257E+01
   7.271928E+01   5.407208E+01
   7.292642E+01   5.404317E+01
   7.304924E+01   5.393876E+01
   7.339994E+01   5.389362E+01
   7.330287E+01   5.381917E+01
   7.328642E+01   5.372743E+01
   7.320671E+01   5.369327E+01
   7.319241E+01   5.355241E+01
   7.344144E+01   5.338500E+01
   7.370901E+01   5.355462E+01
   7.382959E+01   5.352850E+01
   7.393355E+01   5.359363E+01
   7.405274E+01   5.351430E+01
   7.419647E+01   5.353673E+01
   7.425824E+01   5.345297E+01
   7.440758E+01   5.340888E+01
   7.453481E+01   5.355444E+01
   7.450614E+01   5.362690E+01
   7.465941E+01   5.362507E+01
   7.483088E+01   5.376654E+01
   7.507475E+01   5.374859E+01
   7.547387E+01   5.393347E+01
   7.547389E+01   5.404444E+01
   7.620979E+01   5.420822E+01
   7.627960E+01   5.429552E+01
   7.664382E+01   5.428470E+01
   7.674415E+01   5.434325E+01
   7.679930E+01   5.431350E+01
   7.669981E+01   5.420269E+01
   7.640203E+01   5.419956E+01
   7.638790E+01   5.410426E+01
   7.646503E+01   5.399970E+01
   7.787975E+01   5.324298E+01
   7.904392E+01   5.200902E+01
   8.005173E+01   5.069358E+01
   8.024767E+01   5.084853E+01
   8.051988E+01   5.093412E+01
   8.051989E+01   5.114206E+01
   8.065760E+01   5.116136E+01
   8.070717E+01   5.125352E+01
   8.110698E+01   5.113065E+01
   8.101967E+01   5.091674E+01
   8.135919E+01   5.092006E+01
   8.145208E+01   5.070372E+01
   8.189253E+01   5.074630E+01
   8.216666E+01   5.067976E+01
   8.236827E+01   5.072346E+01
   8.256112E+01   5.069488E+01
   8.273557E+01   5.077502E+01
   8.278288E+01   5.086773E+01
   8.298475E+01   5.083348E+01
   8.316801E+01   5.095285E+01
   8.339428E+01   5.095179E+01
   8.389711E+01   5.076756E+01
   8.393169E+01   5.069045E+01
   8.416214E+01   5.050008E+01
   8.420435E+01   5.027332E+01
   8.431094E+01   5.017701E+01
   8.461849E+01   5.015736E+01
   8.494911E+01   5.002382E+01
   8.494348E+01   4.987841E+01
   8.515354E+01   4.970814E+01
   8.516417E+01   4.960616E+01
   8.523928E+01   4.954103E+01
   8.558158E+01   4.955187E+01
   8.567419E+01   4.949991E+01
   8.588436E+01   4.950714E+01
   8.595551E+01   4.943760E+01
   8.609463E+01   4.947158E+01
   8.621145E+01   4.941643E+01
   8.631924E+01   4.954148E+01
   8.644400E+01   4.956335E+01
   8.658109E+01   4.966593E+01
   8.654902E+01   4.961732E+01
   8.657780E+01   4.953995E+01
   8.677356E+01   4.950290E+01
   8.679323E+01   4.942129E+01
   8.699838E+01   4.921372E+01
   8.723516E+01   4.918828E+01
   8.724755E+01   4.908260E+01
   8.742123E+01   4.902101E+01
   8.771537E+01   4.912298E+01
   8.800845E+01   4.913609E+01
   8.821125E+01   4.926367E+01
   8.823826E+01   4.942432E+01
   8.859651E+01   4.944701E+01
   8.884940E+01   4.939079E+01
   8.892032E+01   4.944588E+01
   8.898610E+01   4.941323E+01
   8.915498E+01   4.945150E+01
   8.925965E+01   4.950635E+01
   8.927895E+01   4.956276E+01
   8.937528E+01   4.953596E+01
   8.975596E+01   4.969343E+01
   8.976340E+01   4.980047E+01
   8.969338E+01   4.988559E+01
   9.000121E+01   4.992667E+01
   9.007709E+01   4.997752E+01
   9.007877E+01   5.003075E+01
   9.029256E+01   5.005998E+01
   9.052389E+01   5.018479E+01
   9.070322E+01   5.017162E+01
   9.077261E+01   5.021512E+01
   9.078055E+01   5.027553E+01
   9.092677E+01   5.030180E+01
   9.097181E+01   5.037544E+01
   9.142440E+01   5.040232E+01
   9.150690E+01   5.050690E+01
   9.167377E+01   5.054436E+01
   9.170358E+01   5.061791E+01
   9.180652E+01   5.067285E+01
   9.208418E+01   5.064518E+01
   9.227933E+01   5.068308E+01
   9.236371E+01   5.079781E+01
   9.243545E+01   5.074418E+01
   9.254259E+01   5.074061E+01
   9.255869E+01   5.068319E+01
   9.263326E+01   5.065510E+01
   9.277416E+01   5.068068E+01
   9.281338E+01   5.075551E+01
   9.296927E+01   5.074261E+01
   9.292014E+01   5.063042E+01
   9.299199E+01   5.055842E+01
   9.311647E+01   5.053637E+01
   9.344148E+01   5.057837E+01
   9.370001E+01   5.053328E+01
   9.423916E+01   5.053319E+01
   9.429163E+01   5.048363E+01
   9.434909E+01   5.018726E+01
   9.445798E+01   5.014274E+01
   9.460536E+01   4.998558E+01
   9.494970E+01   4.999700E+01
   9.502491E+01   4.992501E+01
   9.540310E+01   4.990624E+01
   9.552948E+01   4.985375E+01
   9.580041E+01   4.992778E+01
   9.585203E+01   4.998876E+01
   9.596315E+01   4.992150E+01
   9.606126E+01   4.995682E+01
   9.623183E+01   4.992620E+01
   9.640952E+01   4.982275E+01
   9.652829E+01   4.988244E+01
   9.661040E+01   4.982108E+01
   9.672672E+01   4.986967E+01
   9.694036E+01   4.984157E+01
   9.721371E+01   4.969574E+01
   9.733491E+01   4.970385E+01
   9.751801E+01   4.976273E+01
   9.760912E+01   4.981855E+01
   9.763576E+01   4.989312E+01
   9.773767E+01   4.992475E+01
   9.781343E+01   4.987560E+01
   9.791491E+01   4.988112E+01
   9.810534E+01   4.999953E+01
   9.835058E+01   5.029995E+01
   9.837164E+01   5.052891E+01
   9.807766E+01   5.068434E+01
   9.802749E+01   5.077358E+01
   9.807692E+01   5.089105E+01
   9.790421E+01   5.101184E+01
   9.801436E+01   5.131991E+01
   9.808842E+01   5.140432E+01
   9.825657E+01   5.141860E+01
   9.829632E+01   5.156664E+01
   9.840430E+01   5.168337E+01
   9.878829E+01   5.182535E+01
   9.892230E+01   5.209636E+01
   9.899962E+01   5.202087E+01
   9.919800E+01   5.197517E+01
   9.927698E+01   5.190741E+01
   9.972202E+01   5.185495E+01
   9.985793E+01   5.171593E+01
   1.000340E+02   5.167827E+01
   1.005598E+02   5.168470E+01
   1.011288E+02   5.147283E+01
   1.012383E+02   5.148023E+01
   1.013556E+02   5.140426E+01
   1.015145E+02   5.144502E+01
   1.016075E+02   5.139340E+01
   1.020795E+02   5.131954E+01
   1.020841E+02   5.110350E+01
   1.021730E+02   5.097255E+01
   1.021671E+02   5.080767E+01
   1.022637E+02   5.073078E+01
   1.022659E+02   5.064856E+01
   1.024925E+02   5.054337E+01
   1.026371E+02   5.035583E+01
   1.029291E+02   5.025778E+01
   1.032022E+02   5.027522E+01
   1.032185E+02   5.017473E+01
   1.032692E+02   5.014192E+01
   1.034506E+02   5.015905E+01
   1.037202E+02   5.008042E+01
   1.038655E+02   5.013703E+01
   1.041506E+02   5.009528E+01
   1.044205E+02   5.025897E+01
   1.048160E+02   5.029484E+01
   1.049176E+02   5.035659E+01
   1.051356E+02   5.034157E+01
   1.053358E+02   5.042247E+01
   1.059772E+02   5.036646E+01
   1.060687E+02   5.028509E+01
   1.062522E+02   5.025273E+01
   1.066131E+02   5.028640E+01
   1.069572E+02   5.016639E+01
   1.070553E+02   5.002044E+01
   1.072216E+02   4.994051E+01
   1.078674E+02   4.988297E+01
   1.079188E+02   4.962664E+01
   1.082573E+02   4.948815E+01
   1.083194E+02   4.939370E+01
   1.085228E+02   4.927065E+01
   1.091851E+02   4.930017E+01
   1.095601E+02   4.916905E+01
   1.102016E+02   4.910310E+01
   1.103939E+02   4.918066E+01
   1.106750E+02   4.911985E+01
   1.108318E+02   4.913151E+01
   1.113795E+02   4.930048E+01
   1.115350E+02   4.927253E+01
   1.116978E+02   4.933232E+01
   1.119713E+02   4.933214E+01
   1.124830E+02   4.947066E+01
   1.128329E+02   4.946813E+01
   1.130753E+02   4.956811E+01
   1.132495E+02   4.979361E+01
   1.143339E+02   5.022572E+01
   1.148412E+02   5.016705E+01
   1.149752E+02   5.012079E+01
   1.152067E+02   4.993925E+01
   1.155053E+02   4.985507E+01
   1.157563E+02   4.983735E+01
   1.162382E+02   4.997786E+01
   1.165947E+02   4.988062E+01
   1.166926E+02   4.979324E+01
   1.170505E+02   4.963472E+01
   1.178774E+02   4.945985E+01
   1.179416E+02   4.954323E+01
   1.181871E+02   4.961285E+01
   1.186009E+02   4.987309E+01
   1.190964E+02   4.993556E+01
   1.193210E+02   5.007283E+01
   1.193992E+02   5.017526E+01
   1.194274E+02   5.032667E+01
   1.193728E+02   5.040218E+01
   1.192828E+02   5.041416E+01
   1.193404E+02   5.057032E+01
   1.195266E+02   5.070932E+01
   1.195779E+02   5.087959E+01
   1.197974E+02   5.106188E+01
   1.198679E+02   5.123952E+01
   1.200398E+02   5.142882E+01
   1.200956E+02   5.159387E+01
   1.206829E+02   5.188581E+01
   1.207452E+02   5.196097E+01
   1.208298E+02   5.215832E+01
   1.207900E+02   5.228908E+01
   1.206923E+02   5.234577E+01
   1.207762E+02   5.252516E+01
   1.207613E+02   5.257697E+01
   1.204502E+02   5.269505E+01
   1.200884E+02   5.263744E+01
   1.201049E+02   5.273635E+01
   1.203116E+02   5.282015E+01
   1.208901E+02   5.323289E+01
   1.212326E+02   5.322818E+01
   1.223246E+02   5.344094E+01
   1.224353E+02   5.339169E+01
   1.228514E+02   5.340464E+01
   1.231574E+02   5.345004E+01
   1.232722E+02   5.350785E+01
   1.234700E+02   5.344685E+01
   1.236187E+02   5.348627E+01
   1.238609E+02   5.343111E+01
   1.240983E+02   5.329736E+01
   1.242257E+02   5.331909E+01
   1.244174E+02   5.316787E+01
   1.246538E+02   5.315172E+01
   1.248532E+02   5.305015E+01
   1.249248E+02   5.306199E+01
   1.249538E+02   5.313363E+01
   1.251487E+02   5.315071E+01
   1.254939E+02   5.299904E+01
   1.255857E+02   5.302373E+01
   1.256394E+02   5.296569E+01
   1.256027E+02   5.290062E+01
   1.256314E+02   5.282388E+01
   1.258030E+02   5.283892E+01
   1.259434E+02   5.270869E+01
   1.259116E+02   5.265355E+01
   1.259399E+02   5.256955E+01
   1.261223E+02   5.251982E+01
   1.261545E+02   5.242823E+01
   1.262816E+02   5.238269E+01
   1.262711E+02   5.216747E+01
   1.264815E+02   5.210319E+01
   1.263914E+02   5.204517E+01
   1.264073E+02   5.193178E+01
   1.266623E+02   5.167533E+01
   1.266210E+02   5.159101E+01
   1.267484E+02   5.150534E+01
   1.267256E+02   5.143632E+01
   1.267847E+02   5.137122E+01
   1.267585E+02   5.129761E+01
   1.268431E+02   5.119485E+01
   1.268733E+02   5.103162E+01
   1.270839E+02   5.088711E+01
   1.272297E+02   5.071578E+01
   1.272978E+02   5.057983E+01
   1.272364E+02   5.047953E+01
   1.272909E+02   5.039955E+01
   1.272872E+02   5.030199E+01
   1.275453E+02   5.018689E+01
   1.274377E+02   5.001178E+01
   1.275004E+02   4.977009E+01
   1.276156E+02   4.972548E+01
   1.276583E+02   4.962535E+01
   1.278411E+02   4.952235E+01
   1.281806E+02   4.948504E+01
   1.285465E+02   4.954902E+01
   1.286881E+02   4.951431E+01
   1.287491E+02   4.942439E+01
   1.289727E+02   4.940282E+01
   1.290795E+02   4.930177E+01
   1.292180E+02   4.934529E+01
   1.293668E+02   4.930406E+01
   1.294291E+02   4.938526E+01
   1.294759E+02   4.937681E+01
   1.295408E+02   4.924043E+01
   1.296882E+02   4.924001E+01
   1.298921E+02   4.899576E+01
   1.301979E+02   4.882225E+01
   1.304284E+02   4.885132E+01
   1.305595E+02   4.880490E+01
   1.304748E+02   4.859328E+01
   1.305535E+02   4.854617E+01
   1.305905E+02   4.844990E+01
   1.306787E+02   4.843887E+01
   1.307561E+02   4.830394E+01
   1.306185E+02   4.814973E+01
   1.306074E+02   4.807632E+01
   1.308410E+02   4.788329E+01
   1.309676E+02   4.765113E+01
   1.310996E+02   4.763207E+01
   1.314507E+02   4.769047E+01
   1.315963E+02   4.760511E+01
   1.317141E+02   4.765205E+01
   1.319638E+02   4.761171E+01
   1.323304E+02   4.770502E+01
   1.325680E+02   4.766682E+01
   1.326440E+02   4.771194E+01
   1.327325E+02   4.788553E+01
   1.328258E+02   4.788361E+01
   1.330785E+02   4.805274E+01
   1.335531E+02   4.807553E+01
   1.336240E+02   4.814036E+01
   1.337354E+02   4.814429E+01
   1.337865E+02   4.820655E+01
   1.342169E+02   4.833272E+01
   1.346858E+02   4.835052E+01
   1.344936E+02   4.798576E+01
   1.347102E+02   4.772819E+01
   1.345187E+02   4.752034E+01
   1.342986E+02   4.748392E+01
   1.341255E+02   4.734120E+01
   1.341005E+02   4.724881E+01
   1.341693E+02   4.715426E+01
   1.340129E+02   4.700225E+01
   1.339657E+02   4.669141E+01
   1.337971E+02   4.649669E+01
   1.338315E+02   4.629377E+01
   1.336469E+02   4.618546E+01
   1.336674E+02   4.605580E+01
   1.334254E+02   4.587078E+01
   1.333554E+02   4.562640E+01
   1.331504E+02   4.554089E+01
   1.330403E+02   4.529954E+01
   1.330559E+02   4.514931E+01
   1.329346E+02   4.508232E+01
   1.320293E+02   4.529861E+01
   1.318762E+02   4.539202E+01
   1.317397E+02   4.527829E+01
   1.316433E+02   4.525991E+01
   1.316028E+02   4.512862E+01
   1.314421E+02   4.502841E+01
   1.310879E+02   4.498491E+01
   1.309201E+02   4.488378E+01
   1.309170E+02   4.479406E+01
   1.310654E+02   4.465677E+01
   1.312381E+02   4.408007E+01
   1.311856E+02   4.398994E+01
   1.311361E+02   4.355799E+01
   1.312402E+02   4.341428E+01
   1.311481E+02   4.324203E+01
   1.311502E+02   4.315951E+01
   1.310672E+02   4.308742E+01
   1.310517E+02   4.297433E+01
   1.309582E+02   4.291953E+01
   1.308023E+02   4.293109E+01
   1.305421E+02   4.286199E+01
   1.303442E+02   4.273033E+01
   1.303947E+02   4.266008E+01
   1.305583E+02   4.260770E+01
   1.305039E+02   4.250742E+01
   1.306269E+02   4.228052E+01
   1.308987E+02   4.212396E+01
   1.332675E+02   3.996882E+01
   1.411205E+02   4.596801E+01
   1.460519E+02   4.312595E+01
   1.800000E+02   3.561404E+01
   1.800000E+02   8.383133E+01
   3.727950E+01   8.381215E+01
   3.127848E+01   7.011174E+01
   3.077568E+01   6.982379E+01
   3.088567E+01   6.960134E+01
   3.054062E+01   6.959318E+01
   3.024028E+01   6.970254E+01
   3.007925E+01   6.970996E+01
   3.004604E+01   6.962395E+01
   3.011237E+01   6.957275E+01
   3.001001E+01   6.947197E+01
   2.984288E+01   6.947344E+01
   2.956539E+01   6.937147E+01
   2.928577E+01   6.934884E+01
   2.918916E+01   6.914856E+01
   2.904647E+01   6.907043E+01
   2.890818E+01   6.909988E+01
   2.836758E+01   6.892939E+01
   2.845581E+01   6.883664E+01
   2.868857E+01   6.881650E+01
   2.838412E+01   6.854940E+01
   2.861946E+01   6.815368E+01
   2.929281E+01   6.802793E+01
   2.962745E+01   6.776365E+01
   2.992133E+01   6.763731E+01
   2.988819E+01   6.756283E+01
   2.904771E+01   6.704106E+01
   2.898188E+01   6.693578E+01
   2.907125E+01   6.675276E+01
   2.943544E+01   6.650602E+01
   2.966187E+01   6.623217E+01
   2.989118E+01   6.607974E+01
   3.006695E+01   6.574475E+01
   2.967942E+01   6.566431E+01
   2.973666E+01   6.555009E+01
   2.968779E+01   6.549607E+01
   2.967485E+01   6.536906E+01
   2.956924E+01   6.530861E+01
   2.955285E+01   6.524834E+01
   2.961512E+01   6.518409E+01
   2.978282E+01   6.517332E+01
   2.959119E+01   6.509738E+01
   2.954934E+01   6.500337E+01
   2.956488E+01   6.490444E+01
   2.970682E+01   6.474890E+01
   2.999222E+01   6.474085E+01
   3.002651E+01   6.466196E+01
   2.994633E+01   6.460670E+01
   2.993739E+01   6.452972E+01
   3.000522E+01   6.437030E+01
   3.042164E+01   6.421392E+01
   3.049199E+01   6.410354E+01
   3.022901E+01   6.387150E+01
   2.997020E+01   6.381066E+01
   2.993021E+01   6.372835E+01
   3.046048E+01   6.342266E+01
   3.077099E+01   6.335498E+01
   3.118489E+01   6.318117E+01
   3.124230E+01   6.306728E+01
   3.149568E+01   6.290009E+01
   3.111931E+01   6.248988E+01
   3.061954E+01   6.224558E+01
   2.969859E+01   6.161222E+01
   2.947180E+01   6.153579E+01
   2.920748E+01   6.131401E+01
   2.879581E+01   6.116649E+01
   2.863369E+01   6.100659E+01
   2.849232E+01   6.099797E+01
   2.785071E+01   6.065141E+01
   2.764466E+01   6.046285E+01
   2.764260E+01   6.040344E+01
   2.748620E+01   6.030133E+01
   2.686507E+01   6.016682E+01
   2.639009E+01   5.992985E+01
   2.691914E+01   5.957938E+01
   2.782954E+01   5.953154E+01
   2.812685E+01   5.936757E+01
   2.788014E+01   5.928753E+01
   2.768803E+01   5.901193E+01
   2.730915E+01   5.880412E+01
   2.748362E+01   5.838673E+01
   2.744354E+01   5.820541E+01
   2.755825E+01   5.807796E+01
   2.763487E+01   5.789748E+01
   2.751724E+01   5.787234E+01
   2.726678E+01   5.758119E+01
   2.733297E+01   5.747116E+01
   2.748984E+01   5.748141E+01
   2.748489E+01   5.738802E+01
   2.780667E+01   5.726726E+01
   2.777309E+01   5.718686E+01
   2.766903E+01   5.711764E+01
   2.768045E+01   5.696759E+01
   2.760984E+01   5.682296E+01
   2.764703E+01   5.678608E+01
   2.784829E+01   5.681343E+01
   2.786174E+01   5.671678E+01
   2.812917E+01   5.642350E+01
   2.811273E+01   5.637153E+01
   2.816811E+01   5.628574E+01
   2.810297E+01   5.618680E+01
   2.811991E+01   5.610930E+01
   2.830397E+01   5.600917E+01
   2.858389E+01   5.605450E+01
   2.872857E+01   5.591646E+01
   2.886271E+01   5.590500E+01
   2.906219E+01   5.597783E+01
   2.930575E+01   5.593635E+01
   2.934851E+01   5.592022E+01
   2.931199E+01   5.574329E+01
   2.949395E+01   5.565306E+01
   2.968037E+01   5.573690E+01
   2.981433E+01   5.573245E+01
   2.991470E+01   5.580383E+01
   3.012313E+01   5.578048E+01
   3.023792E+01   5.581532E+01
   3.057809E+01   5.569633E+01
   3.063959E+01   5.559844E+01
   3.075319E+01   5.554151E+01
   3.088151E+01   5.557085E+01
   3.085992E+01   5.541069E+01
   3.078692E+01   5.536041E+01
   3.076885E+01   5.528175E+01
   3.093431E+01   5.509108E+01
   3.078148E+01   5.497479E+01
   3.071476E+01   5.477384E+01
   3.091914E+01   5.469588E+01
   3.097209E+01   5.462620E+01
   3.110248E+01   5.461217E+01
   3.103625E+01   5.449514E+01
   3.118732E+01   5.441846E+01
   3.128732E+01   5.420322E+01
   3.180737E+01   5.402874E+01
   3.179375E+01   5.394019E+01
   3.170897E+01   5.384793E+01
   3.173503E+01   5.375260E+01
   3.189973E+01   5.372387E+01
   3.211660E+01   5.376006E+01
   3.230690E+01   5.370644E+01
   3.244324E+01   5.351220E+01
   3.268110E+01   5.340566E+01
   3.246274E+01   5.334737E+01
   3.241788E+01   5.325550E+01
   3.209860E+01   5.312929E+01
   3.185271E+01   5.316265E+01
   3.181184E+01   5.322346E+01
   3.162667E+01   5.328143E+01
   3.138296E+01   5.325917E+01
   3.128393E+01   5.309675E+01
   3.120669E+01   5.306964E+01
   3.120841E+01   5.298805E+01
   3.153098E+01   5.275924E+01
   3.144993E+01   5.269603E+01
   3.152909E+01   5.256008E+01
   3.148765E+01   5.246169E+01
   3.156666E+01   5.237409E+01
   3.154027E+01   5.229675E+01
   3.175549E+01   5.206822E+01
   3.186193E+01   5.205565E+01
   3.190689E+01   5.199334E+01
   3.209497E+01   5.198266E+01
   3.238992E+01   5.209939E+01
   3.244809E+01   5.227175E+01
   3.269150E+01   5.219798E+01
   3.289863E+01   5.219427E+01
   3.321088E+01   5.232006E+01
   3.354886E+01   5.225097E+01
   3.378861E+01   5.231255E+01
   3.403332E+01   5.212261E+01
   3.401219E+01   5.207252E+01
   3.406314E+01   5.196613E+01
   3.421642E+01   5.184007E+01
   3.435746E+01   5.179404E+01
   3.403453E+01   5.168698E+01
   3.405617E+01   5.162284E+01
   3.421773E+01   5.150759E+01
   3.417101E+01   5.142194E+01
   3.422899E+01   5.134658E+01
   3.419268E+01   5.123231E+01
   3.431097E+01   5.118884E+01
   3.460857E+01   5.119203E+01
   3.470031E+01   5.112526E+01
   3.507328E+01   5.116195E+01
   3.512019E+01   5.104252E+01
   3.527827E+01   5.100344E+01
   3.528067E+01   5.092582E+01
   3.541448E+01   5.073853E+01
   3.535064E+01   5.067781E+01
   3.534606E+01   5.055788E+01
   3.559275E+01   5.031192E+01
   3.574180E+01   5.030380E+01
   3.585155E+01   5.037400E+01
   3.607715E+01   5.039531E+01
   3.627515E+01   5.024484E+01
   3.646162E+01   5.025969E+01
   3.664995E+01   5.016646E+01
   3.688982E+01   5.028679E+01
   3.716752E+01   5.030649E+01
   3.741356E+01   5.038116E+01
   3.757234E+01   5.025500E+01
   3.761331E+01   5.013249E+01
   3.773295E+01   5.003249E+01
   3.788199E+01   4.999718E+01
   3.801555E+01   4.985233E+01
   3.819247E+01   4.989600E+01
   3.828829E+01   5.002419E+01
   3.833580E+01   4.995768E+01
   3.865124E+01   4.990573E+01
   3.892585E+01   4.974657E+01
   3.917134E+01   4.981935E+01
   3.925245E+01   4.971591E+01
   3.954762E+01   4.968604E+01
   3.962940E+01   4.957456E+01
   3.979514E+01   4.950784E+01
   3.999489E+01   4.954761E+01
   3.998036E+01   4.944172E+01
   4.013410E+01   4.931827E+01
   3.989786E+01   4.911549E+01
   3.962763E+01   4.906151E+01
   3.964642E+01   4.895187E+01
   3.975439E+01   4.887157E+01
   3.965966E+01   4.874513E+01
   3.961548E+01   4.858986E+01
   3.966738E+01   4.853953E+01
   3.980232E+01   4.852768E+01
   3.979789E+01   4.845847E+01
   3.985571E+01   4.839424E+01
   3.979521E+01   4.835044E+01
   3.979541E+01   4.828809E+01
   3.988750E+01   4.822399E+01
   3.973231E+01   4.806436E+01
   3.976046E+01   4.797173E+01
   3.971582E+01   4.788397E+01
   3.887402E+01   4.792620E+01
   3.874584E+01   4.784248E+01
   3.872452E+01   4.775158E+01
   3.832055E+01   4.765720E+01
   3.823750E+01   4.756339E+01
   3.824691E+01   4.742509E+01
   3.817056E+01   4.733226E+01
   3.817948E+01   4.711301E+01
   3.823594E+01   4.698468E+01
   3.811227E+01   4.691138E+01
   3.762322E+01   4.688217E+01
   3.741553E+01   4.676322E+01
   3.664303E+01   4.568821E+01
   3.633254E+01   4.572272E+01
   3.599696E+01   4.567179E+01
   3.578323E+01   4.569530E+01
   3.554790E+01   4.557771E+01
   3.525239E+01   4.583880E+01
   3.495522E+01   4.581513E+01
   3.486024E+01   4.585082E+01
   3.483400E+01   4.594033E+01
   3.464487E+01   4.603539E+01
   3.456099E+01   4.604619E+01
   3.448616E+01   4.599791E+01
   3.435945E+01   4.610523E+01
   3.364373E+01   4.628118E+01
   3.357107E+01   4.624987E+01
   3.357418E+01   4.617282E+01
   3.350204E+01   4.605619E+01
   3.276382E+01   4.587799E+01
   3.229008E+01   4.563796E+01
   3.215053E+01   4.541860E+01
   3.224215E+01   4.518556E+01
   3.258196E+01   4.506437E+01
   3.281426E+01   4.508492E+01
   3.319610E+01   4.489718E+01
   3.318807E+01   4.479736E+01
   3.304632E+01   4.463244E+01
   3.308447E+01   4.445073E+01
   3.328842E+01   4.428003E+01
   3.373338E+01   4.413411E+01
   3.425741E+01   4.418416E+01
   3.456984E+01   4.435196E+01
   3.475216E+01   4.453336E+01
   3.519419E+01   4.454824E+01
   3.563792E+01   4.477878E+01
   3.586723E+01   4.474156E+01
   3.632130E+01   4.478140E+01
   3.662697E+01   4.488227E+01
   3.682653E+01   4.486342E+01
   3.699347E+01   4.480367E+01
   3.713441E+01   4.460302E+01
   3.730884E+01   4.450028E+01
   3.772977E+01   4.441796E+01
   3.806819E+01   4.420528E+01
   3.858442E+01   4.407787E+01
   3.909570E+01   4.373459E+01
   3.977181E+01   4.319436E+01
   3.992102E+01   4.318958E+01
   4.014963E+01   4.351766E+01
   4.053619E+01   4.346775E+01
   4.065366E+01   4.350114E+01
   4.092890E+01   4.337216E+01
   4.136808E+01   4.330067E+01
   4.161549E+01   4.317233E+01
   4.204859E+01   4.313725E+01
   4.239962E+01   4.319365E+01
   4.266235E+01   4.308262E+01
   4.273485E+01   4.312740E+01
   4.284302E+01   4.312009E+01
   4.317041E+01   4.288863E+01
   4.354686E+01   4.281264E+01
   4.373402E+01   4.271448E+01
   4.367202E+01   4.266099E+01
   4.367724E+01   4.259853E+01
   4.393197E+01   4.250111E+01
   4.425350E+01   4.258062E+01
   4.433030E+01   4.266346E+01
   4.453225E+01   4.264866E+01
   4.457483E+01   4.269518E+01
   4.469127E+01   4.269116E+01
   4.481052E+01   4.256385E+01
   4.486958E+01   4.258652E+01
   4.492369E+01   4.269655E+01
   4.503821E+01   4.264202E+01
   4.512851E+01   4.265470E+01
   4.532356E+01   4.247483E+01
   4.554435E+01   4.249280E+01
   4.570059E+01   4.242948E+01
   4.568852E+01   4.234632E+01
   4.556284E+01   4.225334E+01
   4.561474E+01   4.214678E+01
   4.577294E+01   4.205502E+01
   4.586065E+01   4.205444E+01
   4.591019E+01   4.198434E+01
   4.620599E+01   4.194920E+01
   4.649783E+01   4.183242E+01
   4.655742E+01   4.175878E+01
   4.672213E+01   4.177576E+01
   4.694197E+01   4.160451E+01
   4.698537E+01   4.151775E+01
   4.710308E+01   4.150738E+01
   4.724051E+01   4.128804E+01
   4.745024E+01   4.121199E+01
END
2
   -1.800000E+02   7.229160E+01
   -1.800000E+02   7.229053E+01
   -1.800000E+02   6.226134E+01
   -1.738320E+02   6.331249E+01
   -1.690297E+02   6.548511E+01
   -1.689760E+02   6.598378E+01
   -1.689764E+02   6.601591E+01
   -1.754450E+02   7.150950E+01
   -1.800000E+02   7.229160E+01
END
3
   2.222727E+01   5.433593E+01
   2.279620E+01   5.435926E+01
   2.274021E+01   5.444744E+01
   2.270930E+01   5.445891E+01
   2.270476E+01   5.450897E+01
   2.268861E+01   5.453217E+01
   2.271956E+01   5.456434E+01
   2.269213E+01   5.458511E+01
   2.275463E+01   5.463005E+01
   2.276275E+01   5.465463E+01
   2.274373E+01   5.466534E+01
   2.274301E+01   5.468216E+01
   2.273321E+01   5.468658E+01
   2.275458E+01   5.470470E+01
   2.274835E+01   5.472438E+01
   2.278026E+01   5.474346E+01
   2.280989E+01   5.474280E+01
   2.281955E+01   5.475959E+01
   2.284556E+01   5.476117E+01
   2.286419E+01   5.477399E+01
   2.286373E+01   5.478234E+01
   2.288351E+01   5.478865E+01
   2.288011E+01   5.480362E+01
   2.289215E+01   5.481546E+01
   2.286936E+01   5.484295E+01
   2.287459E+01   5.485530E+01
   2.284860E+01   5.486900E+01
   2.285917E+01   5.489211E+01
   2.282176E+01   5.491769E+01
   2.279607E+01   5.490969E+01
   2.278564E+01   5.492998E+01
   2.277229E+01   5.492998E+01
   2.276934E+01   5.494047E+01
   2.273776E+01   5.495228E+01
   2.272969E+01   5.496771E+01
   2.269528E+01   5.497819E+01
   2.268043E+01   5.499268E+01
   2.265624E+01   5.498680E+01
   2.265115E+01   5.497260E+01
   2.264782E+01   5.498750E+01
   2.260258E+01   5.502726E+01
   2.259123E+01   5.507575E+01
   2.247057E+01   5.505064E+01
   2.229012E+01   5.507100E+01
   2.216060E+01   5.506165E+01
   2.213061E+01   5.505093E+01
   2.211668E+01   5.503312E+01
   2.207676E+01   5.503107E+01
   2.204090E+01   5.504771E+01
   2.204595E+01   5.507927E+01
   2.203355E+01   5.509001E+01
   2.199622E+01   5.509254E+01
   2.196346E+01   5.508010E+01
   2.192037E+01   5.508658E+01
   2.185347E+01   5.510250E+01
   2.181586E+01   5.512522E+01
   2.172595E+01   5.513858E+01
   2.171247E+01   5.515668E+01
   2.165011E+01   5.518673E+01
   2.156952E+01   5.520409E+01
   2.150256E+01   5.519329E+01
   2.145261E+01   5.522705E+01
   2.143505E+01   5.525676E+01
   2.138577E+01   5.529945E+01
   2.127184E+01   5.525158E+01
   2.109934E+01   5.526235E+01
   2.095439E+01   5.528694E+01
   2.065365E+01   5.538990E+01
   2.039793E+01   5.518633E+01
   2.020131E+01   5.516615E+01
   1.992050E+01   5.516401E+01
   1.982198E+01   5.514569E+01
   1.972775E+01   5.510661E+01
   1.963488E+01   5.502533E+01
   1.958918E+01   5.495461E+01
   1.957351E+01   5.486918E+01
   1.958461E+01   5.477262E+01
   1.950858E+01   5.468355E+01
   1.940837E+01   5.461169E+01
   1.964733E+01   5.444727E+01
   2.033136E+01   5.439511E+01
   2.058391E+01   5.437189E+01
   2.063083E+01   5.436040E+01
   2.074068E+01   5.436326E+01
   2.126116E+01   5.432314E+01
   2.137827E+01   5.432501E+01
   2.144629E+01   5.431282E+01
   2.222727E+01   5.433593E+01
END
END
