none
1
   -1.205307E+01   1.469430E+01
   -1.228167E+01   1.474539E+01
   -1.241565E+01   1.482404E+01
   -1.247531E+01   1.487772E+01
   -1.270510E+01   1.506107E+01
   -1.326177E+01   1.560007E+01
   -1.345118E+01   1.600104E+01
   -1.377590E+01   1.604785E+01
   -1.391120E+01   1.612586E+01
   -1.441451E+01   1.658284E+01
   -1.560515E+01   1.644793E+01
   -1.622752E+01   1.646350E+01
   -1.638447E+01   1.602185E+01
   -1.676140E+01   1.606360E+01
   -1.715606E+01   2.092600E+01
   -1.695045E+01   2.136534E+01
   -1.303761E+01   2.137362E+01
   -1.323759E+01   2.291347E+01
   -1.258810E+01   2.331278E+01
   -1.202843E+01   2.348877E+01
   -1.201927E+01   2.601873E+01
   -8.704097E+00   2.602924E+01
   -8.688338E+00   2.733613E+01
   -6.745226E+00   2.618917E+01
   -4.816056E+00   2.499555E+01
   -6.541551E+00   2.497199E+01
   -5.307419E+00   1.633865E+01
   -5.490141E+00   1.549775E+01
   -9.188615E+00   1.549104E+01
   -9.395745E+00   1.542654E+01
   -1.006241E+01   1.533504E+01
   -1.067817E+01   1.540927E+01
   -1.089826E+01   1.508059E+01
   -1.127348E+01   1.540419E+01
   -1.144512E+01   1.561515E+01
   -1.167976E+01   1.548302E+01
   -1.177160E+01   1.522654E+01
   -1.178308E+01   1.486067E+01
   -1.205307E+01   1.469430E+01
END
END
