none
1
   4.011769E+01   -4.752853E+00
   4.069487E+01   -1.048442E+01
   3.856931E+01   -1.160979E+01
   3.688581E+01   -1.182113E+01
   3.466896E+01   -1.159952E+01
   3.433830E+01   -9.884733E+00
   3.315050E+01   -9.553278E+00
   3.089191E+01   -8.630701E+00
   2.944721E+01   -6.216513E+00
   2.924395E+01   -4.788438E+00
   2.934420E+01   -4.395415E+00
   2.993195E+01   -4.255992E+00
   3.033027E+01   -3.596697E+00
   3.080005E+01   -3.096929E+00
   3.035743E+01   -2.909802E+00
   3.044214E+01   -2.368121E+00
   3.077146E+01   -2.297956E+00
   3.076481E+01   -1.742982E+00
   3.043891E+01   -1.245253E+00
   3.039831E+01   -9.637833E-01
   3.407511E+01   -9.269122E-01
   3.770178E+01   -2.998255E+00
   3.784663E+01   -3.580758E+00
   3.927437E+01   -4.553849E+00
   4.011769E+01   -4.752853E+00
END
END
