none
1
   -1.259201E+02   3.186887E+01
   -1.330637E+02   4.945605E+01
   -1.267388E+02   4.927953E+01
   -1.257377E+02   4.888595E+01
   -1.249267E+02   4.852386E+01
   -1.246114E+02   4.850045E+01
   -1.238791E+02   4.830351E+01
   -1.235778E+02   4.825107E+01
   -1.232639E+02   4.829759E+01
   -1.231898E+02   4.844641E+01
   -1.232771E+02   4.869890E+01
   -1.230208E+02   4.877277E+01
   -1.230246E+02   4.882635E+01
   -1.233626E+02   4.901136E+01
   -1.040475E+02   4.900168E+01
   -1.040355E+02   4.499604E+01
   -1.040563E+02   4.499586E+01
   -1.040522E+02   4.100200E+01
   -1.020507E+02   4.100310E+01
   -1.020410E+02   3.699129E+01
   -1.029994E+02   3.699779E+01
   -1.030004E+02   3.649718E+01
   -1.030376E+02   3.649754E+01
   -1.030330E+02   3.434069E+01
   -1.030597E+02   3.199562E+01
   -1.066141E+02   3.199754E+01
   -1.066237E+02   3.198929E+01
   -1.066358E+02   3.198534E+01
   -1.066285E+02   3.197295E+01
   -1.066191E+02   3.197417E+01
   -1.066178E+02   3.196598E+01
   -1.066138E+02   3.195756E+01
   -1.066145E+02   3.194849E+01
   -1.066248E+02   3.192745E+01
   -1.066120E+02   3.192192E+01
   -1.066099E+02   3.191881E+01
   -1.066341E+02   3.190807E+01
   -1.066440E+02   3.189733E+01
   -1.066326E+02   3.189002E+01
   -1.066274E+02   3.188315E+01
   -1.066346E+02   3.187152E+01
   -1.066248E+02   3.185659E+01
   -1.066141E+02   3.184758E+01
   -1.066009E+02   3.184537E+01
   -1.066018E+02   3.182652E+01
   -1.065912E+02   3.182586E+01
   -1.065771E+02   3.181312E+01
   -1.065704E+02   3.181529E+01
   -1.065436E+02   3.180840E+01
   -1.065212E+02   3.178318E+01
   -1.082022E+02   3.177970E+01
   -1.082013E+02   3.133043E+01
   -1.110741E+02   3.132659E+01
   -1.148224E+02   3.249577E+01
   -1.147986E+02   3.256554E+01
   -1.148123E+02   3.261167E+01
   -1.148082E+02   3.262640E+01
   -1.147781E+02   3.263682E+01
   -1.147576E+02   3.266248E+01
   -1.147271E+02   3.271506E+01
   -1.259201E+02   3.186887E+01
END
END
