none
1
   3.087934E+01   5.555472E+01
   3.088151E+01   5.557085E+01
   3.075319E+01   5.554151E+01
   3.063959E+01   5.559844E+01
   3.057809E+01   5.569633E+01
   3.023792E+01   5.581532E+01
   3.012313E+01   5.578048E+01
   2.991470E+01   5.580383E+01
   2.981433E+01   5.573245E+01
   2.968037E+01   5.573690E+01
   2.949395E+01   5.565306E+01
   2.931199E+01   5.574329E+01
   2.934851E+01   5.592022E+01
   2.930575E+01   5.593635E+01
   2.906219E+01   5.597783E+01
   2.886271E+01   5.590500E+01
   2.872857E+01   5.591646E+01
   2.858389E+01   5.605450E+01
   2.830397E+01   5.600917E+01
   2.811991E+01   5.610930E+01
   2.810297E+01   5.618680E+01
   2.816811E+01   5.628574E+01
   2.811273E+01   5.637153E+01
   2.812917E+01   5.642350E+01
   2.786174E+01   5.671678E+01
   2.784829E+01   5.681343E+01
   2.764703E+01   5.678608E+01
   2.760984E+01   5.682296E+01
   2.768045E+01   5.696759E+01
   2.766903E+01   5.711764E+01
   2.777309E+01   5.718686E+01
   2.780667E+01   5.726726E+01
   2.748489E+01   5.738802E+01
   2.748984E+01   5.748141E+01
   2.733297E+01   5.747116E+01
   2.726678E+01   5.758119E+01
   2.751724E+01   5.787234E+01
   2.763487E+01   5.789748E+01
   2.755825E+01   5.807796E+01
   2.744354E+01   5.820541E+01
   2.748362E+01   5.838673E+01
   2.730915E+01   5.880412E+01
   2.768803E+01   5.901193E+01
   2.788014E+01   5.928753E+01
   2.812685E+01   5.936757E+01
   2.782954E+01   5.953154E+01
   2.691914E+01   5.957938E+01
   2.639009E+01   5.992985E+01
   2.686507E+01   6.016682E+01
   2.748620E+01   6.030133E+01
   2.764260E+01   6.040344E+01
   2.764466E+01   6.046285E+01
   2.785071E+01   6.065141E+01
   2.849232E+01   6.099797E+01
   2.863369E+01   6.100659E+01
   2.879581E+01   6.116649E+01
   2.920748E+01   6.131401E+01
   2.947180E+01   6.153579E+01
   2.969859E+01   6.161222E+01
   3.061954E+01   6.224558E+01
   3.111931E+01   6.248988E+01
   3.149568E+01   6.290009E+01
   3.124230E+01   6.306728E+01
   3.118489E+01   6.318117E+01
   3.077099E+01   6.335498E+01
   3.046048E+01   6.342266E+01
   2.993021E+01   6.372835E+01
   2.997020E+01   6.381066E+01
   3.022901E+01   6.387150E+01
   3.049199E+01   6.410354E+01
   3.042164E+01   6.421392E+01
   3.000522E+01   6.437030E+01
   2.993739E+01   6.452972E+01
   2.994633E+01   6.460670E+01
   3.002651E+01   6.466196E+01
   2.999222E+01   6.474085E+01
   2.970682E+01   6.474890E+01
   2.956488E+01   6.490444E+01
   2.954934E+01   6.500337E+01
   2.959119E+01   6.509738E+01
   2.978282E+01   6.517332E+01
   2.961512E+01   6.518409E+01
   2.955285E+01   6.524834E+01
   2.956924E+01   6.530861E+01
   2.967485E+01   6.536906E+01
   2.968779E+01   6.549607E+01
   2.973666E+01   6.555009E+01
   2.967942E+01   6.566431E+01
   3.006695E+01   6.574475E+01
   2.989118E+01   6.607974E+01
   2.966187E+01   6.623217E+01
   2.943544E+01   6.650602E+01
   2.907125E+01   6.675276E+01
   2.898188E+01   6.693578E+01
   2.904771E+01   6.704106E+01
   2.988819E+01   6.756283E+01
   2.992133E+01   6.763731E+01
   2.962745E+01   6.776365E+01
   2.929281E+01   6.802793E+01
   2.861946E+01   6.815368E+01
   2.838412E+01   6.854940E+01
   2.868857E+01   6.881650E+01
   2.845581E+01   6.883664E+01
   2.836758E+01   6.892939E+01
   2.890818E+01   6.909988E+01
   2.904647E+01   6.907043E+01
   2.918916E+01   6.914856E+01
   2.928577E+01   6.934884E+01
   2.956539E+01   6.937147E+01
   2.984288E+01   6.947344E+01
   3.001001E+01   6.947197E+01
   3.011237E+01   6.957275E+01
   3.004604E+01   6.962395E+01
   3.007925E+01   6.970996E+01
   3.024028E+01   6.970254E+01
   3.054062E+01   6.959318E+01
   3.088567E+01   6.960134E+01
   3.077568E+01   6.982379E+01
   3.127848E+01   7.011174E+01
   3.621036E+01   8.137130E+01
   6.708447E+01   8.254561E+01
   7.262481E+01   7.685117E+01
   6.116328E+01   7.087062E+01
   6.499061E+01   6.960562E+01
   6.517922E+01   6.935144E+01
   6.511983E+01   6.921218E+01
   6.504791E+01   6.915042E+01
   6.488209E+01   6.912327E+01
   6.464124E+01   6.900006E+01
   6.467497E+01   6.896257E+01
   6.467087E+01   6.891578E+01
   6.470986E+01   6.891007E+01
   6.478904E+01   6.894255E+01
   6.493608E+01   6.892201E+01
   6.510275E+01   6.885948E+01
   6.534607E+01   6.886126E+01
   6.542969E+01   6.883066E+01
   6.544749E+01   6.878689E+01
   6.551333E+01   6.872724E+01
   6.551332E+01   6.868287E+01
   6.560424E+01   6.863614E+01
   6.568003E+01   6.862292E+01
   6.571930E+01   6.856394E+01
   6.570912E+01   6.852600E+01
   6.564069E+01   6.845195E+01
   6.556029E+01   6.842477E+01
   6.535395E+01   6.822095E+01
   6.535941E+01   6.815989E+01
   6.539923E+01   6.812156E+01
   6.538027E+01   6.802161E+01
   6.540252E+01   6.799016E+01
   6.543520E+01   6.796428E+01
   6.555147E+01   6.798277E+01
   6.575355E+01   6.797190E+01
   6.590375E+01   6.801084E+01
   6.610187E+01   6.798216E+01
   6.615668E+01   6.795851E+01
   6.618178E+01   6.791166E+01
   6.613014E+01   6.783429E+01
   6.625460E+01   6.779370E+01
   6.629927E+01   6.773036E+01
   6.625266E+01   6.764837E+01
   6.616404E+01   6.760145E+01
   6.609801E+01   6.760135E+01
   6.614082E+01   6.749245E+01
   6.610879E+01   6.743381E+01
   6.602059E+01   6.736105E+01
   6.579884E+01   6.733948E+01
   6.578107E+01   6.729976E+01
   6.568015E+01   6.724939E+01
   6.562439E+01   6.724951E+01
   6.544943E+01   6.716431E+01
   6.537723E+01   6.716631E+01
   6.528534E+01   6.712239E+01
   6.527200E+01   6.705107E+01
   6.516333E+01   6.700996E+01
   6.519401E+01   6.693102E+01
   6.516492E+01   6.686608E+01
   6.489595E+01   6.678847E+01
   6.460202E+01   6.674736E+01
   6.458739E+01   6.670094E+01
   6.454926E+01   6.666885E+01
   6.439723E+01   6.666861E+01
   6.433961E+01   6.662043E+01
   6.426439E+01   6.659648E+01
   6.400536E+01   6.658483E+01
   6.382804E+01   6.648909E+01
   6.364339E+01   6.646497E+01
   6.352198E+01   6.641120E+01
   6.340867E+01   6.639632E+01
   6.336217E+01   6.637040E+01
   6.332228E+01   6.630161E+01
   6.336000E+01   6.625242E+01
   6.331230E+01   6.618436E+01
   6.324345E+01   6.617472E+01
   6.314281E+01   6.620282E+01
   6.303759E+01   6.613504E+01
   6.298519E+01   6.606191E+01
   6.291380E+01   6.602622E+01
   6.295093E+01   6.595255E+01
   6.288285E+01   6.590602E+01
   6.288477E+01   6.585779E+01
   6.284709E+01   6.582390E+01
   6.251356E+01   6.579269E+01
   6.191531E+01   6.563826E+01
   6.174930E+01   6.553626E+01
   6.163632E+01   6.550896E+01
   6.139233E+01   6.531898E+01
   6.141309E+01   6.524347E+01
   6.132451E+01   6.514274E+01
   6.126123E+01   6.511968E+01
   6.114328E+01   6.511991E+01
   6.111447E+01   6.505078E+01
   6.102815E+01   6.501954E+01
   6.096668E+01   6.496831E+01
   6.083523E+01   6.497507E+01
   6.075742E+01   6.488492E+01
   6.061744E+01   6.486959E+01
   6.042146E+01   6.495739E+01
   6.037898E+01   6.501468E+01
   6.022746E+01   6.502806E+01
   6.010764E+01   6.498878E+01
   6.007418E+01   6.492958E+01
   6.002320E+01   6.489670E+01
   5.993768E+01   6.488729E+01
   5.988583E+01   6.485041E+01
   5.981011E+01   6.485076E+01
   5.975648E+01   6.478922E+01
   5.970051E+01   6.476048E+01
   5.969568E+01   6.474849E+01
   5.977412E+01   6.472016E+01
   5.979864E+01   6.465910E+01
   5.978015E+01   6.462252E+01
   5.966697E+01   6.460071E+01
   5.961018E+01   6.454475E+01
   5.969904E+01   6.444400E+01
   5.969673E+01   6.435277E+01
   5.963258E+01   6.427032E+01
   5.971762E+01   6.419346E+01
   5.985534E+01   6.417498E+01
   5.988520E+01   6.408124E+01
   5.978524E+01   6.394700E+01
   5.962745E+01   6.387527E+01
   5.952028E+01   6.354238E+01
   5.941783E+01   6.339491E+01
   5.941321E+01   6.334101E+01
   5.938803E+01   6.331632E+01
   5.941384E+01   6.324851E+01
   5.935575E+01   6.316352E+01
   5.936876E+01   6.310885E+01
   5.927648E+01   6.303569E+01
   5.948716E+01   6.294721E+01
   5.951287E+01   6.288302E+01
   5.945450E+01   6.273157E+01
   5.946048E+01   6.270627E+01
   5.952128E+01   6.261107E+01
   5.964733E+01   6.259502E+01
   5.968370E+01   6.255020E+01
   5.965481E+01   6.234134E+01
   5.956124E+01   6.227710E+01
   5.945659E+01   6.212979E+01
   5.953712E+01   6.194363E+01
   5.951406E+01   6.190561E+01
   5.938605E+01   6.182398E+01
   5.946720E+01   6.175577E+01
   5.938163E+01   6.162563E+01
   5.925457E+01   6.157985E+01
   5.917051E+01   6.157942E+01
   5.906948E+01   6.149379E+01
   5.888723E+01   6.147460E+01
   5.883871E+01   6.144507E+01
   5.712694E+01   6.145172E+01
   5.706994E+01   6.142616E+01
   5.668203E+01   6.146661E+01
   5.662871E+01   6.143785E+01
   5.658113E+01   6.137224E+01
   5.640434E+01   6.137651E+01
   5.636847E+01   6.126415E+01
   5.628719E+01   6.114451E+01
   5.586538E+01   6.119025E+01
   5.574446E+01   6.104831E+01
   5.531722E+01   6.109027E+01
   5.523153E+01   6.095390E+01
   5.508715E+01   6.095061E+01
   5.498441E+01   6.081233E+01
   5.393591E+01   6.092576E+01
   5.383301E+01   6.078741E+01
   5.365725E+01   6.079757E+01
   5.333051E+01   6.084038E+01
   5.333825E+01   6.098993E+01
   5.292952E+01   6.103375E+01
   5.282182E+01   6.089133E+01
   5.247131E+01   6.091897E+01
   5.237440E+01   6.078198E+01
   5.193900E+01   6.082216E+01
   5.185333E+01   6.063497E+01
   5.215425E+01   6.059143E+01
   5.219865E+01   6.054970E+01
   5.220687E+01   6.050791E+01
   5.238328E+01   6.047725E+01
   5.239074E+01   6.039521E+01
   5.242089E+01   6.035607E+01
   5.235113E+01   6.019197E+01
   5.207690E+01   6.025334E+01
   5.200592E+01   6.023640E+01
   5.189329E+01   6.015329E+01
   5.178797E+01   6.004062E+01
   5.158726E+01   5.990639E+01
   5.147948E+01   5.986877E+01
   5.139629E+01   5.989267E+01
   5.134249E+01   5.995368E+01
   5.117737E+01   5.999441E+01
   5.110507E+01   5.998844E+01
   5.105943E+01   5.997729E+01
   5.085064E+01   5.981803E+01
   5.040384E+01   5.978672E+01
   5.032536E+01   5.976158E+01
   5.026963E+01   5.970027E+01
   5.010788E+01   5.970219E+01
   5.013073E+01   5.967564E+01
   5.010220E+01   5.963256E+01
   4.989405E+01   5.959356E+01
   4.987351E+01   5.953495E+01
   4.991816E+01   5.949364E+01
   4.989794E+01   5.940043E+01
   4.991439E+01   5.933976E+01
   4.985295E+01   5.917706E+01
   4.972768E+01   5.915010E+01
   4.948970E+01   5.918262E+01
   4.945924E+01   5.924797E+01
   4.948466E+01   5.929568E+01
   4.948074E+01   5.934628E+01
   4.932913E+01   5.936379E+01
   4.929236E+01   5.941642E+01
   4.915308E+01   5.945173E+01
   4.910836E+01   5.943396E+01
   4.901480E+01   5.944064E+01
   4.900972E+01   5.961636E+01
   4.848299E+01   5.967909E+01
   4.842424E+01   6.011924E+01
   4.844253E+01   6.020275E+01
   4.867825E+01   6.034017E+01
   4.849174E+01   6.037068E+01
   4.848895E+01   6.042480E+01
   4.845277E+01   6.045035E+01
   4.844952E+01   6.051841E+01
   4.848808E+01   6.058329E+01
   4.838645E+01   6.078339E+01
   4.794650E+01   6.083517E+01
   4.791734E+01   6.087912E+01
   4.790745E+01   6.094964E+01
   4.788219E+01   6.096176E+01
   4.765043E+01   6.098455E+01
   4.760025E+01   6.100814E+01
   4.748889E+01   6.098685E+01
   4.724834E+01   6.100862E+01
   4.723242E+01   6.096961E+01
   4.716293E+01   6.092673E+01
   4.705370E+01   6.067933E+01
   4.708125E+01   6.052275E+01
   4.694326E+01   6.048062E+01
   4.686299E+01   6.028315E+01
   4.680499E+01   6.020613E+01
   4.673231E+01   6.018672E+01
   4.662390E+01   6.021236E+01
   4.647866E+01   6.019359E+01
   4.641788E+01   6.021098E+01
   4.639625E+01   6.019221E+01
   4.641893E+01   6.015928E+01
   4.677940E+01   6.010738E+01
   4.691193E+01   6.017005E+01
   4.707034E+01   6.015982E+01
   4.705423E+01   6.001408E+01
   4.699996E+01   5.983874E+01
   4.719280E+01   5.978027E+01
   4.718812E+01   5.966107E+01
   4.715587E+01   5.956935E+01
   4.684307E+01   5.957161E+01
   4.680621E+01   5.954687E+01
   4.670330E+01   5.954231E+01
   4.645704E+01   5.956134E+01
   4.644002E+01   5.953011E+01
   4.645336E+01   5.947952E+01
   4.640540E+01   5.931028E+01
   4.622075E+01   5.930276E+01
   4.618048E+01   5.926790E+01
   4.606937E+01   5.926786E+01
   4.599610E+01   5.912585E+01
   4.563549E+01   5.914410E+01
   4.559560E+01   5.912848E+01
   4.553630E+01   5.915313E+01
   4.538206E+01   5.916322E+01
   4.532654E+01   5.913416E+01
   4.509532E+01   5.914229E+01
   4.503129E+01   5.907225E+01
   4.442283E+01   5.910780E+01
   4.435469E+01   5.908366E+01
   4.425614E+01   5.912061E+01
   4.416819E+01   5.912658E+01
   4.414920E+01   5.918348E+01
   4.395455E+01   5.915823E+01
   4.376108E+01   5.921284E+01
   4.371348E+01   5.920816E+01
   4.362337E+01   5.914307E+01
   4.352562E+01   5.913088E+01
   4.347644E+01   5.917155E+01
   4.347742E+01   5.922215E+01
   4.345605E+01   5.924132E+01
   4.342593E+01   5.923884E+01
   4.342911E+01   5.920770E+01
   4.338115E+01   5.915413E+01
   4.331906E+01   5.915178E+01
   4.326898E+01   5.918573E+01
   4.316437E+01   5.920606E+01
   4.286248E+01   5.911242E+01
   4.277939E+01   5.912548E+01
   4.272277E+01   5.917218E+01
   4.266891E+01   5.918105E+01
   4.261198E+01   5.924241E+01
   4.260571E+01   5.927944E+01
   4.238773E+01   5.925784E+01
   4.233345E+01   5.921275E+01
   4.226578E+01   5.921504E+01
   4.216473E+01   5.929806E+01
   4.214780E+01   5.935774E+01
   4.206597E+01   5.937862E+01
   4.203360E+01   5.935893E+01
   4.202299E+01   5.930217E+01
   4.214344E+01   5.926322E+01
   4.213545E+01   5.913849E+01
   4.209239E+01   5.908882E+01
   4.191534E+01   5.902556E+01
   4.175426E+01   5.905958E+01
   4.135907E+01   5.890393E+01
   4.128770E+01   5.893952E+01
   4.131957E+01   5.888880E+01
   4.129774E+01   5.880963E+01
   4.125987E+01   5.878907E+01
   4.127639E+01   5.875564E+01
   4.125939E+01   5.868354E+01
   4.117797E+01   5.860931E+01
   4.111323E+01   5.860030E+01
   4.107220E+01   5.856276E+01
   4.097260E+01   5.853006E+01
   4.067786E+01   5.854259E+01
   4.047207E+01   5.848970E+01
   4.019742E+01   5.850054E+01
   4.005550E+01   5.856061E+01
   3.997041E+01   5.869015E+01
   3.985139E+01   5.870764E+01
   3.976978E+01   5.878158E+01
   3.970137E+01   5.877529E+01
   3.960598E+01   5.884094E+01
   3.956458E+01   5.882602E+01
   3.942266E+01   5.884526E+01
   3.937332E+01   5.883463E+01
   3.930523E+01   5.887250E+01
   3.923654E+01   5.884620E+01
   3.913153E+01   5.889285E+01
   3.906908E+01   5.887935E+01
   3.908011E+01   5.883755E+01
   3.897386E+01   5.876113E+01
   3.894283E+01   5.868848E+01
   3.873736E+01   5.869709E+01
   3.868598E+01   5.867877E+01
   3.859688E+01   5.871307E+01
   3.848738E+01   5.865076E+01
   3.839685E+01   5.867691E+01
   3.807323E+01   5.867834E+01
   3.790325E+01   5.856249E+01
   3.776783E+01   5.857384E+01
   3.772751E+01   5.848744E+01
   3.762673E+01   5.843447E+01
   3.739396E+01   5.853863E+01
   3.733143E+01   5.860005E+01
   3.725342E+01   5.861014E+01
   3.723087E+01   5.866259E+01
   3.715845E+01   5.872612E+01
   3.713899E+01   5.878142E+01
   3.707382E+01   5.880964E+01
   3.703241E+01   5.878699E+01
   3.686572E+01   5.878298E+01
   3.687595E+01   5.875636E+01
   3.684085E+01   5.868721E+01
   3.668903E+01   5.864556E+01
   3.666344E+01   5.858339E+01
   3.659271E+01   5.855229E+01
   3.655735E+01   5.849297E+01
   3.651397E+01   5.846741E+01
   3.640713E+01   5.846355E+01
   3.635040E+01   5.842814E+01
   3.626439E+01   5.846789E+01
   3.611251E+01   5.845059E+01
   3.592033E+01   5.837223E+01
   3.582943E+01   5.836789E+01
   3.558720E+01   5.840484E+01
   3.546704E+01   5.835984E+01
   3.533880E+01   5.835983E+01
   3.528606E+01   5.823513E+01
   3.513102E+01   5.816560E+01
   3.504274E+01   5.814643E+01
   3.493193E+01   5.817795E+01
   3.478662E+01   5.818814E+01
   3.475958E+01   5.806132E+01
   3.467930E+01   5.802524E+01
   3.449467E+01   5.806766E+01
   3.444372E+01   5.810086E+01
   3.416462E+01   5.815544E+01
   3.400273E+01   5.814301E+01
   3.381789E+01   5.808983E+01
   3.372467E+01   5.811279E+01
   3.366131E+01   5.806746E+01
   3.370972E+01   5.804665E+01
   3.374079E+01   5.799141E+01
   3.372304E+01   5.787309E+01
   3.361232E+01   5.781148E+01
   3.363597E+01   5.770439E+01
   3.349257E+01   5.763280E+01
   3.342804E+01   5.764377E+01
   3.337953E+01   5.761721E+01
   3.334260E+01   5.753430E+01
   3.329145E+01   5.750211E+01
   3.331518E+01   5.746404E+01
   3.331120E+01   5.741197E+01
   3.327494E+01   5.737286E+01
   3.321206E+01   5.736275E+01
   3.311435E+01   5.741381E+01
   3.305594E+01   5.738131E+01
   3.280649E+01   5.740770E+01
   3.275234E+01   5.738954E+01
   3.264787E+01   5.728862E+01
   3.243783E+01   5.722055E+01
   3.238926E+01   5.717713E+01
   3.229729E+01   5.718599E+01
   3.224550E+01   5.714471E+01
   3.212047E+01   5.713378E+01
   3.193915E+01   5.703464E+01
   3.184676E+01   5.706075E+01
   3.176546E+01   5.704971E+01
   3.173652E+01   5.703214E+01
   3.174955E+01   5.699875E+01
   3.171547E+01   5.694618E+01
   3.160631E+01   5.693601E+01
   3.140237E+01   5.686114E+01
   3.127245E+01   5.690033E+01
   3.108977E+01   5.688369E+01
   3.102503E+01   5.691310E+01
   3.099572E+01   5.685468E+01
   3.088532E+01   5.675980E+01
   3.088107E+01   5.671812E+01
   3.092318E+01   5.669685E+01
   3.104280E+01   5.670504E+01
   3.109501E+01   5.668798E+01
   3.111262E+01   5.661754E+01
   3.107156E+01   5.651944E+01
   3.123942E+01   5.646817E+01
   3.127395E+01   5.642882E+01
   3.128334E+01   5.637913E+01
   3.151272E+01   5.635695E+01
   3.155899E+01   5.632650E+01
   3.155681E+01   5.626193E+01
   3.152461E+01   5.622877E+01
   3.154732E+01   5.619421E+01
   3.155277E+01   5.614011E+01
   3.153199E+01   5.610959E+01
   3.155551E+01   5.603899E+01
   3.152065E+01   5.598530E+01
   3.144452E+01   5.593814E+01
   3.146278E+01   5.582368E+01
   3.152851E+01   5.573649E+01
   3.152322E+01   5.567271E+01
   3.144511E+01   5.565449E+01
   3.137918E+01   5.568253E+01
   3.125809E+01   5.569076E+01
   3.121152E+01   5.567223E+01
   3.110906E+01   5.570602E+01
   3.109115E+01   5.566088E+01
   3.099678E+01   5.563061E+01
   3.094310E+01   5.557571E+01
   3.087934E+01   5.555472E+01
END
END
2
   2.222727E+01   5.433593E+01
   2.144629E+01   5.431282E+01
   2.137827E+01   5.432501E+01
   2.126116E+01   5.432314E+01
   2.074068E+01   5.436326E+01
   2.063083E+01   5.436040E+01
   2.058391E+01   5.437189E+01
   2.033136E+01   5.439511E+01
   1.964733E+01   5.444727E+01
   1.940837E+01   5.461169E+01
   1.950858E+01   5.468355E+01
   1.958461E+01   5.477262E+01
   1.957351E+01   5.486918E+01
   1.958918E+01   5.495461E+01
   1.963488E+01   5.502533E+01
   1.972775E+01   5.510661E+01
   1.982198E+01   5.514569E+01
   1.992050E+01   5.516401E+01
   2.020131E+01   5.516615E+01
   2.039793E+01   5.518633E+01
   2.065365E+01   5.538990E+01
   2.095439E+01   5.528694E+01
   2.109934E+01   5.526235E+01
   2.127184E+01   5.525158E+01
   2.138577E+01   5.529945E+01
   2.143505E+01   5.525676E+01
   2.145261E+01   5.522705E+01
   2.150256E+01   5.519329E+01
   2.156952E+01   5.520409E+01
   2.165011E+01   5.518673E+01
   2.171247E+01   5.515668E+01
   2.172595E+01   5.513858E+01
   2.181586E+01   5.512522E+01
   2.185347E+01   5.510250E+01
   2.192037E+01   5.508658E+01
   2.196346E+01   5.508010E+01
   2.199622E+01   5.509254E+01
   2.203355E+01   5.509001E+01
   2.204595E+01   5.507927E+01
   2.204090E+01   5.504771E+01
   2.207676E+01   5.503107E+01
   2.211668E+01   5.503312E+01
   2.213061E+01   5.505093E+01
   2.216060E+01   5.506165E+01
   2.229012E+01   5.507100E+01
   2.247057E+01   5.505064E+01
   2.259123E+01   5.507575E+01
   2.260258E+01   5.502726E+01
   2.264782E+01   5.498750E+01
   2.265115E+01   5.497260E+01
   2.265624E+01   5.498680E+01
   2.268043E+01   5.499268E+01
   2.269528E+01   5.497819E+01
   2.272969E+01   5.496771E+01
   2.273776E+01   5.495228E+01
   2.276934E+01   5.494047E+01
   2.277229E+01   5.492998E+01
   2.278564E+01   5.492998E+01
   2.279607E+01   5.490969E+01
   2.282176E+01   5.491769E+01
   2.285917E+01   5.489211E+01
   2.284860E+01   5.486900E+01
   2.287459E+01   5.485530E+01
   2.286936E+01   5.484295E+01
   2.289215E+01   5.481546E+01
   2.288011E+01   5.480362E+01
   2.288351E+01   5.478865E+01
   2.286373E+01   5.478234E+01
   2.286419E+01   5.477399E+01
   2.284556E+01   5.476117E+01
   2.281955E+01   5.475959E+01
   2.280989E+01   5.474280E+01
   2.278026E+01   5.474346E+01
   2.274835E+01   5.472438E+01
   2.275458E+01   5.470470E+01
   2.273321E+01   5.468658E+01
   2.274301E+01   5.468216E+01
   2.274373E+01   5.466534E+01
   2.276275E+01   5.465463E+01
   2.275463E+01   5.463005E+01
   2.269213E+01   5.458511E+01
   2.271956E+01   5.456434E+01
   2.268861E+01   5.453217E+01
   2.270476E+01   5.450897E+01
   2.270930E+01   5.445891E+01
   2.274021E+01   5.444744E+01
   2.279620E+01   5.435926E+01
   2.222727E+01   5.433593E+01
END
END
