none
1
   -1.651374E+01   1.234197E+01
   -1.669278E+01   1.233761E+01
   -1.682214E+01   1.215700E+01
   -1.715206E+01   1.201511E+01
   -1.916189E+01   1.353543E+01
   -1.985623E+01   1.618127E+01
   -1.674855E+01   1.608748E+01
   -1.653010E+01   1.606772E+01
   -1.650719E+01   1.610416E+01
   -1.648715E+01   1.607829E+01
   -1.647814E+01   1.618436E+01
   -1.645240E+01   1.620997E+01
   -1.639255E+01   1.623140E+01
   -1.633202E+01   1.645770E+01
   -1.629147E+01   1.652556E+01
   -1.620293E+01   1.652257E+01
   -1.615585E+01   1.655923E+01
   -1.612455E+01   1.656277E+01
   -1.604991E+01   1.649085E+01
   -1.600744E+01   1.650304E+01
   -1.596428E+01   1.649654E+01
   -1.588670E+01   1.652489E+01
   -1.585222E+01   1.650351E+01
   -1.581037E+01   1.651646E+01
   -1.567572E+01   1.648768E+01
   -1.563538E+01   1.649890E+01
   -1.563956E+01   1.651842E+01
   -1.562357E+01   1.653417E+01
   -1.555596E+01   1.651955E+01
   -1.551864E+01   1.652977E+01
   -1.551207E+01   1.657206E+01
   -1.545852E+01   1.659297E+01
   -1.543471E+01   1.658688E+01
   -1.540711E+01   1.655368E+01
   -1.530282E+01   1.658346E+01
   -1.523119E+01   1.656129E+01
   -1.517096E+01   1.659843E+01
   -1.511947E+01   1.658689E+01
   -1.508776E+01   1.662022E+01
   -1.512798E+01   1.663441E+01
   -1.510548E+01   1.668359E+01
   -1.507770E+01   1.668357E+01
   -1.503623E+01   1.663952E+01
   -1.500934E+01   1.665058E+01
   -1.500677E+01   1.668320E+01
   -1.498971E+01   1.670088E+01
   -1.494449E+01   1.668244E+01
   -1.493658E+01   1.664060E+01
   -1.491421E+01   1.665820E+01
   -1.490088E+01   1.664039E+01
   -1.488026E+01   1.666970E+01
   -1.485530E+01   1.664638E+01
   -1.481577E+01   1.666344E+01
   -1.479029E+01   1.664301E+01
   -1.476430E+01   1.666505E+01
   -1.474217E+01   1.664042E+01
   -1.472869E+01   1.665604E+01
   -1.464575E+01   1.665946E+01
   -1.463001E+01   1.663773E+01
   -1.458512E+01   1.662983E+01
   -1.456106E+01   1.663025E+01
   -1.454735E+01   1.665340E+01
   -1.450263E+01   1.663155E+01
   -1.445173E+01   1.663284E+01
   -1.442103E+01   1.666228E+01
   -1.440282E+01   1.664208E+01
   -1.433056E+01   1.665000E+01
   -1.431718E+01   1.663070E+01
   -1.432434E+01   1.657632E+01
   -1.427448E+01   1.659319E+01
   -1.425709E+01   1.657578E+01
   -1.426447E+01   1.654797E+01
   -1.421978E+01   1.655631E+01
   -1.402452E+01   1.636659E+01
   -1.399399E+01   1.636288E+01
   -1.395711E+01   1.633318E+01
   -1.395226E+01   1.631703E+01
   -1.397487E+01   1.629658E+01
   -1.395496E+01   1.627551E+01
   -1.396355E+01   1.624180E+01
   -1.393721E+01   1.624238E+01
   -1.386851E+01   1.620566E+01
   -1.384243E+01   1.612314E+01
   -1.380188E+01   1.615208E+01
   -1.375427E+01   1.615781E+01
   -1.371206E+01   1.619110E+01
   -1.369314E+01   1.617002E+01
   -1.370857E+01   1.613824E+01
   -1.367982E+01   1.610489E+01
   -1.357314E+01   1.614256E+01
   -1.352221E+01   1.613489E+01
   -1.348763E+01   1.615594E+01
   -1.346738E+01   1.613087E+01
   -1.350314E+01   1.610525E+01
   -1.349406E+01   1.608805E+01
   -1.345836E+01   1.611785E+01
   -1.344110E+01   1.609271E+01
   -1.337086E+01   1.606257E+01
   -1.335528E+01   1.597145E+01
   -1.330574E+01   1.592961E+01
   -1.331829E+01   1.589694E+01
   -1.329031E+01   1.586942E+01
   -1.328863E+01   1.582507E+01
   -1.325779E+01   1.579501E+01
   -1.326058E+01   1.577614E+01
   -1.328149E+01   1.577116E+01
   -1.319854E+01   1.569656E+01
   -1.321185E+01   1.566901E+01
   -1.324301E+01   1.566625E+01
   -1.322230E+01   1.562147E+01
   -1.318523E+01   1.563541E+01
   -1.308093E+01   1.558790E+01
   -1.309352E+01   1.550344E+01
   -1.305267E+01   1.548648E+01
   -1.295946E+01   1.550760E+01
   -1.295234E+01   1.545106E+01
   -1.293034E+01   1.545477E+01
   -1.291764E+01   1.544137E+01
   -1.293834E+01   1.541137E+01
   -1.293770E+01   1.536474E+01
   -1.292117E+01   1.534690E+01
   -1.284578E+01   1.532376E+01
   -1.282522E+01   1.528698E+01
   -1.284935E+01   1.524733E+01
   -1.288938E+01   1.525803E+01
   -1.284473E+01   1.520814E+01
   -1.281800E+01   1.522441E+01
   -1.279409E+01   1.521994E+01
   -1.277948E+01   1.519940E+01
   -1.278121E+01   1.515596E+01
   -1.271552E+01   1.511275E+01
   -1.269411E+01   1.510361E+01
   -1.266366E+01   1.511782E+01
   -1.260113E+01   1.508986E+01
   -1.254553E+01   1.503898E+01
   -1.248783E+01   1.502307E+01
   -1.244928E+01   1.497452E+01
   -1.244306E+01   1.489723E+01
   -1.236722E+01   1.483920E+01
   -1.232409E+01   1.483535E+01
   -1.227516E+01   1.478224E+01
   -1.223635E+01   1.477203E+01
   -1.222739E+01   1.474664E+01
   -1.220145E+01   1.473431E+01
   -1.220304E+01   1.470620E+01
   -1.215158E+01   1.469431E+01
   -1.215824E+01   1.466876E+01
   -1.214058E+01   1.465627E+01
   -1.213948E+01   1.463001E+01
   -1.216305E+01   1.460742E+01
   -1.217856E+01   1.454860E+01
   -1.220658E+01   1.454437E+01
   -1.221123E+01   1.449593E+01
   -1.219035E+01   1.448355E+01
   -1.219582E+01   1.446057E+01
   -1.217937E+01   1.444235E+01
   -1.219104E+01   1.440692E+01
   -1.209183E+01   1.437401E+01
   -1.208057E+01   1.435437E+01
   -1.208915E+01   1.430894E+01
   -1.202942E+01   1.429087E+01
   -1.201262E+01   1.427093E+01
   -1.196944E+01   1.416111E+01
   -1.197612E+01   1.408264E+01
   -1.200455E+01   1.401723E+01
   -1.199952E+01   1.397171E+01
   -1.193223E+01   1.390484E+01
   -1.195055E+01   1.378770E+01
   -1.205528E+01   1.371055E+01
   -1.203078E+01   1.366589E+01
   -1.202905E+01   1.362780E+01
   -1.196190E+01   1.354156E+01
   -1.186365E+01   1.347310E+01
   -1.185655E+01   1.343731E+01
   -1.187916E+01   1.339170E+01
   -1.183605E+01   1.335429E+01
   -1.182009E+01   1.331817E+01
   -1.177496E+01   1.334713E+01
   -1.175495E+01   1.341418E+01
   -1.173675E+01   1.342555E+01
   -1.170212E+01   1.342345E+01
   -1.168389E+01   1.340015E+01
   -1.162442E+01   1.340422E+01
   -1.161976E+01   1.337215E+01
   -1.158893E+01   1.337406E+01
   -1.157775E+01   1.331551E+01
   -1.153773E+01   1.329507E+01
   -1.151234E+01   1.325982E+01
   -1.153159E+01   1.321131E+01
   -1.149022E+01   1.319613E+01
   -1.150712E+01   1.315581E+01
   -1.146853E+01   1.310673E+01
   -1.142074E+01   1.309254E+01
   -1.142347E+01   1.306110E+01
   -1.138628E+01   1.300225E+01
   -1.135176E+01   1.299081E+01
   -1.133595E+01   1.294250E+01
   -1.134469E+01   1.292540E+01
   -1.138099E+01   1.291694E+01
   -1.139372E+01   1.288007E+01
   -1.138363E+01   1.286213E+01
   -1.139214E+01   1.283842E+01
   -1.137199E+01   1.283039E+01
   -1.137754E+01   1.277095E+01
   -1.135754E+01   1.273285E+01
   -1.136847E+01   1.271925E+01
   -1.141449E+01   1.271947E+01
   -1.141471E+01   1.269484E+01
   -1.143711E+01   1.267158E+01
   -1.141608E+01   1.266986E+01
   -1.139720E+01   1.263519E+01
   -1.141085E+01   1.260958E+01
   -1.139462E+01   1.258535E+01
   -1.142305E+01   1.255566E+01
   -1.141786E+01   1.254488E+01
   -1.138117E+01   1.254519E+01
   -1.134540E+01   1.249694E+01
   -1.134196E+01   1.246194E+01
   -1.136055E+01   1.244751E+01
   -1.135617E+01   1.241893E+01
   -1.137295E+01   1.240169E+01
   -1.146159E+01   1.243152E+01
   -1.153077E+01   1.243283E+01
   -1.166117E+01   1.241367E+01
   -1.170892E+01   1.238410E+01
   -1.176221E+01   1.237788E+01
   -1.185300E+01   1.238805E+01
   -1.190495E+01   1.242077E+01
   -1.199859E+01   1.238686E+01
   -1.202836E+01   1.239015E+01
   -1.205297E+01   1.241243E+01
   -1.209387E+01   1.241153E+01
   -1.215553E+01   1.235874E+01
   -1.223216E+01   1.234530E+01
   -1.235319E+01   1.229728E+01
   -1.240985E+01   1.236053E+01
   -1.245365E+01   1.238237E+01
   -1.250296E+01   1.238741E+01
   -1.256529E+01   1.235858E+01
   -1.263652E+01   1.242153E+01
   -1.275849E+01   1.242554E+01
   -1.277878E+01   1.246215E+01
   -1.284033E+01   1.247900E+01
   -1.285179E+01   1.250707E+01
   -1.288992E+01   1.253012E+01
   -1.292318E+01   1.252386E+01
   -1.293078E+01   1.248265E+01
   -1.296492E+01   1.245239E+01
   -1.306434E+01   1.246853E+01
   -1.308657E+01   1.252903E+01
   -1.306104E+01   1.258267E+01
   -1.307779E+01   1.262642E+01
   -1.309672E+01   1.261576E+01
   -1.317023E+01   1.262873E+01
   -1.318762E+01   1.261776E+01
   -1.321834E+01   1.263816E+01
   -1.332542E+01   1.263181E+01
   -1.335958E+01   1.265008E+01
   -1.357914E+01   1.266498E+01
   -1.517737E+01   1.267061E+01
   -1.532530E+01   1.260279E+01
   -1.544721E+01   1.251366E+01
   -1.566404E+01   1.241847E+01
   -1.595888E+01   1.243050E+01
   -1.606311E+01   1.245912E+01
   -1.615292E+01   1.244101E+01
   -1.621286E+01   1.244647E+01
   -1.638612E+01   1.235132E+01
   -1.651374E+01   1.234197E+01
END
END
