none
1
   8.094563E+00   5.207366E+01
   8.103081E+00   5.207369E+01
   8.185742E+00   5.208434E+01
   8.231224E+00   5.211423E+01
   8.266848E+00   5.214138E+01
   8.294846E+00   5.214274E+01
   8.392617E+00   5.211819E+01
   8.398395E+00   5.214138E+01
   8.442836E+00   5.216347E+01
   8.473501E+00   5.216619E+01
   8.495721E+00   5.218391E+01
   8.466390E+00   5.218881E+01
   8.431059E+00   5.220992E+01
   8.452835E+00   5.226925E+01
   8.430170E+00   5.235918E+01
   8.300401E+00   5.240367E+01
   8.288402E+00   5.246598E+01
   8.346176E+00   5.246409E+01
   8.429726E+00   5.245840E+01
   8.455057E+00   5.249819E+01
   8.507498E+00   5.252172E+01
   8.556384E+00   5.250996E+01
   8.654600E+00   5.253970E+01
   8.699041E+00   5.252240E+01
   8.713040E+00   5.250292E+01
   8.722373E+00   5.247830E+01
   8.729039E+00   5.242657E+01
   8.728150E+00   5.240841E+01
   8.789924E+00   5.240651E+01
   8.933470E+00   5.241437E+01
   8.968578E+00   5.245285E+01
   9.046795E+00   5.250888E+01
   9.100569E+00   5.250455E+01
   9.148122E+00   5.248561E+01
   9.152121E+00   5.247180E+01
   9.107236E+00   5.244445E+01
   9.132567E+00   5.242603E+01
   9.131678E+00   5.239756E+01
   9.094348E+00   5.235253E+01
   9.059239E+00   5.233406E+01
   9.033463E+00   5.233542E+01
   9.000132E+00   5.230989E+01
   8.991243E+00   5.226979E+01
   9.083237E+00   5.223851E+01
   9.083237E+00   5.222381E+01
   9.047656E+00   5.221600E+01
   9.058350E+00   5.217696E+01
   9.027685E+00   5.217478E+01
   9.029463E+00   5.214888E+01
   9.054350E+00   5.215515E+01
   9.083682E+00   5.215324E+01
   9.146788E+00   5.214534E+01
   9.175453E+00   5.211942E+01
   9.162565E+00   5.210577E+01
   9.205229E+00   5.207082E+01
   9.207895E+00   5.200644E+01
   9.195377E+00   5.197001E+01
   9.265214E+00   5.198285E+01
   9.289615E+00   5.196544E+01
   9.285089E+00   5.192865E+01
   9.326035E+00   5.192603E+01
   9.345136E+00   5.190990E+01
   9.358973E+00   5.187124E+01
   9.468311E+00   5.186355E+01
   9.435458E+00   5.181163E+01
   9.461418E+00   5.179159E+01
   9.417538E+00   5.176703E+01
   9.392267E+00   5.165035E+01
   9.457208E+00   5.165961E+01
   9.453251E+00   5.164221E+01
   9.431321E+00   5.162757E+01
   9.359666E+00   5.161111E+01
   9.386696E+00   5.159305E+01
   9.330086E+00   5.154812E+01
   9.323584E+00   5.150711E+01
   9.291633E+00   5.150633E+01
   9.234977E+00   5.147988E+01
   9.226620E+00   5.145561E+01
   9.156649E+00   5.143690E+01
   9.074497E+00   5.144149E+01
   9.065998E+00   5.146814E+01
   9.078575E+00   5.148958E+01
   9.023358E+00   5.150092E+01
   9.011610E+00   5.151226E+01
   8.976123E+00   5.150059E+01
   8.971899E+00   5.150451E+01
   8.968078E+00   5.150747E+01
   8.948504E+00   5.150476E+01
   8.942516E+00   5.151047E+01
   8.909783E+00   5.152118E+01
   8.902817E+00   5.152852E+01
   8.894112E+00   5.152838E+01
   8.890065E+00   5.153203E+01
   8.889459E+00   5.154619E+01
   8.885003E+00   5.154720E+01
   8.878578E+00   5.154470E+01
   8.861028E+00   5.154551E+01
   8.858323E+00   5.154337E+01
   8.849779E+00   5.154645E+01
   8.846192E+00   5.154469E+01
   8.848212E+00   5.153932E+01
   8.846630E+00   5.153662E+01
   8.816898E+00   5.153782E+01
   8.818241E+00   5.153002E+01
   8.809422E+00   5.152778E+01
   8.812833E+00   5.152648E+01
   8.811765E+00   5.152234E+01
   8.822389E+00   5.152010E+01
   8.822224E+00   5.151609E+01
   8.835914E+00   5.150626E+01
   8.835148E+00   5.150279E+01
   8.839540E+00   5.150056E+01
   8.837938E+00   5.149498E+01
   8.814746E+00   5.148307E+01
   8.789624E+00   5.145567E+01
   8.768255E+00   5.144566E+01
   8.756004E+00   5.145301E+01
   8.750534E+00   5.145918E+01
   8.750151E+00   5.146401E+01
   8.720356E+00   5.145750E+01
   8.709841E+00   5.146166E+01
   8.698724E+00   5.146187E+01
   8.687053E+00   5.146809E+01
   8.686356E+00   5.147110E+01
   8.665218E+00   5.147075E+01
   8.653863E+00   5.147962E+01
   8.625649E+00   5.147689E+01
   8.609318E+00   5.147891E+01
   8.603283E+00   5.148205E+01
   8.587178E+00   5.147790E+01
   8.573964E+00   5.146621E+01
   8.562369E+00   5.146419E+01
   8.548083E+00   5.146592E+01
   8.518817E+00   5.148925E+01
   8.515843E+00   5.150367E+01
   8.511189E+00   5.151171E+01
   8.512209E+00   5.151743E+01
   8.509480E+00   5.151824E+01
   8.507632E+00   5.152374E+01
   8.509934E+00   5.152895E+01
   8.503398E+00   5.153132E+01
   8.492262E+00   5.152818E+01
   8.485436E+00   5.153162E+01
   8.483468E+00   5.153551E+01
   8.485761E+00   5.153751E+01
   8.476070E+00   5.154692E+01
   8.470626E+00   5.156334E+01
   8.472803E+00   5.156652E+01
   8.478926E+00   5.156650E+01
   8.474890E+00   5.156808E+01
   8.472813E+00   5.157412E+01
   8.489188E+00   5.158339E+01
   8.486309E+00   5.158512E+01
   8.487202E+00   5.158863E+01
   8.505704E+00   5.158760E+01
   8.504654E+00   5.159144E+01
   8.509962E+00   5.159622E+01
   8.533477E+00   5.160060E+01
   8.542605E+00   5.160730E+01
   8.547401E+00   5.160665E+01
   8.578773E+00   5.162128E+01
   8.583553E+00   5.161941E+01
   8.573501E+00   5.164605E+01
   8.572181E+00   5.165796E+01
   8.567842E+00   5.165699E+01
   8.552369E+00   5.166748E+01
   8.520916E+00   5.167018E+01
   8.510140E+00   5.167882E+01
   8.477302E+00   5.168235E+01
   8.477669E+00   5.168899E+01
   8.483129E+00   5.168854E+01
   8.481652E+00   5.169371E+01
   8.471013E+00   5.169645E+01
   8.468005E+00   5.170414E+01
   8.473200E+00   5.170704E+01
   8.474373E+00   5.171285E+01
   8.467858E+00   5.171308E+01
   8.466598E+00   5.171917E+01
   8.461068E+00   5.172215E+01
   8.433142E+00   5.171515E+01
   8.428830E+00   5.171805E+01
   8.386094E+00   5.171575E+01
   8.339907E+00   5.172069E+01
   8.332973E+00   5.172532E+01
   8.329418E+00   5.172218E+01
   8.323985E+00   5.172577E+01
   8.319277E+00   5.172405E+01
   8.309129E+00   5.173310E+01
   8.309502E+00   5.173911E+01
   8.299914E+00   5.174060E+01
   8.299376E+00   5.174565E+01
   8.304018E+00   5.174715E+01
   8.300506E+00   5.175235E+01
   8.292198E+00   5.175169E+01
   8.287470E+00   5.176166E+01
   8.279022E+00   5.176440E+01
   8.274212E+00   5.176960E+01
   8.253266E+00   5.177224E+01
   8.251051E+00   5.177617E+01
   8.252733E+00   5.178080E+01
   8.250246E+00   5.178343E+01
   8.252162E+00   5.178876E+01
   8.257999E+00   5.179230E+01
   8.256036E+00   5.180101E+01
   8.239675E+00   5.180773E+01
   8.232061E+00   5.182127E+01
   8.214250E+00   5.182045E+01
   8.198707E+00   5.182675E+01
   8.198218E+00   5.182945E+01
   8.202575E+00   5.183152E+01
   8.205271E+00   5.183779E+01
   8.215409E+00   5.183691E+01
   8.217031E+00   5.184532E+01
   8.212785E+00   5.184742E+01
   8.212028E+00   5.185109E+01
   8.206121E+00   5.185247E+01
   8.203919E+00   5.185687E+01
   8.198937E+00   5.185821E+01
   8.198544E+00   5.186095E+01
   8.183612E+00   5.186109E+01
   8.179014E+00   5.186771E+01
   8.179393E+00   5.187318E+01
   8.173665E+00   5.187395E+01
   8.174007E+00   5.188117E+01
   8.169629E+00   5.188728E+01
   8.158076E+00   5.188949E+01
   8.156148E+00   5.189699E+01
   8.148803E+00   5.189803E+01
   8.167567E+00   5.191066E+01
   8.170223E+00   5.191917E+01
   8.164155E+00   5.192348E+01
   8.167028E+00   5.192673E+01
   8.128193E+00   5.195029E+01
   8.111785E+00   5.195463E+01
   8.111379E+00   5.196243E+01
   8.104220E+00   5.196854E+01
   8.107015E+00   5.197300E+01
   8.112358E+00   5.197343E+01
   8.105646E+00   5.199271E+01
   8.110090E+00   5.199907E+01
   8.090756E+00   5.199559E+01
   8.074053E+00   5.201001E+01
   8.095268E+00   5.205847E+01
   8.094563E+00   5.207366E+01
END
END
