none
1
   -6.555276E+01   -9.806031E+00
   -6.554823E+01   -9.805860E+00
   -6.550729E+01   -9.793965E+00
   -6.549963E+01   -9.738162E+00
   -6.549030E+01   -9.732760E+00
   -6.548779E+01   -9.717839E+00
   -6.543382E+01   -9.680567E+00
   -6.535966E+01   -9.715076E+00
   -6.531779E+01   -9.815890E+00
   -6.528971E+01   -9.850739E+00
   -6.529102E+01   -9.863836E+00
   -6.540484E+01   -1.046507E+01
   -6.542909E+01   -1.047305E+01
   -6.543104E+01   -1.047970E+01
   -6.542759E+01   -1.053866E+01
   -6.542495E+01   -1.064340E+01
   -6.537486E+01   -1.067210E+01
   -6.538068E+01   -1.078573E+01
   -6.539699E+01   -1.080670E+01
   -6.539498E+01   -1.081409E+01
   -6.530830E+01   -1.095486E+01
   -6.528894E+01   -1.098916E+01
   -6.533638E+01   -1.104382E+01
   -6.531757E+01   -1.110505E+01
   -6.537556E+01   -1.122012E+01
   -6.535425E+01   -1.122959E+01
   -6.534947E+01   -1.123908E+01
   -6.535185E+01   -1.124320E+01
   -6.537874E+01   -1.125115E+01
   -6.538466E+01   -1.125960E+01
   -6.534590E+01   -1.132844E+01
   -6.532096E+01   -1.132782E+01
   -6.531040E+01   -1.134061E+01
   -6.530981E+01   -1.134913E+01
   -6.531242E+01   -1.135347E+01
   -6.533085E+01   -1.135532E+01
   -6.533771E+01   -1.136329E+01
   -6.528706E+01   -1.151169E+01
   -6.523132E+01   -1.151074E+01
   -6.520525E+01   -1.155432E+01
   -6.520441E+01   -1.160290E+01
   -6.516079E+01   -1.162205E+01
   -6.515859E+01   -1.163381E+01
   -6.517837E+01   -1.162944E+01
   -6.518445E+01   -1.163075E+01
   -6.520086E+01   -1.171757E+01
   -6.520118E+01   -1.174519E+01
   -6.513480E+01   -1.177680E+01
   -6.512613E+01   -1.171245E+01
   -6.511149E+01   -1.169719E+01
   -6.510612E+01   -1.169748E+01
   -6.510221E+01   -1.170167E+01
   -6.511199E+01   -1.174138E+01
   -6.510621E+01   -1.174605E+01
   -6.505278E+01   -1.174711E+01
   -6.500507E+01   -1.190716E+01
   -6.499300E+01   -1.199937E+01
   -6.491482E+01   -1.200596E+01
   -6.473415E+01   -1.211256E+01
   -6.473132E+01   -1.215563E+01
   -6.472484E+01   -1.216237E+01
   -6.470985E+01   -1.215953E+01
   -6.470070E+01   -1.210852E+01
   -6.469103E+01   -1.209964E+01
   -6.468261E+01   -1.209857E+01
   -6.467612E+01   -1.210439E+01
   -6.457668E+01   -1.221421E+01
   -6.451943E+01   -1.224168E+01
   -6.448612E+01   -1.222955E+01
   -6.449372E+01   -1.235461E+01
   -6.449504E+01   -1.236136E+01
   -6.437340E+01   -1.246694E+01
   -6.429343E+01   -1.247384E+01
   -6.427783E+01   -1.251148E+01
   -6.422700E+01   -1.247554E+01
   -6.417513E+01   -1.248608E+01
   -6.413731E+01   -1.252735E+01
   -6.413303E+01   -1.251703E+01
   -6.413396E+01   -1.251702E+01
   -6.412917E+01   -1.249433E+01
   -6.412069E+01   -1.249572E+01
   -6.411032E+01   -1.251651E+01
   -6.409151E+01   -1.250515E+01
   -6.404732E+01   -1.250986E+01
   -6.402480E+01   -1.253327E+01
   -6.396721E+01   -1.253208E+01
   -6.394375E+01   -1.255642E+01
   -6.393673E+01   -1.255716E+01
   -6.386442E+01   -1.249046E+01
   -6.387721E+01   -1.247886E+01
   -6.387811E+01   -1.247218E+01
   -6.387504E+01   -1.246852E+01
   -6.383275E+01   -1.247825E+01
   -6.363864E+01   -1.249422E+01
   -6.361197E+01   -1.249461E+01
   -6.360688E+01   -1.250523E+01
   -6.354467E+01   -1.255231E+01
   -6.348197E+01   -1.255704E+01
   -6.346085E+01   -1.259191E+01
   -6.346769E+01   -1.260177E+01
   -6.342651E+01   -1.265101E+01
   -6.324511E+01   -1.271290E+01
   -6.323520E+01   -1.268943E+01
   -6.319015E+01   -1.267610E+01
   -6.318328E+01   -1.265818E+01
   -6.316338E+01   -1.265758E+01
   -6.313404E+01   -1.263998E+01
   -6.307767E+01   -1.265517E+01
   -6.305938E+01   -1.270841E+01
   -6.304469E+01   -1.272458E+01
   -6.305811E+01   -1.274363E+01
   -6.299850E+01   -1.284679E+01
   -6.299174E+01   -1.285090E+01
   -6.297510E+01   -1.284705E+01
   -6.296997E+01   -1.285650E+01
   -6.294585E+01   -1.286073E+01
   -6.293887E+01   -1.287295E+01
   -6.293394E+01   -1.286975E+01
   -6.293014E+01   -1.285665E+01
   -6.292334E+01   -1.285391E+01
   -6.285211E+01   -1.293170E+01
   -6.285311E+01   -1.295057E+01
   -6.282638E+01   -1.294674E+01
   -6.276447E+01   -1.302264E+01
   -6.276227E+01   -1.302211E+01
   -6.276017E+01   -1.301796E+01
   -6.276677E+01   -1.299518E+01
   -6.276443E+01   -1.299219E+01
   -6.275833E+01   -1.299172E+01
   -6.274706E+01   -1.299862E+01
   -6.274191E+01   -1.299355E+01
   -6.272712E+01   -1.299767E+01
   -6.272432E+01   -1.299054E+01
   -6.271400E+01   -1.299076E+01
   -6.267441E+01   -1.296470E+01
   -6.267206E+01   -1.296792E+01
   -6.267204E+01   -1.297666E+01
   -6.266875E+01   -1.298057E+01
   -6.265350E+01   -1.298423E+01
   -6.265209E+01   -1.298699E+01
   -6.265746E+01   -1.299828E+01
   -6.265299E+01   -1.300564E+01
   -6.263129E+01   -1.301449E+01
   -6.263106E+01   -1.301886E+01
   -6.264211E+01   -1.303172E+01
   -6.263721E+01   -1.304117E+01
   -6.250057E+01   -1.307576E+01
   -6.248602E+01   -1.306543E+01
   -6.248156E+01   -1.306659E+01
   -6.247853E+01   -1.307327E+01
   -6.246445E+01   -1.306962E+01
   -6.245977E+01   -1.307169E+01
   -6.245978E+01   -1.307975E+01
   -6.245720E+01   -1.308344E+01
   -6.244103E+01   -1.308738E+01
   -6.243917E+01   -1.309981E+01
   -6.241412E+01   -1.312907E+01
   -6.240779E+01   -1.313046E+01
   -6.239535E+01   -1.312496E+01
   -6.239396E+01   -1.313440E+01
   -6.234112E+01   -1.313645E+01
   -6.233639E+01   -1.314841E+01
   -6.233357E+01   -1.314909E+01
   -6.232772E+01   -1.314286E+01
   -6.231810E+01   -1.314353E+01
   -6.230875E+01   -1.313108E+01
   -6.230453E+01   -1.313038E+01
   -6.229792E+01   -1.314279E+01
   -6.229510E+01   -1.314255E+01
   -6.229136E+01   -1.313817E+01
   -6.228784E+01   -1.313839E+01
   -6.227959E+01   -1.315079E+01
   -6.227748E+01   -1.315079E+01
   -6.227421E+01   -1.314595E+01
   -6.226951E+01   -1.314662E+01
   -6.224430E+01   -1.312218E+01
   -6.219341E+01   -1.312407E+01
   -6.218240E+01   -1.313650E+01
   -6.217325E+01   -1.313697E+01
   -6.216879E+01   -1.313398E+01
   -6.216526E+01   -1.311213E+01
   -6.215963E+01   -1.311305E+01
   -6.215541E+01   -1.311720E+01
   -6.215167E+01   -1.313492E+01
   -6.210852E+01   -1.314852E+01
   -6.210808E+01   -1.325690E+01
   -6.207588E+01   -1.327145E+01
   -6.203104E+01   -1.332675E+01
   -6.201245E+01   -1.333589E+01
   -6.201263E+01   -1.334740E+01
   -6.196388E+01   -1.337920E+01
   -6.186563E+01   -1.344255E+01
   -6.182428E+01   -1.353925E+01
   -6.180950E+01   -1.353458E+01
   -6.179535E+01   -1.354373E+01
   -6.178551E+01   -1.353770E+01
   -6.177703E+01   -1.354088E+01
   -6.177517E+01   -1.353742E+01
   -6.177946E+01   -1.352594E+01
   -6.177831E+01   -1.352133E+01
   -6.175826E+01   -1.353574E+01
   -6.175098E+01   -1.353501E+01
   -6.174375E+01   -1.352324E+01
   -6.172745E+01   -1.353974E+01
   -6.172190E+01   -1.352314E+01
   -6.168079E+01   -1.351973E+01
   -6.167634E+01   -1.351718E+01
   -6.167405E+01   -1.350589E+01
   -6.166960E+01   -1.350380E+01
   -6.164111E+01   -1.351332E+01
   -6.162542E+01   -1.350473E+01
   -6.162044E+01   -1.351230E+01
   -6.161575E+01   -1.351020E+01
   -6.161157E+01   -1.350190E+01
   -6.160641E+01   -1.350049E+01
   -6.160191E+01   -1.350691E+01
   -6.159861E+01   -1.350736E+01
   -6.157754E+01   -1.349413E+01
   -6.157352E+01   -1.349779E+01
   -6.157484E+01   -1.351368E+01
   -6.154985E+01   -1.352666E+01
   -6.154869E+01   -1.352527E+01
   -6.143512E+01   -1.353432E+01
   -6.142076E+01   -1.353769E+01
   -6.141806E+01   -1.351995E+01
   -6.138424E+01   -1.351630E+01
   -6.137307E+01   -1.350013E+01
   -6.134258E+01   -1.349190E+01
   -6.134033E+01   -1.347624E+01
   -6.132978E+01   -1.347318E+01
   -6.131388E+01   -1.349586E+01
   -6.130468E+01   -1.350018E+01
   -6.128240E+01   -1.349498E+01
   -6.124905E+01   -1.352514E+01
   -6.122793E+01   -1.352156E+01
   -6.121895E+01   -1.352748E+01
   -6.121686E+01   -1.352448E+01
   -6.121720E+01   -1.351021E+01
   -6.121065E+01   -1.350580E+01
   -6.119325E+01   -1.350730E+01
   -6.118781E+01   -1.351163E+01
   -6.118406E+01   -1.351138E+01
   -6.117789E+01   -1.351847E+01
   -6.117086E+01   -1.351681E+01
   -6.116308E+01   -1.351975E+01
   -6.115935E+01   -1.351582E+01
   -6.113934E+01   -1.352051E+01
   -6.113700E+01   -1.351843E+01
   -6.113109E+01   -1.349239E+01
   -6.112735E+01   -1.348983E+01
   -6.112675E+01   -1.347487E+01
   -6.112137E+01   -1.347184E+01
   -6.110791E+01   -1.348118E+01
   -6.109968E+01   -1.348205E+01
   -6.109515E+01   -1.348984E+01
   -6.107637E+01   -1.348856E+01
   -6.107428E+01   -1.348417E+01
   -6.108146E+01   -1.346766E+01
   -6.108077E+01   -1.346558E+01
   -6.103090E+01   -1.347397E+01
   -6.102609E+01   -1.348705E+01
   -6.104021E+01   -1.348416E+01
   -6.104630E+01   -1.348697E+01
   -6.103128E+01   -1.351447E+01
   -6.103431E+01   -1.351772E+01
   -6.104230E+01   -1.351800E+01
   -6.104353E+01   -1.354125E+01
   -6.103952E+01   -1.354283E+01
   -6.100881E+01   -1.353272E+01
   -6.098734E+01   -1.354361E+01
   -6.096881E+01   -1.353795E+01
   -6.095773E+01   -1.354247E+01
   -6.081073E+01   -1.366353E+01
   -6.079266E+01   -1.368616E+01
   -6.077689E+01   -1.368788E+01
   -6.077174E+01   -1.368508E+01
   -6.073283E+01   -1.369741E+01
   -6.073223E+01   -1.371259E+01
   -6.072890E+01   -1.371625E+01
   -6.071106E+01   -1.371265E+01
   -6.066604E+01   -1.374886E+01
   -6.064920E+01   -1.373882E+01
   -6.062237E+01   -1.374067E+01
   -6.061620E+01   -1.374659E+01
   -6.061539E+01   -1.375717E+01
   -6.059736E+01   -1.374896E+01
   -6.059400E+01   -1.375607E+01
   -6.058977E+01   -1.375557E+01
   -6.059202E+01   -1.376686E+01
   -6.058870E+01   -1.376936E+01
   -6.057436E+01   -1.376901E+01
   -6.057386E+01   -1.377177E+01
   -6.057734E+01   -1.377709E+01
   -6.057566E+01   -1.378006E+01
   -6.052761E+01   -1.378608E+01
   -6.052852E+01   -1.378977E+01
   -6.053741E+01   -1.379491E+01
   -6.053879E+01   -1.379838E+01
   -6.053474E+01   -1.380294E+01
   -6.050682E+01   -1.379579E+01
   -6.046772E+01   -1.380096E+01
   -6.046214E+01   -1.381793E+01
   -6.046328E+01   -1.382047E+01
   -6.047174E+01   -1.382216E+01
   -6.047731E+01   -1.383003E+01
   -6.047540E+01   -1.383278E+01
   -6.046409E+01   -1.383405E+01
   -6.046147E+01   -1.383702E+01
   -6.047731E+01   -1.385304E+01
   -6.047516E+01   -1.385670E+01
   -6.045228E+01   -1.386201E+01
   -6.045226E+01   -1.386454E+01
   -6.046804E+01   -1.388631E+01
   -6.046519E+01   -1.388905E+01
   -6.046189E+01   -1.388902E+01
   -6.044481E+01   -1.387989E+01
   -6.044336E+01   -1.388310E+01
   -6.044765E+01   -1.390108E+01
   -6.044145E+01   -1.393300E+01
   -6.043955E+01   -1.393459E+01
   -6.043156E+01   -1.393337E+01
   -6.041637E+01   -1.394542E+01
   -6.041026E+01   -1.394444E+01
   -6.039762E+01   -1.396135E+01
   -6.041010E+01   -1.396101E+01
   -6.041569E+01   -1.396681E+01
   -6.042394E+01   -1.396550E+01
   -6.042557E+01   -1.396713E+01
   -6.041174E+01   -1.398472E+01
   -6.040613E+01   -1.398029E+01
   -6.038496E+01   -1.397940E+01
   -6.037846E+01   -1.399246E+01
   -6.038312E+01   -1.399733E+01
   -6.039703E+01   -1.399562E+01
   -6.039958E+01   -1.399955E+01
   -6.039693E+01   -1.400574E+01
   -6.038935E+01   -1.401027E+01
   -6.039220E+01   -1.403008E+01
   -6.044833E+01   -1.409202E+01
   -6.046038E+01   -1.408822E+01
   -6.046811E+01   -1.409243E+01
   -6.047111E+01   -1.409821E+01
   -6.046819E+01   -1.410807E+01
   -6.047094E+01   -1.411523E+01
   -6.046445E+01   -1.412782E+01
   -6.048159E+01   -1.418134E+01
   -6.047519E+01   -1.419090E+01
   -6.046024E+01   -1.419632E+01
   -6.046246E+01   -1.420968E+01
   -6.045528E+01   -1.422112E+01
   -6.045665E+01   -1.422504E+01
   -6.044289E+01   -1.423457E+01
   -6.044215E+01   -1.423756E+01
   -6.045491E+01   -1.425768E+01
   -6.043857E+01   -1.431250E+01
   -6.042956E+01   -1.431794E+01
   -6.042996E+01   -1.432438E+01
   -6.038826E+01   -1.436861E+01
   -6.039787E+01   -1.442021E+01
   -6.037550E+01   -1.444001E+01
   -6.037590E+01   -1.444714E+01
   -6.037136E+01   -1.445285E+01
   -6.037152E+01   -1.445998E+01
   -6.036562E+01   -1.446061E+01
   -6.035372E+01   -1.447085E+01
   -6.035382E+01   -1.448396E+01
   -6.033689E+01   -1.450127E+01
   -6.033528E+01   -1.454196E+01
   -6.033854E+01   -1.454613E+01
   -6.034890E+01   -1.454829E+01
   -6.036171E+01   -1.454198E+01
   -6.036710E+01   -1.454525E+01
   -6.035940E+01   -1.462726E+01
   -6.041630E+01   -1.480988E+01
   -6.043000E+01   -1.481313E+01
   -6.038313E+01   -1.510520E+01
   -6.056530E+01   -1.510499E+01
   -6.023581E+01   -1.547606E+01
   -6.017298E+01   -1.626463E+01
   -5.839052E+01   -1.626768E+01
   -5.838765E+01   -1.626634E+01
   -5.837162E+01   -1.627637E+01
   -5.830934E+01   -1.626969E+01
   -5.833328E+01   -1.647634E+01
   -5.833542E+01   -1.651507E+01
   -5.833825E+01   -1.651813E+01
   -5.834186E+01   -1.651849E+01
   -5.834500E+01   -1.652260E+01
   -5.834046E+01   -1.654165E+01
   -5.836789E+01   -1.655240E+01
   -5.839791E+01   -1.658759E+01
   -5.843497E+01   -1.661727E+01
   -5.844200E+01   -1.661312E+01
   -5.843927E+01   -1.662405E+01
   -5.845853E+01   -1.679500E+01
   -5.847194E+01   -1.680011E+01
   -5.847305E+01   -1.683177E+01
   -5.846078E+01   -1.684087E+01
   -5.846012E+01   -1.684501E+01
   -5.846522E+01   -1.685252E+01
   -5.845909E+01   -1.685765E+01
   -5.845934E+01   -1.685925E+01
   -5.846363E+01   -1.685943E+01
   -5.846415E+01   -1.686218E+01
   -5.845802E+01   -1.686799E+01
   -5.846235E+01   -1.687001E+01
   -5.846098E+01   -1.689412E+01
   -5.846437E+01   -1.689913E+01
   -5.845799E+01   -1.690310E+01
   -5.846214E+01   -1.691086E+01
   -5.847365E+01   -1.691600E+01
   -5.846920E+01   -1.694084E+01
   -5.845515E+01   -1.694285E+01
   -5.845353E+01   -1.694654E+01
   -5.845824E+01   -1.696071E+01
   -5.844980E+01   -1.697183E+01
   -5.844313E+01   -1.697260E+01
   -5.843930E+01   -1.698807E+01
   -5.843288E+01   -1.699365E+01
   -5.842933E+01   -1.699368E+01
   -5.842503E+01   -1.698826E+01
   -5.842079E+01   -1.698966E+01
   -5.842967E+01   -1.702914E+01
   -5.842689E+01   -1.703530E+01
   -5.841204E+01   -1.704020E+01
   -5.841209E+01   -1.704497E+01
   -5.842702E+01   -1.704962E+01
   -5.842634E+01   -1.705235E+01
   -5.841576E+01   -1.705790E+01
   -5.841578E+01   -1.706063E+01
   -5.842078E+01   -1.706399E+01
   -5.842812E+01   -1.708984E+01
   -5.842180E+01   -1.709672E+01
   -5.842268E+01   -1.711512E+01
   -5.841848E+01   -1.712062E+01
   -5.838739E+01   -1.711752E+01
   -5.838222E+01   -1.712115E+01
   -5.838156E+01   -1.712575E+01
   -5.839526E+01   -1.719217E+01
   -5.839201E+01   -1.719955E+01
   -5.838556E+01   -1.719917E+01
   -5.838062E+01   -1.720565E+01
   -5.835759E+01   -1.721602E+01
   -5.835816E+01   -1.722405E+01
   -5.835072E+01   -1.722069E+01
   -5.831776E+01   -1.726147E+01
   -5.831456E+01   -1.727322E+01
   -5.829768E+01   -1.728075E+01
   -5.829564E+01   -1.729042E+01
   -5.828711E+01   -1.729648E+01
   -5.829388E+01   -1.730352E+01
   -5.829062E+01   -1.731022E+01
   -5.827245E+01   -1.730904E+01
   -5.827055E+01   -1.731067E+01
   -5.826038E+01   -1.734040E+01
   -5.825575E+01   -1.735423E+01
   -5.824199E+01   -1.736287E+01
   -5.822174E+01   -1.735613E+01
   -5.821966E+01   -1.736228E+01
   -5.819411E+01   -1.736588E+01
   -5.819059E+01   -1.737068E+01
   -5.819147E+01   -1.739250E+01
   -5.818440E+01   -1.739665E+01
   -5.815024E+01   -1.739075E+01
   -5.814402E+01   -1.741331E+01
   -5.813766E+01   -1.741813E+01
   -5.812199E+01   -1.741414E+01
   -5.811425E+01   -1.742511E+01
   -5.811378E+01   -1.745649E+01
   -5.807687E+01   -1.746492E+01
   -5.806543E+01   -1.745613E+01
   -5.805619E+01   -1.745687E+01
   -5.800255E+01   -1.751954E+01
   -5.789557E+01   -1.745888E+01
   -5.780325E+01   -1.752136E+01
   -5.780460E+01   -1.754064E+01
   -5.779346E+01   -1.755496E+01
   -5.777334E+01   -1.755281E+01
   -5.776958E+01   -1.756225E+01
   -5.778757E+01   -1.756740E+01
   -5.780030E+01   -1.756159E+01
   -5.778986E+01   -1.758529E+01
   -5.779375E+01   -1.759238E+01
   -5.778658E+01   -1.759473E+01
   -5.778565E+01   -1.759818E+01
   -5.779048E+01   -1.760320E+01
   -5.778092E+01   -1.760602E+01
   -5.778000E+01   -1.761085E+01
   -5.778603E+01   -1.761586E+01
   -5.777771E+01   -1.762488E+01
   -5.778505E+01   -1.764549E+01
   -5.773507E+01   -1.772002E+01
   -5.771481E+01   -1.773372E+01
   -5.769251E+01   -1.779978E+01
   -5.768767E+01   -1.782737E+01
   -5.768937E+01   -1.782965E+01
   -5.771265E+01   -1.783340E+01
   -5.748222E+01   -1.820209E+01
   -5.745810E+01   -1.822818E+01
   -5.745884E+01   -1.823185E+01
   -5.754448E+01   -1.824538E+01
   -5.776912E+01   -1.890325E+01
   -5.776071E+01   -1.890882E+01
   -5.772020E+01   -1.891416E+01
   -5.770855E+01   -1.903399E+01
   -5.777760E+01   -1.903507E+01
   -5.813407E+01   -1.976513E+01
   -5.787324E+01   -1.997367E+01
   -5.787159E+01   -1.997919E+01
   -5.790961E+01   -2.002209E+01
   -5.790997E+01   -2.003673E+01
   -5.793457E+01   -2.002403E+01
   -5.795927E+01   -2.002748E+01
   -5.801455E+01   -2.006122E+01
   -5.805093E+01   -2.010314E+01
   -5.808230E+01   -2.010742E+01
   -5.815674E+01   -2.015354E+01
   -5.816346E+01   -2.016246E+01
   -5.816909E+01   -2.015542E+01
   -5.814009E+01   -2.012651E+01
   -5.813821E+01   -2.010791E+01
   -5.815912E+01   -2.007322E+01
   -5.815733E+01   -2.006496E+01
   -5.816161E+01   -2.005619E+01
   -5.815617E+01   -2.004866E+01
   -5.820167E+01   -1.996593E+01
   -5.820742E+01   -1.995875E+01
   -5.820115E+01   -1.994043E+01
   -5.819453E+01   -1.993544E+01
   -5.819360E+01   -1.991730E+01
   -5.820176E+01   -1.988734E+01
   -5.818636E+01   -1.985602E+01
   -5.815823E+01   -1.984833E+01
   -5.911331E+01   -1.932886E+01
   -5.997327E+01   -1.928691E+01
   -6.085420E+01   -1.947568E+01
   -6.167221E+01   -1.964348E+01
   -6.224905E+01   -2.058803E+01
   -6.225950E+01   -2.127949E+01
   -6.264910E+01   -2.225212E+01
   -6.266031E+01   -2.224850E+01
   -6.268742E+01   -2.220671E+01
   -6.271675E+01   -2.220676E+01
   -6.274554E+01   -2.216615E+01
   -6.275547E+01   -2.216341E+01
   -6.276899E+01   -2.214745E+01
   -6.277814E+01   -2.217201E+01
   -6.278330E+01   -2.217260E+01
   -6.281512E+01   -2.211093E+01
   -6.280806E+01   -2.200444E+01
   -6.393525E+01   -2.200273E+01
   -6.395155E+01   -2.205813E+01
   -6.394947E+01   -2.206337E+01
   -6.396103E+01   -2.209117E+01
   -6.396376E+01   -2.209032E+01
   -6.397025E+01   -2.207899E+01
   -6.397319E+01   -2.207930E+01
   -6.397124E+01   -2.208706E+01
   -6.398700E+01   -2.210444E+01
   -6.399122E+01   -2.210340E+01
   -6.399485E+01   -2.210578E+01
   -6.398932E+01   -2.210978E+01
   -6.398989E+01   -2.211554E+01
   -6.399465E+01   -2.212140E+01
   -6.402068E+01   -2.217669E+01
   -6.401175E+01   -2.217877E+01
   -6.402949E+01   -2.219619E+01
   -6.403009E+01   -2.220103E+01
   -6.402416E+01   -2.221030E+01
   -6.403437E+01   -2.222410E+01
   -6.402781E+01   -2.222945E+01
   -6.402969E+01   -2.223294E+01
   -6.403262E+01   -2.223370E+01
   -6.403123E+01   -2.223941E+01
   -6.403649E+01   -2.224505E+01
   -6.405226E+01   -2.224543E+01
   -6.405581E+01   -2.224184E+01
   -6.406049E+01   -2.224195E+01
   -6.406653E+01   -2.225519E+01
   -6.406496E+01   -2.225860E+01
   -6.407365E+01   -2.226524E+01
   -6.407182E+01   -2.226887E+01
   -6.408037E+01   -2.228055E+01
   -6.407831E+01   -2.229267E+01
   -6.408310E+01   -2.229761E+01
   -6.408414E+01   -2.230452E+01
   -6.409454E+01   -2.231189E+01
   -6.409146E+01   -2.231618E+01
   -6.410426E+01   -2.233508E+01
   -6.409969E+01   -2.234043E+01
   -6.411340E+01   -2.235989E+01
   -6.411066E+01   -2.237316E+01
   -6.411867E+01   -2.240405E+01
   -6.413280E+01   -2.240062E+01
   -6.414388E+01   -2.241413E+01
   -6.413950E+01   -2.242369E+01
   -6.416957E+01   -2.246973E+01
   -6.417535E+01   -2.246810E+01
   -6.418884E+01   -2.249000E+01
   -6.420097E+01   -2.248868E+01
   -6.422118E+01   -2.253552E+01
   -6.421884E+01   -2.253983E+01
   -6.422766E+01   -2.254233E+01
   -6.424122E+01   -2.256170E+01
   -6.424106E+01   -2.261357E+01
   -6.424706E+01   -2.262932E+01
   -6.425791E+01   -2.263026E+01
   -6.426799E+01   -2.265069E+01
   -6.426017E+01   -2.266566E+01
   -6.426274E+01   -2.272677E+01
   -6.426486E+01   -2.273049E+01
   -6.427171E+01   -2.273341E+01
   -6.427390E+01   -2.274424E+01
   -6.427026E+01   -2.275059E+01
   -6.427116E+01   -2.275405E+01
   -6.426577E+01   -2.276127E+01
   -6.427601E+01   -2.277571E+01
   -6.427525E+01   -2.278349E+01
   -6.428272E+01   -2.279348E+01
   -6.428670E+01   -2.279263E+01
   -6.428985E+01   -2.279612E+01
   -6.428390E+01   -2.282241E+01
   -6.430225E+01   -2.283326E+01
   -6.429905E+01   -2.285844E+01
   -6.430920E+01   -2.285838E+01
   -6.432063E+01   -2.286866E+01
   -6.433002E+01   -2.286585E+01
   -6.432954E+01   -2.285636E+01
   -6.433337E+01   -2.285209E+01
   -6.433129E+01   -2.284630E+01
   -6.433495E+01   -2.283881E+01
   -6.432946E+01   -2.282194E+01
   -6.433259E+01   -2.281604E+01
   -6.433053E+01   -2.280980E+01
   -6.433412E+01   -2.280483E+01
   -6.433883E+01   -2.280448E+01
   -6.434460E+01   -2.281057E+01
   -6.435091E+01   -2.280589E+01
   -6.434798E+01   -2.279481E+01
   -6.434218E+01   -2.279009E+01
   -6.433796E+01   -2.275305E+01
   -6.436002E+01   -2.272279E+01
   -6.438616E+01   -2.271557E+01
   -6.439322E+01   -2.272009E+01
   -6.440278E+01   -2.271364E+01
   -6.439735E+01   -2.271329E+01
   -6.439570E+01   -2.271027E+01
   -6.440288E+01   -2.268128E+01
   -6.442177E+01   -2.267711E+01
   -6.442431E+01   -2.267441E+01
   -6.442356E+01   -2.265558E+01
   -6.444181E+01   -2.263762E+01
   -6.442819E+01   -2.262928E+01
   -6.443306E+01   -2.262250E+01
   -6.442715E+01   -2.258481E+01
   -6.443056E+01   -2.258480E+01
   -6.443189E+01   -2.258139E+01
   -6.443072E+01   -2.257907E+01
   -6.441704E+01   -2.257303E+01
   -6.441174E+01   -2.253893E+01
   -6.442921E+01   -2.252234E+01
   -6.444558E+01   -2.251948E+01
   -6.444864E+01   -2.251565E+01
   -6.444702E+01   -2.251148E+01
   -6.445010E+01   -2.250696E+01
   -6.445483E+01   -2.250545E+01
   -6.447961E+01   -2.247271E+01
   -6.447876E+01   -2.245754E+01
   -6.448329E+01   -2.245396E+01
   -6.448966E+01   -2.245571E+01
   -6.449432E+01   -2.243744E+01
   -6.450125E+01   -2.243668E+01
   -6.451363E+01   -2.244498E+01
   -6.452477E+01   -2.244339E+01
   -6.453014E+01   -2.243616E+01
   -6.452121E+01   -2.241400E+01
   -6.452432E+01   -2.240510E+01
   -6.456783E+01   -2.232135E+01
   -6.455290E+01   -2.231474E+01
   -6.454118E+01   -2.229060E+01
   -6.459848E+01   -2.224614E+01
   -6.474216E+01   -2.219471E+01
   -6.475304E+01   -2.218253E+01
   -6.488359E+01   -2.211901E+01
   -6.489106E+01   -2.212628E+01
   -6.498374E+01   -2.208640E+01
   -6.547123E+01   -2.209184E+01
   -6.548026E+01   -2.209904E+01
   -6.557456E+01   -2.207744E+01
   -6.558596E+01   -2.208984E+01
   -6.558571E+01   -2.209149E+01
   -6.559740E+01   -2.209833E+01
   -6.565218E+01   -2.210561E+01
   -6.565676E+01   -2.211119E+01
   -6.571855E+01   -2.209835E+01
   -6.575531E+01   -2.210854E+01
   -6.581237E+01   -2.206975E+01
   -6.592617E+01   -2.193204E+01
   -6.604314E+01   -2.191610E+01
   -6.603880E+01   -2.187222E+01
   -6.622161E+01   -2.178128E+01
   -6.624072E+01   -2.178664E+01
   -6.624544E+01   -2.179986E+01
   -6.624146E+01   -2.180349E+01
   -6.623563E+01   -2.185095E+01
   -6.624655E+01   -2.187818E+01
   -6.624577E+01   -2.188139E+01
   -6.625155E+01   -2.189064E+01
   -6.624973E+01   -2.189705E+01
   -6.625480E+01   -2.190423E+01
   -6.625993E+01   -2.190613E+01
   -6.626470E+01   -2.193512E+01
   -6.627442E+01   -2.194373E+01
   -6.628397E+01   -2.198288E+01
   -6.628312E+01   -2.199113E+01
   -6.627620E+01   -2.199335E+01
   -6.627418E+01   -2.199700E+01
   -6.627998E+01   -2.202209E+01
   -6.629170E+01   -2.202889E+01
   -6.628688E+01   -2.203963E+01
   -6.629074E+01   -2.204564E+01
   -6.628973E+01   -2.204747E+01
   -6.628334E+01   -2.204647E+01
   -6.628182E+01   -2.204944E+01
   -6.628932E+01   -2.205917E+01
   -6.628578E+01   -2.206625E+01
   -6.628845E+01   -2.206880E+01
   -6.628828E+01   -2.208166E+01
   -6.630736E+01   -2.209061E+01
   -6.631779E+01   -2.208338E+01
   -6.632146E+01   -2.208549E+01
   -6.632842E+01   -2.211680E+01
   -6.633260E+01   -2.211908E+01
   -6.634056E+01   -2.211432E+01
   -6.634499E+01   -2.211572E+01
   -6.634789E+01   -2.212354E+01
   -6.662074E+01   -2.219284E+01
   -6.663985E+01   -2.221861E+01
   -6.667515E+01   -2.220403E+01
   -6.673935E+01   -2.223658E+01
   -6.678288E+01   -2.242970E+01
   -6.697022E+01   -2.253081E+01
   -6.702109E+01   -2.253340E+01
   -6.702454E+01   -2.253753E+01
   -6.701350E+01   -2.264467E+01
   -6.717774E+01   -2.280561E+01
   -6.779390E+01   -2.287356E+01
   -6.781459E+01   -2.284620E+01
   -6.787242E+01   -2.282971E+01
   -6.787513E+01   -2.282580E+01
   -6.784810E+01   -2.254646E+01
   -6.788864E+01   -2.249652E+01
   -6.794613E+01   -2.232144E+01
   -6.793932E+01   -2.211536E+01
   -6.794265E+01   -2.209079E+01
   -6.796054E+01   -2.207235E+01
   -6.796388E+01   -2.204846E+01
   -6.799976E+01   -2.203615E+01
   -6.806444E+01   -2.197572E+01
   -6.817713E+01   -2.159954E+01
   -6.840059E+01   -2.093794E+01
   -6.851543E+01   -2.093256E+01
   -6.854917E+01   -2.072626E+01
   -6.843916E+01   -2.063745E+01
   -6.843936E+01   -2.063240E+01
   -6.845253E+01   -2.063254E+01
   -6.848156E+01   -2.060064E+01
   -6.851011E+01   -2.060250E+01
   -6.875569E+01   -2.039242E+01
   -6.874154E+01   -2.036429E+01
   -6.866869E+01   -2.033434E+01
   -6.866325E+01   -2.032404E+01
   -6.871288E+01   -2.023978E+01
   -6.870467E+01   -2.014174E+01
   -6.877789E+01   -2.011814E+01
   -6.878046E+01   -2.008205E+01
   -6.855966E+01   -2.004478E+01
   -6.852316E+01   -1.991685E+01
   -6.854037E+01   -1.988364E+01
   -6.852985E+01   -1.984282E+01
   -6.860683E+01   -1.981811E+01
   -6.869159E+01   -1.974368E+01
   -6.868462E+01   -1.972490E+01
   -6.862205E+01   -1.969668E+01
   -6.861115E+01   -1.967034E+01
   -6.860263E+01   -1.966673E+01
   -6.859560E+01   -1.963830E+01
   -6.856667E+01   -1.962772E+01
   -6.841687E+01   -1.943028E+01
   -6.840731E+01   -1.941311E+01
   -6.841035E+01   -1.939793E+01
   -6.861621E+01   -1.926960E+01
   -6.895712E+01   -1.894081E+01
   -6.890921E+01   -1.888314E+01
   -6.900230E+01   -1.863526E+01
   -6.899844E+01   -1.859050E+01
   -6.905247E+01   -1.836253E+01
   -6.903617E+01   -1.832434E+01
   -6.903778E+01   -1.831743E+01
   -6.906570E+01   -1.829922E+01
   -6.907127E+01   -1.828125E+01
   -6.913856E+01   -1.815672E+01
   -6.906722E+01   -1.807181E+01
   -6.908633E+01   -1.804175E+01
   -6.921467E+01   -1.797718E+01
   -6.923824E+01   -1.798197E+01
   -6.924585E+01   -1.797683E+01
   -6.925563E+01   -1.795306E+01
   -6.927187E+01   -1.796619E+01
   -6.927931E+01   -1.796633E+01
   -6.929630E+01   -1.795036E+01
   -6.931262E+01   -1.791077E+01
   -6.933363E+01   -1.776734E+01
   -6.946149E+01   -1.760585E+01
   -6.946288E+01   -1.737553E+01
   -6.963797E+01   -1.728688E+01
   -6.964076E+01   -1.728202E+01
   -6.960014E+01   -1.721531E+01
   -6.959458E+01   -1.721125E+01
   -6.958097E+01   -1.721121E+01
   -6.956081E+01   -1.717061E+01
   -6.943691E+01   -1.710015E+01
   -6.942323E+01   -1.711180E+01
   -6.937482E+01   -1.707820E+01
   -6.936893E+01   -1.705061E+01
   -6.938050E+01   -1.703070E+01
   -6.938788E+01   -1.702814E+01
   -6.939189E+01   -1.702100E+01
   -6.936002E+01   -1.698565E+01
   -6.933134E+01   -1.698118E+01
   -6.931152E+01   -1.695984E+01
   -6.931872E+01   -1.694438E+01
   -6.916167E+01   -1.672680E+01
   -6.904132E+01   -1.669371E+01
   -6.900617E+01   -1.667662E+01
   -6.900828E+01   -1.666936E+01
   -6.899645E+01   -1.665994E+01
   -6.898237E+01   -1.643272E+01
   -6.881416E+01   -1.633753E+01
   -6.881799E+01   -1.631525E+01
   -6.896292E+01   -1.618863E+01
   -6.898694E+01   -1.619366E+01
   -6.901020E+01   -1.621613E+01
   -6.904182E+01   -1.620021E+01
   -6.923594E+01   -1.614303E+01
   -6.941386E+01   -1.562077E+01
   -6.929696E+01   -1.541892E+01
   -6.927397E+01   -1.542050E+01
   -6.927241E+01   -1.541633E+01
   -6.928436E+01   -1.536926E+01
   -6.928136E+01   -1.536598E+01
   -6.926688E+01   -1.536797E+01
   -6.926752E+01   -1.534018E+01
   -6.923215E+01   -1.532449E+01
   -6.922864E+01   -1.531293E+01
   -6.921521E+01   -1.531057E+01
   -6.920781E+01   -1.530306E+01
   -6.918559E+01   -1.526145E+01
   -6.913530E+01   -1.526817E+01
   -6.912598E+01   -1.525612E+01
   -6.937456E+01   -1.495408E+01
   -6.936316E+01   -1.480902E+01
   -6.936053E+01   -1.479954E+01
   -6.925169E+01   -1.475883E+01
   -6.923946E+01   -1.474662E+01
   -6.921994E+01   -1.457836E+01
   -6.914904E+01   -1.458417E+01
   -6.914610E+01   -1.457905E+01
   -6.915376E+01   -1.451299E+01
   -6.914693E+01   -1.450227E+01
   -6.897977E+01   -1.438717E+01
   -6.898153E+01   -1.423692E+01
   -6.884960E+01   -1.421833E+01
   -6.884068E+01   -1.421027E+01
   -6.883974E+01   -1.419166E+01
   -6.885298E+01   -1.417523E+01
   -6.885492E+01   -1.412158E+01
   -6.895971E+01   -1.387512E+01
   -6.900000E+01   -1.378875E+01
   -6.898871E+01   -1.377753E+01
   -6.898777E+01   -1.376858E+01
   -6.907690E+01   -1.366954E+01
   -6.907436E+01   -1.364808E+01
   -6.903638E+01   -1.364330E+01
   -6.900153E+01   -1.365562E+01
   -6.899728E+01   -1.365246E+01
   -6.900728E+01   -1.361324E+01
   -6.896207E+01   -1.353538E+01
   -6.894173E+01   -1.348586E+01
   -6.894307E+01   -1.348238E+01
   -6.894611E+01   -1.348186E+01
   -6.895219E+01   -1.345848E+01
   -6.894728E+01   -1.345997E+01
   -6.894933E+01   -1.343461E+01
   -6.895602E+01   -1.342894E+01
   -6.895549E+01   -1.342619E+01
   -6.894822E+01   -1.342704E+01
   -6.894358E+01   -1.341885E+01
   -6.894437E+01   -1.341193E+01
   -6.895025E+01   -1.341203E+01
   -6.894991E+01   -1.340698E+01
   -6.895425E+01   -1.340182E+01
   -6.895134E+01   -1.336460E+01
   -6.894807E+01   -1.336512E+01
   -6.894541E+01   -1.337278E+01
   -6.894191E+01   -1.337400E+01
   -6.894630E+01   -1.333777E+01
   -6.895418E+01   -1.333254E+01
   -6.895527E+01   -1.332884E+01
   -6.894613E+01   -1.332972E+01
   -6.894394E+01   -1.332631E+01
   -6.894552E+01   -1.332306E+01
   -6.895256E+01   -1.332291E+01
   -6.895392E+01   -1.332058E+01
   -6.894159E+01   -1.331508E+01
   -6.894018E+01   -1.330430E+01
   -6.894376E+01   -1.330675E+01
   -6.894883E+01   -1.330250E+01
   -6.895141E+01   -1.328035E+01
   -6.894518E+01   -1.328555E+01
   -6.894345E+01   -1.328167E+01
   -6.894670E+01   -1.326894E+01
   -6.895504E+01   -1.326370E+01
   -6.895351E+01   -1.325775E+01
   -6.894948E+01   -1.325622E+01
   -6.894438E+01   -1.325932E+01
   -6.893910E+01   -1.325414E+01
   -6.894376E+01   -1.324138E+01
   -6.895461E+01   -1.324323E+01
   -6.895573E+01   -1.324090E+01
   -6.895329E+01   -1.323681E+01
   -6.895461E+01   -1.323264E+01
   -6.894221E+01   -1.322392E+01
   -6.894617E+01   -1.322269E+01
   -6.895419E+01   -1.320226E+01
   -6.895747E+01   -1.320219E+01
   -6.896204E+01   -1.320670E+01
   -6.896676E+01   -1.319739E+01
   -6.895031E+01   -1.318554E+01
   -6.895118E+01   -1.318230E+01
   -6.895895E+01   -1.318329E+01
   -6.895731E+01   -1.316191E+01
   -6.895236E+01   -1.316087E+01
   -6.895113E+01   -1.315836E+01
   -6.895010E+01   -1.313237E+01
   -6.895387E+01   -1.313275E+01
   -6.896582E+01   -1.314263E+01
   -6.896909E+01   -1.314210E+01
   -6.896495E+01   -1.312423E+01
   -6.895724E+01   -1.312578E+01
   -6.894976E+01   -1.310545E+01
   -6.895965E+01   -1.309603E+01
   -6.895910E+01   -1.309236E+01
   -6.894411E+01   -1.307219E+01
   -6.895396E+01   -1.306093E+01
   -6.894420E+01   -1.305400E+01
   -6.894550E+01   -1.304891E+01
   -6.894302E+01   -1.304274E+01
   -6.894807E+01   -1.303734E+01
   -6.894909E+01   -1.303042E+01
   -6.895496E+01   -1.303052E+01
   -6.895702E+01   -1.302841E+01
   -6.894767E+01   -1.301894E+01
   -6.894811E+01   -1.301778E+01
   -6.896414E+01   -1.302112E+01
   -6.897003E+01   -1.300074E+01
   -6.896194E+01   -1.298433E+01
   -6.896339E+01   -1.297533E+01
   -6.895949E+01   -1.296850E+01
   -6.896030E+01   -1.296250E+01
   -6.895639E+01   -1.295545E+01
   -6.896993E+01   -1.294158E+01
   -6.897026E+01   -1.293513E+01
   -6.896810E+01   -1.293287E+01
   -6.895848E+01   -1.293261E+01
   -6.895631E+01   -1.293013E+01
   -6.897146E+01   -1.291438E+01
   -6.897018E+01   -1.290934E+01
   -6.896322E+01   -1.291294E+01
   -6.896774E+01   -1.289420E+01
   -6.896195E+01   -1.288696E+01
   -6.896119E+01   -1.285152E+01
   -6.894668E+01   -1.285275E+01
   -6.893238E+01   -1.284177E+01
   -6.892278E+01   -1.280974E+01
   -6.891566E+01   -1.279469E+01
   -6.889343E+01   -1.279631E+01
   -6.887631E+01   -1.275177E+01
   -6.884205E+01   -1.274972E+01
   -6.884055E+01   -1.274515E+01
   -6.885173E+01   -1.273110E+01
   -6.884979E+01   -1.272792E+01
   -6.875026E+01   -1.272007E+01
   -6.873725E+01   -1.270284E+01
   -6.874204E+01   -1.269652E+01
   -6.872770E+01   -1.267149E+01
   -6.873421E+01   -1.265777E+01
   -6.874834E+01   -1.266163E+01
   -6.874919E+01   -1.265701E+01
   -6.874458E+01   -1.264950E+01
   -6.874985E+01   -1.264364E+01
   -6.876939E+01   -1.264831E+01
   -6.870432E+01   -1.255961E+01
   -6.869865E+01   -1.254614E+01
   -6.870125E+01   -1.253596E+01
   -6.869379E+01   -1.252598E+01
   -6.868301E+01   -1.252551E+01
   -6.867799E+01   -1.252054E+01
   -6.868233E+01   -1.250388E+01
   -6.867930E+01   -1.249715E+01
   -6.956644E+01   -1.095666E+01
   -6.956439E+01   -1.095477E+01
   -6.944854E+01   -1.094954E+01
   -6.943359E+01   -1.095198E+01
   -6.942172E+01   -1.094136E+01
   -6.939866E+01   -1.094201E+01
   -6.939411E+01   -1.093730E+01
   -6.939290E+01   -1.092899E+01
   -6.936091E+01   -1.094417E+01
   -6.935590E+01   -1.093946E+01
   -6.922806E+01   -1.095613E+01
   -6.920381E+01   -1.095790E+01
   -6.918871E+01   -1.096724E+01
   -6.897459E+01   -1.100397E+01
   -6.896369E+01   -1.099500E+01
   -6.895232E+01   -1.099662E+01
   -6.894549E+01   -1.100390E+01
   -6.892225E+01   -1.100647E+01
   -6.891796E+01   -1.101277E+01
   -6.889545E+01   -1.101670E+01
   -6.888367E+01   -1.101027E+01
   -6.887067E+01   -1.102344E+01
   -6.886742E+01   -1.102374E+01
   -6.886310E+01   -1.101738E+01
   -6.884609E+01   -1.101704E+01
   -6.884340E+01   -1.099983E+01
   -6.883684E+01   -1.099767E+01
   -6.883159E+01   -1.100307E+01
   -6.882737E+01   -1.100155E+01
   -6.882350E+01   -1.099495E+01
   -6.881953E+01   -1.099457E+01
   -6.881250E+01   -1.100347E+01
   -6.880268E+01   -1.100160E+01
   -6.880044E+01   -1.099428E+01
   -6.878661E+01   -1.098996E+01
   -6.877734E+01   -1.100373E+01
   -6.875405E+01   -1.100352E+01
   -6.875063E+01   -1.100658E+01
   -6.877361E+01   -1.105930E+01
   -6.876524E+01   -1.109423E+01
   -6.877692E+01   -1.112416E+01
   -6.876867E+01   -1.113863E+01
   -6.847758E+01   -1.103645E+01
   -6.841456E+01   -1.104113E+01
   -6.840725E+01   -1.103667E+01
   -6.839894E+01   -1.101657E+01
   -6.836770E+01   -1.100243E+01
   -6.834251E+01   -1.101258E+01
   -6.828970E+01   -1.099056E+01
   -6.811351E+01   -1.075279E+01
   -6.811908E+01   -1.072622E+01
   -6.800426E+01   -1.065370E+01
   -6.773810E+01   -1.071587E+01
   -6.773415E+01   -1.071640E+01
   -6.771538E+01   -1.070659E+01
   -6.768484E+01   -1.062827E+01
   -6.762901E+01   -1.059212E+01
   -6.763085E+01   -1.058784E+01
   -6.761882E+01   -1.057722E+01
   -6.756549E+01   -1.050006E+01
   -6.752818E+01   -1.049238E+01
   -6.752412E+01   -1.048577E+01
   -6.741853E+01   -1.042162E+01
   -6.741875E+01   -1.040597E+01
   -6.742860E+01   -1.039753E+01
   -6.741449E+01   -1.037151E+01
   -6.738321E+01   -1.037683E+01
   -6.737571E+01   -1.037235E+01
   -6.736991E+01   -1.037290E+01
   -6.736079E+01   -1.038455E+01
   -6.735801E+01   -1.038459E+01
   -6.735204E+01   -1.037364E+01
   -6.732719E+01   -1.037425E+01
   -6.731789E+01   -1.035874E+01
   -6.732549E+01   -1.032433E+01
   -6.732053E+01   -1.031912E+01
   -6.723402E+01   -1.031238E+01
   -6.718588E+01   -1.033911E+01
   -6.713830E+01   -1.030990E+01
   -6.714441E+01   -1.029899E+01
   -6.713496E+01   -1.028762E+01
   -6.708498E+01   -1.028513E+01
   -6.706216E+01   -1.026406E+01
   -6.705264E+01   -1.026374E+01
   -6.704813E+01   -1.025736E+01
   -6.702905E+01   -1.025418E+01
   -6.700344E+01   -1.021703E+01
   -6.700864E+01   -1.020706E+01
   -6.700191E+01   -1.019128E+01
   -6.698576E+01   -1.018207E+01
   -6.696692E+01   -1.017912E+01
   -6.694508E+01   -1.014421E+01
   -6.693060E+01   -1.014110E+01
   -6.688634E+01   -1.009280E+01
   -6.688339E+01   -1.008064E+01
   -6.687828E+01   -1.008002E+01
   -6.687276E+01   -1.008332E+01
   -6.685441E+01   -1.008219E+01
   -6.671508E+01   -9.968781E+00
   -6.665090E+01   -9.942820E+00
   -6.665032E+01   -9.931838E+00
   -6.664404E+01   -9.930462E+00
   -6.663483E+01   -9.938506E+00
   -6.662318E+01   -9.934791E+00
   -6.661626E+01   -9.893160E+00
   -6.657555E+01   -9.897984E+00
   -6.655677E+01   -9.884032E+00
   -6.650615E+01   -9.878427E+00
   -6.650321E+01   -9.883307E+00
   -6.649859E+01   -9.884073E+00
   -6.643240E+01   -9.873946E+00
   -6.642924E+01   -9.894014E+00
   -6.642207E+01   -9.895280E+00
   -6.641901E+01   -9.891648E+00
   -6.641792E+01   -9.881773E+00
   -6.636195E+01   -9.860353E+00
   -6.635382E+01   -9.844836E+00
   -6.631512E+01   -9.830495E+00
   -6.629325E+01   -9.839581E+00
   -6.622944E+01   -9.818948E+00
   -6.620501E+01   -9.827606E+00
   -6.616126E+01   -9.785023E+00
   -6.610519E+01   -9.785410E+00
   -6.610320E+01   -9.807065E+00
   -6.610091E+01   -9.809400E+00
   -6.609600E+01   -9.806252E+00
   -6.606422E+01   -9.772218E+00
   -6.604305E+01   -9.782193E+00
   -6.602650E+01   -9.806824E+00
   -6.597144E+01   -9.797047E+00
   -6.592072E+01   -9.766030E+00
   -6.587239E+01   -9.756597E+00
   -6.586945E+01   -9.761470E+00
   -6.587167E+01   -9.787894E+00
   -6.586759E+01   -9.794164E+00
   -6.585110E+01   -9.790945E+00
   -6.581323E+01   -9.750297E+00
   -6.580975E+01   -9.750115E+00
   -6.580328E+01   -9.784944E+00
   -6.579820E+01   -9.786164E+00
   -6.578252E+01   -9.774419E+00
   -6.577677E+01   -9.727338E+00
   -6.576809E+01   -9.735740E+00
   -6.576633E+01   -9.759459E+00
   -6.574447E+01   -9.770572E+00
   -6.569225E+01   -9.745977E+00
   -6.568858E+01   -9.748788E+00
   -6.568871E+01   -9.758678E+00
   -6.570476E+01   -9.763752E+00
   -6.570615E+01   -9.797781E+00
   -6.570042E+01   -9.802919E+00
   -6.569437E+01   -9.801392E+00
   -6.567531E+01   -9.778872E+00
   -6.565121E+01   -9.788224E+00
   -6.564893E+01   -9.799241E+00
   -6.564503E+01   -9.802284E+00
   -6.563942E+01   -9.798448E+00
   -6.563410E+01   -9.798979E+00
   -6.563000E+01   -9.821809E+00
   -6.561275E+01   -9.814216E+00
   -6.560490E+01   -9.815930E+00
   -6.559720E+01   -9.830065E+00
   -6.556290E+01   -9.834455E+00
   -6.556015E+01   -9.831931E+00
   -6.556289E+01   -9.810960E+00
   -6.555727E+01   -9.806202E+00
   -6.555276E+01   -9.806031E+00
END
END
