none
1
   1.010847E+02   5.695846E+00
   1.010501E+02   5.729899E+00
   1.010079E+02   5.744097E+00
   1.009803E+02   5.788456E+00
   1.010159E+02   5.867432E+00
   1.010131E+02   5.900399E+00
   1.010916E+02   5.931494E+00
   1.011099E+02   5.988311E+00
   1.010953E+02   6.037622E+00
   1.011102E+02   6.096023E+00
   1.010634E+02   6.129911E+00
   1.010569E+02   6.152783E+00
   1.010747E+02   6.183797E+00
   1.011117E+02   6.190612E+00
   1.011061E+02   6.242823E+00
   1.010312E+02   6.234130E+00
   1.009915E+02   6.267421E+00
   1.009534E+02   6.229916E+00
   1.008808E+02   6.240059E+00
   1.008531E+02   6.225444E+00
   1.008242E+02   6.415543E+00
   1.007981E+02   6.440357E+00
   1.007582E+02   6.445161E+00
   1.007452E+02   6.487928E+00
   1.006598E+02   6.437592E+00
   1.005252E+02   6.482341E+00
   1.004956E+02   6.513206E+00
   1.004365E+02   6.505564E+00
   1.003784E+02   6.529195E+00
   1.002960E+02   6.601213E+00
   1.003134E+02   6.624327E+00
   1.002922E+02   6.693694E+00
   1.002642E+02   6.693612E+00
   1.002486E+02   6.673336E+00
   1.002202E+02   6.699664E+00
   1.002045E+02   6.697367E+00
   1.001845E+02   6.620820E+00
   1.002036E+02   6.568672E+00
   1.001801E+02   6.536636E+00
   1.001811E+02   6.474241E+00
   1.001164E+02   6.399284E+00
   1.000212E+02   6.385648E+00
   9.990863E+01   6.480074E+00
   9.956213E+01   6.428436E+00
   9.948158E+01   6.239878E+00
   9.904884E+01   6.148309E+00
   9.825807E+01   7.085465E+00
   9.745193E+01   8.371594E+00
   9.747897E+01   8.708824E+00
   9.773368E+01   9.586940E+00
   9.800526E+01   9.514256E+00
   9.828197E+01   9.721309E+00
   9.840294E+01   9.893973E+00
   9.850283E+01   9.898988E+00
   9.855728E+01   9.967928E+00
   9.865152E+01   1.013686E+01
   9.873297E+01   1.032520E+01
   9.874484E+01   1.039312E+01
   9.879658E+01   1.047000E+01
   9.879029E+01   1.048650E+01
   9.880845E+01   1.050744E+01
   9.878879E+01   1.055806E+01
   9.879759E+01   1.057760E+01
   9.876115E+01   1.062015E+01
   9.877410E+01   1.068909E+01
   9.885587E+01   1.078669E+01
   9.887817E+01   1.079868E+01
   9.889245E+01   1.078816E+01
   9.890265E+01   1.081346E+01
   9.893236E+01   1.083179E+01
   9.895843E+01   1.082213E+01
   9.899900E+01   1.083869E+01
   9.901109E+01   1.088231E+01
   9.899393E+01   1.092478E+01
   9.901301E+01   1.097020E+01
   9.903768E+01   1.097658E+01
   9.907546E+01   1.095927E+01
   9.909934E+01   1.101680E+01
   9.916019E+01   1.104927E+01
   9.918904E+01   1.109540E+01
   9.922872E+01   1.111445E+01
   9.926928E+01   1.123092E+01
   9.931521E+01   1.128292E+01
   9.932122E+01   1.132647E+01
   9.939192E+01   1.138930E+01
   9.939567E+01   1.145591E+01
   9.943640E+01   1.148169E+01
   9.945966E+01   1.152433E+01
   9.945864E+01   1.161378E+01
   9.948768E+01   1.163889E+01
   9.956076E+01   1.164307E+01
   9.958103E+01   1.168923E+01
   9.962659E+01   1.173788E+01
   9.964876E+01   1.181925E+01
   9.961955E+01   1.182742E+01
   9.957308E+01   1.188396E+01
   9.958436E+01   1.199501E+01
   9.954501E+01   1.201362E+01
   9.953421E+01   1.205719E+01
   9.956267E+01   1.213538E+01
   9.948309E+01   1.211893E+01
   9.946381E+01   1.213085E+01
   9.948959E+01   1.218802E+01
   9.947166E+01   1.222298E+01
   9.947550E+01   1.225855E+01
   9.943863E+01   1.232341E+01
   9.943768E+01   1.240136E+01
   9.940254E+01   1.246552E+01
   9.942880E+01   1.256907E+01
   9.941040E+01   1.259484E+01
   9.929821E+01   1.265821E+01
   9.927791E+01   1.270544E+01
   9.923696E+01   1.271806E+01
   9.922649E+01   1.279320E+01
   9.919151E+01   1.283360E+01
   9.916890E+01   1.291512E+01
   9.918264E+01   1.297007E+01
   9.910290E+01   1.305221E+01
   9.912772E+01   1.314078E+01
   9.911188E+01   1.318028E+01
   9.914026E+01   1.320404E+01
   9.920304E+01   1.321873E+01
   9.918722E+01   1.331333E+01
   9.920315E+01   1.333804E+01
   9.920718E+01   1.340667E+01
   9.920084E+01   1.346616E+01
   9.916057E+01   1.357049E+01
   9.917148E+01   1.358915E+01
   9.915921E+01   1.363386E+01
   9.917048E+01   1.371110E+01
   9.915564E+01   1.374234E+01
   9.911824E+01   1.377060E+01
   9.910280E+01   1.383988E+01
   9.910956E+01   1.387220E+01
   9.902501E+01   1.393148E+01
   9.899488E+01   1.400546E+01
   9.896605E+01   1.403108E+01
   9.896457E+01   1.407543E+01
   9.889168E+01   1.410506E+01
   9.886416E+01   1.413990E+01
   9.875294E+01   1.421015E+01
   9.872475E+01   1.426815E+01
   9.869581E+01   1.426078E+01
   9.860320E+01   1.432021E+01
   9.858791E+01   1.435903E+01
   9.856244E+01   1.437747E+01
   9.849548E+01   1.452089E+01
   9.846536E+01   1.452720E+01
   9.845912E+01   1.457352E+01
   9.831234E+01   1.471392E+01
   9.829496E+01   1.476063E+01
   9.825522E+01   1.480247E+01
   9.825579E+01   1.484227E+01
   9.823694E+01   1.487148E+01
   9.824508E+01   1.491884E+01
   9.820407E+01   1.500146E+01
   9.822457E+01   1.504431E+01
   9.817453E+01   1.509788E+01
   9.820689E+01   1.517828E+01
   9.819531E+01   1.523015E+01
   9.826029E+01   1.524360E+01
   9.830446E+01   1.531119E+01
   9.837682E+01   1.529632E+01
   9.839694E+01   1.532296E+01
   9.841505E+01   1.532570E+01
   9.842010E+01   1.537181E+01
   9.845579E+01   1.537294E+01
   9.849648E+01   1.539773E+01
   9.857104E+01   1.535756E+01
   9.858613E+01   1.546438E+01
   9.855573E+01   1.558980E+01
   9.856607E+01   1.567011E+01
   9.855540E+01   1.572431E+01
   9.856882E+01   1.581111E+01
   9.859890E+01   1.585824E+01
   9.858057E+01   1.592347E+01
   9.860578E+01   1.597076E+01
   9.856321E+01   1.605537E+01
   9.858391E+01   1.606966E+01
   9.863410E+01   1.605668E+01
   9.866362E+01   1.608186E+01
   9.866492E+01   1.611631E+01
   9.868435E+01   1.613625E+01
   9.878298E+01   1.613371E+01
   9.880865E+01   1.611313E+01
   9.884613E+01   1.614171E+01
   9.885411E+01   1.621860E+01
   9.890876E+01   1.627069E+01
   9.890299E+01   1.632512E+01
   9.891740E+01   1.638636E+01
   9.886936E+01   1.641688E+01
   9.885277E+01   1.645585E+01
   9.881846E+01   1.636544E+01
   9.878508E+01   1.633830E+01
   9.874033E+01   1.632689E+01
   9.870546E+01   1.626077E+01
   9.866586E+01   1.626737E+01
   9.865744E+01   1.633835E+01
   9.862780E+01   1.641059E+01
   9.864133E+01   1.646308E+01
   9.856783E+01   1.655417E+01
   9.857476E+01   1.658743E+01
   9.855936E+01   1.662043E+01
   9.850500E+01   1.663775E+01
   9.850517E+01   1.668239E+01
   9.846386E+01   1.670507E+01
   9.845348E+01   1.672827E+01
   9.845334E+01   1.675389E+01
   9.847755E+01   1.679572E+01
   9.852137E+01   1.681846E+01
   9.848243E+01   1.684211E+01
   9.850072E+01   1.688600E+01
   9.851800E+01   1.689129E+01
   9.848139E+01   1.691793E+01
   9.847840E+01   1.695909E+01
   9.843939E+01   1.699199E+01
   9.844337E+01   1.701123E+01
   9.842452E+01   1.701365E+01
   9.840659E+01   1.703977E+01
   9.834182E+01   1.703862E+01
   9.831110E+01   1.706228E+01
   9.829284E+01   1.710259E+01
   9.827066E+01   1.711240E+01
   9.827517E+01   1.714108E+01
   9.822169E+01   1.719619E+01
   9.819821E+01   1.724241E+01
   9.816119E+01   1.725475E+01
   9.810343E+01   1.731515E+01
   9.809829E+01   1.738071E+01
   9.807347E+01   1.738271E+01
   9.798709E+01   1.749996E+01
   9.796649E+01   1.749913E+01
   9.795527E+01   1.751817E+01
   9.791663E+01   1.753194E+01
   9.789759E+01   1.757811E+01
   9.778568E+01   1.767351E+01
   9.775351E+01   1.772138E+01
   9.775483E+01   1.775781E+01
   9.769279E+01   1.781167E+01
   9.766227E+01   1.787590E+01
   9.767948E+01   1.793112E+01
   9.772520E+01   1.796072E+01
   9.772749E+01   1.797461E+01
   9.769846E+01   1.805131E+01
   9.767203E+01   1.806197E+01
   9.768057E+01   1.808745E+01
   9.766680E+01   1.815688E+01
   9.759957E+01   1.823553E+01
   9.762981E+01   1.828424E+01
   9.761424E+01   1.830943E+01
   9.756050E+01   1.832816E+01
   9.753727E+01   1.827216E+01
   9.749470E+01   1.826042E+01
   9.743858E+01   1.832611E+01
   9.744220E+01   1.838529E+01
   9.741762E+01   1.840324E+01
   9.737773E+01   1.850082E+01
   9.733751E+01   1.854118E+01
   9.733396E+01   1.857786E+01
   9.736581E+01   1.860870E+01
   9.737213E+01   1.856989E+01
   9.740872E+01   1.857510E+01
   9.743503E+01   1.855091E+01
   9.745209E+01   1.850699E+01
   9.748306E+01   1.852105E+01
   9.750591E+01   1.850373E+01
   9.752900E+01   1.850597E+01
   9.754155E+01   1.853851E+01
   9.759671E+01   1.854629E+01
   9.760827E+01   1.856932E+01
   9.764759E+01   1.858659E+01
   9.769913E+01   1.857994E+01
   9.773088E+01   1.859652E+01
   9.775675E+01   1.858788E+01
   9.776301E+01   1.868853E+01
   9.774163E+01   1.873600E+01
   9.774876E+01   1.875778E+01
   9.772974E+01   1.887523E+01
   9.765996E+01   1.892509E+01
   9.765796E+01   1.895003E+01
   9.772490E+01   1.898452E+01
   9.772633E+01   1.904425E+01
   9.775852E+01   1.904976E+01
   9.776237E+01   1.908077E+01
   9.782766E+01   1.910184E+01
   9.783492E+01   1.921382E+01
   9.777272E+01   1.926694E+01
   9.778533E+01   1.929185E+01
   9.782226E+01   1.929549E+01
   9.777600E+01   1.940176E+01
   9.786268E+01   1.949384E+01
   9.784502E+01   1.953116E+01
   9.785510E+01   1.958330E+01
   9.796427E+01   1.960928E+01
   9.796772E+01   1.964313E+01
   9.803334E+01   1.965733E+01
   9.801478E+01   1.972126E+01
   9.802892E+01   1.981390E+01
   9.808528E+01   1.982015E+01
   9.810571E+01   1.978368E+01
   9.813634E+01   1.979815E+01
   9.817272E+01   1.977976E+01
   9.819779E+01   1.974882E+01
   9.823661E+01   1.973399E+01
   9.825121E+01   1.968887E+01
   9.839074E+01   1.971416E+01
   9.846820E+01   1.970501E+01
   9.850855E+01   1.972767E+01
   9.855961E+01   1.969096E+01
   9.858481E+01   1.972441E+01
   9.860647E+01   1.972082E+01
   9.870813E+01   1.977826E+01
   9.877404E+01   1.976423E+01
   9.883822E+01   1.982353E+01
   9.890870E+01   1.977401E+01
   9.895550E+01   1.977804E+01
   9.897900E+01   1.975103E+01
   9.898239E+01   1.978687E+01
   9.900601E+01   1.980174E+01
   9.901987E+01   1.983672E+01
   9.901211E+01   1.992951E+01
   9.903102E+01   1.993931E+01
   9.902205E+01   1.997495E+01
   9.903731E+01   2.000458E+01
   9.903486E+01   2.004114E+01
   9.907051E+01   2.010878E+01
   9.911455E+01   2.011030E+01
   9.912046E+01   2.012581E+01
   9.915997E+01   2.014279E+01
   9.934432E+01   2.011572E+01
   9.938567E+01   2.009759E+01
   9.943059E+01   2.010046E+01
   9.948182E+01   2.011986E+01
   9.950662E+01   2.016051E+01
   9.952810E+01   2.015997E+01
   9.955112E+01   2.020633E+01
   9.951325E+01   2.022984E+01
   9.949466E+01   2.032622E+01
   9.944722E+01   2.035718E+01
   9.945233E+01   2.040073E+01
   9.947709E+01   2.040323E+01
   9.952242E+01   2.037241E+01
   9.960967E+01   2.034524E+01
   9.964601E+01   2.035297E+01
   9.967951E+01   2.032837E+01
   9.972958E+01   2.036010E+01
   9.979863E+01   2.034546E+01
   9.982864E+01   2.038022E+01
   9.985799E+01   2.045322E+01
   9.995441E+01   2.047466E+01
   9.997592E+01   2.046806E+01
   1.000034E+02   2.042835E+01
   1.000800E+02   2.039568E+01
   1.000960E+02   2.037080E+01
   1.001084E+02   2.031692E+01
   1.001021E+02   2.027145E+01
   1.001140E+02   2.026067E+01
   1.001663E+02   2.025524E+01
   1.001571E+02   2.030187E+01
   1.002143E+02   2.032390E+01
   1.002183E+02   2.036156E+01
   1.002543E+02   2.040382E+01
   1.003331E+02   2.040913E+01
   1.003855E+02   2.035549E+01
   1.003933E+02   2.031690E+01
   1.004231E+02   2.026185E+01
   1.004573E+02   2.024131E+01
   1.004635E+02   2.020768E+01
   1.005234E+02   2.015411E+01
   1.005503E+02   2.018675E+01
   1.005957E+02   2.016354E+01
   1.005185E+02   1.987823E+01
   1.004637E+02   1.984057E+01
   1.004143E+02   1.975634E+01
   1.004432E+02   1.970538E+01
   1.004548E+02   1.963161E+01
   1.004894E+02   1.959472E+01
   1.004939E+02   1.954821E+01
   1.005094E+02   1.953489E+01
   1.005804E+02   1.950306E+01
   1.006112E+02   1.955141E+01
   1.006495E+02   1.956212E+01
   1.007550E+02   1.952082E+01
   1.007751E+02   1.949854E+01
   1.009022E+02   1.963351E+01
   1.010381E+02   1.962835E+01
   1.011226E+02   1.957805E+01
   1.011914E+02   1.957875E+01
   1.012071E+02   1.960159E+01
   1.012299E+02   1.960498E+01
   1.012706E+02   1.959089E+01
   1.012899E+02   1.956791E+01
   1.012950E+02   1.951701E+01
   1.012776E+02   1.947228E+01
   1.012197E+02   1.945528E+01
   1.012113E+02   1.936195E+01
   1.012511E+02   1.933298E+01
   1.012426E+02   1.930083E+01
   1.012666E+02   1.922763E+01
   1.012674E+02   1.913310E+01
   1.013569E+02   1.906169E+01
   1.013644E+02   1.903784E+01
   1.013484E+02   1.900480E+01
   1.013063E+02   1.897162E+01
   1.013040E+02   1.893127E+01
   1.012594E+02   1.888873E+01
   1.012705E+02   1.880633E+01
   1.012408E+02   1.873053E+01
   1.012773E+02   1.870425E+01
   1.012834E+02   1.868262E+01
   1.012351E+02   1.861619E+01
   1.011943E+02   1.860403E+01
   1.011922E+02   1.855239E+01
   1.011614E+02   1.854385E+01
   1.011448E+02   1.851843E+01
   1.011144E+02   1.851399E+01
   1.011040E+02   1.847333E+01
   1.010684E+02   1.843878E+01
   1.010957E+02   1.839053E+01
   1.011940E+02   1.834300E+01
   1.011643E+02   1.829283E+01
   1.011753E+02   1.827599E+01
   1.011606E+02   1.826027E+01
   1.012046E+02   1.821424E+01
   1.011772E+02   1.812795E+01
   1.012005E+02   1.805340E+01
   1.011492E+02   1.801398E+01
   1.011247E+02   1.795501E+01
   1.010949E+02   1.792358E+01
   1.010311E+02   1.788837E+01
   1.010391E+02   1.783042E+01
   1.010015E+02   1.780318E+01
   1.010114E+02   1.778608E+01
   1.009910E+02   1.776155E+01
   1.009988E+02   1.772320E+01
   1.009735E+02   1.768395E+01
   1.009822E+02   1.766223E+01
   1.009691E+02   1.764804E+01
   1.009984E+02   1.761218E+01
   1.009784E+02   1.758251E+01
   1.010512E+02   1.755376E+01
   1.010796E+02   1.751572E+01
   1.011085E+02   1.751775E+01
   1.011180E+02   1.749324E+01
   1.011531E+02   1.748601E+01
   1.011693E+02   1.750418E+01
   1.011687E+02   1.753186E+01
   1.012211E+02   1.754474E+01
   1.012995E+02   1.765796E+01
   1.013437E+02   1.767019E+01
   1.013775E+02   1.770660E+01
   1.013966E+02   1.770325E+01
   1.014048E+02   1.771307E+01
   1.013872E+02   1.772844E+01
   1.013981E+02   1.774370E+01
   1.014410E+02   1.774382E+01
   1.014597E+02   1.776374E+01
   1.014968E+02   1.776546E+01
   1.015492E+02   1.779852E+01
   1.015417E+02   1.782382E+01
   1.015657E+02   1.787493E+01
   1.015814E+02   1.787782E+01
   1.015938E+02   1.786153E+01
   1.016116E+02   1.790215E+01
   1.017158E+02   1.791805E+01
   1.017701E+02   1.807407E+01
   1.017948E+02   1.808070E+01
   1.018959E+02   1.804221E+01
   1.019549E+02   1.811427E+01
   1.020256E+02   1.816395E+01
   1.020380E+02   1.820232E+01
   1.020819E+02   1.822962E+01
   1.021740E+02   1.821252E+01
   1.021923E+02   1.815862E+01
   1.022974E+02   1.806498E+01
   1.023504E+02   1.805477E+01
   1.024252E+02   1.799905E+01
   1.024711E+02   1.797862E+01
   1.025450E+02   1.798396E+01
   1.026112E+02   1.796625E+01
   1.026244E+02   1.790531E+01
   1.026023E+02   1.784593E+01
   1.026436E+02   1.784060E+01
   1.026810E+02   1.781429E+01
   1.026669E+02   1.784826E+01
   1.026811E+02   1.787756E+01
   1.027529E+02   1.790347E+01
   1.027787E+02   1.794069E+01
   1.028537E+02   1.798223E+01
   1.029557E+02   1.801596E+01
   1.030294E+02   1.798441E+01
   1.030703E+02   1.804631E+01
   1.030644E+02   1.812548E+01
   1.031392E+02   1.818088E+01
   1.031393E+02   1.822938E+01
   1.031610E+02   1.826338E+01
   1.032865E+02   1.830890E+01
   1.032362E+02   1.833633E+01
   1.032328E+02   1.836943E+01
   1.033048E+02   1.844186E+01
   1.034117E+02   1.845813E+01
   1.034642E+02   1.843484E+01
   1.035340E+02   1.843510E+01
   1.036194E+02   1.840979E+01
   1.036996E+02   1.835293E+01
   1.038201E+02   1.834866E+01
   1.038601E+02   1.829763E+01
   1.039247E+02   1.834186E+01
   1.039743E+02   1.834642E+01
   1.040701E+02   1.822472E+01
   1.041181E+02   1.811538E+01
   1.042312E+02   1.798885E+01
   1.042864E+02   1.786510E+01
   1.043624E+02   1.783030E+01
   1.044789E+02   1.765827E+01
   1.047065E+02   1.753862E+01
   1.048065E+02   1.739896E+01
   1.048208E+02   1.723110E+01
   1.048110E+02   1.716400E+01
   1.047544E+02   1.702664E+01
   1.047442E+02   1.696063E+01
   1.047736E+02   1.684744E+01
   1.047499E+02   1.680454E+01
   1.047734E+02   1.670268E+01
   1.047479E+02   1.656712E+01
   1.047573E+02   1.652722E+01
   1.048519E+02   1.646420E+01
   1.048991E+02   1.636381E+01
   1.049891E+02   1.629892E+01
   1.050306E+02   1.623248E+01
   1.050540E+02   1.612200E+01
   1.052132E+02   1.605948E+01
   1.054289E+02   1.601700E+01
   1.054322E+02   1.598345E+01
   1.053934E+02   1.598142E+01
   1.053532E+02   1.591793E+01
   1.054001E+02   1.581275E+01
   1.054280E+02   1.579504E+01
   1.054398E+02   1.576510E+01
   1.054632E+02   1.575630E+01
   1.055102E+02   1.577631E+01
   1.056056E+02   1.573029E+01
   1.056470E+02   1.564753E+01
   1.056353E+02   1.556214E+01
   1.056031E+02   1.550895E+01
   1.056129E+02   1.547929E+01
   1.056017E+02   1.542209E+01
   1.055638E+02   1.538900E+01
   1.054974E+02   1.537618E+01
   1.054767E+02   1.534872E+01
   1.055095E+02   1.533091E+01
   1.055926E+02   1.534190E+01
   1.056064E+02   1.528278E+01
   1.056009E+02   1.526463E+01
   1.055547E+02   1.525118E+01
   1.054968E+02   1.519427E+01
   1.054784E+02   1.512819E+01
   1.054810E+02   1.510733E+01
   1.055540E+02   1.507735E+01
   1.055876E+02   1.501332E+01
   1.056300E+02   1.498916E+01
   1.056240E+02   1.497320E+01
   1.055650E+02   1.494635E+01
   1.055893E+02   1.489169E+01
   1.055480E+02   1.487179E+01
   1.055595E+02   1.483694E+01
   1.055229E+02   1.480736E+01
   1.055268E+02   1.476831E+01
   1.055469E+02   1.474112E+01
   1.055275E+02   1.466788E+01
   1.055457E+02   1.456066E+01
   1.054565E+02   1.445339E+01
   1.054474E+02   1.442386E+01
   1.053846E+02   1.440345E+01
   1.053580E+02   1.437726E+01
   1.053251E+02   1.439380E+01
   1.053027E+02   1.436092E+01
   1.052542E+02   1.435268E+01
   1.052301E+02   1.433255E+01
   1.051798E+02   1.433243E+01
   1.051866E+02   1.431313E+01
   1.051602E+02   1.427881E+01
   1.051629E+02   1.424983E+01
   1.051330E+02   1.421700E+01
   1.050851E+02   1.419966E+01
   1.050451E+02   1.420632E+01
   1.050149E+02   1.423525E+01
   1.049944E+02   1.429695E+01
   1.049754E+02   1.431405E+01
   1.049915E+02   1.436198E+01
   1.049799E+02   1.437529E+01
   1.049470E+02   1.437197E+01
   1.048718E+02   1.440485E+01
   1.048350E+02   1.438836E+01
   1.048046E+02   1.442691E+01
   1.047562E+02   1.439504E+01
   1.047170E+02   1.439535E+01
   1.047079E+02   1.442203E+01
   1.046841E+02   1.438813E+01
   1.046550E+02   1.439156E+01
   1.046433E+02   1.441081E+01
   1.045652E+02   1.434405E+01
   1.045014E+02   1.436485E+01
   1.044616E+02   1.433532E+01
   1.043756E+02   1.436814E+01
   1.043270E+02   1.436113E+01
   1.042763E+02   1.439499E+01
   1.042205E+02   1.435779E+01
   1.041886E+02   1.437361E+01
   1.041781E+02   1.435008E+01
   1.041453E+02   1.434462E+01
   1.041154E+02   1.436593E+01
   1.040720E+02   1.433288E+01
   1.039559E+02   1.434031E+01
   1.039421E+02   1.432023E+01
   1.038774E+02   1.432901E+01
   1.038448E+02   1.436080E+01
   1.038258E+02   1.434303E+01
   1.037046E+02   1.437085E+01
   1.036874E+02   1.443002E+01
   1.036644E+02   1.442726E+01
   1.036582E+02   1.440381E+01
   1.036215E+02   1.439405E+01
   1.035864E+02   1.442042E+01
   1.035600E+02   1.442212E+01
   1.035064E+02   1.440419E+01
   1.035048E+02   1.438373E+01
   1.034698E+02   1.435494E+01
   1.034297E+02   1.437687E+01
   1.034050E+02   1.434825E+01
   1.032673E+02   1.433963E+01
   1.032207E+02   1.431375E+01
   1.031713E+02   1.432527E+01
   1.031580E+02   1.430490E+01
   1.031408E+02   1.431409E+01
   1.031285E+02   1.429369E+01
   1.030668E+02   1.427591E+01
   1.030283E+02   1.422072E+01
   1.029666E+02   1.420069E+01
   1.029436E+02   1.417510E+01
   1.029502E+02   1.414624E+01
   1.029112E+02   1.408004E+01
   1.029205E+02   1.401317E+01
   1.028705E+02   1.399353E+01
   1.027916E+02   1.392592E+01
   1.027754E+02   1.385237E+01
   1.027357E+02   1.379483E+01
   1.027396E+02   1.376440E+01
   1.027071E+02   1.375884E+01
   1.025711E+02   1.367776E+01
   1.025614E+02   1.366160E+01
   1.026311E+02   1.361811E+01
   1.026306E+02   1.360104E+01
   1.025837E+02   1.359647E+01
   1.025694E+02   1.357160E+01
   1.025291E+02   1.355477E+01
   1.024879E+02   1.356128E+01
   1.024383E+02   1.354981E+01
   1.023692E+02   1.356539E+01
   1.023488E+02   1.355131E+01
   1.023735E+02   1.350536E+01
   1.023599E+02   1.328090E+01
   1.023765E+02   1.326615E+01
   1.024433E+02   1.309684E+01
   1.024674E+02   1.308833E+01
   1.025018E+02   1.302089E+01
   1.025397E+02   1.300524E+01
   1.025020E+02   1.297708E+01
   1.025107E+02   1.295960E+01
   1.024990E+02   1.294302E+01
   1.025190E+02   1.289685E+01
   1.025109E+02   1.285633E+01
   1.025381E+02   1.282308E+01
   1.025458E+02   1.278481E+01
   1.025401E+02   1.276114E+01
   1.025122E+02   1.273831E+01
   1.025182E+02   1.267825E+01
   1.025359E+02   1.266329E+01
   1.025836E+02   1.266267E+01
   1.026215E+02   1.262570E+01
   1.026517E+02   1.261874E+01
   1.026567E+02   1.259291E+01
   1.027154E+02   1.251989E+01
   1.027358E+02   1.251956E+01
   1.027474E+02   1.247377E+01
   1.027724E+02   1.246398E+01
   1.027955E+02   1.242421E+01
   1.027920E+02   1.239324E+01
   1.027505E+02   1.237970E+01
   1.027354E+02   1.235995E+01
   1.027149E+02   1.217534E+01
   1.027436E+02   1.211479E+01
   1.027795E+02   1.207848E+01
   1.027903E+02   1.199177E+01
   1.028246E+02   1.193688E+01
   1.028417E+02   1.186087E+01
   1.029141E+02   1.177082E+01
   1.029241E+02   1.165601E+01
   1.022385E+02   1.082599E+01
   1.022441E+02   6.409371E+00
   1.020911E+02   6.222808E+00
   1.021029E+02   6.144074E+00
   1.020633E+02   6.075609E+00
   1.019957E+02   6.030066E+00
   1.019569E+02   5.977879E+00
   1.019365E+02   5.918218E+00
   1.019540E+02   5.875538E+00
   1.019474E+02   5.857436E+00
   1.018890E+02   5.825490E+00
   1.018750E+02   5.785433E+00
   1.018434E+02   5.778929E+00
   1.018282E+02   5.754356E+00
   1.017720E+02   5.764458E+00
   1.017555E+02   5.779722E+00
   1.017066E+02   5.751309E+00
   1.016858E+02   5.755546E+00
   1.016510E+02   5.811309E+00
   1.016507E+02   5.852619E+00
   1.016278E+02   5.855946E+00
   1.016041E+02   5.894844E+00
   1.015759E+02   5.907144E+00
   1.014889E+02   5.861338E+00
   1.014151E+02   5.851074E+00
   1.013548E+02   5.798821E+00
   1.012918E+02   5.799895E+00
   1.012642E+02   5.700020E+00
   1.012280E+02   5.661679E+00
   1.011602E+02   5.625197E+00
   1.011285E+02   5.627928E+00
   1.010847E+02   5.695846E+00
END
END
