none
1
   6.841433E+01   3.709767E+01
   6.827752E+01   3.700790E+01
   6.805970E+01   3.692760E+01
   6.802813E+01   3.691889E+01
   6.799810E+01   3.693235E+01
   6.790740E+01   3.701056E+01
   6.780064E+01   3.707859E+01
   6.777079E+01   3.710682E+01
   6.778611E+01   3.718733E+01
   6.780137E+01   3.719631E+01
   6.782346E+01   3.746425E+01
   6.784981E+01   3.753283E+01
   6.793516E+01   3.764376E+01
   6.803865E+01   3.773953E+01
   6.812538E+01   3.788098E+01
   6.821518E+01   3.789411E+01
   6.826665E+01   3.791331E+01
   6.828112E+01   3.795823E+01
   6.827990E+01   3.798585E+01
   6.831674E+01   3.804086E+01
   6.836522E+01   3.808083E+01
   6.839758E+01   3.819309E+01
   6.831727E+01   3.828849E+01
   6.823042E+01   3.832477E+01
   6.815948E+01   3.841706E+01
   6.810530E+01   3.840805E+01
   6.811005E+01   3.843110E+01
   6.813639E+01   3.847016E+01
   6.806382E+01   3.853885E+01
   6.805326E+01   3.870703E+01
   6.808368E+01   3.873113E+01
   6.806819E+01   3.880500E+01
   6.774930E+01   3.899618E+01
   6.769801E+01   3.900043E+01
   6.753071E+01   3.918030E+01
   6.743934E+01   3.920745E+01
   6.739069E+01   3.926354E+01
   6.738213E+01   3.928751E+01
   6.739031E+01   3.930443E+01
   6.748447E+01   3.932771E+01
   6.742114E+01   3.949449E+01
   6.742155E+01   3.952150E+01
   6.743067E+01   3.953642E+01
   6.749628E+01   3.957623E+01
   6.758335E+01   3.960154E+01
   6.764533E+01   3.962949E+01
   6.770508E+01   3.966156E+01
   6.779769E+01   3.965928E+01
   6.788035E+01   3.963027E+01
   6.799153E+01   3.960170E+01
   6.817189E+01   3.956831E+01
   6.825625E+01   3.956302E+01
   6.840189E+01   3.954888E+01
   6.854049E+01   3.959274E+01
   6.857246E+01   3.960976E+01
   6.858107E+01   3.973553E+01
   6.864395E+01   3.986005E+01
   6.871462E+01   3.987406E+01
   6.878576E+01   3.986361E+01
   6.881761E+01   3.988991E+01
   6.868242E+01   4.009476E+01
   6.860850E+01   4.008678E+01
   6.853027E+01   4.012652E+01
   6.853526E+01   4.014456E+01
   6.877461E+01   4.020267E+01
   6.882680E+01   4.019163E+01
   6.888339E+01   4.021199E+01
   6.899907E+01   4.022552E+01
   6.917116E+01   4.021043E+01
   6.921069E+01   4.021594E+01
   6.928161E+01   4.021016E+01
   6.930501E+01   4.020039E+01
   6.929388E+01   4.023358E+01
   6.924655E+01   4.025196E+01
   6.924985E+01   4.026831E+01
   6.924305E+01   4.027955E+01
   6.925061E+01   4.029384E+01
   6.930590E+01   4.029096E+01
   6.932702E+01   4.030631E+01
   6.930280E+01   4.036780E+01
   6.928777E+01   4.040154E+01
   6.926043E+01   4.046130E+01
   6.922433E+01   4.054127E+01
   6.923270E+01   4.055566E+01
   6.926700E+01   4.057333E+01
   6.933880E+01   4.065360E+01
   6.934350E+01   4.071330E+01
   6.935707E+01   4.074218E+01
   6.939782E+01   4.078591E+01
   6.943733E+01   4.079021E+01
   6.953359E+01   4.077035E+01
   6.955206E+01   4.075623E+01
   6.958678E+01   4.069679E+01
   6.962835E+01   4.066819E+01
   6.965298E+01   4.066230E+01
   6.977546E+01   4.070011E+01
   6.987432E+01   4.072511E+01
   7.010813E+01   4.078802E+01
   7.012473E+01   4.082611E+01
   7.016353E+01   4.083855E+01
   7.018399E+01   4.083794E+01
   7.020138E+01   4.082780E+01
   7.026455E+01   4.085538E+01
   7.027985E+01   4.087745E+01
   7.032725E+01   4.089214E+01
   7.037389E+01   4.091750E+01
   7.036431E+01   4.094705E+01
   7.037083E+01   4.100575E+01
   7.039442E+01   4.103058E+01
   7.044582E+01   4.104937E+01
   7.048416E+01   4.103987E+01
   7.051714E+01   4.101249E+01
   7.052771E+01   4.098805E+01
   7.055824E+01   4.101292E+01
   7.062218E+01   4.097642E+01
   7.068478E+01   4.091387E+01
   7.064355E+01   4.088673E+01
   7.065362E+01   4.086335E+01
   7.070189E+01   4.083764E+01
   7.073140E+01   4.081150E+01
   7.072331E+01   4.079755E+01
   7.076971E+01   4.075930E+01
   7.079873E+01   4.073251E+01
   7.080206E+01   4.071869E+01
   7.078161E+01   4.071231E+01
   7.077141E+01   4.069018E+01
   7.073882E+01   4.068262E+01
   7.073795E+01   4.065323E+01
   7.070118E+01   4.065442E+01
   7.064024E+01   4.062250E+01
   7.058986E+01   4.056171E+01
   7.051745E+01   4.054927E+01
   7.049900E+01   4.050864E+01
   7.048745E+01   4.050037E+01
   7.033696E+01   4.045805E+01
   7.033374E+01   4.044648E+01
   7.035240E+01   4.042795E+01
   7.035532E+01   4.041153E+01
   7.038123E+01   4.039102E+01
   7.042347E+01   4.038311E+01
   7.048458E+01   4.035592E+01
   7.056305E+01   4.035811E+01
   7.058293E+01   4.033898E+01
   7.056672E+01   4.031592E+01
   7.058083E+01   4.028411E+01
   7.057796E+01   4.024373E+01
   7.063385E+01   4.018243E+01
   7.071314E+01   4.019479E+01
   7.075865E+01   4.019315E+01
   7.086414E+01   4.022611E+01
   7.098919E+01   4.022789E+01
   7.099738E+01   4.020883E+01
   7.097712E+01   4.016483E+01
   7.089606E+01   4.014863E+01
   7.083134E+01   4.015569E+01
   7.082299E+01   4.017970E+01
   7.080983E+01   4.017498E+01
   7.080356E+01   4.012405E+01
   7.076135E+01   4.010386E+01
   7.066454E+01   4.008753E+01
   7.067275E+01   4.001317E+01
   7.066456E+01   3.998551E+01
   7.063627E+01   3.998258E+01
   7.063635E+01   3.996424E+01
   7.075045E+01   3.987008E+01
   7.074407E+01   3.983228E+01
   7.062090E+01   3.976861E+01
   7.053135E+01   3.984790E+01
   7.049763E+01   3.991993E+01
   7.048258E+01   3.993283E+01
   7.048608E+01   3.995101E+01
   7.050475E+01   3.995500E+01
   7.057563E+01   4.000353E+01
   7.056551E+01   4.001850E+01
   7.053423E+01   4.003194E+01
   7.053508E+01   4.004657E+01
   7.050312E+01   4.004523E+01
   7.041587E+01   4.006064E+01
   7.038650E+01   4.008492E+01
   7.034859E+01   4.009117E+01
   7.029817E+01   4.012000E+01
   7.026848E+01   4.012659E+01
   7.021339E+01   4.012367E+01
   7.006344E+01   4.020790E+01
   6.997896E+01   4.021307E+01
   6.970224E+01   4.011151E+01
   6.964793E+01   4.011208E+01
   6.956355E+01   4.009886E+01
   6.952853E+01   4.008565E+01
   6.953588E+01   3.999514E+01
   6.953123E+01   3.996984E+01
   6.953687E+01   3.992964E+01
   6.947989E+01   3.989621E+01
   6.944871E+01   3.989214E+01
   6.942206E+01   3.990301E+01
   6.941087E+01   3.994819E+01
   6.936068E+01   3.997753E+01
   6.934863E+01   3.993618E+01
   6.929128E+01   3.979735E+01
   6.929427E+01   3.975078E+01
   6.933166E+01   3.969175E+01
   6.933614E+01   3.965015E+01
   6.936337E+01   3.959082E+01
   6.940178E+01   3.955690E+01
   6.941298E+01   3.955591E+01
   6.942977E+01   3.953875E+01
   6.946570E+01   3.953898E+01
   6.957634E+01   3.955705E+01
   6.959198E+01   3.957785E+01
   6.962443E+01   3.958987E+01
   6.967240E+01   3.958108E+01
   6.971138E+01   3.959820E+01
   6.981303E+01   3.957005E+01
   6.985766E+01   3.954304E+01
   6.986544E+01   3.952849E+01
   6.989462E+01   3.955424E+01
   6.990946E+01   3.957887E+01
   7.021170E+01   3.960195E+01
   7.022943E+01   3.956850E+01
   7.028368E+01   3.953057E+01
   7.031457E+01   3.954194E+01
   7.037285E+01   3.959551E+01
   7.039914E+01   3.959939E+01
   7.045170E+01   3.958199E+01
   7.046923E+01   3.959134E+01
   7.048194E+01   3.961671E+01
   7.050974E+01   3.962293E+01
   7.054677E+01   3.961279E+01
   7.057168E+01   3.958941E+01
   7.063481E+01   3.958390E+01
   7.066352E+01   3.957006E+01
   7.070621E+01   3.951129E+01
   7.075848E+01   3.948039E+01
   7.077590E+01   3.939877E+01
   7.081553E+01   3.939345E+01
   7.086807E+01   3.939817E+01
   7.089311E+01   3.938680E+01
   7.091863E+01   3.939377E+01
   7.094051E+01   3.943851E+01
   7.096162E+01   3.943490E+01
   7.107611E+01   3.948226E+01
   7.109809E+01   3.951127E+01
   7.119196E+01   3.951613E+01
   7.123583E+01   3.953935E+01
   7.125291E+01   3.955702E+01
   7.133393E+01   3.957345E+01
   7.136043E+01   3.958129E+01
   7.141396E+01   3.957620E+01
   7.148531E+01   3.961707E+01
   7.149970E+01   3.961856E+01
   7.155360E+01   3.959165E+01
   7.156455E+01   3.957658E+01
   7.156609E+01   3.955632E+01
   7.154851E+01   3.951746E+01
   7.156596E+01   3.945884E+01
   7.163998E+01   3.944491E+01
   7.170608E+01   3.946107E+01
   7.176105E+01   3.946158E+01
   7.179046E+01   3.944642E+01
   7.180868E+01   3.940393E+01
   7.180523E+01   3.938005E+01
   7.176182E+01   3.934824E+01
   7.190977E+01   3.928213E+01
   7.195516E+01   3.933540E+01
   7.203684E+01   3.937134E+01
   7.206274E+01   3.935476E+01
   7.207018E+01   3.932441E+01
   7.210015E+01   3.927508E+01
   7.217080E+01   3.926596E+01
   7.230368E+01   3.930067E+01
   7.231937E+01   3.931772E+01
   7.234783E+01   3.933470E+01
   7.238667E+01   3.933160E+01
   7.249576E+01   3.938129E+01
   7.253723E+01   3.937863E+01
   7.262395E+01   3.939281E+01
   7.269124E+01   3.938944E+01
   7.309552E+01   3.937843E+01
   7.314492E+01   3.936314E+01
   7.321172E+01   3.936137E+01
   7.332515E+01   3.939106E+01
   7.336061E+01   3.941371E+01
   7.337384E+01   3.944252E+01
   7.338907E+01   3.945613E+01
   7.341762E+01   3.944908E+01
   7.346001E+01   3.947052E+01
   7.349121E+01   3.947379E+01
   7.356346E+01   3.945717E+01
   7.360141E+01   3.946280E+01
   7.360497E+01   3.945669E+01
   7.357717E+01   3.939610E+01
   7.351232E+01   3.937908E+01
   7.350970E+01   3.934248E+01
   7.360622E+01   3.924793E+01
   7.362858E+01   3.923475E+01
   7.369348E+01   3.916141E+01
   7.371614E+01   3.911026E+01
   7.378048E+01   3.902604E+01
   7.379362E+01   3.904645E+01
   7.382165E+01   3.904955E+01
   7.385052E+01   3.896178E+01
   7.384214E+01   3.893344E+01
   7.382592E+01   3.891275E+01
   7.381438E+01   3.890940E+01
   7.377596E+01   3.892965E+01
   7.374214E+01   3.893397E+01
   7.370664E+01   3.888442E+01
   7.369892E+01   3.885318E+01
   7.375947E+01   3.871244E+01
   7.407897E+01   3.855196E+01
   7.406998E+01   3.857188E+01
   7.407344E+01   3.859926E+01
   7.413457E+01   3.868116E+01
   7.414587E+01   3.868654E+01
   7.437529E+01   3.865979E+01
   7.451266E+01   3.864101E+01
   7.472565E+01   3.858975E+01
   7.485342E+01   3.848778E+01
   7.487444E+01   3.841669E+01
   7.486829E+01   3.839286E+01
   7.484366E+01   3.837001E+01
   7.479678E+01   3.825793E+01
   7.490477E+01   3.802733E+01
   7.492185E+01   3.801862E+01
   7.501027E+01   3.778504E+01
   7.500545E+01   3.777060E+01
   7.507002E+01   3.752394E+01
   7.513447E+01   3.745749E+01
   7.515684E+01   3.741465E+01
   7.514034E+01   3.736007E+01
   7.511828E+01   3.731510E+01
   7.500086E+01   3.728687E+01
   7.492404E+01   3.725505E+01
   7.491425E+01   3.723394E+01
   7.488285E+01   3.724535E+01
   7.485739E+01   3.729264E+01
   7.454181E+01   3.737696E+01
   7.443878E+01   3.738974E+01
   7.439952E+01   3.739462E+01
   7.424162E+01   3.735856E+01
   7.419867E+01   3.733438E+01
   7.406710E+01   3.731837E+01
   7.400740E+01   3.729350E+01
   7.393788E+01   3.726904E+01
   7.386664E+01   3.726037E+01
   7.382159E+01   3.722369E+01
   7.376946E+01   3.723181E+01
   7.373870E+01   3.721695E+01
   7.369439E+01   3.724730E+01
   7.363256E+01   3.723537E+01
   7.361423E+01   3.725828E+01
   7.364652E+01   3.730850E+01
   7.372432E+01   3.731362E+01
   7.376508E+01   3.734465E+01
   7.375947E+01   3.738164E+01
   7.361903E+01   3.743141E+01
   7.337321E+01   3.744227E+01
   7.330797E+01   3.745808E+01
   7.327927E+01   3.744885E+01
   7.320909E+01   3.739953E+01
   7.309659E+01   3.732684E+01
   7.307140E+01   3.730997E+01
   7.286291E+01   3.722485E+01
   7.272163E+01   3.709221E+01
   7.266176E+01   3.701738E+01
   7.261888E+01   3.702169E+01
   7.258990E+01   3.700493E+01
   7.254915E+01   3.699680E+01
   7.246685E+01   3.698918E+01
   7.241083E+01   3.699807E+01
   7.234138E+01   3.698336E+01
   7.224652E+01   3.694225E+01
   7.219797E+01   3.689517E+01
   7.215628E+01   3.687524E+01
   7.210644E+01   3.683419E+01
   7.202644E+01   3.679988E+01
   7.195797E+01   3.674515E+01
   7.185769E+01   3.668007E+01
   7.180940E+01   3.666726E+01
   7.178144E+01   3.667349E+01
   7.167611E+01   3.667151E+01
   7.160723E+01   3.669695E+01
   7.155038E+01   3.675863E+01
   7.152771E+01   3.684283E+01
   7.145233E+01   3.694363E+01
   7.145946E+01   3.698650E+01
   7.142447E+01   3.707592E+01
   7.144223E+01   3.720944E+01
   7.147595E+01   3.725707E+01
   7.148521E+01   3.728460E+01
   7.148993E+01   3.736431E+01
   7.147251E+01   3.738150E+01
   7.147052E+01   3.739374E+01
   7.150926E+01   3.746944E+01
   7.149058E+01   3.755886E+01
   7.149803E+01   3.760658E+01
   7.151906E+01   3.764298E+01
   7.153537E+01   3.771250E+01
   7.152393E+01   3.776505E+01
   7.153746E+01   3.778508E+01
   7.157101E+01   3.780026E+01
   7.158381E+01   3.781778E+01
   7.133564E+01   3.788342E+01
   7.129485E+01   3.791401E+01
   7.124945E+01   3.791877E+01
   7.126164E+01   3.798501E+01
   7.127719E+01   3.800258E+01
   7.128215E+01   3.802765E+01
   7.130682E+01   3.806139E+01
   7.131104E+01   3.808821E+01
   7.135102E+01   3.815499E+01
   7.125021E+01   3.830545E+01
   7.118131E+01   3.834106E+01
   7.090530E+01   3.843351E+01
   7.089427E+01   3.845822E+01
   7.087379E+01   3.846289E+01
   7.085784E+01   3.843554E+01
   7.084054E+01   3.843555E+01
   7.069489E+01   3.836468E+01
   7.065357E+01   3.834378E+01
   7.061623E+01   3.834310E+01
   7.063207E+01   3.828603E+01
   7.050923E+01   3.816293E+01
   7.050986E+01   3.811810E+01
   7.043287E+01   3.809288E+01
   7.027610E+01   3.792785E+01
   7.019419E+01   3.791046E+01
   7.019082E+01   3.785132E+01
   7.022294E+01   3.783722E+01
   7.025406E+01   3.783635E+01
   7.028370E+01   3.781867E+01
   7.032965E+01   3.769765E+01
   7.025247E+01   3.758540E+01
   7.015823E+01   3.753200E+01
   7.012063E+01   3.752389E+01
   7.001203E+01   3.754091E+01
   6.995604E+01   3.756071E+01
   6.980733E+01   3.757807E+01
   6.965233E+01   3.756557E+01
   6.951837E+01   3.757621E+01
   6.948950E+01   3.752826E+01
   6.941709E+01   3.746734E+01
   6.938547E+01   3.745023E+01
   6.938013E+01   3.738360E+01
   6.939257E+01   3.737032E+01
   6.944915E+01   3.723823E+01
   6.945484E+01   3.722271E+01
   6.939932E+01   3.715984E+01
   6.931776E+01   3.711094E+01
   6.926355E+01   3.709240E+01
   6.924491E+01   3.708949E+01
   6.920235E+01   3.711215E+01
   6.912199E+01   3.715929E+01
   6.909313E+01   3.720395E+01
   6.903004E+01   3.724707E+01
   6.882353E+01   3.724036E+01
   6.863454E+01   3.720255E+01
   6.862637E+01   3.719622E+01
   6.851890E+01   3.715424E+01
   6.841433E+01   3.709767E+01
END
END
