Московская область
1
	38.1370917804	56.9523887706
	38.1777486167	56.9502787047
	38.2247892481	56.9489501208
	38.2314749987	56.948636712
	38.2327427945	56.9485491172
	38.2330461163	56.9485893128
	38.2447594373	56.9497429742
	38.2563663195	56.9501280094
	38.265117235	56.9501356388
	38.2651951164	56.9501331232
	38.2652740479	56.9501357071
	38.2770377428	56.9497506036
	38.2887510639	56.9485969422
	38.3003638527	56.946679663
	38.3118263816	56.9440069761
	38.3230895663	56.9405903264
	38.3238042737	56.9403460412
	38.3407415295	56.9345171838
	38.3510424319	56.930615487
	38.3617632962	56.9257579266
	38.3721435066	56.9202095886
	38.3793695255	56.9158078442
	38.3832681461	56.9133054028
	38.3860372342	56.9114917902
	38.3956044371	56.9046360296
	38.4047027676	56.8971692227
	38.4066350085	56.8954499593
	38.4122670347	56.891299848
	38.4213653653	56.8838330411
	38.4257779455	56.8798321344
	38.4346661901	56.8715008355
	38.4388441077	56.8674558631
	38.440414637	56.8658656959
	38.4410463992	56.8656054162
	38.4517672635	56.8607478558
	38.4621474739	56.8551995178
	38.4721425809	56.8489841609
	38.4817097837	56.8421284002
	38.4908081143	56.8346615933
	38.4993986121	56.8266157141
	38.5074444913	56.8180252163
	38.5149112982	56.8089268858
	38.521068573	56.8003972133
	38.5229988098	56.7975514491
	38.5236972956	56.7965139188
	38.5299126525	56.7865188118
	38.5354609906	56.7761386014
	38.540318551	56.7654177371
	38.5444645329	56.7544021273
	38.5478811827	56.7431389427
	38.5505538695	56.7316764137
	38.5524711487	56.7200636249
	38.5536248102	56.7083503039
	38.5540099137	56.6965866089
	38.5536248102	56.6848229139
	38.5524711487	56.6731095929
	38.5505538695	56.661496804
	38.5485857564	56.6527482218
	38.5474871235	56.6483765787
	38.5467825499	56.645662632
	38.5433659001	56.6343994474
	38.5392199182	56.6233838376
	38.5343623578	56.6126629733
	38.5288140197	56.6022827629
	38.5247868777	56.595642837
	38.5242834654	56.5937217141
	38.5221433841	56.5863652659
	38.5288373135	56.5791412442
	38.5363041205	56.5700429136
	38.5431598811	56.5604757108
	38.5491129512	56.5509333755
	38.5510508174	56.5475993301
	38.5513131042	56.5471465584
	38.5568614423	56.536766348
	38.5617190027	56.5260454837
	38.5658649846	56.5150298739
	38.5692816343	56.5037666892
	38.5699694002	56.5011195694
	38.5708086336	56.497785524
	38.5727935546	56.4889701149
	38.5747108338	56.4773573261
	38.5758644952	56.465644005
	38.5762495987	56.4538803101
	38.576225336	56.4509260875
	38.5792208337	56.444098157
	38.5833668157	56.4330825473
	38.5867834654	56.4218193626
	38.5883185662	56.415657123
	38.5891501702	56.4120484194
	38.5902877563	56.4067481301
	38.5922050355	56.3951353412
	38.5928435632	56.3886522604
	38.5982635018	56.3857552429
	38.6082586087	56.379539886
	38.6178258116	56.3726841253
	38.6269241421	56.3652173184
	38.6355146399	56.3571714392
	38.6435605191	56.3485809414
	38.651027326	56.3394826109
	38.6578830866	56.329915408
	38.6640984435	56.3199203011
	38.6696467816	56.3095400906
	38.674504342	56.2988192263
	38.678650324	56.2878036166
	38.6820669737	56.2765404319
	38.6847396606	56.265077903
	38.6866569398	56.2534651142
	38.6878106012	56.2417517931
	38.6881957047	56.2299880981
	38.6881957047	56.2263793945
	38.6878175957	56.2148293587
	38.6878724326	56.2147762711
	38.6899503699	56.212731742
	38.6979962491	56.2041412442
	38.705463056	56.1950429136
	38.7123188166	56.1854757108
	38.7185341735	56.1754806038
	38.7235689832	56.166133362
	38.7252398206	56.1627993166
	38.725753349	56.161766348
	38.7306109094	56.1510454837
	38.7347568913	56.1400298739
	38.735247626	56.1385635388
	38.7365792852	56.1363913112
	38.7423567157	56.135822284
	38.7539695046	56.1339050048
	38.7557407523	56.1335434189
	38.7624088431	56.1321472397
	38.7721001243	56.1298361387
	38.783363309	56.126419489
	38.7943789187	56.1222735071
	38.805099783	56.1174159467
	38.8154799935	56.1118676086
	38.8183939087	56.1101485175
	38.8258247802	56.1056698658
	38.8318037372	56.1049842713
	38.8403657242	56.1036465022
	38.8464768692	56.10254024
	38.8490595817	56.1020531934
	38.8587327618	56.1035957215
	38.865905482	56.1043939886
	38.8720242564	56.1049509344
	38.8765648573	56.1053063287
	38.8883285522	56.1056914322
	38.9000922472	56.1053063287
	38.9118055683	56.1041526673
	38.9138386034	56.1038732052
	38.9216129564	56.1027593136
	38.9294850122	56.1014526024
	38.9296595509	56.1015106046
	38.939829197	56.1045599546
	38.9512917259	56.1072326415
	38.9629045147	56.1091499207
	38.9746178358	56.1103035821
	38.9780820371	56.1104971016
	38.9841931821	56.1107793892
	38.9860834432	56.1107611567
	38.9924926758	56.1109709732
	39.0042563708	56.1105858697
	39.0093790668	56.1101765378
	39.0241037982	56.108787988
	39.0306944232	56.1080436585
	39.0423072121	56.1061263793
	39.053769741	56.1034536924
	39.0650329257	56.1000370427
	39.0760485354	56.0958910608
	39.0797982761	56.0942878264
	39.0892434665	56.090122177
	39.0962145901	56.086867851
	39.1065948006	56.0813195129
	39.1165899075	56.075104156
	39.1261571104	56.0682483954
	39.1352554409	56.0607815884
	39.1438459387	56.0527357092
	39.1439290923	56.0526525013
	39.1497579497	56.0468160145
	39.1577206754	56.0383087246
	39.1651874823	56.0292103941
	39.171763545	56.0200335091
	39.1720450783	56.020117816
	39.1835076073	56.0227905028
	39.1951203961	56.024707782
	39.2063876764	56.0258316517
	39.2186099664	56.0266632557
	39.2190560072	56.0266930475
	39.2308197021	56.027078151
	39.2425833971	56.0266930475
	39.2542967182	56.0255393861
	39.2613405979	56.0244697166
	39.2694048679	56.0230811668
	39.273973777	56.022233557
	39.2854363059	56.0195608702
	39.2966994906	56.0161442204
	39.3073890656	56.0121329121
	39.3203464727	56.0117070271
	39.3262015612	56.0114189996
	39.3379148822	56.0102653382
	39.3495276711	56.008348059
	39.3609902	56.0056753721
	39.3722533847	56.0022587224
	39.3827405718	55.9983306372
	39.3982969073	55.991944834
	39.3988253299	55.9917269372
	39.4095461941	55.9868693768
	39.4199264046	55.9813210388
	39.4299215115	55.9751056819
	39.4394887144	55.9682499212
	39.4485870449	55.9607831143
	39.4566723781	55.9532103734
	39.4616808044	55.9534282246
	39.4744600402	55.9537028828
	39.4900885851	55.9533593072
	39.4955338393	55.9529192647
	39.5098432463	55.9515438689
	39.5156903416	55.9542269217
	39.5201382786	55.9561724173
	39.5233853635	55.9575548791
	39.5344009733	55.9617008611
	39.5456641579	55.9651175108
	39.5568490141	55.9677347379
	39.5624032133	55.9688486295
	39.5626808861	55.9689040893
	39.5742936749	55.9708213685
	39.5860069959	55.9719750299
	39.593905841	55.9723186055
	39.6066850768	55.9725932637
	39.6223136217	55.9722496881
	39.6331884103	55.9712044171
	39.6334858838	55.9711666757
	39.6376685053	55.9727791498
	39.6473883539	55.9763878534
	39.6521759366	55.9780888005
	39.6634391213	55.9815054502
	39.6740335081	55.98400323
	39.6932125866	55.9879164501
	39.6983104596	55.9896644066
	39.7072690305	55.9936648035
	39.7182846402	55.9978107854
	39.7291345914	56.0011161825
	39.7496958097	56.0066780111
	39.7501090432	56.0067892637
	39.7615715721	56.0094619506
	39.7731843609	56.0113792298
	39.784897682	56.0125328912
	39.7915081441	56.0128441578
	39.8106731831	56.0133934742
	39.812528273	56.0133593411
	39.815826416	56.0134673111
	39.827590111	56.0130822076
	39.8330308638	56.0126425977
	39.847480937	56.0112540479
	39.8537535053	56.0105399964
	39.8642572633	56.0088396976
	39.8786920778	56.006062598
	39.8798011086	56.0058456176
	39.8912636375	56.0031729307
	39.8935643089	56.0025400819
	39.9063511741	55.9989313783
	39.9153136874	55.9961475774
	39.9235466221	55.9931271067
	39.9340980748	55.9889614573
	39.9368807498	55.987835946
	39.944677573	55.9843877059
	39.9588377293	55.9777196151
	39.9617617703	55.9763102948
	39.9721419808	55.9707619567
	39.9821370877	55.9645465998
	39.9845579382	55.9629003852
	39.9881742712	55.9603979438
	39.9953206236	55.9551883978
	40.0044189541	55.9477215909
	40.0130094519	55.9396757117
	40.0213407507	55.9313444129
	40.0293866299	55.9227539151
	40.0368534369	55.9136555845
	40.0437091975	55.9040883817
	40.0499245544	55.8940932747
	40.0549593641	55.8847460329
	40.0566302015	55.8814119875
	40.0571437299	55.8803790189
	40.0620012903	55.8696581546
	40.0661472722	55.8586425448
	40.0695639219	55.8473793601
	40.0707435439	55.8427298118
	40.0723082961	55.8361980481
	40.0749763287	55.8337304635
	40.079130688	55.8308847803
	40.0818744292	55.8289676016
	40.0871474739	55.8260399719
	40.09518523	55.8211141067
	40.117039045	55.8069202643
	40.1248397089	55.8025721229
	40.1483966088	55.7909113267
	40.1585357186	55.7854821105
	40.1626723573	55.783019426
	40.1748946474	55.7755197312
	40.1807531155	55.7717670588
	40.1903203184	55.7649112982
	40.199418649	55.7574444913
	40.2080091467	55.7493986121
	40.2107862464	55.7466215125
	40.2188321255	55.7380310147
	40.2262989325	55.7289326841
	40.2331546931	55.7193654813
	40.23937005	55.7093703743
	40.2415352394	55.7055112935
	40.2431984474	55.7024595357
	40.2465815961	55.6959384061
	40.2514391565	55.6852175418
	40.2555851384	55.674201932
	40.2590017881	55.6629387473
	40.2614457119	55.6524573301
	40.2641233435	55.6499494544
	40.2669004431	55.6471723547
	40.2749463223	55.638581857
	40.2824131292	55.6294835264
	40.2882788303	55.6213823932
	40.2924444797	55.6152788775
	40.2934345393	55.6138128079
	40.298814979	55.6052485615
	40.3009342341	55.6021474637
	40.3068877766	55.5926043158
	40.311375074	55.586422406
	40.3176914496	55.5786488706
	40.3245472102	55.5690816678
	40.3274906858	55.5645294024
	40.3316563352	55.557868941
	40.3349282165	55.5524260994
	40.3370557035	55.5486361612
	40.3403897489	55.5425250162
	40.3438106	55.5359347439
	40.3486681604	55.5252138797
	40.3528141423	55.5141982699
	40.356230792	55.5029350852
	40.3589034789	55.4914725563
	40.358911225	55.4914335918
	40.3602921454	55.4844832133
	40.3622016785	55.4729093891
	40.36335534	55.461196068
	40.3637404435	55.449432373
	40.36335534	55.4376686781
	40.363294006	55.4367675753
	40.3630193478	55.4328765841
	40.3619270203	55.4220643658
	40.3600097411	55.410451577
	40.3588896517	55.405227289
	40.3624245544	55.3993651863
	40.3679728925	55.3889849759
	40.3728304529	55.3782641116
	40.3769764348	55.3672485018
	40.3803930845	55.3559853172
	40.3830657714	55.3445227883
	40.3849830506	55.3329099994
	40.386136712	55.3211966784
	40.3865218155	55.3094329834
	40.386136712	55.2976692884
	40.3849830506	55.2859559674
	40.3830657714	55.2743431785
	40.3803930845	55.2628806496
	40.3769764348	55.251617465
	40.3728304529	55.2406018552
	40.3679728925	55.2298809909
	40.3624245544	55.2195007805
	40.3562091975	55.2095056735
	40.3493534369	55.1999384707
	40.3418866299	55.1908401401
	40.3338407507	55.1822496423
	40.325250253	55.1742037631
	40.3197242628	55.1695505642
	40.3066703688	55.1589991115
	40.3030980284	55.1561855036
	40.2960572703	55.1510490829
	40.2792706993	55.1394153228
	40.2774749844	55.1378191806
	40.2683766539	55.1303523737
	40.258809451	55.1234966131
	40.248814344	55.1172812562
	40.2486959872	55.1172129828
	40.2382620595	55.1095038387
	40.2313054837	55.1046138616
	40.2213103768	55.0983985047
	40.2109301663	55.0928501666
	40.2064193888	55.0907030526
	40.1930908366	55.0845842782
	40.1868807498	55.0818738318
	40.1763874364	55.0779060397
	40.164050478	55.0736759487
	40.1526068293	55.0686497001
	40.1491076175	55.0671567297
	40.1419587095	55.0643726535
	40.1156816768	55.0547795347
	40.1151291045	55.0544406835
	40.1110351082	55.0520041566
	40.1006548978	55.0464558185
	40.0974900035	55.0449332968
	40.0797135143	55.0365943685
	40.0721575442	55.0332593298
	40.0611419345	55.0291133479
	40.0605186874	55.0289038521
	40.0586475774	55.022735629
	40.0545015954	55.0117200193
	40.049644035	55.000999155
	40.044095697	54.9906189445
	40.0411776417	54.9857441838
	40.0361803883	54.9776875432
	40.0328830866	54.972567197
	40.026027326	54.9629999941
	40.0185605191	54.9539016635
	40.0105146399	54.9453111658
	40.0104419014	54.9452384688
	40.0104296258	54.9452262072
	40.0044215019	54.9378168277
	39.9999447964	54.9325088413
	39.9987623828	54.9311739642
	39.9872692968	54.915410987
	39.9846302313	54.9118830507
	39.9771634244	54.9027847202
	39.9691175452	54.8941942224
	39.9690447234	54.8941214423
	39.9623766325	54.8874609808
	39.9603003308	54.8854203544
	39.9436377331	54.8693070732
	39.9371963589	54.8633746005
	39.9280980284	54.8559077936
	39.9185308255	54.849052033
	39.9085357186	54.8428366761
	39.8981555081	54.837288338
	39.8874346438	54.8324307776
	39.8764190341	54.8282847957
	39.8651558494	54.824868146
	39.8539709932	54.8222509189
	39.848416794	54.8211370273
	39.8481391213	54.8210815675
	39.8365263324	54.8191642883
	39.8248130114	54.8180106268
	39.8130493164	54.8176255233
	39.8012856214	54.8180106268
	39.7895723004	54.8191642883
	39.7779595115	54.8210815675
	39.7664969826	54.8237542543
	39.755233798	54.8271709041
	39.7487399136	54.8295152132
	39.7289587625	54.8370884602
	39.7278846169	54.8373727236
	39.7167120737	54.8407586316
	39.7082885645	54.8417712732
	39.7058766539	54.8397945124
	39.696309451	54.8329387517
	39.6936751658	54.8312117511
	39.6897841746	54.8287093097
	39.6824233528	54.8242209534
	39.6720431424	54.8186726154
	39.6613222781	54.8138150549
	39.6503066683	54.809669073
	39.6390434837	54.8062524233
	39.6382716267	54.8060474403
	39.6277201741	54.8032703407
	39.6170295021	54.8008026368
	39.6086238506	54.7993369969
	39.6051117048	54.7988101147
	39.6039027936	54.7980232016
	39.6024128241	54.796053583
	39.5949460171	54.7869552524
	39.586900138	54.7783647546
	39.5802320471	54.7716966638
	39.5716415493	54.7636507846
	39.5625432188	54.7561839777
	39.5529760159	54.7493282171
	39.542980909	54.7431128602
	39.5414723846	54.7422515989
	39.5414376371	54.7405372298
	39.5415282242	54.7377700806
	39.5411431207	54.7260063856
	39.5399894593	54.7142930646
	39.5380721801	54.7026802757
	39.5353994932	54.6912177468
	39.5322981761	54.6808919613
	39.5309096263	54.6767263119
	39.5305942937	54.6757889127
	39.5264483118	54.664773303
	39.5215907513	54.6540524387
	39.5160424133	54.6436722282
	39.5098270564	54.6336771213
	39.5029712957	54.6241099184
	39.4955044888	54.6150115879
	39.4928001014	54.6119969759
	39.4897407142	54.6086629305
	39.4843992224	54.6030870447
	39.4758087246	54.5950411655
	39.4673850509	54.5880945841
	39.4664630977	54.5873801811
	39.4583068936	54.5797671176
	39.449208563	54.5723003107
	39.4396413602	54.5654445501
	39.437007075	54.5637175494
	39.4331160838	54.561215108
	39.425755262	54.5567267518
	39.4153750516	54.5511784137
	39.4046541873	54.5463208533
	39.3936385775	54.5421748714
	39.3888589826	54.5407249971
	39.3849140448	54.5352198427
	39.3774472379	54.5261215122
	39.3694013587	54.5175310144
	39.3693514535	54.5174811288
	39.3596239755	54.5077612802
	39.3510833828	54.4997652866
	39.3419850523	54.4922984796
	39.3324178494	54.485442719
	39.3224227425	54.4792273621
	39.3150165257	54.4751800328
	39.3064029393	54.4707320958
	39.3034289456	54.469231087
	39.2927080813	54.4643735266
	39.2816924716	54.4602275447
	39.2704292869	54.456810895
	39.258966758	54.4541382081
	39.2505103264	54.4526649577
	39.2449561271	54.4518333537
	39.2417997699	54.4513893249
	39.2300864489	54.4502356635
	39.2183227539	54.44985056
	39.2073537355	54.4501853439
	39.1937428957	54.4510169479
	39.1929482191	54.4510672675
	39.1876686464	54.4514914623
	39.1831382057	54.4505295045
	39.1715254169	54.4486122253
	39.1598120959	54.4474585639
	39.1567489145	54.4472840169
	39.1509200571	54.4470017293
	39.1304558485	54.4471762763
	39.1246755336	54.4476488407
	39.1241641957	54.4476989557
	39.1229378318	54.4473657045
	39.1114753029	54.4446930177
	39.0998625141	54.4427757385
	39.0963707648	54.4424318312
	39.0974845765	54.4356855731
	39.0986382379	54.4239722521
	39.0990233414	54.4122085571
	39.0986382379	54.4004448621
	39.0985294151	54.3988880637
	39.0979724693	54.3913883689
	39.0969276307	54.3812318463
	39.0950103515	54.3696190574
	39.0923376646	54.3581565285
	39.0915843442	54.3554309814
	39.090478082	54.3515476196
	39.0878147527	54.343009982
	39.0836687707	54.3319943723
	39.0788112103	54.321273508
	39.0732628723	54.3108932976
	39.0670475153	54.3008981906
	39.0601917547	54.2913309877
	39.0527249478	54.2822326572
	39.0446790686	54.2736421594
	39.0360885708	54.2655962802
	39.0269902403	54.2581294733
	39.0174230374	54.2512737127
	39.0122378917	54.2479362372
	39.0041736216	54.2429389838
	38.9993636604	54.2400611024
	38.98898345	54.2345127643
	38.9782625857	54.2296552039
	38.967246976	54.2255092219
	38.9600990008	54.2232478178
	38.9588140286	54.2223811956
	38.9488189217	54.2161658387
	38.9384387112	54.2106175006
	38.9277178469	54.2057599402
	38.9167022372	54.2016139583
	38.9156086987	54.2012466585
	38.9106038158	54.1995834505
	38.9004341697	54.1965341005
	38.8889716408	54.1938614137
	38.877358852	54.1919441345
	38.8750429	54.1916812695
	38.8715892255	54.1840588474
	38.8660408874	54.1736786369
	38.8598255305	54.16368353
	38.8591168663	54.1626309952
	38.8538373253	54.1548490127
	38.8476902288	54.1463343447
	38.8402234219	54.1372360141
	38.8321775427	54.1286455163
	38.8235870449	54.1205996371
	38.8144887144	54.1131328302
	38.8084605327	54.1087033231
	38.8009532085	54.1034237821
	38.7974141873	54.1009975286
	38.7874190804	54.0947821717
	38.7770388699	54.0892338336
	38.7663180056	54.0843762732
	38.7553023959	54.0802302913
	38.7534154106	54.0796013604
	38.7389805962	54.0748787652
	38.7296043968	54.0720910463
	38.7181418678	54.0694183595
	38.7081953582	54.0677283798
	38.7004133758	54.066629747
	38.6987470966	54.0664024474
	38.6870337755	54.065248786
	38.6752700806	54.0648636825
	38.6635063856	54.065248786
	38.6518920102	54.0663894489
	38.6480023387	54.0668993385
	38.6423958509	54.0671790228
	38.6306825299	54.0683326843
	38.6195618015	54.0701527996
	38.6053940159	54.0729298992
	38.6049019554	54.0730270631
	38.5934394265	54.07569975
	38.5821762418	54.0791163997
	38.5711606321	54.0832623816
	38.5654915163	54.0857255652
	38.5563209841	54.089898844
	38.5512692355	54.0922932208
	38.5421602786	54.0971144847
	38.5359715906	54.1006206523
	38.5289836164	54.1010927426
	38.5176301617	54.1022224548
	38.5060173729	54.104139734
	38.5044391581	54.1044610126
	38.4977710673	54.1058495624
	38.4878867531	54.1082009707
	38.4766235685	54.1116176204
	38.4750519263	54.1121592334
	38.4694900977	54.114104729
	38.4600461301	54.1177090979
	38.4493252658	54.1225666583
	38.4389450554	54.1281149964
	38.4290362034	54.1342727555
	38.4215365086	54.1392776383
	38.4214502536	54.1393352361
	38.4118830507	54.1461909967
	38.4027847202	54.1536578037
	38.3941942224	54.1617036828
	38.3861483432	54.1702941806
	38.3786815363	54.1793925112
	38.3718257757	54.1889597141
	38.3656104188	54.198954821
	38.3618581691	54.2057920945
	38.3585317531	54.2121778977
	38.3567356647	54.2157208347
	38.3518781043	54.226441699
	38.3477321223	54.2374573087
	38.3443154726	54.2487204934
	38.3433516425	54.2524792825
	38.3400175971	54.2660901223
	38.3384718026	54.2729838211
	38.3322511682	54.278914071
	38.3309653587	54.2802130134
	38.3125443254	54.299012281
	38.3097366245	54.3014239169
	38.3052337681	54.3055095014
	38.2909270485	54.3162022723
	38.2891108339	54.3175777155
	38.2800125034	54.3250445224
	38.2714220056	54.3330904016
	38.2698832249	54.3346480293
	38.2590494847	54.3457487984
	38.2525423862	54.3527816684
	38.2450755793	54.361879999
	38.2382198186	54.3714472018
	38.2320044617	54.3814423088
	38.2264561237	54.3918225192
	38.2215985632	54.4025433835
	38.2174525813	54.4135589933
	38.2140359316	54.4248221779
	38.2124822013	54.4310653447
	38.2120795956	54.4328161255
	38.2108997882	54.4351651096
	38.2060422278	54.4458859739
	38.2018962459	54.4569015836
	38.1984795961	54.4681647683
	38.1958069093	54.4796272972
	38.195609694	54.4808218123
	38.1870713849	54.4816627624
	38.175458596	54.4835800416
	38.1639960671	54.4862527285
	38.1610462932	54.487070082
	38.1552098064	54.4887409194
	38.1468963956	54.4913402156
	38.1358807859	54.4954861975
	38.1251599216	54.5003437579
	38.1247408195	54.5005511139
	38.1228321805	54.5007042245
	38.1137376446	54.5016670348
	38.1021248558	54.503584314
	38.0906623269	54.5062570009
	38.0793991422	54.5096736506
	38.0683835324	54.5138196326
	38.0576626682	54.518677193
	38.0472824577	54.5242255311
	38.0441799459	54.5261192292
	38.034553261	54.52749447
	38.0249001243	54.5291427857
	38.0134375954	54.5318154726
	38.0021744108	54.5352321223
	38.0019152067	54.5353203303
	37.9905321501	54.5392036921
	37.9797757444	54.5432614661
	37.9776452291	54.5441600416
	37.9679253804	54.5483333205
	37.9593350314	54.5522923053
	37.948954821	54.5578406434
	37.9393270849	54.5638111825
	37.9318197607	54.5688008066
	37.9314523898	54.5690456243
	37.921885187	54.5759013849
	37.9127868564	54.5833681918
	37.9041963586	54.591414071
	37.8961504794	54.6000045688
	37.8929810162	54.6038665709
	37.8908856687	54.6046552039
	37.8866863422	54.6065578939
	37.8813489905	54.6008592615
	37.8727584927	54.5928133823
	37.8636601622	54.5853465754
	37.8540929593	54.5784908147
	37.8440978523	54.5722754578
	37.8387624529	54.5693145794
	37.8345968035	54.5670944256
	37.8295519925	54.5645069659
	37.8188311282	54.5596494055
	37.8078155184	54.5555034236
	37.7965523338	54.5520867739
	37.787665407	54.5499460103
	37.7448797625	54.5407831074
	37.7423041603	54.5402511842
	37.7306913715	54.538333905
	37.7224764983	54.5374438337
	37.6866412322	54.5343920759
	37.6831427843	54.5341284857
	37.6713790894	54.5337433822
	37.6596153944	54.5341284857
	37.6479020733	54.5352821472
	37.6432130927	54.5359624078
	37.6309908027	54.537900274
	37.6240669945	54.5391372926
	37.6126044655	54.5418099794
	37.6013412809	54.5452266292
	37.5903256711	54.5493726111
	37.5832463696	54.5524848952
	37.5625927401	54.5561133526
	37.5461785312	54.5571481407
	37.5457314222	54.5571768866
	37.5340181012	54.558330548
	37.5224053123	54.5602478272
	37.5109427834	54.5629205141
	37.4996795987	54.5663371638
	37.488663989	54.5704831458
	37.4779431247	54.5753407062
	37.4675629143	54.5808890443
	37.4575678073	54.5871044012
	37.4480006044	54.5939601618
	37.4389022739	54.6014269687
	37.4303117761	54.6094728479
	37.4271927786	54.6126702823
	37.4268338107	54.6128468097
	37.4164536003	54.6183951478
	37.4101175073	54.6222293477
	37.3987268213	54.6294467549
	37.3950678073	54.6318279119
	37.3864133588	54.637987907
	37.3821553834	54.641212209
	37.3727645874	54.640966893
	37.3650264016	54.6411334275
	37.3586482277	54.6414080857
	37.3546227186	54.6416266547
	37.3429093976	54.6427803161
	37.3407092933	54.6430837955
	37.3098712806	54.6475317325
	37.300458596	54.6491455323
	37.2975217322	54.649755211
	37.2948494348	54.6503332504
	37.2900916369	54.6499579535
	37.2783279419	54.64957285
	37.2665642469	54.6499579535
	37.2548509259	54.6511116149
	37.243238137	54.6530288941
	37.2317756081	54.655701581
	37.2289004511	54.6564975911
	37.2172351068	54.6598316365
	37.2088470792	54.6624522761
	37.2038284908	54.6642391693
	37.1976476758	54.6657362946
	37.1934379006	54.6668099794
	37.1821747159	54.6702266292
	37.1762607005	54.6723500806
	37.1395938304	54.686243208
	37.1344922361	54.6882657385
	37.1237713718	54.693123299
	37.1228855566	54.6935631664
	37.109549375	54.7002312573
	37.1000549797	54.7053397278
	37.0900598727	54.7115550848
	37.0804926699	54.7184108454
	37.0793810349	54.7192707538
	37.0768862229	54.7212162494
	37.0688995273	54.7278231479
	37.0603090295	54.7358690271
	37.0522631503	54.7444595249
	37.0447963434	54.7535578554
	37.0379405828	54.7631250583
	37.0317252259	54.7731201652
	37.0261768878	54.7835003757
	37.0213193274	54.79422124
	37.0171733455	54.8052368497
	37.0142403643	54.814731081
	37.0086864191	54.8216120546
	37.0018306585	54.8311792575
	36.9997158873	54.834419136
	36.9977703917	54.8374708938
	36.993669806	54.8442261223
	36.9881214679	54.8546063327
	36.9832639075	54.865327197
	36.9791179256	54.8763428067
	36.9783220832	54.8787425638
	36.9756282526	54.882166559
	36.9731758313	54.8854389818
	36.9686855036	54.8910548037
	36.9642394342	54.8971065403
	36.9620174128	54.8999430483
	36.9551616521	54.9095102512
	36.9527662685	54.9131917218
	36.9508284023	54.916251109
	36.947008429	54.9225647453
	36.9448881647	54.926341446
	36.9350815861	54.9419909239
	36.9317267518	54.9475662712
	36.9261784137	54.9579464816
	36.9213208533	54.9686673459
	36.9179570833	54.9774279032
	36.9175986211	54.9784395892
	36.9133668909	54.9825349817
	36.9053210117	54.9911254795
	36.8978542047	55.00022381
	36.8940976223	55.0053016688
	36.8922742185	55.0060452796
	36.8881717831	55.0078045162
	36.8831669003	55.01002467
	36.8765484714	55.0131229938
	36.8706538775	55.0162737199
	36.8694381714	55.0162339218
	36.8627700806	55.0162339218
	36.8510063856	55.0166190253
	36.8470770025	55.0169198362
	36.84497168	55.0163509146
	36.8446022605	55.0162515078
	36.8331397316	55.0135788209
	36.8215269428	55.0116615417
	36.81437441	55.0108651132
	36.808263265	55.0103081674
	36.8037024767	55.0099509345
	36.7919387817	55.009565831
	36.7801750868	55.0099509345
	36.7775563016	55.0101417855
	36.7706135526	55.0106987313
	36.7615190167	55.0116615417
	36.7499062279	55.0135788209
	36.7384436989	55.0162515078
	36.7271805143	55.0196681575
	36.7161649045	55.0238141394
	36.714190928	55.0246455919
	36.7044634499	55.0288112413
	36.6957165622	55.0328373492
	36.6853363518	55.0383856873
	36.6753412448	55.0446010442
	36.6657740419	55.0514568048
	36.6566757114	55.0589236118
	36.6480852136	55.066969491
	36.6400393344	55.0755599887
	36.6325725275	55.0846583193
	36.6281514492	55.0908279269
	36.6164771349	55.0896781073
	36.6047134399	55.0892930038
	36.592949745	55.0896781073
	36.5908895076	55.0898250272
	36.583664471	55.090381973
	36.5740113873	55.0913887145
	36.5623985985	55.0933059937
	36.5509360695	55.0959786806
	36.5396728849	55.0993953303
	36.5286572751	55.1035413123
	36.5179364108	55.1083988727
	36.5149046739	55.1099297125
	36.5062987168	55.1143776495
	36.4989502434	55.1183951478
	36.4889551364	55.1246105047
	36.4875823435	55.1255942342
	36.4867253841	55.1256602933
	36.4806647385	55.1262923715
	36.4763656704	55.1222704746
	36.4672673399	55.1148036676
	36.4604943122	55.1098531541
	36.4591384976	55.1086520053
	36.450040167	55.1011851984
	36.4494856474	55.1007614073
	36.4460691443	55.0972505578
	36.4374786465	55.0892046787
	36.428380316	55.0817378717
	36.4188131131	55.0748821111
	36.4088180062	55.0686667542
	36.3984377957	55.0631184161
	36.3877169314	55.0582608557
	36.3767013217	55.0541148738
	36.365438137	55.0506982241
	36.3598603811	55.0492988411
	36.3524221219	55.0440517278
	36.3424270149	55.0378363709
	36.3330429406	55.0327831081
	36.3285950036	55.0305553249
	36.3275988675	55.0300602496
	36.3168780032	55.0252026892
	36.3058623934	55.0210567073
	36.2945992088	55.0176400576
	36.2831366799	55.0149673707
	36.271523891	55.0130500915
	36.2649226731	55.0123047634
	36.2590938157	55.011755447
	36.2539817126	55.0113471137
	36.2422180176	55.0109620102
	36.2351119624	55.0111024374
	36.2308923038	55.0112692773
	36.1692103043	55.0047371442
	36.1620322497	55.004122077
	36.1581670556	55.0039104832
	36.1456701074	55.0033611668
	36.1377716064	55.0031876571
	36.1260079115	55.0035727606
	36.1241359472	55.0037052668
	36.1169109106	55.0042545832
	36.1070695538	55.0052757385
	36.095456765	55.0071930177
	36.0839942361	55.0098657045
	36.0727310514	55.0132823543
	36.0617154416	55.0174283362
	36.0509945773	55.0222858966
	36.0406143669	55.0278342347
	36.039896005	55.0282511957
	36.0365619595	55.0301966913
	36.036295822	55.0303522948
	36.0290657738	55.0316375977
	36.0176032448	55.0343102846
	36.0105796859	55.0363461394
	36.0014792712	55.0355170355
	35.9897155762	55.035131932
	35.9779518812	55.0355170355
	35.9662385602	55.036670697
	35.9546257713	55.0385879762
	35.9431632424	55.041260663
	35.9431496924	55.0412642943
	35.9245339697	55.0462539184
	35.9132843351	55.0496669368
	35.9022687253	55.0538129187
	35.9008453652	55.0544096612
	35.8954476087	55.0546820746
	35.8890077563	55.0552205058
	35.8706954444	55.0570834063
	35.8632722309	55.056867684
	35.8462837904	55.0571768866
	35.8345704693	55.058330548
	35.8229576805	55.0602478272
	35.8227731732	55.0602846283
	35.8158304242	55.0616731781
	35.8045524026	55.0643090639
	35.7932892179	55.0677257136
	35.7822736081	55.0718716956
	35.7715527438	55.076729256
	35.7611725334	55.0822775941
	35.7580310459	55.0841340743
	35.746083414	55.0913591109
	35.7418086042	55.0940266797
	35.7414505485	55.0942328553
	35.7373058731	55.0967004714
	35.7312039895	55.1004450763
	35.7174989161	55.1066239863
	35.7161963722	55.1063598878
	35.7045835834	55.1044426086
	35.6928702624	55.1032889472
	35.6835758688	55.1029207946
	35.677795736	55.1028414335
	35.6679885384	55.0967429261
	35.6576083279	55.091194588
	35.6468874636	55.0863370276
	35.6358718539	55.0821910457
	35.6246086692	55.078774396
	35.6131461403	55.0761017091
	35.6015333515	55.0741844299
	35.5937120242	55.0734140964
	35.5936409711	55.073381522
	35.5844780683	55.0694905308
	35.5830065432	55.0688733435
	35.5782308957	55.0669746762
	35.5756762601	55.0656895221
	35.5649553958	55.0608319617
	35.5611063407	55.0592893686
	35.5424982474	55.0520795907
	35.5353316928	55.0494762019
	35.5240685081	55.0460595522
	35.5126059792	55.0433868653
	35.5009931903	55.0414695861
	35.4946242524	55.0407463003
	35.488795395	55.0401893545
	35.4834510119	55.0397589789
	35.4716873169	55.0393738754
	35.4599236219	55.0397589789
	35.4482507509	55.0409073196
	35.4418649476	55.041746553
	35.4418244977	55.0417518737
	35.4302117088	55.0436691529
	35.4187491799	55.0463418398
	35.4162029149	55.0470441881
	35.3867610814	55.0553983751
	35.3780441617	55.0581126765
	35.3749724087	55.0591864811
	35.3731078834	55.0592205133
	35.3697662354	55.059111119
	35.3580025404	55.0594962225
	35.3462892193	55.060649884
	35.3346764305	55.0625671632
	35.3232139016	55.0652398501
	35.3119507169	55.0686564998
	35.3009351072	55.0728024817
	35.2902142429	55.0776600421
	35.2798340324	55.0832083802
	35.2698389255	55.0894237371
	35.2602717226	55.0962794977
	35.2525465576	55.1025542962
	35.2509062094	55.1036162825
	35.2487283908	55.1050487371
	35.2391611879	55.1119044977
	35.2300628574	55.1193713046
	35.2289564811	55.1203496355
	35.2136824332	55.1339681047
	35.2061983118	55.1410356531
	35.2020224571	55.1453533513
	35.1920979239	55.1559639554
	35.1769780762	55.1691754218
	35.1767333896	55.1693896152
	35.1681428918	55.1774354944
	35.1600970126	55.1860259922
	35.1561571276	55.1906751449
	35.1550997592	55.1918701084
	35.1476329523	55.2009684389
	35.1407771917	55.2105356418
	35.1345618348	55.2205307487
	35.1290134967	55.2309109592
	35.1280835297	55.2328252126
	35.1250241425	55.2392186452
	35.1210965491	55.2480252561
	35.1169505672	55.2590408658
	35.1135339174	55.2703040505
	35.1108612305	55.2817665794
	35.1089439514	55.2933793683
	35.1077902899	55.3050926893
	35.1074051864	55.3168563843
	35.1077902899	55.3286200793
	35.1089439514	55.3403334003
	35.1108612305	55.3519461891
	35.1108980317	55.3521306964
	35.1111894629	55.3535878527
	35.1108344183	55.3581246107
	35.110576592	55.3631230221
	35.1102943044	55.3706227169
	35.1105521307	55.3891516955
	35.1117057922	55.4008650165
	35.1136230714	55.4124778053
	35.1162957583	55.4239403343
	35.1170202713	55.4265646453
	35.1161026246	55.4308983543
	35.1141853454	55.4425111432
	35.113031684	55.4542244642
	35.1126465805	55.4659881592
	35.113031684	55.4777518542
	35.1132388167	55.4805721805
	35.1104840613	55.4868787107
	35.1063380794	55.4978943204
	35.1029214296	55.5091575051
	35.1002487428	55.520620034
	35.0983314636	55.5322328229
	35.0971778021	55.5439461439
	35.0967926986	55.5557098389
	35.0971778021	55.5674735338
	35.0983314636	55.5791868549
	35.1002487428	55.5907996437
	35.1029214296	55.6022621726
	35.1063380794	55.6135253573
	35.1104840613	55.6245409671
	35.1109203964	55.6255850711
	35.1149319983	55.6362063113
	35.1197895587	55.6469271756
	35.1253378968	55.657307386
	35.1315532537	55.667302493
	35.1366255788	55.6743809144
	35.1343979127	55.6839348533
	35.1324806335	55.6955476422
	35.1313269721	55.7072609632
	35.1309418686	55.7190246582
	35.1309418686	55.7226333618
	35.1313269721	55.7343970568
	35.1313471054	55.7347003063
	35.1291488559	55.7365969516
	35.1268510247	55.7386471596
	35.1237916375	55.7414242592
	35.1174989709	55.7474199304
	35.1094530917	55.7560104282
	35.1077181424	55.7581244701
	35.104357416	55.7605327326
	35.0952590854	55.7679995395
	35.0866685876	55.7760454187
	35.0786227084	55.7846359165
	35.0711559015	55.793734247
	35.0643001409	55.8033014499
	35.0621853697	55.8065413284
	35.0621394167	55.8066134116
	35.0612971132	55.8072169977
	35.0521987827	55.8146838046
	35.0499009515	55.8167340126
	35.0468415643	55.8195111122
	35.0405488977	55.8255067834
	35.0325030185	55.8340972812
	35.0250362116	55.8431956118
	35.018180451	55.8527628146
	35.0119650941	55.8627579216
	35.006416756	55.873138132
	35.0015591956	55.8838589963
	34.9974132136	55.8948746061
	34.9939965639	55.9061377907
	34.991323877	55.9176003197
	34.9894065978	55.9292131085
	34.9882529364	55.9409264295
	34.9878678329	55.9526901245
	34.9882529364	55.9644538195
	34.9894065978	55.9761671405
	34.991323877	55.9877799294
	34.9916152798	55.9892143802
	34.9932861172	55.9972710208
	34.9956674013	56.0072990989
	34.999084051	56.0185622836
	35.003230033	56.0295778933
	35.0080875934	56.0402987576
	35.0136359315	56.0506789681
	35.0198512884	56.060674075
	35.0248613205	56.0677929484
	35.0304155197	56.0752926432
	35.0322612482	56.0777409727
	35.0384109505	56.0852344067
	35.0395955441	56.0875151856
	35.0462712643	56.0997374757
	35.048357306	56.10345149
	35.0545726629	56.113446597
	35.0614284235	56.1230137998
	35.0688952304	56.1321121304
	35.0755953682	56.1393424942
	35.0883669746	56.1523887589
	35.0897127161	56.1537488928
	35.0983032138	56.161794772
	35.1072016681	56.1691079858
	35.1108103717	56.1718850854
	35.111010248	56.1720386786
	35.1205774509	56.1788944392
	35.1305725578	56.1851097961
	35.1380905894	56.1892148155
	35.1392295413	56.1898019457
	35.14031263	56.1921923733
	35.1458609681	56.2025725838
	35.152076325	56.2125676907
	35.1589320856	56.2221348936
	35.1663988925	56.2312332241
	35.1744447717	56.2398237219
	35.1756833822	56.2410503857
	35.1771759278	56.2496360085
	35.1798486147	56.2610985374
	35.180844245	56.2646668731
	35.183339057	56.2732652008
	35.1857600764	56.2809600497
	35.1899060584	56.2919756594
	35.1947636188	56.3026965237
	35.2003119569	56.3130767342
	35.2048003131	56.320437556
	35.2073027545	56.3243285472
	35.2090297552	56.3269628323
	35.2158855158	56.3365300352
	35.2233523227	56.3456283658
	35.2313982019	56.3542188635
	35.2370564752	56.3596359086
	35.243724566	56.3657470536
	35.2466567905	56.3683758878
	35.2557551211	56.3758426947
	35.2653223239	56.3826984553
	35.2753174309	56.3889138122
	35.2856976413	56.3944621503
	35.2863179713	56.3947432181
	35.2862121125	56.3950622547
	35.2831887636	56.4051535988
	35.2805160767	56.4166161278
	35.2785987975	56.4282289166
	35.2774451361	56.4399422376
	35.2770600326	56.4517059326
	35.2774451361	56.4634696276
	35.2785987975	56.4751829486
	35.2805160767	56.4867957375
	35.2805404639	56.486918118
	35.2813720679	56.4910837674
	35.2840203676	56.5024239158
	35.2874370173	56.5136871005
	35.2915829993	56.5247027102
	35.2964405597	56.5354235745
	35.3019888978	56.545803785
	35.306477254	56.5531646068
	35.3089796954	56.557055598
	35.3107066961	56.5596898831
	35.3175624567	56.569257086
	35.3250292636	56.5783554165
	35.3330751428	56.5869459143
	35.3416656406	56.5949917935
	35.3507639711	56.6024586004
	35.360331174	56.609314361
	35.370326281	56.615529718
	35.3807064914	56.621078056
	35.3899558306	56.6253184292
	35.3991187335	56.6292094204
	35.4005902585	56.6298266077
	35.4116058683	56.6339725896
	35.4228690529	56.6373892393
	35.4343315819	56.6400619262
	35.4459443707	56.6419792054
	35.4576576917	56.6431328668
	35.4580907185	56.6431607243
	35.4711446126	56.643984699
	35.4824752808	56.6443419449
	35.4933786595	56.6440111594
	35.5294437194	56.6418208676
	35.5384996814	56.6448326139
	35.5487082863	56.6478949156
	35.5558727799	56.6496579659
	35.5669888078	56.6521527779
	35.5712868431	56.6530624145
	35.5828996319	56.6549796937
	35.594612953	56.6561333551
	35.5985452153	56.6563478845
	35.6113244511	56.6569048303
	35.6191558838	56.6570754044
	35.6291076825	56.6567998796
	35.6441147015	56.6559682756
	35.6459265978	56.6558586969
	35.6576399188	56.6547050355
	35.6687606472	56.6528849202
	35.6829284329	56.6501078206
	35.6834204933	56.6500106567
	35.6948830222	56.6473379698
	35.700773737	56.6456515064
	35.7299332829	56.6367632617
	35.7353057528	56.6350330754
	35.7463213626	56.6308870935
	35.7540844061	56.6274547562
	35.7682521918	56.6207866654
	35.7712100125	56.6193614423
	35.7815902229	56.6138131042
	35.7857268617	56.6113504197
	35.7979491517	56.6038507249
	35.8038076199	56.6000980525
	35.8133748228	56.5932422918
	35.8221633916	56.5860465123
	35.8296135633	56.5866906061
	35.8413772583	56.5870757096
	35.8480453491	56.5870757096
	35.8598090441	56.5866906061
	35.8665127804	56.5861251335
	35.874569421	56.5852935295
	35.8795790058	56.5847053406
	35.8911917946	56.5827880614
	35.9026543235	56.5801153746
	35.9139175082	56.5766987248
	35.9198844615	56.5745552056
	35.935679535	56.5685647445
	35.9415193219	56.5694312928
	35.9532326429	56.5705849542
	35.9649963379	56.5709700577
	35.9716567993	56.5709700577
	35.9834204943	56.5705849542
	35.9951338153	56.5694312928
	36.0067466042	56.5675140136
	36.0182091331	56.5648413267
	36.0190922119	56.5646022977
	36.0252033569	56.5629314603
	36.0355834628	56.5597538396
	36.0465440559	56.5556306356
	36.0515493608	56.5535593115
	36.0608932976	56.5593697448
	36.071273508	56.5649180829
	36.0805228472	56.5691584561
	36.0896857501	56.5730494473
	36.0911572751	56.5736666345
	36.1021728849	56.5778126164
	36.1134360695	56.5812292662
	36.1248985985	56.583901953
	36.1365113873	56.5858192322
	36.1439823072	56.586644392
	36.1625980299	56.5883076
	36.166840431	56.5886361017
	36.178604126	56.5890212052
	36.1828428317	56.5889712533
	36.2098380806	56.5883349034
	36.2197691313	56.5934569023
	36.2226635837	56.5949168622
	36.233384448	56.5997744226
	36.2444000577	56.6039204045
	36.2452983848	56.6042227081
	36.2552928917	56.6075567536
	36.2656577492	56.6106710997
	36.2769357709	56.6133069854
	36.2936059979	56.6166410308
	36.2937905052	56.616677832
	36.305403294	56.6185951111
	36.3171166151	56.6197487726
	36.3288803101	56.6201338761
	36.3313003862	56.6201175943
	36.3726898515	56.6195606485
	36.3820334704	56.6191918268
	36.385574225	56.6189246287
	36.4083555971	56.6169791331
	36.4152842567	56.616227594
	36.4225143344	56.6229993008
	36.431612665	56.6304661078
	36.4411798679	56.6373218684
	36.4511749748	56.6435372253
	36.4606693701	56.6486456959
	36.4651096777	56.6508658497
	36.4659954929	56.6513057172
	36.4767163572	56.6561632776
	36.4877319669	56.6603092595
	36.4989951516	56.6637259092
	36.5104576805	56.6663985961
	36.5220704693	56.6683158753
	36.5267470288	56.6688693761
	36.5356294899	56.6736288023
	36.5489580422	56.6802968931
	36.5498806857	56.6807551801
	36.56060155	56.6856127405
	36.5716171598	56.6897587224
	36.5828803445	56.6931753721
	36.5851414288	56.6937655121
	36.5932026017	56.6958136277
	36.6145500665	56.7034697281
	36.6174545621	56.7044834538
	36.6287177468	56.7079001036
	36.6401802757	56.7105727904
	36.6517930646	56.7124900696
	36.6533181431	56.7126842229
	36.6699739664	56.7147323297
	36.6708567574	56.7151334981
	36.6764386472	56.7175570154
	36.6874542569	56.7217029973
	36.6987174416	56.725119647
	36.7090245415	56.727558566
	36.7184015475	56.7342685846
	36.7283966545	56.7404839416
	36.7387768649	56.7460322797
	36.7494977292	56.7508898401
	36.760513339	56.755035822
	36.7717765236	56.7584524717
	36.7832390526	56.7611251586
	36.7948518414	56.7630424378
	36.8065651624	56.7641960992
	36.8183288574	56.7645812027
	36.8300925524	56.7641960992
	36.8318964151	56.7640687578
	36.8466211465	56.7629548662
	36.8565306049	56.7619285462
	36.8681433937	56.760011267
	36.8696049945	56.7597142315
	36.8903866382	56.75753494
	36.8943877549	56.7570700071
	36.9252486558	56.7531332395
	36.9259657245	56.7530403016
	36.9375785134	56.7511230224
	36.9385893333	56.7509163523
	36.9388641602	56.7525809548
	36.9415368471	56.7640434837
	36.9449534968	56.7753066683
	36.9490994788	56.7863222781
	36.9539570392	56.7970431424
	36.9595053773	56.8074233528
	36.9657207342	56.8174184598
	36.9689691208	56.8221167649
	36.9717462204	56.8260001267
	36.9753535944	56.8308690245
	36.9828204013	56.839967355
	36.9908662805	56.8485578528
	36.9994567783	56.856603732
	37.0085551088	56.8640705389
	37.0181223117	56.8709262995
	37.0273990567	56.8767246954
	37.0298033019	56.8781276303
	37.0302871616	56.8785535001
	37.0393854921	56.886020307
	37.0443902583	56.8897247489
	37.0482812495	56.8925018485
	37.0528436862	56.8956531672
	37.0628387932	56.9018685241
	37.0722227412	56.9069217237
	37.0855512935	56.9135974439
	37.0865475559	56.9140925824
	37.0972684201	56.9189501428
	37.1082840299	56.9230961247
	37.1136098504	56.9248120847
	37.1236119866	56.9278638425
	37.1295493508	56.9295645323
	37.1374566181	56.9314926366
	37.1562817084	56.9356340531
	37.1605430265	56.9370386288
	37.1661444562	56.9399652185
	37.1698834323	56.9418635785
	37.1806042966	56.9467211389
	37.1916199064	56.9508671208
	37.202883091	56.9542837706
	37.2143456199	56.9569564574
	37.2259584088	56.9588737366
	37.2376717298	56.9600273981
	37.2494354248	56.9604125016
	37.2611991198	56.9600273981
	37.2729124408	56.9588737366
	37.2845252297	56.9569564574
	37.2959877586	56.9542837706
	37.3062159667	56.9512149483
	37.3076740813	56.9516267272
	37.3126713347	56.953015277
	37.3142722512	56.9534521665
	37.3257347801	56.9561248534
	37.3373475689	56.9580421326
	37.34906089	56.9591957941
	37.3503317824	56.9592745759
	37.3747684114	56.9607025746
	37.3760480261	56.9641024295
	37.3809055865	56.9748232938
	37.3864539246	56.9852035042
	37.3874494501	56.9869061766
	37.3918897577	56.9944058714
	37.3971095891	57.002698306
	37.4039653498	57.0122655088
	37.4114321567	57.0213638394
	37.4194780359	57.0299543372
	37.4196238046	57.030099939
	37.42295785	57.033426355
	37.4314025791	57.0413266324
	37.4405009096	57.0487934393
	37.4451798967	57.0522648164
	37.4490632585	57.0550495454
	37.4539514743	57.0584339289
	37.4639465812	57.0646492858
	37.4743267917	57.0701976239
	37.485047656	57.0750551843
	37.4960632657	57.0792011662
	37.5073264504	57.082617816
	37.5125644041	57.0838391355
	37.5223843478	57.0890880048
	37.5331052121	57.0939455652
	37.5441208219	57.0980915471
	37.5452143604	57.0984588468
	37.5502192432	57.1001220548
	37.5603888894	57.1031714048
	37.5718514183	57.1058440917
	37.5722021324	57.1059134908
	37.5754620087	57.1065551872
	37.5839398679	57.1103258752
	37.5949554776	57.1144718572
	37.6062186623	57.1178885069
	37.6176811912	57.1205611938
	37.6292939801	57.122478473
	37.6385994009	57.1234580756
	37.6540131533	57.1246763192
	37.6802255694	57.1301837343
	37.6821190574	57.1305709594
	37.6937318463	57.1324882386
	37.7054451673	57.1336419
	37.7172088623	57.1340270035
	37.7311019897	57.1340270035
	37.7428656847	57.1336419
	37.7545790058	57.1324882386
	37.7661917946	57.1305709594
	37.7663763019	57.1305341583
	37.7733190509	57.1291456085
	37.7845970725	57.1265097227
	37.7958602572	57.123093073
	37.806875867	57.1189470911
	37.8175967313	57.1140895306
	37.8279769417	57.1085411926
	37.8379720486	57.1023258357
	37.8475392515	57.095470075
	37.8566375821	57.0880032681
	37.8589354133	57.0859530601
	37.8613298117	57.0837795912
	37.8835093629	57.0792098749
	37.8937660789	57.0767813291
	37.8992201001	57.0752273709
	37.911167732	57.0716186673
	37.9169768954	57.0697559758
	37.9279925051	57.0656099939
	37.9337316661	57.0630096139
	37.9398108752	57.0628106012
	37.9480495813	57.0620800287
	37.9555492761	57.0612407953
	37.959023891	57.0608177064
	37.9706366799	57.0589004272
	37.9820992088	57.0562277403
	37.9933623934	57.0528110906
	38.0007997958	57.0501025091
	38.0057970492	57.0481570135
	38.0093752566	57.046719613
	38.0200961209	57.0418620526
	38.0304763313	57.0363137145
	38.0404714383	57.0300983576
	38.0500386412	57.023242597
	38.0591369717	57.0157757901
	38.0625933134	57.0126647023
	38.069481789	57.0082360748
	38.072141055	57.006493011
	38.0817082579	56.9996372503
	38.0908065884	56.9921704434
	38.0932698359	56.9899698944
	38.0963215938	56.9871927948
	38.102448844	56.9813474646
	38.1104947232	56.9727569668
	38.1179615301	56.9636586363
	38.1248172907	56.9540914334
	38.1257143351	56.9526488687
	38.1290043609	56.9526262799
	38.1370917804	56.9523887706
END
END
