none
1
   7.559390E-01   4.817802E+01
   7.370160E-01   4.818679E+01
   7.307440E-01   4.819564E+01
   7.223020E-01   4.819635E+01
   7.143470E-01   4.821071E+01
   7.024640E-01   4.821728E+01
   6.931670E-01   4.823434E+01
   6.841400E-01   4.823910E+01
   6.785530E-01   4.825075E+01
   6.633530E-01   4.825793E+01
   6.510560E-01   4.826102E+01
   6.367830E-01   4.825562E+01
   6.359400E-01   4.824714E+01
   6.409330E-01   4.823578E+01
   6.341220E-01   4.823170E+01
   6.265240E-01   4.823495E+01
   6.221890E-01   4.824177E+01
   6.111260E-01   4.823956E+01
   6.050610E-01   4.824213E+01
   5.671880E-01   4.824266E+01
   5.476560E-01   4.824739E+01
   5.360460E-01   4.824697E+01
   5.338270E-01   4.824949E+01
   5.345950E-01   4.825746E+01
   5.316050E-01   4.826080E+01
   5.118440E-01   4.826441E+01
   4.923260E-01   4.828103E+01
   4.913620E-01   4.828636E+01
   4.989170E-01   4.829735E+01
   4.916630E-01   4.830345E+01
   4.873030E-01   4.830336E+01
   4.795410E-01   4.829616E+01
   4.650740E-01   4.830282E+01
   4.426210E-01   4.830193E+01
   4.306760E-01   4.830431E+01
   4.191050E-01   4.831800E+01
   4.056830E-01   4.831237E+01
   3.938900E-01   4.831847E+01
   3.805750E-01   4.833274E+01
   3.781270E-01   4.834300E+01
   3.824000E-01   4.835036E+01
   3.773260E-01   4.836538E+01
   3.770030E-01   4.837751E+01
   3.712420E-01   4.838688E+01
   3.719860E-01   4.839840E+01
   3.690430E-01   4.841118E+01
   3.775800E-01   4.841798E+01
   3.772640E-01   4.842367E+01
   3.658500E-01   4.843620E+01
   3.612810E-01   4.844855E+01
   3.548860E-01   4.845509E+01
   3.376660E-01   4.845933E+01
   3.237050E-01   4.846940E+01
   3.092330E-01   4.846961E+01
   2.975340E-01   4.847729E+01
   2.752560E-01   4.847667E+01
   2.677960E-01   4.848030E+01
   2.590820E-01   4.847415E+01
   2.495240E-01   4.847154E+01
   2.134570E-01   4.846995E+01
   1.913600E-01   4.845941E+01
   1.757040E-01   4.846196E+01
   1.733870E-01   4.845843E+01
   1.753900E-01   4.844890E+01
   1.622110E-01   4.844617E+01
   1.567050E-01   4.843690E+01
   1.271220E-01   4.843216E+01
   1.176720E-01   4.843304E+01
   1.125060E-01   4.842888E+01
   1.122370E-01   4.842157E+01
   1.009070E-01   4.840815E+01
   8.538100E-02   4.840819E+01
   6.848900E-02   4.840354E+01
   6.110600E-02   4.839332E+01
   6.510600E-02   4.838282E+01
   6.089600E-02   4.837712E+01
   1.554900E-02   4.837898E+01
   1.863000E-03   4.838703E+01
   -2.402000E-03   4.839366E+01
   -1.649400E-02   4.839068E+01
   -2.025000E-02   4.838320E+01
   -3.061800E-02   4.838320E+01
   -3.492200E-02   4.837872E+01
   -5.204300E-02   4.837303E+01
   -5.730500E-02   4.837755E+01
   -6.031200E-02   4.838660E+01
   -5.806600E-02   4.839211E+01
   -6.016200E-02   4.840877E+01
   -5.719400E-02   4.841478E+01
   -6.013700E-02   4.842039E+01
   -5.983000E-02   4.842954E+01
   -5.476900E-02   4.843979E+01
   -5.375300E-02   4.844937E+01
   -6.642900E-02   4.845399E+01
   -7.377200E-02   4.844789E+01
   -1.065200E-01   4.844480E+01
   -1.255810E-01   4.844691E+01
   -1.484630E-01   4.845454E+01
   -1.521900E-01   4.845986E+01
   -1.543140E-01   4.848110E+01
   -1.591800E-01   4.849345E+01
   -1.661670E-01   4.849872E+01
   -1.740450E-01   4.850063E+01
   -1.756450E-01   4.850981E+01
   -1.689060E-01   4.851785E+01
   -1.563930E-01   4.852365E+01
   -1.556520E-01   4.852766E+01
   -1.805200E-01   4.853875E+01
   -1.972450E-01   4.855362E+01
   -2.087400E-01   4.855994E+01
   -2.175280E-01   4.855570E+01
   -2.390790E-01   4.856181E+01
   -2.427520E-01   4.856079E+01
   -2.517410E-01   4.854948E+01
   -2.441760E-01   4.854450E+01
   -2.393360E-01   4.853574E+01
   -2.494550E-01   4.852479E+01
   -2.595960E-01   4.852368E+01
   -2.643710E-01   4.852001E+01
   -2.649860E-01   4.851296E+01
   -2.703470E-01   4.850531E+01
   -2.861770E-01   4.850415E+01
   -2.922510E-01   4.851311E+01
   -3.201540E-01   4.851899E+01
   -3.311700E-01   4.850923E+01
   -3.359880E-01   4.849870E+01
   -3.488890E-01   4.849773E+01
   -3.501830E-01   4.849404E+01
   -3.469870E-01   4.848796E+01
   -3.532960E-01   4.848126E+01
   -3.692160E-01   4.848559E+01
   -3.751550E-01   4.849305E+01
   -3.906390E-01   4.849665E+01
   -3.981480E-01   4.850503E+01
   -4.084280E-01   4.850304E+01
   -4.244610E-01   4.850434E+01
   -4.317190E-01   4.850892E+01
   -4.473550E-01   4.851153E+01
   -4.644010E-01   4.850916E+01
   -4.715970E-01   4.850177E+01
   -4.783050E-01   4.849909E+01
   -4.928610E-01   4.849922E+01
   -5.099820E-01   4.850366E+01
   -5.151790E-01   4.849584E+01
   -5.340520E-01   4.848914E+01
   -5.379830E-01   4.848217E+01
   -5.460480E-01   4.847884E+01
   -5.499790E-01   4.847111E+01
   -5.645350E-01   4.847074E+01
   -5.722840E-01   4.846612E+01
   -5.952630E-01   4.846904E+01
   -6.137870E-01   4.845699E+01
   -6.249750E-01   4.845428E+01
   -6.512140E-01   4.844117E+01
   -6.577840E-01   4.844586E+01
   -6.570190E-01   4.845999E+01
   -6.687020E-01   4.847971E+01
   -6.787480E-01   4.847557E+01
   -6.807320E-01   4.846869E+01
   -6.917050E-01   4.846554E+01
   -7.013190E-01   4.846464E+01
   -7.074700E-01   4.846844E+01
   -7.157340E-01   4.846670E+01
   -7.267430E-01   4.846887E+01
   -7.290940E-01   4.846308E+01
   -7.135580E-01   4.845652E+01
   -7.127300E-01   4.844780E+01
   -7.598560E-01   4.843358E+01
   -7.659070E-01   4.843420E+01
   -7.703560E-01   4.843933E+01
   -7.816670E-01   4.844432E+01
   -7.806170E-01   4.845489E+01
   -7.829220E-01   4.846125E+01
   -7.920390E-01   4.846242E+01
   -7.984150E-01   4.845668E+01
   -8.145000E-01   4.845310E+01
   -8.183360E-01   4.845738E+01
   -8.222010E-01   4.847194E+01
   -8.341990E-01   4.847770E+01
   -8.463170E-01   4.849453E+01
   -8.596040E-01   4.849804E+01
   -8.810130E-01   4.849633E+01
   -8.938730E-01   4.849204E+01
   -9.077140E-01   4.849383E+01
   -9.243410E-01   4.850158E+01
   -9.281300E-01   4.851075E+01
   -9.545840E-01   4.851386E+01
   -9.597720E-01   4.850990E+01
   -9.600400E-01   4.850287E+01
   -9.712230E-01   4.849219E+01
   -1.003452E+00   4.848666E+01
   -1.017706E+00   4.848971E+01
   -1.030555E+00   4.849830E+01
   -1.057496E+00   4.850896E+01
   -1.072415E+00   4.850559E+01
   -1.092380E+00   4.850809E+01
   -1.104631E+00   4.851070E+01
   -1.120339E+00   4.851875E+01
   -1.148187E+00   4.851536E+01
   -1.157513E+00   4.851785E+01
   -1.169222E+00   4.852782E+01
   -1.191194E+00   4.852598E+01
   -1.200453E+00   4.852967E+01
   -1.204821E+00   4.853607E+01
   -1.238658E+00   4.853521E+01
   -1.252786E+00   4.854049E+01
   -1.266099E+00   4.853404E+01
   -1.267755E+00   4.852233E+01
   -1.278248E+00   4.850677E+01
   -1.291294E+00   4.850380E+01
   -1.299594E+00   4.849673E+01
   -1.324038E+00   4.849410E+01
   -1.327741E+00   4.848399E+01
   -1.339109E+00   4.848719E+01
   -1.344132E+00   4.848096E+01
   -1.342987E+00   4.847109E+01
   -1.355850E+00   4.846449E+01
   -1.362762E+00   4.846381E+01
   -1.369108E+00   4.845791E+01
   -1.380029E+00   4.845334E+01
   -1.397171E+00   4.845851E+01
   -1.428811E+00   4.845935E+01
   -1.442868E+00   4.846977E+01
   -1.441586E+00   4.847758E+01
   -1.449723E+00   4.848389E+01
   -1.459452E+00   4.848221E+01
   -1.467007E+00   4.848489E+01
   -1.474603E+00   4.848285E+01
   -1.491328E+00   4.848732E+01
   -1.499919E+00   4.850791E+01
   -1.519818E+00   4.852810E+01
   -1.523633E+00   4.853861E+01
   -1.535682E+00   4.854597E+01
   -1.537027E+00   4.855117E+01
   -1.531666E+00   4.855854E+01
   -1.529018E+00   4.857186E+01
   -1.533671E+00   4.857756E+01
   -1.545221E+00   4.857870E+01
   -1.546749E+00   4.858753E+01
   -1.543588E+00   4.859616E+01
   -1.551979E+00   4.860578E+01
   -1.567768E+00   4.861266E+01
   -1.571844E+00   4.862329E+01
   -1.666686E+00   4.865142E+01
   -1.968100E+00   4.886001E+01
   -1.966971E+00   4.886383E+01
   -1.742237E+00   4.902067E+01
   -1.740294E+00   4.902466E+01
   -1.820311E+00   4.929196E+01
   -2.044713E+00   4.947615E+01
   -2.087526E+00   4.981643E+01
   -1.458586E+00   4.988523E+01
   -7.777290E-01   4.952787E+01
   7.702200E-02   4.943492E+01
   2.795020E-01   4.944037E+01
   2.967320E-01   4.943248E+01
   2.997100E-01   4.941387E+01
   3.117120E-01   4.938957E+01
   3.050650E-01   4.937103E+01
   3.135170E-01   4.935520E+01
   3.285850E-01   4.934032E+01
   3.195760E-01   4.933083E+01
   3.128820E-01   4.931838E+01
   3.254210E-01   4.929669E+01
   3.173180E-01   4.928768E+01
   3.177400E-01   4.928331E+01
   3.236320E-01   4.928248E+01
   3.420570E-01   4.929804E+01
   3.622990E-01   4.929963E+01
   3.863550E-01   4.928596E+01
   3.836540E-01   4.928088E+01
   3.859820E-01   4.926719E+01
   3.839340E-01   4.926192E+01
   3.677950E-01   4.925712E+01
   3.601670E-01   4.925789E+01
   3.401870E-01   4.924994E+01
   3.315200E-01   4.925047E+01
   3.288750E-01   4.924502E+01
   3.403930E-01   4.923277E+01
   3.568680E-01   4.922666E+01
   3.668520E-01   4.921927E+01
   3.885250E-01   4.921850E+01
   3.966790E-01   4.921108E+01
   3.920630E-01   4.919796E+01
   3.922280E-01   4.918372E+01
   3.960150E-01   4.917848E+01
   3.935900E-01   4.915460E+01
   4.124460E-01   4.914927E+01
   4.246750E-01   4.915030E+01
   4.354260E-01   4.914181E+01
   4.262220E-01   4.912821E+01
   4.128730E-01   4.912509E+01
   4.093930E-01   4.911189E+01
   4.041960E-01   4.910390E+01
   4.058780E-01   4.910052E+01
   4.175550E-01   4.909727E+01
   4.169970E-01   4.909194E+01
   4.214340E-01   4.908209E+01
   4.198850E-01   4.907211E+01
   3.933260E-01   4.907448E+01
   3.818840E-01   4.906663E+01
   3.836390E-01   4.905983E+01
   3.805290E-01   4.905294E+01
   3.878600E-01   4.903939E+01
   3.941280E-01   4.903640E+01
   4.284960E-01   4.903477E+01
   4.358540E-01   4.902865E+01
   4.439410E-01   4.902672E+01
   4.490970E-01   4.901599E+01
   4.362350E-01   4.900246E+01
   4.316920E-01   4.898490E+01
   4.354570E-01   4.897923E+01
   4.335430E-01   4.896622E+01
   3.937080E-01   4.892592E+01
   3.907940E-01   4.891384E+01
   4.077940E-01   4.890375E+01
   4.228570E-01   4.890043E+01
   4.229840E-01   4.889304E+01
   4.273510E-01   4.888898E+01
   4.343010E-01   4.888874E+01
   4.483170E-01   4.889377E+01
   4.559780E-01   4.888971E+01
   4.737320E-01   4.888993E+01
   4.951400E-01   4.888179E+01
   5.057380E-01   4.888083E+01
   5.197570E-01   4.888357E+01
   5.484390E-01   4.887749E+01
   5.779450E-01   4.889612E+01
   5.969070E-01   4.889024E+01
   6.013800E-01   4.887937E+01
   6.085260E-01   4.888165E+01
   6.167630E-01   4.887938E+01
   6.169270E-01   4.887579E+01
   6.078370E-01   4.886871E+01
   6.084100E-01   4.886375E+01
   6.178970E-01   4.885558E+01
   6.334970E-01   4.885860E+01
   6.381780E-01   4.885438E+01
   6.197780E-01   4.884241E+01
   6.174640E-01   4.883596E+01
   6.194580E-01   4.883272E+01
   6.447400E-01   4.881888E+01
   6.672240E-01   4.881156E+01
   6.888890E-01   4.879774E+01
   7.162450E-01   4.878981E+01
   7.331170E-01   4.878798E+01
   7.412430E-01   4.877934E+01
   7.531800E-01   4.877552E+01
   7.613760E-01   4.876897E+01
   7.576580E-01   4.875892E+01
   7.772680E-01   4.873681E+01
   7.642430E-01   4.872703E+01
   7.607120E-01   4.871846E+01
   7.439380E-01   4.871408E+01
   7.413430E-01   4.870931E+01
   7.539150E-01   4.870632E+01
   7.688760E-01   4.869788E+01
   7.703680E-01   4.869323E+01
   7.658380E-01   4.868506E+01
   7.713840E-01   4.868008E+01
   7.740410E-01   4.867213E+01
   7.819550E-01   4.867046E+01
   7.960740E-01   4.867789E+01
   8.178230E-01   4.867257E+01
   8.163110E-01   4.866416E+01
   8.268860E-01   4.865049E+01
   8.261940E-01   4.863875E+01
   8.337920E-01   4.863370E+01
   8.215820E-01   4.861825E+01
   8.223720E-01   4.861377E+01
   8.486830E-01   4.861133E+01
   8.545040E-01   4.858436E+01
   8.703380E-01   4.857562E+01
   8.933990E-01   4.857475E+01
   9.036650E-01   4.856882E+01
   9.280290E-01   4.856174E+01
   9.419450E-01   4.854938E+01
   9.331190E-01   4.854077E+01
   9.343930E-01   4.853591E+01
   9.697180E-01   4.852514E+01
   9.675020E-01   4.851674E+01
   9.533900E-01   4.849965E+01
   9.575860E-01   4.849381E+01
   9.584460E-01   4.848140E+01
   9.429770E-01   4.847442E+01
   9.407970E-01   4.847089E+01
   9.432390E-01   4.846172E+01
   9.578690E-01   4.844652E+01
   9.682820E-01   4.844435E+01
   9.739420E-01   4.844618E+01
   9.790670E-01   4.844135E+01
   9.774240E-01   4.843633E+01
   9.607210E-01   4.842613E+01
   9.474510E-01   4.841371E+01
   9.518720E-01   4.839734E+01
   9.408450E-01   4.839484E+01
   9.107170E-01   4.836842E+01
   9.005380E-01   4.836941E+01
   8.841820E-01   4.835399E+01
   8.701600E-01   4.835353E+01
   8.595360E-01   4.834712E+01
   8.466410E-01   4.834693E+01
   8.283110E-01   4.833991E+01
   8.144660E-01   4.834625E+01
   8.068130E-01   4.834170E+01
   7.895920E-01   4.833839E+01
   7.859780E-01   4.833168E+01
   7.722410E-01   4.832138E+01
   7.708530E-01   4.830661E+01
   7.793830E-01   4.830584E+01
   7.944770E-01   4.829568E+01
   8.102060E-01   4.829116E+01
   8.061200E-01   4.828642E+01
   7.975620E-01   4.828356E+01
   7.910230E-01   4.826998E+01
   7.945580E-01   4.826014E+01
   8.031790E-01   4.825281E+01
   8.092570E-01   4.824049E+01
   8.280880E-01   4.822211E+01
   8.330050E-01   4.821059E+01
   8.119910E-01   4.820245E+01
   8.089160E-01   4.819489E+01
   7.559390E-01   4.817802E+01
END
END
