none
1
   1.046460E+02   7.730748E+00
   1.036965E+02   8.855895E+00
   1.038112E+02   9.797363E+00
   1.036426E+02   1.034902E+01
   1.039246E+02   1.056614E+01
   1.043070E+02   1.047516E+01
   1.048255E+02   1.062056E+01
   1.050770E+02   1.105241E+01
   1.057962E+02   1.112131E+01
   1.060486E+02   1.095581E+01
   1.057785E+02   1.125451E+01
   1.057804E+02   1.173073E+01
   1.060276E+02   1.187578E+01
   1.063290E+02   1.180014E+01
   1.063663E+02   1.205779E+01
   1.074527E+02   1.240851E+01
   1.073836E+02   1.302741E+01
   1.075304E+02   1.350654E+01
   1.072417E+02   1.412851E+01
   1.074518E+02   1.466910E+01
   1.073711E+02   1.505054E+01
   1.075651E+02   1.525516E+01
   1.070859E+02   1.573640E+01
   1.072664E+02   1.598331E+01
   1.066031E+02   1.638347E+01
   1.064515E+02   1.688602E+01
   1.051034E+02   1.826054E+01
   1.050445E+02   1.860886E+01
   1.037878E+02   1.925417E+01
   1.039916E+02   1.951156E+01
   1.039767E+02   1.977083E+01
   1.045724E+02   1.971797E+01
   1.048504E+02   2.007920E+01
   1.042997E+02   2.038778E+01
   1.044418E+02   2.063254E+01
   1.041584E+02   2.084844E+01
   1.036936E+02   2.055722E+01
   1.031047E+02   2.077139E+01
   1.027294E+02   2.122141E+01
   1.028842E+02   2.161022E+01
   1.026067E+02   2.158446E+01
   1.020409E+02   2.240078E+01
   1.024555E+02   2.287091E+01
   1.030028E+02   2.256744E+01
   1.033232E+02   2.289551E+01
   1.036959E+02   2.287420E+01
   1.039295E+02   2.265650E+01
   1.040874E+02   2.289673E+01
   1.043674E+02   2.280597E+01
   1.046811E+02   2.292255E+01
   1.048445E+02   2.325790E+01
   1.053161E+02   2.347731E+01
   1.059007E+02   2.303484E+01
   1.068771E+02   2.288349E+01
   1.066645E+02   2.242901E+01
   1.068020E+02   2.210414E+01
   1.082391E+02   2.152125E+01
   1.087772E+02   2.046470E+01
   1.075302E+02   1.878607E+01
   1.116685E+02   1.196976E+01
   1.046460E+02   7.730748E+00
END
END
