Нижегородская область
1
	45.2392524025	58.2586227172
	45.2507149314	58.2559500303
	45.2619781161	58.2525333806
	45.2729937259	58.2483873987
	45.2837145901	58.2435298383
	45.2940948006	58.2379815002
	45.2988419486	58.2351425249
	45.304670806	58.2315338213
	45.3083596358	58.2291875416
	45.3096584694	58.2288098666
	45.3172530795	58.2264179631
	45.3282686892	58.2222719812
	45.3376165986	58.2180842539
	45.3552963484	58.2181911937
	45.3563842773	58.218194484
	45.3574235272	58.2181914816
	45.4538132977	58.2176345358
	45.4645377428	58.2172524347
	45.4745531729	58.2163140918
	45.4859362296	58.214925542
	45.4876341205	58.2147102235
	45.4992469094	58.2127929443
	45.5107094383	58.2101202574
	45.5219726229	58.2067036077
	45.5329882327	58.2025576257
	45.543709097	58.1977000653
	45.5540893074	58.1921517272
	45.5614951295	58.1876344202
	45.5731604737	58.1801270959
	45.5757497586	58.1784290461
	45.5853169615	58.1715732855
	45.5917463356	58.1664012815
	45.5956013853	58.1635242743
	45.6019045041	58.1584585963
	45.608343497	58.1643887662
	45.6174418276	58.1718555731
	45.6270090305	58.1787113337
	45.6370041374	58.1849266906
	45.6473843478	58.1904750287
	45.6581052121	58.1953325891
	45.6691208219	58.199478571
	45.6803840066	58.2028952207
	45.6918465355	58.2055679076
	45.6957438471	58.2062985672
	45.7051890375	58.2079617752
	45.7129045147	58.2091483948
	45.7246178358	58.2103020563
	45.7363815308	58.2106871598
	45.7400730545	58.2106492735
	45.7475522336	58.2139483118
	45.7585678434	58.2180942937
	45.7631791729	58.219590631
	45.7712358135	58.222085443
	45.7778876687	58.2240057554
	45.7893501976	58.2266784423
	45.8009629864	58.2285957215
	45.8045922736	58.2290360509
	45.8245889166	58.2312562047
	45.8326729505	58.2319695367
	45.8444366455	58.2323546402
	45.8520991346	58.2321913494
	45.8651606581	58.2316344036
	45.8692618639	58.2314125909
	45.880975185	58.2302589295
	45.8817217356	58.2301590536
	45.8917716408	58.2331686582
	45.8918608007	58.2331925241
	45.9001920996	58.2354203073
	45.9115654686	58.2380691283
	45.9231782574	58.2399864075
	45.9325333811	58.2409699316
	45.9430924631	58.2418015356
	45.9454506605	58.241971673
	45.9572143555	58.2423567765
	45.9622915126	58.242285104
	46.0023009261	58.2411552803
	46.0459325741	58.2443723023
	46.0473946302	58.2444741144
	46.0570663444	58.2448470517
	46.0754083511	58.2450603997
	46.1018196358	58.2469182882
	46.102677223	58.2469765558
	46.1091380637	58.2472834716
	46.1655269187	58.2489466796
	46.1708297729	58.2490248673
	46.172227591	58.2490194356
	46.241545138	58.2484807173
	46.2850375067	58.2492770157
	46.2883300781	58.2493071549
	46.2961661802	58.2491363772
	46.2971510972	58.2490934268
	46.3062340477	58.2511459106
	46.3178468365	58.2530631898
	46.3295601576	58.2542168512
	46.3413238525	58.2546019547
	46.3530875475	58.2542168512
	46.3638392334	58.2531871555
	46.3727885132	58.2520580051
	46.3737501483	58.2519340394
	46.3853629372	58.2500167602
	46.3968254661	58.2473440733
	46.4004530217	58.2463312493
	46.4090666081	58.2438288079
	46.4167022372	58.2414249822
	46.4277178469	58.2372790002
	46.4384387112	58.2324214398
	46.4488189217	58.2268731017
	46.4499082094	58.2262391022
	46.4514849759	58.2254710614
	46.4618651863	58.2199227233
	46.4718602933	58.2137073664
	46.473979649	58.2122693273
	46.4845894497	58.2145916441
	46.487958596	58.2152953857
	46.4995713849	58.2172126649
	46.5112847059	58.2183663263
	46.5230484009	58.2187514298
	46.53465743	58.2183763967
	46.5604905599	58.2167055593
	46.5606452257	58.2166954889
	46.5723585468	58.2155418275
	46.5832230024	58.2137717523
	46.5932251386	58.2118262567
	46.5939734719	58.2116790527
	46.6054360008	58.2090063658
	46.6112880319	58.2073316889
	46.6193072597	58.2048892845
	46.6226946094	58.2045748531
	46.6295752005	58.2050274254
	46.6296166151	58.2050301446
	46.6413803101	58.2054152481
	46.6613218656	58.2054152481
	46.7323757932	58.2083171852
	46.7397155762	58.208467006
	46.7633285522	58.208467006
	46.7739921319	58.2081506231
	46.8166861546	58.2056149722
	46.8302114067	58.2061210664
	46.8369369507	58.2062468521
	46.8485694376	58.2058703003
	46.8816054113	58.2037292611
	46.9742637902	58.2034881551
	46.9775391794	58.2037461157
	46.9798973768	58.203916253
	46.9916610718	58.2043013565
	47.0033409765	58.2039217253
	47.006495884	58.2037164209
	47.062693814	58.206087037
	47.070274353	58.2062468521
	47.0717135334	58.2062410943
	47.1003605355	58.2060118687
	47.1148462195	58.206965012
	47.1148918836	58.2069680109
	47.1266555786	58.2073531144
	47.1464611712	58.2073531144
	47.1754407066	58.2085805464
	47.183052063	58.2087416642
	47.1841043964	58.2087385857
	47.2779917256	58.2081892693
	47.2835500474	58.2080708242
	47.3818776842	58.2044544912
	47.3870307238	58.2041909112
	47.3970317801	58.2032543211
	47.4084224661	58.2018657713
	47.4101347309	58.2016487
	47.4217475197	58.1997314208
	47.4332100486	58.1970587339
	47.443488993	58.1939730234
	47.4518279212	58.1911959238
	47.4528121615	58.1908649846
	47.4638277713	58.1867190027
	47.4745486356	58.1818614423
	47.484928846	58.1763131042
	47.4938826781	58.1707882856
	47.5052657348	58.1632962202
	47.5063070096	58.1626056819
	47.5086759975	58.1609953418
	47.5098585117	58.1608750861
	47.5151380878	58.1602592347
	47.5267508766	58.1583419555
	47.5344759881	58.1566278622
	47.5506430218	58.1526655674
	47.5737470615	58.150316004
	47.5790266376	58.1497001527
	47.5906394264	58.1477828735
	47.5922176412	58.1474615948
	47.6122219136	58.1432959454
	47.6221062278	58.1409445372
	47.6284312381	58.1391250948
	47.6360223129	58.1367902607
	47.6434793456	58.1379611333
	47.6479020733	58.1385993836
	47.6596153944	58.139753045
	47.662034618	58.1398952485
	47.6641106321	58.1400032492
	47.6745972944	58.1415491425
	47.6773515362	58.141933429
	47.6890648573	58.1430870904
	47.7008285522	58.1434721939
	47.7125922472	58.1430870904
	47.7243055683	58.141933429
	47.7359183571	58.1400161498
	47.747380886	58.1373434629
	47.7586440707	58.1339268132
	47.7696596804	58.1297808313
	47.7710251143	58.1292086552
	47.7782425215	58.1261492679
	47.787597952	58.1218638837
	47.7979781624	58.1163155456
	47.8079732693	58.1101001887
	47.8175404722	58.1032444281
	47.8266388028	58.0957776212
	47.8302798362	58.0924956777
	47.8399175443	58.0864872126
	47.8494847471	58.079631452
	47.8585830777	58.0721646451
	47.8598080343	58.071080493
	47.8647664244	58.067409162
	47.8738647549	58.059942355
	47.8824552527	58.0518964758
	47.8864440321	58.0477784804
	47.8947829603	58.0388902358
	47.8988400601	58.0344177334
	47.906306867	58.0253194029
	47.9131626277	58.0157522
	47.9193779846	58.0057570931
	47.9208858334	58.0030933317
	47.923662933	57.9980884489
	47.9277034222	57.9903719998
	47.9325609827	57.9796511355
	47.9367069646	57.9686355258
	47.9370425089	57.9676374555
	47.9405903264	57.9580840731
	47.9440069761	57.9468208885
	47.946679663	57.9353583595
	47.9485969422	57.9237455707
	47.9497506036	57.9120322497
	47.9500174911	57.9067886572
	47.9505822076	57.9000922472
	47.9509673111	57.8883285522
	47.9505822076	57.8765648573
	47.9494285462	57.8648515362
	47.947511267	57.8532387474
	47.9471899884	57.8516605327
	47.9458014386	57.8449924418
	47.9434500303	57.8351081277
	47.9400333806	57.823844943
	47.9358873987	57.8128293332
	47.9310298383	57.8021084689
	47.9254815002	57.7917282585
	47.9192661433	57.7817331516
	47.9124103827	57.7721659487
	47.9049435757	57.7630676181
	47.8968976965	57.7544771203
	47.8932545062	57.7509354231
	47.8882572528	57.7462128279
	47.8833099453	57.7417086459
	47.8742116148	57.734241839
	47.8646444119	57.7273860784
	47.854649305	57.7211707215
	47.8442690945	57.7156223834
	47.8335482302	57.710764823
	47.829308442	57.7090713618
	47.8220910348	57.7062942622
	47.8153152133	57.7038417415
	47.8040520286	57.7004250918
	47.7925894997	57.6977524049
	47.7837805097	57.6962267247
	47.7743276899	57.6948305455
	47.771523891	57.6944389465
	47.75981057	57.693285285
	47.7528370046	57.692963978
	47.7518746036	57.6924829096
	47.7505955144	57.6885681485
	47.7464495325	57.6775525388
	47.741591972	57.6668316745
	47.736043634	57.6564514641
	47.7298282771	57.6464563571
	47.7275817351	57.6431733524
	47.7272071717	57.6401277203
	47.7252898925	57.6285149315
	47.7226172056	57.6170524026
	47.7192005559	57.6057892179
	47.7166866059	57.5988539738
	47.7155700439	57.5926796654
	47.7155332428	57.5924951581
	47.714144693	57.5855524091
	47.7115088072	57.5742743874
	47.7080921575	57.5630112027
	47.7039461755	57.551995593
	47.7028636187	57.5494380961
	47.702790808	57.5490700462
	47.7001181211	57.5376075173
	47.6967014714	57.5263443326
	47.6925554895	57.5153287229
	47.6876979291	57.5046078586
	47.682149591	57.4942276481
	47.6759342341	57.4842325412
	47.6690784735	57.4746653383
	47.6616116666	57.4655670078
	47.6535657874	57.45697651
	47.6449752896	57.4489306308
	47.635876959	57.4414638239
	47.6263097562	57.4346080633
	47.6234662277	57.4327797974
	47.6231993112	57.4323848482
	47.6195906076	57.4271053072
	47.6137958807	57.4191080874
	47.6063290738	57.4100097568
	47.5982831946	57.401419259
	47.5896926968	57.3933733798
	47.5805943663	57.3859065729
	47.5710271634	57.3790508123
	47.5610320564	57.3728354554
	47.550651846	57.3672871173
	47.5399309817	57.3624295569
	47.528915372	57.358283575
	47.5176521873	57.3548669252
	47.5061896584	57.3521942384
	47.4945768695	57.3502769592
	47.4852318939	57.3492942346
	47.4746804413	57.3484626306
	47.4723120959	57.3482916937
	47.4605484009	57.3479065902
	47.4540311314	57.3480247035
	47.3698636509	57.3510764613
	47.3646172254	57.3513434515
	47.3529039044	57.352497113
	47.3412911156	57.3544143922
	47.3298285866	57.3570870791
	47.318565402	57.3605037288
	47.3075497922	57.3646497107
	47.3038516695	57.3662301895
	47.2969089205	57.3692895767
	47.2898861789	57.3725666583
	47.2824732986	57.3764390867
	47.2747229992	57.3777382643
	47.2730865145	57.3771739558
	47.2618233299	57.3737573061
	47.250360801	57.3710846192
	47.2421981205	57.3696555989
	47.2330275883	57.3682670491
	47.2295774799	57.3677787902
	47.2178641588	57.3666251288
	47.2106673649	57.3662980133
	47.1854993717	57.3556733227
	47.1843783084	57.3552045203
	47.1733626986	57.3510585383
	47.1663104136	57.3488252565
	47.1550651578	57.3441571119
	47.1549364749	57.3441037512
	47.1439208651	57.3399577693
	47.1380527692	57.3380772887
	47.1275221751	57.3335631039
	47.125487012	57.3327054358
	47.1144714022	57.3285594539
	47.1037144567	57.3252792417
	47.0873341467	57.320838934
	47.0868279075	57.3207024965
	47.0753653786	57.3180298097
	47.0664158191	57.3164834241
	47.0569629993	57.3150948743
	47.0542997699	57.3147239806
	47.0425864489	57.3135703192
	47.0376370653	57.313314345
	47.015702556	57.312482741
	47.0139489164	57.31244951
	47.0181093835	57.3032671634
	47.0222553655	57.2922515536
	47.0256720152	57.2809883689
	47.0283447021	57.26952584
	47.0302619813	57.2579130512
	47.0314156427	57.2461997301
	47.0318007462	57.2344360352
	47.0314156427	57.2226723402
	47.0302619813	57.2109590191
	47.0283447021	57.1993462303
	47.0256720152	57.1878837014
	47.0222553655	57.1766205167
	47.0181093835	57.165604907
	47.0132518231	57.1548840427
	47.007703485	57.1445038322
	47.0073174706	57.1438385249
	47.0030783304	57.1365681001
	46.99960395	57.1285089001
	46.9957499921	57.1201626682
	46.990201654	57.1097824577
	46.9839862971	57.0997873508
	46.9771305365	57.0902201479
	46.9696637296	57.0811218174
	46.9616178504	57.0725313196
	46.9530273526	57.0644854404
	46.9455285325	57.0583313178
	46.9463767884	57.0531935077
	46.9475304498	57.0414801867
	46.9479155533	57.0297164917
	46.9475304498	57.0179527967
	46.9463767884	57.0062394757
	46.9444595092	56.9946266868
	46.9417868223	56.9831641579
	46.9383701726	56.9719009733
	46.9342241907	56.9608853635
	46.933025887	56.9580607884
	46.9322090028	56.9506822247
	46.930292053	56.9390710923
	46.9291857908	56.9335092636
	46.9291854613	56.9335076073
	46.9265127745	56.9220450783
	46.9230961247	56.9107818937
	46.9189501428	56.8997662839
	46.9140925824	56.8890454196
	46.9085442443	56.8786652092
	46.9023288874	56.8686701022
	46.8954731268	56.8591028994
	46.8880063199	56.8500045688
	46.8799604407	56.841414071
	46.8713699429	56.8333681918
	46.8622716123	56.8259013849
	46.8527044095	56.8190456243
	46.8427093025	56.8128302674
	46.8323290921	56.8072819293
	46.8216082278	56.8024243689
	46.8105926181	56.798278387
	46.7993294334	56.7948617373
	46.7878669045	56.7921890504
	46.7762541156	56.7902717712
	46.7652415508	56.7891871282
	46.7554748055	56.7831137757
	46.745094595	56.7775654376
	46.7343737307	56.7727078772
	46.723358121	56.7685618953
	46.7120949363	56.7651452456
	46.7006324074	56.7624725587
	46.6976394813	56.7619035352
	46.6844183763	56.7554246954
	46.6741015139	56.7507657385
	46.6630859042	56.7466197566
	46.6518227195	56.7432031069
	46.6403601906	56.74053042
	46.6287474018	56.7386131408
	46.6170340807	56.7374594794
	46.6150037652	56.7373379304
	46.6047269708	56.7367809845
	46.5832298963	56.7369025336
	46.5715165753	56.738056195
	46.5700498855	56.7382554313
	46.5601362567	56.7366676452
	46.5512987664	56.7357256405
	46.5410219719	56.7348864071
	46.5381461413	56.7346747504
	46.5263824463	56.7342896469
	46.5146187513	56.7346747504
	46.5029054303	56.7358284118
	46.4912926414	56.737745691
	46.4798301125	56.7404183779
	46.4685669278	56.7438350276
	46.4575513181	56.7479810095
	46.4468304538	56.7528385699
	46.4364502434	56.758386908
	46.4295051545	56.7626620128
	46.4205983335	56.7553523737
	46.4110311307	56.7484966131
	46.4010360237	56.7422812562
	46.3906558133	56.7367329181
	46.379934949	56.7318753577
	46.3689193392	56.7277293757
	46.3576561546	56.724312726
	46.3461936257	56.7216400391
	46.3345808368	56.7197227599
	46.3302158087	56.7192022759
	46.3224338262	56.7183706719
	46.3150855334	56.7177374945
	46.3033218384	56.717352391
	46.2915581434	56.7177374945
	46.2798448224	56.7188911559
	46.2711291238	56.7202568194
	46.2640434837	56.718201581
	46.2525809548	56.7155288941
	46.2520888943	56.7154317302
	46.2379211086	56.7126546306
	46.2268003803	56.7108345153
	46.217830673	56.7098817624
	46.2075538786	56.7090501584
	46.2048102648	56.7088492499
	46.1930465698	56.7084641464
	46.1547901638	56.7084641464
	46.1491582294	56.7080063165
	46.1319904009	56.705123417
	46.1290489768	56.7043084536
	46.1175864479	56.7016357667
	46.1094237675	56.7002067463
	46.1067893874	56.6998078635
	46.1051163262	56.6994271468
	46.1052871459	56.6986945412
	46.1072044251	56.6870817523
	46.1083580865	56.6753684313
	46.1085681263	56.671538514
	46.1088504139	56.6651450813
	46.1088296128	56.6631943569
	46.1090254776	56.6572113037
	46.1086403741	56.6454476087
	46.1074867127	56.6337342877
	46.1055694335	56.6221214989
	46.1052481549	56.6205432841
	46.1038596051	56.6138751933
	46.1015081968	56.6039908791
	46.0980915471	56.5927276944
	46.0939455652	56.5817120847
	46.0890880048	56.5709912204
	46.0835396667	56.56061101
	46.082872506	56.5595381283
	46.0854552251	56.5569576968
	46.0855115881	56.5569013587
	46.0935574673	56.5483108609
	46.1010242743	56.5392125303
	46.1078800349	56.5296453275
	46.1140953918	56.5196502205
	46.1196437299	56.5092700101
	46.1245012903	56.4985491458
	46.1286472722	56.487533536
	46.1320639219	56.4762703514
	46.1333088188	56.4713473824
	46.1346973686	56.4655108955
	46.1361251586	56.4589713356
	46.1380424378	56.4473585468
	46.1391960992	56.4356452257
	46.1395812027	56.4238815308
	46.1391960992	56.4121178358
	46.1380424378	56.4004045147
	46.1361251586	56.3887917259
	46.1334524717	56.377329197
	46.130035822	56.3660660123
	46.1282212451	56.360973221
	46.1294378552	56.3535020638
	46.145956679	56.3458052991
	46.1495440579	56.3440852582
	46.1599242684	56.3385369201
	46.1699193753	56.3323215632
	46.1714976615	56.3312548536
	46.1881602592	56.3198641676
	46.1961491758	56.3140751165
	46.2052475064	56.3066083096
	46.2138380042	56.2985624304
	46.2178267836	56.294444435
	46.2261657118	56.2855561904
	46.2302228116	56.281083688
	46.2376896185	56.2719853575
	46.2445453791	56.2624181546
	46.250760736	56.2524230477
	46.2563090741	56.2420428372
	46.2611666345	56.2313219729
	46.2647346648	56.2218419438
	46.271354642	56.2198337956
	46.2823702517	56.2156878137
	46.293091116	56.2108302533
	46.3034713265	56.2052819152
	46.3134664334	56.1990665583
	46.3230336363	56.1922107977
	46.3321319668	56.1847439908
	46.3407224646	56.1766981116
	46.3487683438	56.1681076138
	46.3562351507	56.1590092832
	46.3630909113	56.1494420804
	46.3693062682	56.1394469734
	46.3748546063	56.129066763
	46.3797121667	56.1183458987
	46.3838581487	56.107330289
	46.3872747984	56.0960671043
	46.3899474853	56.0846045754
	46.3918647645	56.0729917865
	46.3930184259	56.0612784655
	46.3934035294	56.0495147705
	46.3930184259	56.0377510755
	46.3918647645	56.0260377545
	46.3899474853	56.0144249656
	46.3872747984	56.0029624367
	46.3838581487	55.9916992521
	46.3797121667	55.9806836423
	46.3748546063	55.969962778
	46.3693062682	55.9595825676
	46.3690881718	55.9592058668
	46.3670015954	55.9539349851
	46.362144035	55.9432141208
	46.356595697	55.9328339104
	46.3503803401	55.9228388034
	46.3491507527	55.9210226646
	46.3455344197	55.915750753
	46.3399082464	55.9079996889
	46.3324414395	55.8989013584
	46.3281460008	55.8941753088
	46.3236980638	55.8894527136
	46.3199476233	55.8855882654
	46.3175364844	55.8832219941
	46.3164405701	55.8723588605
	46.3145232909	55.8607460716
	46.311850604	55.8492835427
	46.3084339543	55.838020358
	46.3042879724	55.8270047483
	46.299430412	55.816283884
	46.2938820739	55.8059036735
	46.287666717	55.7959085666
	46.2832965375	55.7896591129
	46.2814040893	55.7782341698
	46.2787314024	55.7667716408
	46.2753147527	55.7555084562
	46.2711687707	55.7444928464
	46.2663112103	55.7337719821
	46.2607628723	55.7233917717
	46.2545475153	55.7133966647
	46.2476917547	55.7038294619
	46.2426476464	55.697683198
	46.2473136217	55.6975304498
	46.2590173856	55.6963780464
	46.2695688383	55.6949894966
	46.2695783954	55.6949882386
	46.2811911843	55.6930709594
	46.2926537132	55.6903982725
	46.3039168978	55.6869816228
	46.3149325076	55.6828356409
	46.3256533719	55.6779780804
	46.326539187	55.677538213
	46.3308075572	55.6754040278
	46.3434443183	55.6731353037
	46.3467505715	55.6725097411
	46.3582131004	55.6698370542
	46.369476285	55.6664204045
	46.3804918948	55.6622744226
	46.3912127591	55.6574168622
	46.4015929695	55.6518685241
	46.4115880765	55.6456531672
	46.4131580595	55.6445921334
	46.4184376005	55.6409834298
	46.4219276369	55.6384893772
	46.4305801058	55.6358646794
	46.4415957156	55.6317186975
	46.4523165799	55.6268611371
	46.4626967903	55.621312799
	46.4726918973	55.6150974421
	46.4742618803	55.6140364083
	46.4795414213	55.6104277047
	46.4875386412	55.6046329779
	46.4966369717	55.597166171
	46.5052274695	55.5891202918
	46.5092197242	55.5849985921
	46.5133853736	55.5805582844
	46.5174389981	55.5760894864
	46.524905805	55.5669911558
	46.5317615656	55.5574239529
	46.5379769225	55.547428846
	46.5435252606	55.5370486356
	46.548382821	55.5263277713
	46.552528803	55.5153121615
	46.5559454527	55.5040489768
	46.5566615705	55.5012890684
	46.5580577497	55.4957272398
	46.5600143188	55.4870246193
	46.561931598	55.4754118305
	46.5630852594	55.4636985094
	46.5634703629	55.4519348145
	46.5634703629	55.4455413818
	46.5630852594	55.4337776869
	46.561931598	55.4220643658
	46.5600143188	55.410451577
	46.5596442591	55.4086398821
	46.5582480799	55.4019794207
	46.5559454527	55.3923285866
	46.552528803	55.381065402
	46.548382821	55.3700497922
	46.5476177084	55.3682309311
	46.5450291081	55.3599548673
	46.5408831262	55.3489392575
	46.5400985783	55.3470749113
	46.5376037663	55.3412384245
	46.5335307538	55.3323819064
	46.5279824157	55.322001696
	46.5217670588	55.3120065891
	46.5149112982	55.3024393862
	46.5074444913	55.2933410556
	46.4993986121	55.2847505578
	46.4908081143	55.2767046787
	46.4817097837	55.2692378717
	46.4753471493	55.2645737273
	46.4642387509	55.2567993743
	46.4610341824	55.2546077581
	46.4510390755	55.2483924012
	46.440658865	55.2428440631
	46.4299380008	55.2379865027
	46.418922391	55.2338405208
	46.4076592063	55.230423871
	46.4051964914	55.2297826265
	46.4045366673	55.229615796
	46.402060565	55.2189963723
	46.3986439153	55.2077331876
	46.3947118528	55.1972363122
	46.3902639158	55.186402572
	46.3900499963	55.1858838376
	46.3851924359	55.1751629733
	46.3796440978	55.1647827629
	46.3734287409	55.1547876559
	46.3665729803	55.1452204531
	46.3591061734	55.1361221225
	46.3510602942	55.1275316247
	46.3424697964	55.1194857455
	46.3333714659	55.1120189386
	46.323804263	55.105163178
	46.3138091561	55.0989478211
	46.3034289456	55.093399483
	46.2972571678	55.0905000195
	46.2867057151	55.0857850537
	46.2821566287	55.0838269568
	46.2760541952	55.0814286046
	46.2733367384	55.0795286245
	46.270200137	55.0773845525
	46.2676093159	55.0756855141
	46.2676329605	55.072769165
	46.2676329605	55.0666656494
	46.267247857	55.0549019544
	46.2660941956	55.0431886334
	46.2641769164	55.0315758446
	46.2615042295	55.0201133156
	46.2580875798	55.008850131
	46.2539415979	54.9978345212
	46.2490840375	54.9871136569
	46.2435356994	54.9767334465
	46.2420383422	54.9741884243
	46.2387042967	54.9686265957
	46.2339862971	54.9611765109
	46.2271305365	54.9516093081
	46.2196637296	54.9425109775
	46.2116178504	54.9339204797
	46.2030273526	54.9258746005
	46.1968654532	54.9207097777
	46.191311254	54.9162618406
	46.1883748228	54.9139598566
	46.1788076199	54.907104096
	46.1743623581	54.9042275958
	46.1618836744	54.896410869
	46.15442048	54.8894823886
	46.1453221495	54.8820155817
	46.1357549466	54.8751598211
	46.1338225121	54.8738865152
	46.1282683129	54.8702778116
	46.1202056404	54.8653357606
	46.10982543	54.8597874225
	46.0991045657	54.8549298621
	46.0959212989	54.8536467534
	46.0817535132	54.8480925542
	46.0739211703	54.8452296809
	46.0680032574	54.8433341798
	46.0183905255	54.8283831647
	46.0174318972	54.8279828406
	46.0064162875	54.8238368587
	46.0017315254	54.8223177995
	45.9864574775	54.8175952042
	45.979879055	54.8156976137
	45.9684165261	54.8130249268
	45.9647008472	54.8123263471
	45.9474736744	54.8092745893
	45.9395765644	54.8080558898
	45.9314322455	54.807171841
	45.9217123969	54.806340237
	45.9181433947	54.8060706244
	45.9063796997	54.8056855209
	45.8946160047	54.8060706244
	45.8829026837	54.8072242858
	45.8712898948	54.809141565
	45.8598273659	54.8118142519
	45.8531294986	54.8137488191
	45.8450804874	54.8162436312
	45.84051517	54.8177257136
	45.8378673073	54.8186476195
	45.8244221714	54.8122576445
	45.8160463992	54.8085355139
	45.8050307894	54.804389532
	45.7974017811	54.8019876299
	45.7821201038	54.7975473223
	45.7784859275	54.7965325747
	45.7670233986	54.7938598878
	45.766184712	54.7936951332
	45.7575711255	54.7920242958
	45.7467970233	54.7902717712
	45.7350837023	54.7891181097
	45.7233200073	54.7887330062
	45.7115563123	54.7891181097
	45.6998525485	54.7902705132
	45.6893010958	54.791659063
	45.6892915387	54.791660321
	45.6776787498	54.7935776002
	45.6662162209	54.7962502871
	45.6594159578	54.7982166256
	45.6513593172	54.800719067
	45.6468963956	54.8021693782
	45.6358807859	54.8063153601
	45.6297061616	54.8090095313
	45.6230380708	54.8120689185
	45.6184918308	54.8142323077
	45.6081116203	54.8197806458
	45.6040200572	54.8222156807
	45.5994517361	54.8250169905
	45.5983858728	54.8222745237
	45.5935283124	54.8115536594
	45.5879799743	54.8011734489
	45.5861205383	54.7980270737
	45.579734735	54.7874679917
	45.5753788142	54.7806192599
	45.5685230536	54.7710520571
	45.5610562466	54.7619537265
	45.5530103674	54.7533632287
	45.5444198697	54.7453173496
	45.5353215391	54.7378505426
	45.529026806	54.7332339432
	45.5234726068	54.729342952
	45.520200137	54.7271037908
	45.5102050301	54.7208884339
	45.4998248196	54.7153400958
	45.4891039553	54.7104825354
	45.4780883456	54.7063365535
	45.4668251609	54.7029199038
	45.455362632	54.7002472169
	45.4437498432	54.6983299377
	45.4360353703	54.6974831847
	45.4265825505	54.6966515807
	45.4225837023	54.6963446722
	45.4108200073	54.6959595687
	45.3990563123	54.6963446722
	45.3875880326	54.6974741992
	45.3843666931	54.6914474968
	45.3806781295	54.6853416362
	45.3773440841	54.6800620952
	45.3748172907	54.6761728488
	45.3679615301	54.666605646
	45.3662563101	54.6644184825
	45.3545985952	54.6497013805
	45.3488370084	54.6427902134
	45.3407911292	54.6341997156
	45.3322006314	54.6261538364
	45.3306090413	54.6247744506
	45.3208815632	54.6164431518
	45.3133748228	54.6103557306
	45.3052910373	54.6045629718
	45.3079753339	54.5995410062
	45.3128328943	54.5888201419
	45.3150007141	54.5833337714
	45.3166715515	54.5788934638
	45.3186497136	54.5733642245
	45.3220663633	54.5621010398
	45.3247390502	54.5506385109
	45.3266563294	54.5390257221
	45.3278099908	54.527312401
	45.3281950943	54.5155487061
	45.3278099908	54.5037850111
	45.3266563294	54.49207169
	45.3247390502	54.4804589012
	45.3220663633	54.4689963723
	45.3186497136	54.4577331876
	45.3145037317	54.4467175779
	45.3096461713	54.4359967136
	45.3040978332	54.4256165031
	45.2978824763	54.4156213962
	45.2910267157	54.4060541933
	45.2835599088	54.3969558628
	45.2755140296	54.388365365
	45.2669235318	54.3803194858
	45.2578252012	54.3728526789
	45.253773002	54.3698328078
	45.2376520914	54.3581674635
	45.2321370877	54.354331574
	45.2221419808	54.3481162171
	45.2117617703	54.342567879
	45.2102154381	54.3418144831
	45.2040908333	54.3381140809
	45.1937106229	54.3325657428
	45.193195851	54.3323129049
	45.1801419569	54.3259271017
	45.1699358645	54.3213223792
	45.1589202548	54.3171763972
	45.1476570701	54.3137597475
	45.1361945412	54.3110870606
	45.1245817523	54.3091697814
	45.1128684313	54.30801612
	45.1011047363	54.3076310165
	45.0967146451	54.3076846007
	45.0742155606	54.3082339171
	45.0668419569	54.3085654364
	45.0581948062	54.3093421874
	45.0325628131	54.3122697933
	45.0266417318	54.3125439175
	45.0210520451	54.312061259
	45.0197524691	54.3116145686
	45.0150434944	54.310088025
	45.0114383392	54.3089739006
	45.0091005984	54.3079861975
	44.9980849887	54.3038402156
	44.986821804	54.3004235659
	44.9753592751	54.297750879
	44.9745498504	54.2975918031
	44.9659438934	54.2959209657
	44.9551405292	54.2941627624
	44.9434272082	54.293009101
	44.9316635132	54.2926239975
	44.9198998182	54.293009101
	44.9081864972	54.2941627624
	44.8994236181	54.2955370155
	44.8902530858	54.2972078529
	44.8874031761	54.297750879
	44.8759406472	54.3004235659
	44.8665502656	54.3032159253
	44.8582237928	54.303568183
	44.851104562	54.3041770305
	44.8405531093	54.3052909221
	44.8359590191	54.305835736
	44.8243462303	54.3077530152
	44.8128837014	54.3104257021
	44.8016205167	54.3138423518
	44.790604907	54.3179883338
	44.7826412533	54.3215152397
	44.7626369809	54.3309604301
	44.7598797702	54.3322910846
	44.7573572959	54.3335597418
	44.7392426083	54.3271836665
	44.7342664082	54.3248554328
	44.7268740359	54.3215970374
	44.7158584262	54.3174510554
	44.7149991622	54.3171617878
	44.7120724231	54.3161847186
	44.7106712943	54.3154845725
	44.7098239041	54.3150639117
	44.6991030398	54.3102063513
	44.6880874301	54.3060603694
	44.6852650752	54.3051282443
	44.6627659907	54.2979032077
	44.6543251609	54.2954186831
	44.642862632	54.2927459962
	44.6312498432	54.290828717
	44.6195365221	54.2896750555
	44.6077728271	54.2892899521
	44.5971853196	54.2896018331
	44.5877401292	54.2901587789
	44.5865639417	54.2902320014
	44.5748506207	54.2913856628
	44.5632378319	54.293302942
	44.5517753029	54.2959756289
	44.5405121183	54.2993922786
	44.5294965085	54.3035382605
	44.5234765041	54.306161579
	44.5168084133	54.3092133368
	44.5121075534	54.3114475787
	44.501727343	54.3169959168
	44.491732236	54.3232112737
	44.4821650332	54.3300670343
	44.4730667026	54.3375338412
	44.4644762048	54.3455797204
	44.4564303256	54.3541702182
	44.4563858068	54.3542244646
	44.4209416116	54.3576095495
	44.414564671	54.3583335998
	44.4029518822	54.360250879
	44.3914893532	54.3629235659
	44.3846429743	54.364904235
	44.3765939631	54.3674066764
	44.3721771573	54.368842657
	44.3611615476	54.3729886389
	44.3504406833	54.3778461993
	44.3400604729	54.3833945374
	44.3319249948	54.3883839171
	44.3208165964	54.3956089537
	44.3189569675	54.3968349309
	44.3093897646	54.4036906916
	44.3002914341	54.4111574985
	44.2917009363	54.4192033777
	44.2878211044	54.4232053517
	44.2861562243	54.4249767598
	44.278219049	54.4253102237
	44.2734412295	54.4251890959
	44.2717088303	54.4252238379
	44.2688827515	54.4251313217
	44.2571190565	54.4255164252
	44.247205205	54.4264424064
	44.2174810839	54.4300511101
	44.2156816144	54.4302787902
	44.2040688255	54.4321960694
	44.1926062966	54.4348687563
	44.1885706858	54.4360006526
	44.1724574046	54.4407232478
	44.1652298307	54.4430080012
	44.1542142209	54.4471539832
	44.1438140488	54.4518537916
	44.1418463533	54.4521279171
	44.1334069172	54.4535088987
	44.1053460041	54.4587884398
	44.1035134056	54.4591430909
	44.0920508767	54.4618157778
	44.0866540071	54.4633524841
	44.054435074	54.4730723327
	44.0485687589	54.4749522761
	44.0375531491	54.4790982581
	44.0268322849	54.4839558185
	44.0164520744	54.4895041566
	44.0066450747	54.4955939952
	43.9899748477	54.5067023936
	43.9897867404	54.5068279119
	43.9802195376	54.5136836725
	43.971121207	54.5211504794
	43.9625307092	54.5291963586
	43.9585384545	54.5333180583
	43.9543728051	54.537758366
	43.9503191806	54.542227164
	43.9428523737	54.5513254946
	43.9408748435	54.5540851348
	43.9294552242	54.5566756516
	43.9148486906	54.5592525815
	43.9110085228	54.559973169
	43.8995459939	54.5626458559
	43.8927457307	54.5646121944
	43.8846890901	54.5671146358
	43.8802261686	54.568564947
	43.8692105588	54.572710929
	43.8631196842	54.575366701
	43.8564592227	54.5784184588
	43.8518292331	54.5806202472
	43.8414490227	54.5861685853
	43.8314539157	54.5923839422
	43.8218867128	54.5992397028
	43.8127883823	54.6067065097
	43.8041978845	54.6147523889
	43.8040887612	54.614861606
	43.7996484535	54.619309543
	43.7917116977	54.6277908237
	43.7852099956	54.6357131706
	43.776063044	54.6385512821
	43.7724870874	54.6393907878
	43.764768122	54.6385622219
	43.7550482733	54.6377306179
	43.7514792712	54.6374610053
	43.7397155762	54.6370759018
	43.7279518812	54.6374610053
	43.7213322659	54.6380178149
	43.7104908962	54.6391317065
	43.7053971905	54.6397285583
	43.6937844017	54.6416458375
	43.6823218728	54.6443185244
	43.678706872	54.6453277014
	43.6462132807	54.6547652625
	43.6385650968	54.6571727351
	43.627549487	54.6613187171
	43.6231440977	54.6632126776
	43.6025905088	54.6723755804
	43.5962750339	54.6753391803
	43.5858948234	54.6808875184
	43.5758997165	54.6871028753
	43.5663325136	54.6939586359
	43.5572341831	54.7014254428
	43.5527579831	54.7054860118
	43.5483100461	54.7096592906
	43.5441957483	54.7136446008
	43.5361498691	54.7222350986
	43.5286830622	54.7313334292
	43.5248293286	54.7365476843
	43.5244730125	54.7370484314
	43.5238890189	54.7370195328
	43.5149993896	54.7367997177
	43.5080366853	54.7369345343
	43.4721937897	54.7383230841
	43.4673927992	54.738573371
	43.4556794781	54.7397270324
	43.4453934499	54.7413855815
	43.4265106985	54.7449942851
	43.4251839378	54.7452530152
	43.4139986897	54.747851642
	43.4056597615	54.7500717958
	43.4053824807	54.7501458559
	43.394119296	54.7535625056
	43.3831036863	54.7577084876
	43.372382822	54.762566048
	43.3642137105	54.7668585629
	43.3400178617	54.7612152647
	43.3342536232	54.7599701173
	43.3226408344	54.7580528381
	43.3196263358	54.757681837
	43.3098988578	54.7565679454
	43.3012000353	54.755785285
	43.2939377941	54.7554565191
	43.2856184892	54.7552482473
	43.2811011599	54.7532022788
	43.2796397626	54.750167551
	43.2767183359	54.7444990795
	43.2708894785	54.7336653392
	43.2682625671	54.7289536003
	43.2620472102	54.7189584933
	43.2557640046	54.710141526
	43.2521283918	54.705351673
	43.2478794245	54.6986795627
	43.2410236639	54.6891123598
	43.233556857	54.6800140293
	43.2331077801	54.6795039026
	43.2289345013	54.6747813074
	43.221337699	54.6667009363
	43.2127472012	54.6586550571
	43.2051252453	54.6523333443
	43.1948484509	54.6442767037
	43.1933720762	54.6431316095
	43.1838048734	54.6362758489
	43.1738097664	54.630060492
	43.163429556	54.6245121539
	43.1527086917	54.6196545935
	43.1416930819	54.6155086116
	43.1407035461	54.615175909
	43.1332114807	54.6126810969
	43.1229378318	54.6095971499
	43.1114753029	54.606924463
	43.0998625141	54.6050071838
	43.0970022951	54.6046539167
	43.0872824465	54.6035323957
	43.0784293444	54.6027320014
	43.0666656494	54.6023468979
	43.0549019544	54.6027320014
	43.0481577547	54.6033016552
	43.0373163851	54.6044231762
	43.0323472638	54.6050071838
	43.0207344749	54.606924463
	43.009271946	54.6095971499
	43.0025740787	54.6115317171
	42.9945250674	54.6140265291
	42.9899597501	54.6155086116
	42.9880842621	54.6161568135
	42.9730772431	54.6214363545
	42.9639371213	54.6249341345
	42.9629883664	54.6253303024
	42.9503531449	54.6241879993
	42.9459220202	54.623842536
	42.941056493	54.6235897606
	42.9193890125	54.6227581566
	42.9124908447	54.6226258285
	42.9113763153	54.6226292816
	42.8766487587	54.622844475
	42.8679588445	54.6218490043
	42.8592520983	54.6210654364
	42.8551053302	54.6208416867
	42.8421877507	54.6202941598
	42.8275311888	54.6186024225
	42.81531426	54.6161063744
	42.8050985698	54.6132850824
	42.803769741	54.6129235659
	42.7923072121	54.610250879
	42.7806944232	54.6083335998
	42.7689811022	54.6071799384
	42.7572174072	54.6067948349
	42.7344360352	54.6067948349
	42.7226723402	54.6071799384
	42.7109590191	54.6083335998
	42.6993462303	54.610250879
	42.6878837014	54.6129235659
	42.6867031621	54.6132649262
	42.6837669944	54.6123742495
	42.6723044655	54.6097015626
	42.6714657789	54.609536808
	42.6628521924	54.6078659706
	42.6520780902	54.606113446
	42.6403647692	54.6049597846
	42.6286010742	54.6045746811
	42.6168373792	54.6049597846
	42.6123053923	54.605314395
	42.5909201994	54.6072598906
	42.5837388653	54.6080589416
	42.5759540045	54.609257793
	42.5570636237	54.6125918384
	42.5532356956	54.6133102662
	42.5417731667	54.6159829531
	42.5384533294	54.6169066751
	42.5354592064	54.6174759156
	42.5239966775	54.6201486025
	42.5155052267	54.6226493911
	42.4921745382	54.6301490859
	42.4894028043	54.631064947
	42.4783871946	54.635210929
	42.4748406242	54.6367247081
	42.4678978752	54.6397764659
	42.4607235812	54.6431202472
	42.4503433708	54.6486685853
	42.4403482639	54.6548839422
	42.430781061	54.6617397028
	42.4216827304	54.6692065097
	42.4130922327	54.6772523889
	42.4089265832	54.6814180383
	42.400880704	54.6900085361
	42.3934138971	54.6991068667
	42.3890083295	54.7051010157
	42.3814493381	54.7098842473
	42.3718821352	54.716740008
	42.3668715916	54.7207284414
	42.3523986302	54.7326760732
	42.3483108432	54.7361544467
	42.3397203454	54.7442003259
	42.3316744662	54.7527908237
	42.3242076593	54.7618891543
	42.3173518987	54.7714563571
	42.3111365418	54.7814514641
	42.3055882037	54.7918316745
	42.302319432	54.7990460075
	42.299923658	54.7975562195
	42.2917946262	54.7931377042
	42.2792900486	54.786751901
	42.2770388699	54.7856220782
	42.2663180056	54.7807645178
	42.2553023959	54.7766185359
	42.2440392112	54.7732018862
	42.2325766823	54.7705291993
	42.2209638935	54.7686119201
	42.2092505724	54.7674582587
	42.2067212335	54.7673103605
	42.1958874933	54.7667534147
	42.1866531372	54.7665162094
	42.1748894422	54.7669013129
	42.1631761212	54.7680549743
	42.161455546	54.7682899476
	42.1320137125	54.772455597
	42.1221789023	54.7741264944
	42.0857943198	54.781351531
	42.0857369163	54.7813629395
	42.0742743874	54.7840356264
	42.0722050515	54.7846033547
	42.0474781838	54.7915461037
	42.0382843351	54.7943950252
	42.0272687253	54.7985410071
	42.0264814979	54.7988692763
	42.0235918798	54.8000822808
	42.0187129718	54.801406491
	42.0080108976	54.8046718196
	42.0027105895	54.8065640151
	42.0010906895	54.8065985366
	41.9986038208	54.8065171249
	41.9868401258	54.8069022284
	41.9751268048	54.8080558898
	41.9724429071	54.8084298208
	41.9629977166	54.8098183706
	41.9540688255	54.8113617188
	41.9426062966	54.8140344057
	41.9313431119	54.8174510554
	41.9203275022	54.8215970374
	41.9166960664	54.823148146
	41.909745688	54.8262075333
	41.9026562595	54.829513985
	41.892276049	54.8350623231
	41.8872786682	54.8380565035
	41.8872438926	54.8380711207
	41.8773877048	54.842567879
	41.8670074943	54.8481162171
	41.8570123874	54.854331574
	41.8474451845	54.8611873346
	41.838346854	54.8686541415
	41.8315441662	54.8750255539
	41.8285195091	54.8755249268
	41.8170569802	54.8781976137
	41.8119111972	54.8796587715
	41.803572269	54.8821612129
	41.7974548673	54.8841167048
	41.7864392575	54.8882626868
	41.7757183933	54.8931202472
	41.7708185716	54.8956305173
	41.7640562319	54.8971210698
	41.7562201882	54.8990334902
	41.7449570035	54.9024501399
	41.7358144448	54.9058325891
	41.7288716958	54.9086173181
	41.7269986448	54.9093808508
	41.7162777805	54.9142384113
	41.70589757	54.9197867493
	41.6959024631	54.9260021062
	41.6863352602	54.9328578669
	41.6772369297	54.9403246738
	41.6686464319	54.948370553
	41.6606005527	54.9569610508
	41.6531337458	54.9660593813
	41.6462779851	54.9756265842
	41.6462086933	54.9757303646
	41.6428746479	54.980727618
	41.6367285828	54.9906189445
	41.6311802448	55.000999155
	41.6263226843	55.0117200193
	41.623339847	55.0194161119
	41.6113922151	55.0524742784
	41.6102290706	55.0557937955
	41.6068124209	55.0670569802
	41.604139734	55.0785195091
	41.6022224548	55.090132298
	41.6010687933	55.101845619
	41.6006836898	55.113609314
	41.6010687933	55.1253730089
	41.6022224548	55.13708633
	41.604139734	55.1486991188
	41.6068124209	55.1601616477
	41.6102290706	55.1714248324
	41.6143750525	55.1824404422
	41.6192326129	55.1931613064
	41.6195405436	55.1937827052
	41.6223176432	55.1993597926
	41.6275580506	55.2091186043
	41.6337734075	55.2191137112
	41.6406291681	55.2286809141
	41.648095975	55.2377792447
	41.6561418542	55.2463697424
	41.664732352	55.2544156216
	41.6738306826	55.2618824286
	41.6810529917	55.2671445065
	41.6819519288	55.2720130226
	41.6846246157	55.2834755515
	41.6880412654	55.2947387362
	41.6921872473	55.305754346
	41.6970448077	55.3164752103
	41.7025931458	55.3268554207
	41.7088085027	55.3368505276
	41.7156642633	55.3464177305
	41.7231310703	55.3555160611
	41.7311769494	55.3641065589
	41.7397674472	55.372152438
	41.7488657778	55.379619245
	41.7584329807	55.3864750056
	41.7590076595	55.3868574007
	41.7595868718	55.3872883366
	41.7607678748	55.3902117434
	41.7656254352	55.4009326077
	41.7660211788	55.4017301146
	41.7687982784	55.4072919432
	41.7739508729	55.4168746468
	41.7801662298	55.4268697537
	41.7870219904	55.4364369566
	41.7944887973	55.4455352871
	41.8025346765	55.4541257849
	41.8111251743	55.4621716641
	41.8193520087	55.4689655004
	41.8243492622	55.4728488622
	41.8252207583	55.4735218329
	41.8347879611	55.4803775935
	41.8447830681	55.4865929504
	41.8551632785	55.4921412885
	41.8658841428	55.4969988489
	41.8752197513	55.5005125231
	41.8721570349	55.5072720823
	41.8695597152	55.5139118195
	41.8676142196	55.5191913605
	41.8660655574	55.523567233
	41.8626489077	55.5348304177
	41.8599762208	55.5462929466
	41.8580589416	55.5579057355
	41.8580262144	55.5581556761
	41.8571946104	55.5645414793
	41.8560736762	55.5760048597
	41.8556885727	55.5877685547
	41.8560736762	55.5995322497
	41.8563126997	55.6027394247
	41.8568696455	55.6094075155
	41.8577842834	55.6179136615
	41.8597015626	55.6295264504
	41.8623742495	55.6409889793
	41.8639787539	55.6466100552
	41.8659166201	55.6530034878
	41.8677287654	55.6586455966
	41.8718747473	55.6696612063
	41.8767323077	55.6803820706
	41.8822806458	55.6907622811
	41.8884960027	55.700757388
	41.8953517633	55.7103245909
	41.9028185703	55.7194229214
	41.9108644494	55.7280134192
	41.9194549472	55.7360592984
	41.927786768	55.7429346572
	41.9327916508	55.7468180191
	41.9335581606	55.7474094671
	41.9431253635	55.7542652277
	41.9445405392	55.7551452406
	41.9478496271	55.7597630674
	41.955316434	55.768861398
	41.9633623132	55.7774518958
	41.971952811	55.785497775
	41.9810511416	55.7929645819
	41.9820828096	55.7937503159
	41.9923672334	55.801524669
	42.0009027682	55.8075946955
	42.0108978752	55.8138100524
	42.0212780856	55.8193583905
	42.0294942042	55.8230810654
	42.0369707117	55.8310636511
	42.0455612094	55.8391095303
	42.05465954	55.8465763372
	42.0575442459	55.8487442241
	42.0628314163	55.8526352153
	42.0695139133	55.8573230891
	42.0795090202	55.863538446
	42.0898892307	55.8690867841
	42.1006100949	55.8739443445
	42.1116257047	55.8780903264
	42.1125110363	55.8783882943
	42.1200107311	55.8808907357
	42.1214438141	55.881362246
	42.1288970859	55.8882809781
	42.1379954165	55.895747785
	42.1383847393	55.8960456809
	42.1489438214	55.9041023215
	42.1581217014	55.9106601862
	42.1681168083	55.9168755431
	42.1784970187	55.9224238812
	42.1805689191	55.9234291914
	42.1869623517	55.9264809492
	42.1956113157	55.9303331995
	42.2066269254	55.9344791814
	42.2178901101	55.9378958311
	42.2247823911	55.9395975659
	42.2333883482	55.9415430615
	42.237958596	55.9425140136
	42.2495713849	55.9444312928
	42.2527084929	55.9448162913
	42.2624283416	55.9459225535
	42.2710045545	55.9466912164
	42.2827682495	55.9470763199
	42.2871039743	55.9470240549
	42.2913110934	55.9469226106
	42.2979990786	55.9524112982
	42.2983884014	55.9527091941
	42.3089474835	55.9607658347
	42.3141253531	55.9645721725
	42.3186726154	55.9745486356
	42.3242209534	55.984928846
	42.3304363103	55.9949239529
	42.337292071	56.0044911558
	42.3447588779	56.0135894864
	42.3528047571	56.0221799841
	42.3613952549	56.0302258633
	42.3704935854	56.0376926703
	42.3719254661	56.0387800637
	42.3725343713	56.0393918982
	42.3811248691	56.0474377774
	42.3845803578	56.0503917474
	42.3870204645	56.0536473448
	42.3944872714	56.0627456753
	42.3948282751	56.0631333914
	42.3989939245	56.0678559866
	42.4066988	56.0760587683
	42.4152892978	56.0841046475
	42.4159495617	56.0846808439
	42.4223206737	56.090213478
	42.4255891809	56.0935682288
	42.4341796787	56.101614108
	42.4432780092	56.1090809149
	42.4449103591	56.1103187556
	42.4604666946	56.1219764704
	42.4684015475	56.1275943903
	42.4783966545	56.1338097473
	42.4878910498	56.1389182178
	42.4945591406	56.1422522632
	42.4954449558	56.1426921307
	42.5028831962	56.1460623536
	42.503551209	56.1483703736
	42.5044441345	56.1568083148
	42.5063614137	56.1684211037
	42.5090341005	56.1798836326
	42.5124507503	56.1911468173
	42.5165967322	56.202162427
	42.5214542926	56.2128832913
	42.5251331618	56.2199448228
	42.5281849196	56.225499022
	42.5300543885	56.228817701
	42.5362697454	56.2388128079
	42.5417178823	56.2464156742
	42.5373066276	56.2477126828
	42.5302276944	56.249953802
	42.5192120847	56.2540997839
	42.5084912204	56.2589573444
	42.49811101	56.2645056824
	42.488115903	56.2707210393
	42.4785487002	56.2775768
	42.4694503696	56.2850436069
	42.4608598718	56.2930894861
	42.4528139926	56.3016799839
	42.4453471857	56.3107783144
	42.4384914251	56.3203455173
	42.4322760682	56.3303406242
	42.4267277301	56.3407208347
	42.4218701697	56.351441699
	42.4177241878	56.3624573087
	42.414307538	56.3737204934
	42.4116348512	56.3851830223
	42.409717572	56.3967958111
	42.4085639105	56.4085091322
	42.408178807	56.4202728271
	42.4085639105	56.4320365221
	42.409717572	56.4437498432
	42.4116348512	56.455362632
	42.414307538	56.4668251609
	42.4177241878	56.4780883456
	42.4218701697	56.4891039553
	42.4267277301	56.4998248196
	42.4322760682	56.5102050301
	42.4384914251	56.520200137
	42.4453471857	56.5297673399
	42.4528139926	56.5388656704
	42.4563671503	56.5426688269
	42.4565915442	56.5432650271
	42.4614491046	56.5539858914
	42.4669974427	56.5643661019
	42.4732127996	56.5743612088
	42.4800685602	56.5839284117
	42.4875353671	56.5930267422
	42.4955812463	56.60161724
	42.5041717441	56.6096631192
	42.5132700747	56.6171299261
	42.5228372775	56.6239856867
	42.5328323845	56.6302010436
	42.5432125949	56.6357493817
	42.5479134548	56.6379836236
	42.5545815456	56.6410353814
	42.56060155	56.6436586999
	42.5716171598	56.6478046819
	42.5828803445	56.6512213316
	42.5935914403	56.653742884
	42.6064644358	56.6563605587
	42.6062455185	56.6630477905
	42.606630622	56.6748114855
	42.6070396707	56.6799311775
	42.6076621639	56.686533527
	42.6080191718	56.7014762194
	42.6091728332	56.7131895404
	42.6110901124	56.7248023293
	42.6137627993	56.7362648582
	42.6160785746	56.7441773989
	42.6199619364	56.7563996889
	42.6210628108	56.7597503329
	42.6252020586	56.7707496827
	42.6252310858	56.771201256
	42.6263847472	56.782914577
	42.6283020264	56.7945273659
	42.6309747133	56.8059898948
	42.6343913631	56.8172530795
	42.638537345	56.8282686892
	42.6433949054	56.8389895535
	42.648051153	56.8478066085
	42.6541622981	56.8586403487
	42.6550543885	56.8602035042
	42.6578134527	56.8648214561
	42.6585416174	56.8666063967
	42.6633991779	56.877327261
	42.6672199226	56.8846465065
	42.6702793098	56.8901930763
	42.6720069031	56.8932540413
	42.67822226	56.9032491483
	42.6850780207	56.9128163511
	42.6925448276	56.9219146817
	42.6967346564	56.9265285037
	42.701174964	56.9312510989
	42.7050310144	56.9352277747
	42.7136215122	56.9432736539
	42.7227198427	56.9507404608
	42.7272814044	56.9541275616
	42.7381151446	56.961909544
	42.7431207858	56.9653782038
	42.7531158928	56.9715935607
	42.7598033684	56.9752676901
	42.7661891716	56.9786017355
	42.7698819064	56.9804759442
	42.7806027707	56.9853335046
	42.7916183805	56.9894794866
	42.8028815652	56.9928961363
	42.8143440941	56.9955688232
	42.8259568829	56.9974861024
	42.8376702039	56.9986397638
	42.8449778103	56.9989696597
	42.8563684963	56.9992519473
	42.8725882799	56.9989220514
	42.8829691345	56.997938753
	42.901493729	57.0069637747
	42.9114392575	57.0114412927
	42.9224548673	57.0155872746
	42.933718052	57.0190039244
	42.9451805809	57.0216766112
	42.9567933697	57.0235938904
	42.9685066908	57.0247475519
	42.9802703857	57.0251326554
	42.9885109889	57.024862886
	42.9861561054	57.034284211
	42.9842437989	57.042810128
	42.9823265197	57.0544229168
	42.9823001202	57.0546243195
	42.9788009796	57.0814368832
	42.9740971182	57.1120173479
	42.9735450866	57.1158853192
	42.9723914252	57.1275986402
	42.9720063217	57.1393623352
	42.9722835295	57.1493444586
	42.9735239994	57.1716616056
	42.9746795542	57.1936066107
	42.9758784018	57.2283513279
	42.9761565314	57.2339125902
	42.9763430676	57.2364774864
	42.9788493238	57.2678381126
	42.9790888207	57.2705720922
	42.9815988915	57.2969125769
	42.9823265197	57.3033270221
	42.9842437989	57.314939811
	42.9869164858	57.3264023399
	42.9903331355	57.3376655246
	42.9930192887	57.3450452876
	43.0018007218	57.3676244807
	43.0032605505	57.3712603274
	43.0072733749	57.3802448012
	43.0217414031	57.4103947784
	43.0259300555	57.4194684227
	43.0273696798	57.4233059624
	43.0296010352	57.4289614383
	43.0330228025	57.4367020195
	43.0430554563	57.4580261772
	43.0444912494	57.4610064603
	43.0500395875	57.4713866707
	43.0515784155	57.4740008391
	43.05494787	57.4796160272
	43.0599164492	57.4898836798
	43.0605053485	57.4910891629
	43.0660536866	57.5014693733
	43.0722690435	57.5114644803
	43.0791248041	57.5210316831
	43.086591611	57.5301300137
	43.0946374902	57.5387205115
	43.103227988	57.5467663907
	43.1123263186	57.5542331976
	43.1218935214	57.5610889582
	43.1318886284	57.5673043151
	43.1343483622	57.5686190702
	43.1345142902	57.5689852811
	43.1400626282	57.5793654915
	43.1401087981	57.5794454127
	43.1431605559	57.5847249538
	43.149329743	57.5946401395
	43.1561855036	57.6042073423
	43.1636523105	57.6133056729
	43.1665719421	57.6165544368
	43.1796258362	57.6307298518
	43.1847520837	57.6360715857
	43.1933425815	57.6441174649
	43.2024409121	57.6515842718
	43.2105401785	57.6574486987
	43.2219308645	57.6652230518
	43.223398801	57.6662143855
	43.2333939079	57.6724297424
	43.2437741184	57.6779780804
	43.2544949826	57.6828356409
	43.264617426	57.6866758172
	43.2756694426	57.6904922814
	43.2775598727	57.6917728571
	43.2875549797	57.697988214
	43.2972702313	57.7032069234
	43.3039459515	57.7065333395
	43.3046109103	57.7068629681
	43.3153317746	57.7117205286
	43.3175955531	57.7126402513
	43.3201595159	57.7165883817
	43.3270152765	57.7261555845
	43.3344820834	57.7352539151
	43.3425279626	57.7438444129
	43.3438449698	57.7451479213
	43.3497529993	57.7513441077
	43.358343497	57.7593899869
	43.3674418276	57.7668567938
	43.3770090305	57.7737125544
	43.3870041374	57.7799279113
	43.3973843478	57.7854762494
	43.4081052121	57.7903338098
	43.4191208219	57.7944797917
	43.4291525374	57.7975617835
	43.437209178	57.7997819373
	43.4384406472	57.8001165953
	43.4499031761	57.8027892821
	43.4615159649	57.8047065613
	43.473229286	57.8058602228
	43.4791038366	57.8061488888
	43.4842704201	57.8076162901
	43.4891318855	57.8088465433
	43.4912420758	57.8098688307
	43.5033804425	57.8156519118
	43.5119107541	57.8194475793
	43.5229263639	57.8235935613
	43.5341895486	57.827010211
	43.5456520775	57.8296828979
	43.5572648663	57.8316001771
	43.5689781873	57.8327538385
	43.5807418823	57.833138942
	43.5925055773	57.8327538385
	43.6042188983	57.8316001771
	43.6158316872	57.8296828979
	43.6272942161	57.827010211
	43.6385574008	57.8235935613
	43.6495730105	57.8194475793
	43.6602938748	57.8145900189
	43.6706740853	57.8090416808
	43.6806691922	57.8028263239
	43.6902363951	57.7959705633
	43.6993347256	57.7885037564
	43.7079252234	57.7804578772
	43.7159711026	57.7718673794
	43.7234379095	57.7627690489
	43.7302936701	57.753201846
	43.736509027	57.7432067391
	43.7383845286	57.7398770797
	43.7418724914	57.7340896126
	43.7474208295	57.7237094022
	43.7522783899	57.7129885379
	43.7564243718	57.7019729281
	43.7598410215	57.6907097434
	43.7625137084	57.6792472145
	43.7642075058	57.6689880351
	43.7724367801	57.6658907556
	43.7831576443	57.6610331952
	43.7935378548	57.6554848571
	43.7967228783	57.6536020412
	43.8086628807	57.6463770045
	43.8154729642	57.6420444636
	43.825040167	57.635188703
	43.8341384976	57.6277218961
	43.8427289954	57.6196760169
	43.8443791258	57.6180041937
	43.8465838639	57.6172164268
	43.8572163039	57.6143051074
	43.8599053497	57.6135463063
	43.867394325	57.6141945734
	43.87915802	57.6145796769
	43.8869894527	57.6144091027
	43.8972278274	57.613962893
	43.9021202781	57.6150069945
	43.913733067	57.6169242737
	43.925446388	57.6180779352
	43.937210083	57.6184630387
	43.9444430886	57.618317547
	43.9715484145	57.6172266603
	43.9767900567	57.6188125501
	43.9823249245	57.6203909483
	43.9937874534	57.6230636352
	43.9966373632	57.6236066613
	44.0058078954	57.6252774987
	44.0145707745	57.6266517518
	44.016910315	57.6269441716
	44.0226666354	57.6299128949
	44.0285463313	57.6326815284
	44.0421571712	57.6387926734
	44.0469983396	57.6408816003
	44.0580139493	57.6450275823
	44.0624538225	57.6464707328
	44.0785594743	57.6514756156
	44.0853827859	57.6534491148
	44.0968453148	57.6561218017
	44.1084581036	57.6580390809
	44.109048661	57.6581158348
	44.1284959876	57.6606106469
	44.1352383219	57.661346667
	44.1373822116	57.662421745
	44.1432619075	57.6651903785
	44.1568727473	57.6713015235
	44.1617139158	57.6733904504
	44.1727295255	57.6775364324
	44.1772666361	57.6790097696
	44.1933799174	57.684007023
	44.2001059914	57.6859503355
	44.2115685203	57.6886230224
	44.2231813092	57.6905403016
	44.2348946302	57.691693963
	44.2444563119	57.6920655868
	44.2607093521	57.6922645816
	44.2741092383	57.6984723878
	44.2808850583	57.7014437341
	44.2860258606	57.7034811153
	44.2875549797	57.7043740173
	44.2944738492	57.7081687445
	44.3005923129	57.7155319302
	44.3086381921	57.724122428
	44.3172286899	57.7321683072
	44.3263270205	57.7396351141
	44.3313886829	57.7432622501
	44.3334956975	57.7465871609
	44.3403514582	57.7561543638
	44.3478182651	57.7652526944
	44.3558641443	57.7738431922
	44.35984082	57.7776992425
	44.3645634152	57.7821395502
	44.3691772373	57.786329379
	44.3782755678	57.7937961859
	44.3863069833	57.7996142805
	44.4090883553	57.8151782454
	44.4106241428	57.8162159113
	44.4206192497	57.8224312682
	44.4309994602	57.8279796063
	44.4353999302	57.8300760361
	44.4375640194	57.8310712793
	44.4403412346	57.8327080627
	44.450721445	57.8382564008
	44.4566011409	57.8410250342
	44.4577854395	57.8415567737
	44.4654772103	57.8471148909
	44.4768678964	57.8548968733
	44.4784036838	57.8559345393
	44.4883987907	57.8621498962
	44.4987790012	57.8676982343
	44.5094998655	57.8725557947
	44.5205154752	57.8767017766
	44.5317786599	57.8801184263
	44.5432411888	57.8827911132
	44.5548539776	57.8847083924
	44.5665672987	57.8858620538
	44.5693243798	57.8860215151
	44.5915411767	57.8871354067
	44.6005477905	57.8873610489
	44.6083792232	57.8871904748
	44.6255226274	57.8864433294
	44.6218747473	57.8944943723
	44.6177287654	57.905509982
	44.6143121157	57.9167731667
	44.6116394288	57.9282356956
	44.6097221496	57.9398484845
	44.6085684882	57.9515618055
	44.6081833847	57.9633255005
	44.6085684882	57.9750891955
	44.6097221496	57.9868025165
	44.6116394288	57.9984153053
	44.6143121157	58.0098778343
	44.6177287654	58.0211410189
	44.6201790288	58.0279109737
	44.6205558898	58.0309767108
	44.6210358541	58.0343719811
	44.6218750875	58.0399261804
	44.6233124024	58.0481436989
	44.6259850893	58.0596062278
	44.629401739	58.0708694125
	44.6332279272	58.0811078412
	44.6357227392	58.0872113568
	44.636042533	58.0879885379
	44.6409000934	58.0987094022
	44.6464484315	58.1090896126
	44.6526637884	58.1190847195
	44.659519549	58.1286519224
	44.6669863559	58.137750253
	44.6749231117	58.1462315337
	44.6793634194	58.1506794707
	44.6794725427	58.1507886878
	44.6880630405	58.158834567
	44.6960740117	58.1654603927
	44.6988364705	58.1700623835
	44.7034984441	58.1774190701
	44.7103542047	58.186986273
	44.7178210117	58.1960846035
	44.7258668909	58.2046751013
	44.7344573886	58.2127209805
	44.7435557192	58.2201877874
	44.7531229221	58.2270435481
	44.763118029	58.233258905
	44.7734982394	58.238807243
	44.7842191037	58.2436648035
	44.7952347135	58.2478107854
	44.8064978982	58.2512274351
	44.8179604271	58.253900122
	44.8217189859	58.2546062925
	44.8311641764	58.2562771299
	44.8390184064	58.2574882386
	44.8507317274	58.2586419
	44.8610951364	58.2590215527
	44.8963734567	58.2592962109
	44.8977737427	58.2593016617
	44.9054690936	58.2591369667
	44.9233131222	58.2583728249
	44.9316177701	58.2614216252
	44.9428809548	58.2648382749
	44.9543434837	58.2675109618
	44.9659562726	58.269428241
	44.9776695936	58.2705819025
	44.9894332886	58.270967006
	44.9947355886	58.2708888346
	45.0700148244	58.2686686808
	45.0724883549	58.2685786926
	45.1111007206	58.2669078552
	45.1150885851	58.2666909112
	45.1245707378	58.2658168116
	45.1301647494	58.2651513802
	45.1610863694	58.2635930772
	45.2100761698	58.261981522
	45.2159262926	58.2616936578
	45.2276396137	58.2605399964
	45.2392524025	58.2586227172
END
END
