none
1
   1.747629E+01   3.596146E+00
   1.666848E+01   3.415957E+00
   1.658739E+01   2.805257E+00
   1.615894E+01   2.127879E+00
   1.598127E+01   2.441642E+00
   1.595522E+01   2.971607E+00
   1.505461E+01   4.026642E+00
   1.511702E+01   4.064580E+00
   1.498959E+01   4.402269E+00
   1.470910E+01   4.561729E+00
   1.458191E+01   5.128167E+00
   1.450735E+01   5.248688E+00
   1.459811E+01   5.875632E+00
   1.448559E+01   5.892546E+00
   1.438962E+01   6.065103E+00
   1.475568E+01   6.385133E+00
   1.521040E+01   7.266137E+00
   1.548747E+01   7.551249E+00
   1.596348E+01   7.546102E+00
   1.659329E+01   7.913493E+00
   1.682988E+01   7.593271E+00
   1.768134E+01   8.031005E+00
   1.855443E+01   8.074549E+00
   1.866832E+01   8.229931E+00
   1.877930E+01   8.273484E+00
   1.906994E+01   8.680681E+00
   1.882787E+01   8.849124E+00
   1.894544E+01   9.004884E+00
   2.042284E+01   9.235731E+00
   2.159486E+01   1.031470E+01
   2.168612E+01   1.064494E+01
   2.238436E+01   1.103264E+01
   2.292605E+01   1.095879E+01
   2.335428E+01   1.042191E+01
   2.375115E+01   9.843278E+00
   2.366366E+01   8.827402E+00
   2.429818E+01   8.776739E+00
   2.425131E+01   8.383755E+00
   2.485180E+01   8.205411E+00
   2.529282E+01   7.836081E+00
   2.648159E+01   6.729001E+00
   2.643389E+01   6.411041E+00
   2.668745E+01   6.099542E+00
   2.728264E+01   5.779626E+00
   2.754942E+01   5.065176E+00
   2.743166E+01   4.927387E+00
   2.710466E+01   5.174264E+00
   2.688284E+01   5.019863E+00
   2.647384E+01   5.029417E+00
   2.540306E+01   5.264324E+00
   2.533342E+01   5.014616E+00
   2.506755E+01   4.914064E+00
   2.472475E+01   4.876622E+00
   2.444209E+01   5.005390E+00
   2.339652E+01   4.545008E+00
   2.294755E+01   4.761446E+00
   2.249329E+01   4.140112E+00
   2.233771E+01   4.096505E+00
   2.168640E+01   4.225233E+00
   2.114108E+01   4.288202E+00
   2.053736E+01   4.403030E+00
   2.029413E+01   4.678027E+00
   1.975959E+01   5.071988E+00
   1.944524E+01   5.104117E+00
   1.915958E+01   4.844066E+00
   1.867624E+01   4.264665E+00
   1.866962E+01   3.387244E+00
   1.747629E+01   3.596146E+00
END
END
