none
1
   6.028105E+01   5.198053E+01
   6.019803E+01   5.193890E+01
   6.055461E+01   5.183352E+01
   6.055666E+01   5.174170E+01
   6.048638E+01   5.169575E+01
   6.095630E+01   5.166168E+01
   6.097324E+01   5.156357E+01
   6.102821E+01   5.152042E+01
   6.150500E+01   5.145935E+01
   6.173371E+01   5.127975E+01
   6.171087E+01   5.121220E+01
   6.160910E+01   5.118039E+01
   6.147750E+01   5.076372E+01
   6.082497E+01   5.060673E+01
   6.030811E+01   5.062164E+01
   6.014419E+01   5.078129E+01
   6.004013E+01   5.076267E+01
   6.003802E+01   5.064431E+01
   5.983658E+01   5.049067E+01
   5.950366E+01   5.044446E+01
   5.941208E+01   5.052040E+01
   5.940752E+01   5.058650E+01
   5.887397E+01   5.064752E+01
   5.875108E+01   5.075904E+01
   5.863651E+01   5.076234E+01
   5.861717E+01   5.082102E+01
   5.855671E+01   5.083518E+01
   5.855480E+01   5.100639E+01
   5.836807E+01   5.102613E+01
   5.829841E+01   5.109797E+01
   5.816644E+01   5.101243E+01
   5.781701E+01   5.106097E+01
   5.779196E+01   5.087955E+01
   5.757432E+01   5.088038E+01
   5.750648E+01   5.082501E+01
   5.729910E+01   5.089787E+01
   5.716343E+01   5.104051E+01
   5.677757E+01   5.103494E+01
   5.679957E+01   5.096934E+01
   5.671622E+01   5.092326E+01
   5.651267E+01   5.100062E+01
   5.649571E+01   5.093050E+01
   5.637383E+01   5.085250E+01
   5.620940E+01   5.086100E+01
   5.617464E+01   5.072225E+01
   5.608227E+01   5.065105E+01
   5.571887E+01   5.049804E+01
   5.547464E+01   5.061864E+01
   5.536266E+01   5.060933E+01
   5.502561E+01   5.077932E+01
   5.502412E+01   5.085762E+01
   5.465958E+01   5.097017E+01
   5.474457E+01   5.091284E+01
   5.472781E+01   5.080790E+01
   5.478157E+01   5.061327E+01
   5.464616E+01   5.049797E+01
   5.454151E+01   5.047668E+01
   5.436506E+01   5.061075E+01
   5.442749E+01   5.080938E+01
   5.417041E+01   5.092215E+01
   5.408016E+01   5.106506E+01
   5.399397E+01   5.111170E+01
   5.363629E+01   5.118537E+01
   5.355134E+01   5.128157E+01
   5.353716E+01   5.137390E+01
   5.322514E+01   5.145484E+01
   5.294984E+01   5.140401E+01
   5.278196E+01   5.144728E+01
   5.254097E+01   5.140815E+01
   5.231873E+01   5.168726E+01
   5.209789E+01   5.160852E+01
   5.190648E+01   5.162539E+01
   5.184275E+01   5.156811E+01
   5.185604E+01   5.146959E+01
   5.163571E+01   5.140443E+01
   5.158176E+01   5.145817E+01
   5.126264E+01   5.144307E+01
   5.119473E+01   5.152671E+01
   5.123949E+01   5.162827E+01
   5.087969E+01   5.163323E+01
   5.084618E+01   5.154813E+01
   5.076797E+01   5.152409E+01
   5.062893E+01   5.156545E+01
   5.059199E+01   5.143686E+01
   5.043973E+01   5.136955E+01
   5.038884E+01   5.128291E+01
   5.002016E+01   5.119171E+01
   4.977528E+01   5.105602E+01
   4.946337E+01   5.105153E+01
   4.943494E+01   5.100972E+01
   4.949517E+01   5.088162E+01
   4.945624E+01   5.081043E+01
   4.914368E+01   5.073163E+01
   4.883899E+01   5.054948E+01
   4.871294E+01   5.054935E+01
   4.877469E+01   5.029923E+01
   4.895297E+01   5.002451E+01
   4.876092E+01   4.987291E+01
   4.844790E+01   4.975097E+01
   4.820312E+01   4.982278E+01
   4.805998E+01   5.005301E+01
   4.789502E+01   5.020414E+01
   4.759166E+01   5.040748E+01
   4.751007E+01   5.037976E+01
   4.741363E+01   5.030931E+01
   4.721064E+01   5.031994E+01
   4.713244E+01   5.044871E+01
   4.688875E+01   5.043817E+01
   4.668975E+01   5.063146E+01
   4.649500E+01   5.049170E+01
   4.606525E+01   5.046875E+01
   4.599109E+01   5.063004E+01
   4.576552E+01   5.069918E+01
   4.574267E+01   5.053976E+01
   4.559420E+01   5.052205E+01
   4.514984E+01   5.055211E+01
   4.513094E+01   5.072663E+01
   4.526032E+01   5.085414E+01
   4.501587E+01   5.107290E+01
   4.427538E+01   5.112907E+01
   4.420246E+01   5.103918E+01
   4.399654E+01   5.101988E+01
   4.394541E+01   5.109096E+01
   4.335239E+01   5.094177E+01
   4.285905E+01   5.117984E+01
   4.271206E+01   5.143915E+01
   4.248988E+01   5.154195E+01
   4.245929E+01   5.172100E+01
   4.264644E+01   5.189648E+01
   4.272350E+01   5.221400E+01
   4.283730E+01   5.226945E+01
   4.288419E+01   5.240533E+01
   4.298833E+01   5.241091E+01
   4.300114E+01   5.257473E+01
   4.314785E+01   5.267940E+01
   4.290127E+01   5.288977E+01
   4.251588E+01   5.307588E+01
   4.236313E+01   5.327039E+01
   4.220306E+01   5.331482E+01
   4.219590E+01   5.343117E+01
   4.205914E+01   5.348986E+01
   4.202963E+01   5.376886E+01
   4.210425E+01   5.386672E+01
   4.233913E+01   5.396124E+01
   4.222355E+01   5.404711E+01
   4.211348E+01   5.427604E+01
   4.243577E+01   5.435056E+01
   4.255923E+01   5.459626E+01
   4.234086E+01   5.473154E+01
   4.238924E+01   5.494533E+01
   4.204721E+01   5.492313E+01
   4.193193E+01   5.501319E+01
   4.177827E+01   5.501946E+01
   4.172107E+01   5.510920E+01
   4.190107E+01   5.538276E+01
   4.203522E+01   5.546820E+01
   4.202980E+01   5.565778E+01
   4.249827E+01   5.599963E+01
   4.262887E+01   5.602716E+01
   4.263661E+01   5.613155E+01
   4.271037E+01   5.616461E+01
   4.269944E+01   5.630569E+01
   4.255507E+01   5.643523E+01
   4.281258E+01   5.659069E+01
   4.274094E+01   5.669606E+01
   4.283396E+01   5.685215E+01
   4.317030E+01   5.693515E+01
   4.303100E+01   5.717894E+01
   4.333715E+01   5.757915E+01
   4.353126E+01   5.766048E+01
   4.386641E+01   5.748111E+01
   4.434711E+01   5.758591E+01
   4.455897E+01   5.774809E+01
   4.470372E+01   5.775200E+01
   4.480135E+01   5.786624E+01
   4.476701E+01   5.804674E+01
   4.487047E+01   5.813513E+01
   4.524021E+01   5.814279E+01
   4.553364E+01   5.807919E+01
   4.564554E+01   5.798245E+01
   4.580740E+01   5.810204E+01
   4.626141E+01   5.812258E+01
   4.634642E+01   5.824999E+01
   4.634785E+01   5.840575E+01
   4.650600E+01   5.845584E+01
   4.661763E+01   5.862884E+01
   4.693653E+01   5.867156E+01
   4.708389E+01   5.882928E+01
   4.719872E+01   5.882855E+01
   4.727251E+01   5.897491E+01
   4.751487E+01   5.896413E+01
   4.716442E+01   5.916709E+01
   4.715671E+01   5.930280E+01
   4.700102E+01   5.933905E+01
   4.707921E+01   5.967209E+01
   4.686967E+01   5.974732E+01
   4.694672E+01   6.005646E+01
   4.677602E+01   5.998415E+01
   4.639716E+01   6.004510E+01
   4.621051E+01   6.021544E+01
   4.626728E+01   6.030816E+01
   4.673609E+01   6.030274E+01
   4.671315E+01   6.039904E+01
   4.693235E+01   6.059078E+01
   4.693041E+01   6.074199E+01
   4.715516E+01   6.110864E+01
   4.790485E+01   6.107242E+01
   4.802657E+01   6.093508E+01
   4.845286E+01   6.088279E+01
   4.861243E+01   6.057493E+01
   4.858210E+01   6.050929E+01
   4.884171E+01   6.035287E+01
   4.880174E+01   6.026912E+01
   4.853782E+01   6.013398E+01
   4.857314E+01   5.977696E+01
   4.912808E+01   5.971200E+01
   4.913732E+01   5.956326E+01
   4.959743E+01   5.944385E+01
   4.959645E+01   5.928117E+01
   4.971702E+01   5.925965E+01
   4.979065E+01   5.931563E+01
   4.974173E+01   5.948159E+01
   4.980662E+01   5.967549E+01
   4.991982E+01   5.970869E+01
   4.997205E+01   5.982451E+01
   5.020892E+01   5.980794E+01
   5.038083E+01   5.989294E+01
   5.080971E+01   5.992100E+01
   5.100605E+01   6.007289E+01
   5.115817E+01   6.010345E+01
   5.147343E+01   5.998205E+01
   5.196389E+01   6.033671E+01
   5.228935E+01   6.032340E+01
   5.227000E+01   6.038416E+01
   5.209452E+01   6.041612E+01
   5.207546E+01   6.048974E+01
   5.172583E+01   6.054640E+01
   5.187459E+01   6.093541E+01
   5.231549E+01   6.089611E+01
   5.241560E+01   6.103115E+01
   5.276616E+01   6.100585E+01
   5.288187E+01   6.114731E+01
   5.341530E+01   6.109140E+01
   5.345876E+01   6.093291E+01
   5.366676E+01   6.090523E+01
   5.377248E+01   6.090454E+01
   5.388794E+01   6.103967E+01
   5.493794E+01   6.092664E+01
   5.501284E+01   6.105218E+01
   5.516828E+01   6.106311E+01
   5.525937E+01   6.120319E+01
   5.569363E+01   6.116278E+01
   5.582489E+01   6.130374E+01
   5.624198E+01   6.125898E+01
   5.634146E+01   6.148651E+01
   5.652220E+01   6.148509E+01
   5.663603E+01   6.157830E+01
   5.879593E+01   6.155332E+01
   5.933542E+01   6.171971E+01
   5.944699E+01   6.165483E+01
   5.950259E+01   6.151868E+01
   5.948272E+01   6.137445E+01
   5.932399E+01   6.127070E+01
   5.943111E+01   6.100783E+01
   5.953262E+01   6.094552E+01
   5.947631E+01   6.060554E+01
   5.928584E+01   6.042363E+01
   5.903111E+01   5.987009E+01
   5.872319E+01   5.978454E+01
   5.863740E+01   5.964858E+01
   5.851833E+01   5.964527E+01
   5.846195E+01   5.952736E+01
   5.870099E+01   5.932450E+01
   5.923635E+01   5.918792E+01
   5.918435E+01   5.903103E+01
   5.926225E+01   5.894177E+01
   5.914650E+01   5.884213E+01
   5.943583E+01   5.875071E+01
   5.950446E+01   5.845358E+01
   5.920882E+01   5.822671E+01
   5.896166E+01   5.821464E+01
   5.873527E+01   5.807383E+01
   5.872024E+01   5.795932E+01
   5.891478E+01   5.786055E+01
   5.888110E+01   5.768050E+01
   5.853826E+01   5.750792E+01
   5.839618E+01   5.761399E+01
   5.821839E+01   5.762307E+01
   5.804824E+01   5.751457E+01
   5.802522E+01   5.734507E+01
   5.817970E+01   5.715230E+01
   5.810439E+01   5.700527E+01
   5.790359E+01   5.699735E+01
   5.785871E+01   5.691574E+01
   5.765967E+01   5.685159E+01
   5.732478E+01   5.685180E+01
   5.749059E+01   5.669944E+01
   5.741220E+01   5.642884E+01
   5.755009E+01   5.615470E+01
   5.785657E+01   5.620601E+01
   5.838559E+01   5.616543E+01
   5.855043E+01   5.622911E+01
   5.891687E+01   5.611860E+01
   5.902681E+01   5.622637E+01
   5.934470E+01   5.622014E+01
   5.939796E+01   5.610737E+01
   5.927813E+01   5.585135E+01
   5.936277E+01   5.580199E+01
   5.937026E+01   5.569839E+01
   5.966340E+01   5.565257E+01
   5.970791E+01   5.556973E+01
   5.947972E+01   5.541878E+01
   5.923528E+01   5.540588E+01
   5.922113E+01   5.529758E+01
   5.901050E+01   5.519740E+01
   5.882885E+01   5.521717E+01
   5.880492E+01   5.513190E+01
   5.888388E+01   5.503594E+01
   5.874903E+01   5.491614E+01
   5.841995E+01   5.494979E+01
   5.827181E+01   5.510819E+01
   5.816766E+01   5.490648E+01
   5.798713E+01   5.485245E+01
   5.787662E+01   5.495337E+01
   5.796433E+01   5.503977E+01
   5.793129E+01   5.515848E+01
   5.798224E+01   5.522141E+01
   5.752271E+01   5.527247E+01
   5.731558E+01   5.519850E+01
   5.722170E+01   5.507744E+01
   5.731716E+01   5.496281E+01
   5.725293E+01   5.484480E+01
   5.763041E+01   5.472829E+01
   5.799837E+01   5.445735E+01
   5.836601E+01   5.461503E+01
   5.861708E+01   5.452105E+01
   5.904071E+01   5.470106E+01
   5.924306E+01   5.468102E+01
   5.961686E+01   5.496409E+01
   6.004914E+01   5.489529E+01
   5.990741E+01   5.458596E+01
   5.977110E+01   5.449905E+01
   5.984591E+01   5.424795E+01
   5.975122E+01   5.410476E+01
   5.934768E+01   5.411770E+01
   5.920907E+01   5.394596E+01
   5.897416E+01   5.384457E+01
   5.894640E+01   5.324847E+01
   5.904821E+01   5.302669E+01
   5.882528E+01   5.283263E+01
   5.883645E+01   5.265100E+01
   5.889149E+01   5.250463E+01
   5.916398E+01   5.234878E+01
   5.924096E+01   5.253541E+01
   5.951459E+01   5.248359E+01
   5.983517E+01   5.253466E+01
   6.021185E+01   5.242684E+01
   6.022088E+01   5.222865E+01
   5.999967E+01   5.208779E+01
   6.006670E+01   5.201350E+01
   6.028105E+01   5.198053E+01
END
END
