none
1
   -1.656555E+01   1.014494E+01
   -1.682380E+01   1.216631E+01
   -1.670466E+01   1.234475E+01
   -1.668338E+01   1.235013E+01
   -1.666044E+01   1.235185E+01
   -1.659916E+01   1.234047E+01
   -1.655205E+01   1.234681E+01
   -1.651311E+01   1.234515E+01
   -1.638234E+01   1.236254E+01
   -1.619547E+01   1.244403E+01
   -1.614239E+01   1.244340E+01
   -1.607219E+01   1.245680E+01
   -1.597090E+01   1.243638E+01
   -1.592243E+01   1.244473E+01
   -1.586681E+01   1.244205E+01
   -1.579497E+01   1.243299E+01
   -1.569213E+01   1.242498E+01
   -1.562237E+01   1.245870E+01
   -1.546914E+01   1.251963E+01
   -1.540853E+01   1.255235E+01
   -1.534698E+01   1.260285E+01
   -1.533074E+01   1.261320E+01
   -1.523586E+01   1.266111E+01
   -1.519557E+01   1.267868E+01
   -1.517941E+01   1.268248E+01
   -1.507184E+01   1.268231E+01
   -1.427046E+01   1.267865E+01
   -1.412347E+01   1.267943E+01
   -1.400571E+01   1.267897E+01
   -1.371191E+01   1.267709E+01
   -1.371914E+01   1.259848E+01
   -1.370439E+01   1.255093E+01
   -1.365087E+01   1.249298E+01
   -1.364247E+01   1.247139E+01
   -1.364192E+01   1.245207E+01
   -1.364704E+01   1.243630E+01
   -1.365997E+01   1.236346E+01
   -1.366526E+01   1.232279E+01
   -1.366732E+01   1.231769E+01
   -1.367087E+01   1.231267E+01
   -1.369201E+01   1.229300E+01
   -1.370578E+01   1.226298E+01
   -1.372009E+01   1.225420E+01
   -1.372837E+01   1.225410E+01
   -1.374198E+01   1.226898E+01
   -1.376711E+01   1.226303E+01
   -1.378118E+01   1.225559E+01
   -1.379971E+01   1.225194E+01
   -1.381203E+01   1.225315E+01
   -1.381283E+01   1.226118E+01
   -1.382843E+01   1.226753E+01
   -1.383380E+01   1.227002E+01
   -1.385081E+01   1.226050E+01
   -1.385003E+01   1.225342E+01
   -1.385322E+01   1.224831E+01
   -1.385803E+01   1.224527E+01
   -1.392111E+01   1.223182E+01
   -1.396172E+01   1.220145E+01
   -1.396358E+01   1.216847E+01
   -1.396814E+01   1.215555E+01
   -1.389998E+01   1.214917E+01
   -1.388939E+01   1.214506E+01
   -1.387994E+01   1.212424E+01
   -1.387105E+01   1.211265E+01
   -1.385881E+01   1.210494E+01
   -1.381999E+01   1.209516E+01
   -1.381291E+01   1.207274E+01
   -1.380249E+01   1.205547E+01
   -1.379203E+01   1.204581E+01
   -1.377579E+01   1.203634E+01
   -1.374042E+01   1.203082E+01
   -1.371918E+01   1.202467E+01
   -1.370710E+01   1.201355E+01
   -1.370497E+01   1.199493E+01
   -1.370247E+01   1.178785E+01
   -1.370333E+01   1.177495E+01
   -1.371051E+01   1.175472E+01
   -1.370524E+01   1.173340E+01
   -1.370792E+01   1.171412E+01
   -1.372757E+01   1.171085E+01
   -1.376675E+01   1.168670E+01
   -1.377854E+01   1.168358E+01
   -1.379218E+01   1.168393E+01
   -1.379780E+01   1.168575E+01
   -1.387673E+01   1.166783E+01
   -1.389021E+01   1.166580E+01
   -1.390782E+01   1.166916E+01
   -1.394906E+01   1.165831E+01
   -1.396709E+01   1.164789E+01
   -1.399500E+01   1.163913E+01
   -1.400868E+01   1.163945E+01
   -1.407914E+01   1.163916E+01
   -1.410506E+01   1.163805E+01
   -1.411614E+01   1.164118E+01
   -1.413778E+01   1.165435E+01
   -1.418361E+01   1.165941E+01
   -1.419580E+01   1.166860E+01
   -1.422585E+01   1.167073E+01
   -1.425493E+01   1.166552E+01
   -1.431454E+01   1.161475E+01
   -1.443292E+01   1.155567E+01
   -1.451452E+01   1.151070E+01
   -1.457674E+01   1.150747E+01
   -1.461698E+01   1.151496E+01
   -1.466513E+01   1.151358E+01
   -1.468154E+01   1.151038E+01
   -1.469747E+01   1.149900E+01
   -1.471060E+01   1.148478E+01
   -1.474217E+01   1.143410E+01
   -1.478004E+01   1.138839E+01
   -1.480682E+01   1.134698E+01
   -1.482920E+01   1.129480E+01
   -1.485354E+01   1.119690E+01
   -1.489596E+01   1.113619E+01
   -1.492359E+01   1.107489E+01
   -1.496050E+01   1.101549E+01
   -1.501093E+01   1.095689E+01
   -1.502873E+01   1.092659E+01
   -1.505524E+01   1.091498E+01
   -1.526870E+01   1.080030E+01
   -1.656555E+01   1.014494E+01
END
END
