none
1
   3.149268E+01   -2.731578E+01
   3.114970E+01   -2.720262E+01
   3.098386E+01   -2.703743E+01
   3.079205E+01   -2.684486E+01
   3.078989E+01   -2.671508E+01
   3.078637E+01   -2.656911E+01
   3.080538E+01   -2.642188E+01
   3.112581E+01   -2.592054E+01
   3.131541E+01   -2.574221E+01
   3.141597E+01   -2.571781E+01
   3.186749E+01   -2.599198E+01
   3.197538E+01   -2.594722E+01
   3.208789E+01   -2.600833E+01
   3.210632E+01   -2.616144E+01
   3.213599E+01   -2.652736E+01
   3.213551E+01   -2.684067E+01
   3.202716E+01   -2.683732E+01
   3.200140E+01   -2.693844E+01
   3.197511E+01   -2.714857E+01
   3.197811E+01   -2.722279E+01
   3.197676E+01   -2.731062E+01
   3.197841E+01   -2.731826E+01
   3.149268E+01   -2.731578E+01
END
END
