none
1
   1.694224E+01   5.042144E+01
   1.689395E+01   5.044075E+01
   1.695257E+01   5.032395E+01
   1.701871E+01   5.030196E+01
   1.703985E+01   5.021746E+01
   1.685352E+01   5.018919E+01
   1.670692E+01   5.009117E+01
   1.662420E+01   5.010589E+01
   1.654765E+01   5.016331E+01
   1.654685E+01   5.020796E+01
   1.642482E+01   5.031788E+01
   1.639629E+01   5.031232E+01
   1.635192E+01   5.034874E+01
   1.635192E+01   5.037199E+01
   1.628139E+01   5.035885E+01
   1.616904E+01   5.043307E+01
   1.631151E+01   5.051279E+01
   1.637331E+01   5.052287E+01
   1.639233E+01   5.057171E+01
   1.643038E+01   5.058116E+01
   1.632815E+01   5.065719E+01
   1.623957E+01   5.066066E+01
   1.622355E+01   5.063056E+01
   1.618423E+01   5.062024E+01
   1.610954E+01   5.065327E+01
   1.606665E+01   5.060693E+01
   1.602392E+01   5.059015E+01
   1.597473E+01   5.061045E+01
   1.599374E+01   5.063458E+01
   1.598291E+01   5.067884E+01
   1.594778E+01   5.068080E+01
   1.586228E+01   5.066532E+01
   1.580777E+01   5.074869E+01
   1.573225E+01   5.073048E+01
   1.567678E+01   5.073951E+01
   1.560387E+01   5.076758E+01
   1.552067E+01   5.077209E+01
   1.543905E+01   5.080415E+01
   1.541052E+01   5.077259E+01
   1.537113E+01   5.077247E+01
   1.526326E+01   5.089546E+01
   1.526392E+01   5.097261E+01
   1.513318E+01   5.098309E+01
   1.504046E+01   5.100504E+01
   1.501590E+01   5.092119E+01
   1.501085E+01   5.086172E+01
   1.480036E+01   5.086242E+01
   1.490575E+01   5.098658E+01
   1.498262E+01   5.113897E+01
   1.502482E+01   5.127552E+01
   1.495805E+01   5.134089E+01
   1.495448E+01   5.136474E+01
   1.495755E+01   5.137095E+01
   1.499676E+01   5.137688E+01
   1.501240E+01   5.140388E+01
   1.506603E+01   5.140919E+01
   1.508327E+01   5.143778E+01
   1.518671E+01   5.147471E+01
   1.531607E+01   5.143036E+01
   1.533019E+01   5.148135E+01
   1.535723E+01   5.148475E+01
   1.536089E+01   5.151329E+01
   1.539419E+01   5.154245E+01
   1.547319E+01   5.152991E+01
   1.549460E+01   5.153746E+01
   1.560075E+01   5.148055E+01
   1.560445E+01   5.146528E+01
   1.567296E+01   5.152230E+01
   1.569807E+01   5.152851E+01
   1.569650E+01   5.156617E+01
   1.580533E+01   5.158692E+01
   1.583279E+01   5.165584E+01
   1.582488E+01   5.167912E+01
   1.586451E+01   5.173011E+01
   1.595828E+01   5.175462E+01
   1.595450E+01   5.179324E+01
   1.597811E+01   5.181417E+01
   1.603371E+01   5.181311E+01
   1.604838E+01   5.179511E+01
   1.610132E+01   5.177852E+01
   1.618248E+01   5.177484E+01
   1.617837E+01   5.172641E+01
   1.622346E+01   5.172476E+01
   1.626236E+01   5.169354E+01
   1.633821E+01   5.171970E+01
   1.636784E+01   5.177395E+01
   1.641184E+01   5.179548E+01
   1.654198E+01   5.179296E+01
   1.659559E+01   5.176183E+01
   1.665197E+01   5.175571E+01
   1.665737E+01   5.172984E+01
   1.669073E+01   5.171630E+01
   1.668526E+01   5.168488E+01
   1.665420E+01   5.167072E+01
   1.678490E+01   5.165295E+01
   1.679482E+01   5.163931E+01
   1.678644E+01   5.162270E+01
   1.682880E+01   5.158776E+01
   1.689242E+01   5.159191E+01
   1.692909E+01   5.156561E+01
   1.697071E+01   5.155877E+01
   1.705265E+01   5.156558E+01
   1.710476E+01   5.158750E+01
   1.712992E+01   5.157799E+01
   1.719857E+01   5.158577E+01
   1.720734E+01   5.163811E+01
   1.725883E+01   5.165499E+01
   1.732681E+01   5.165982E+01
   1.750285E+01   5.162670E+01
   1.758340E+01   5.157072E+01
   1.758171E+01   5.152231E+01
   1.753400E+01   5.148952E+01
   1.756143E+01   5.142170E+01
   1.763811E+01   5.143555E+01
   1.770184E+01   5.141360E+01
   1.772028E+01   5.143435E+01
   1.776492E+01   5.141286E+01
   1.776174E+01   5.139146E+01
   1.772799E+01   5.137073E+01
   1.777567E+01   5.132104E+01
   1.775679E+01   5.125016E+01
   1.780584E+01   5.118511E+01
   1.770325E+01   5.115204E+01
   1.761236E+01   5.116754E+01
   1.757047E+01   5.115020E+01
   1.758715E+01   5.113372E+01
   1.758241E+01   5.109742E+01
   1.759376E+01   5.108015E+01
   1.756127E+01   5.105641E+01
   1.753821E+01   5.105598E+01
   1.754652E+01   5.104130E+01
   1.753074E+01   5.101730E+01
   1.755231E+01   5.100769E+01
   1.755180E+01   5.098399E+01
   1.751272E+01   5.095810E+01
   1.744642E+01   5.095823E+01
   1.744767E+01   5.091433E+01
   1.743117E+01   5.089961E+01
   1.738008E+01   5.091076E+01
   1.740267E+01   5.089606E+01
   1.740455E+01   5.086399E+01
   1.735278E+01   5.083898E+01
   1.736608E+01   5.079606E+01
   1.734746E+01   5.077303E+01
   1.728175E+01   5.077595E+01
   1.730633E+01   5.076097E+01
   1.731125E+01   5.073719E+01
   1.727624E+01   5.073069E+01
   1.725074E+01   5.070608E+01
   1.727067E+01   5.069183E+01
   1.725061E+01   5.066899E+01
   1.725431E+01   5.061270E+01
   1.723880E+01   5.060176E+01
   1.713093E+01   5.059567E+01
   1.707715E+01   5.053712E+01
   1.708609E+01   5.051682E+01
   1.707204E+01   5.046944E+01
   1.704155E+01   5.045165E+01
   1.700403E+01   5.046377E+01
   1.696232E+01   5.047415E+01
   1.693030E+01   5.043837E+01
   1.694224E+01   5.042144E+01
END
END
