none
1
   2.355360E+01   5.024668E+01
   2.349661E+01   5.021439E+01
   2.318831E+01   4.999680E+01
   2.265962E+01   4.952652E+01
   2.270419E+01   4.950079E+01
   2.276024E+01   4.936521E+01
   2.276485E+01   4.927186E+01
   2.272824E+01   4.923509E+01
   2.275123E+01   4.921587E+01
   2.273538E+01   4.919298E+01
   2.276122E+01   4.918216E+01
   2.277306E+01   4.917007E+01
   2.289348E+01   4.909795E+01
   2.290647E+01   4.898568E+01
   2.268190E+01   4.902975E+01
   2.242065E+01   4.909222E+01
   2.222377E+01   4.914339E+01
   2.221026E+01   4.916463E+01
   2.201792E+01   4.921530E+01
   2.201864E+01   4.927686E+01
   2.183182E+01   4.938055E+01
   2.178421E+01   4.934638E+01
   2.162699E+01   4.943078E+01
   2.143508E+01   4.940259E+01
   2.139488E+01   4.941445E+01
   2.139346E+01   4.943058E+01
   2.138669E+01   4.944705E+01
   2.138746E+01   4.945910E+01
   2.140115E+01   4.946930E+01
   2.138311E+01   4.948518E+01
   2.138815E+01   4.949421E+01
   2.140476E+01   4.949945E+01
   2.138751E+01   4.950895E+01
   2.137712E+01   4.953176E+01
   2.135321E+01   4.954250E+01
   2.136843E+01   4.956683E+01
   2.132915E+01   4.958169E+01
   2.132117E+01   4.959081E+01
   2.135476E+01   4.963535E+01
   2.133623E+01   4.965696E+01
   2.133875E+01   4.968873E+01
   2.131510E+01   4.969593E+01
   2.132228E+01   4.971444E+01
   2.131044E+01   4.972578E+01
   2.131126E+01   4.973777E+01
   2.128063E+01   4.974810E+01
   2.125551E+01   4.974674E+01
   2.123614E+01   4.977465E+01
   2.124763E+01   4.979559E+01
   2.126441E+01   4.979938E+01
   2.127844E+01   4.981097E+01
   2.130643E+01   4.980240E+01
   2.133370E+01   4.981834E+01
   2.129612E+01   4.983682E+01
   2.125416E+01   4.983481E+01
   2.121982E+01   4.984979E+01
   2.122293E+01   4.989072E+01
   2.125752E+01   4.989077E+01
   2.127388E+01   4.989643E+01
   2.128156E+01   4.991011E+01
   2.127919E+01   4.991976E+01
   2.117670E+01   4.992303E+01
   2.115594E+01   4.994804E+01
   2.115447E+01   4.996350E+01
   2.114519E+01   4.997406E+01
   2.114320E+01   4.999323E+01
   2.114984E+01   5.000683E+01
   2.117555E+01   5.001687E+01
   2.117999E+01   5.002446E+01
   2.113966E+01   5.004647E+01
   2.113954E+01   5.005521E+01
   2.115989E+01   5.006446E+01
   2.116640E+01   5.007393E+01
   2.115700E+01   5.009354E+01
   2.117889E+01   5.010213E+01
   2.117141E+01   5.011716E+01
   2.113433E+01   5.012673E+01
   2.113715E+01   5.013643E+01
   2.115000E+01   5.014309E+01
   2.114672E+01   5.014852E+01
   2.116121E+01   5.017499E+01
   2.116282E+01   5.020694E+01
   2.113637E+01   5.023718E+01
   2.115132E+01   5.024526E+01
   2.114059E+01   5.025987E+01
   2.117550E+01   5.028537E+01
   2.118098E+01   5.030267E+01
   2.121273E+01   5.031601E+01
   2.120447E+01   5.035874E+01
   2.121676E+01   5.036368E+01
   2.122657E+01   5.037823E+01
   2.124538E+01   5.038308E+01
   2.125447E+01   5.039640E+01
   2.127248E+01   5.039791E+01
   2.127724E+01   5.041287E+01
   2.136622E+01   5.044671E+01
   2.140049E+01   5.044548E+01
   2.144312E+01   5.046308E+01
   2.143744E+01   5.048578E+01
   2.145068E+01   5.049910E+01
   2.148210E+01   5.050270E+01
   2.155317E+01   5.052646E+01
   2.159658E+01   5.052449E+01
   2.165302E+01   5.057649E+01
   2.166504E+01   5.060880E+01
   2.170902E+01   5.063601E+01
   2.171979E+01   5.065008E+01
   2.173481E+01   5.065013E+01
   2.174219E+01   5.066101E+01
   2.176299E+01   5.066026E+01
   2.177285E+01   5.065331E+01
   2.178384E+01   5.067464E+01
   2.178244E+01   5.068441E+01
   2.181984E+01   5.070072E+01
   2.182310E+01   5.071989E+01
   2.183624E+01   5.073827E+01
   2.183397E+01   5.076085E+01
   2.185307E+01   5.078504E+01
   2.186092E+01   5.080827E+01
   2.187966E+01   5.080229E+01
   2.188667E+01   5.078553E+01
   2.194642E+01   5.077797E+01
   2.197254E+01   5.079347E+01
   2.199483E+01   5.079003E+01
   2.205272E+01   5.082591E+01
   2.216552E+01   5.080261E+01
   2.216501E+01   5.077540E+01
   2.218757E+01   5.077195E+01
   2.221094E+01   5.075643E+01
   2.218006E+01   5.070957E+01
   2.218284E+01   5.069974E+01
   2.217359E+01   5.068487E+01
   2.215982E+01   5.067437E+01
   2.220586E+01   5.067225E+01
   2.222602E+01   5.066497E+01
   2.225196E+01   5.063743E+01
   2.225423E+01   5.062715E+01
   2.229016E+01   5.062880E+01
   2.235022E+01   5.062005E+01
   2.241839E+01   5.058783E+01
   2.246639E+01   5.059772E+01
   2.248646E+01   5.058699E+01
   2.252141E+01   5.058883E+01
   2.254035E+01   5.057637E+01
   2.254378E+01   5.054750E+01
   2.253203E+01   5.054225E+01
   2.253968E+01   5.054016E+01
   2.254229E+01   5.051367E+01
   2.257352E+01   5.051495E+01
   2.258271E+01   5.050343E+01
   2.257379E+01   5.048798E+01
   2.258796E+01   5.048828E+01
   2.259311E+01   5.048171E+01
   2.259047E+01   5.047347E+01
   2.257292E+01   5.046677E+01
   2.256940E+01   5.045465E+01
   2.255504E+01   5.045507E+01
   2.253154E+01   5.044138E+01
   2.251562E+01   5.045362E+01
   2.250129E+01   5.044919E+01
   2.246232E+01   5.045562E+01
   2.246454E+01   5.043120E+01
   2.245488E+01   5.042709E+01
   2.244825E+01   5.041352E+01
   2.241760E+01   5.041563E+01
   2.241407E+01   5.040494E+01
   2.243979E+01   5.040498E+01
   2.244291E+01   5.039724E+01
   2.245816E+01   5.039124E+01
   2.245863E+01   5.037294E+01
   2.248488E+01   5.035950E+01
   2.250631E+01   5.035820E+01
   2.250949E+01   5.035184E+01
   2.256391E+01   5.036469E+01
   2.259703E+01   5.035528E+01
   2.262464E+01   5.036346E+01
   2.269269E+01   5.036040E+01
   2.268967E+01   5.034002E+01
   2.261514E+01   5.032509E+01
   2.261691E+01   5.031460E+01
   2.270764E+01   5.029819E+01
   2.275089E+01   5.030919E+01
   2.282106E+01   5.030797E+01
   2.285443E+01   5.030082E+01
   2.288945E+01   5.030740E+01
   2.301677E+01   5.029328E+01
   2.304861E+01   5.030957E+01
   2.306393E+01   5.032835E+01
   2.308785E+01   5.033622E+01
   2.317977E+01   5.040194E+01
   2.322046E+01   5.039334E+01
   2.325500E+01   5.037008E+01
   2.327687E+01   5.038157E+01
   2.330130E+01   5.038527E+01
   2.331498E+01   5.039780E+01
   2.334875E+01   5.040701E+01
   2.335675E+01   5.041625E+01
   2.339105E+01   5.041008E+01
   2.338814E+01   5.039380E+01
   2.337808E+01   5.039341E+01
   2.338813E+01   5.038536E+01
   2.338520E+01   5.037446E+01
   2.340756E+01   5.037015E+01
   2.341667E+01   5.035712E+01
   2.344140E+01   5.034872E+01
   2.342309E+01   5.031050E+01
   2.345831E+01   5.030890E+01
   2.347129E+01   5.030065E+01
   2.349458E+01   5.030569E+01
   2.352123E+01   5.030128E+01
   2.352006E+01   5.026913E+01
   2.354577E+01   5.026356E+01
   2.355360E+01   5.025202E+01
   2.355360E+01   5.024668E+01
END
END
