none
1
   -1.543350E-01   4.508680E+01
   -1.744290E-01   4.509157E+01
   -1.925000E-01   4.509201E+01
   -2.110830E-01   4.509828E+01
   -2.234420E-01   4.510550E+01
   -2.472770E-01   4.510606E+01
   -2.609120E-01   4.511327E+01
   -2.627770E-01   4.511952E+01
   -2.764760E-01   4.513326E+01
   -2.792980E-01   4.514022E+01
   -3.029840E-01   4.514639E+01
   -3.072900E-01   4.514443E+01
   -3.101760E-01   4.513682E+01
   -3.146530E-01   4.513584E+01
   -3.212490E-01   4.514384E+01
   -3.242860E-01   4.515449E+01
   -3.413390E-01   4.516488E+01
   -3.621300E-01   4.516696E+01
   -3.763110E-01   4.515434E+01
   -3.812750E-01   4.514199E+01
   -3.849020E-01   4.514092E+01
   -3.928090E-01   4.515273E+01
   -4.047610E-01   4.518767E+01
   -4.232740E-01   4.520808E+01
   -4.166750E-01   4.521974E+01
   -4.157570E-01   4.522950E+01
   -4.086130E-01   4.523981E+01
   -4.115970E-01   4.524462E+01
   -4.272500E-01   4.524753E+01
   -4.198600E-01   4.526744E+01
   -4.285210E-01   4.527632E+01
   -4.768680E-01   4.529109E+01
   -5.144100E-01   4.528349E+01
   -5.207370E-01   4.528679E+01
   -5.494010E-01   4.529073E+01
   -5.605920E-01   4.529490E+01
   -5.671300E-01   4.529322E+01
   -5.732770E-01   4.529849E+01
   -5.773910E-01   4.531396E+01
   -5.746550E-01   4.533004E+01
   -5.842080E-01   4.533733E+01
   -5.909870E-01   4.533292E+01
   -5.938520E-01   4.531872E+01
   -6.127270E-01   4.532093E+01
   -6.418680E-01   4.531217E+01
   -6.459590E-01   4.531296E+01
   -6.506500E-01   4.532001E+01
   -7.222600E-01   4.532453E+01
   -1.064528E+00   4.558651E+01
   -1.431485E+00   4.568693E+01
   -1.898565E+00   4.630878E+01
   -1.429329E+00   4.628843E+01
   -1.217367E+00   4.625065E+01
   -1.176929E+00   4.626387E+01
   -1.134262E+00   4.630599E+01
   -1.123229E+00   4.632565E+01
   -1.115851E+00   4.632500E+01
   -1.112031E+00   4.631966E+01
   -1.107283E+00   4.631807E+01
   -1.095277E+00   4.631802E+01
   -1.085344E+00   4.632122E+01
   -1.082874E+00   4.632585E+01
   -1.067223E+00   4.633652E+01
   -1.054786E+00   4.635164E+01
   -1.047386E+00   4.634777E+01
   -1.013309E+00   4.635799E+01
   -1.007597E+00   4.635494E+01
   -9.995160E-01   4.635732E+01
   -9.906490E-01   4.635328E+01
   -9.766180E-01   4.635395E+01
   -9.658550E-01   4.636760E+01
   -9.527430E-01   4.636398E+01
   -9.431610E-01   4.637033E+01
   -9.369510E-01   4.636962E+01
   -9.297630E-01   4.637395E+01
   -9.256060E-01   4.637253E+01
   -9.253800E-01   4.636916E+01
   -9.316680E-01   4.635972E+01
   -9.405610E-01   4.633652E+01
   -9.515640E-01   4.632579E+01
   -9.497730E-01   4.632215E+01
   -9.386830E-01   4.631770E+01
   -9.054720E-01   4.631685E+01
   -8.973800E-01   4.632044E+01
   -8.882650E-01   4.632921E+01
   -8.735870E-01   4.632551E+01
   -8.655290E-01   4.633017E+01
   -8.591160E-01   4.632747E+01
   -8.575350E-01   4.632220E+01
   -8.534210E-01   4.632054E+01
   -8.499270E-01   4.632364E+01
   -8.507010E-01   4.633380E+01
   -8.412080E-01   4.634285E+01
   -8.306710E-01   4.634433E+01
   -8.248120E-01   4.633934E+01
   -8.201410E-01   4.633886E+01
   -8.026470E-01   4.634536E+01
   -7.946390E-01   4.634018E+01
   -8.016800E-01   4.633290E+01
   -7.997600E-01   4.632822E+01
   -7.747600E-01   4.632100E+01
   -7.681520E-01   4.631554E+01
   -7.575620E-01   4.631399E+01
   -7.472730E-01   4.630652E+01
   -7.285850E-01   4.630742E+01
   -7.208120E-01   4.631759E+01
   -7.080030E-01   4.632058E+01
   -6.975470E-01   4.632746E+01
   -6.716070E-01   4.631927E+01
   -6.493660E-01   4.631984E+01
   -6.424800E-01   4.632405E+01
   -6.381270E-01   4.633924E+01
   -6.231390E-01   4.634045E+01
   -6.098320E-01   4.634895E+01
   -6.089600E-01   4.635711E+01
   -6.044890E-01   4.636354E+01
   -5.799030E-01   4.635858E+01
   -5.621970E-01   4.636330E+01
   -5.478720E-01   4.637754E+01
   -5.443380E-01   4.638448E+01
   -5.464710E-01   4.638821E+01
   -5.683010E-01   4.639124E+01
   -5.765190E-01   4.639851E+01
   -6.065910E-01   4.641051E+01
   -6.104750E-01   4.640907E+01
   -6.136790E-01   4.639735E+01
   -6.194970E-01   4.638864E+01
   -6.428910E-01   4.639606E+01
   -6.382080E-01   4.640373E+01
   -6.430690E-01   4.641634E+01
   -6.382390E-01   4.642699E+01
   -6.388790E-01   4.643322E+01
   -6.215260E-01   4.644152E+01
   -6.227530E-01   4.645437E+01
   -6.185920E-01   4.646186E+01
   -6.212640E-01   4.647282E+01
   -6.337730E-01   4.647814E+01
   -6.276990E-01   4.648713E+01
   -6.284770E-01   4.649489E+01
   -6.484280E-01   4.650934E+01
   -6.465410E-01   4.652187E+01
   -6.430600E-01   4.652705E+01
   -6.282220E-01   4.653214E+01
   -6.080910E-01   4.653204E+01
   -6.056050E-01   4.653472E+01
   -6.055760E-01   4.654158E+01
   -6.104140E-01   4.655009E+01
   -6.095470E-01   4.655651E+01
   -6.200530E-01   4.656037E+01
   -6.269300E-01   4.657556E+01
   -6.266680E-01   4.657945E+01
   -6.186590E-01   4.658593E+01
   -6.230480E-01   4.659220E+01
   -6.220540E-01   4.659859E+01
   -6.291600E-01   4.660499E+01
   -6.203640E-01   4.662284E+01
   -6.274760E-01   4.663105E+01
   -6.355460E-01   4.663491E+01
   -6.448500E-01   4.663551E+01
   -6.569350E-01   4.663169E+01
   -6.603680E-01   4.663384E+01
   -6.615760E-01   4.664113E+01
   -6.528970E-01   4.664661E+01
   -6.512760E-01   4.665680E+01
   -6.461000E-01   4.666456E+01
   -6.535580E-01   4.667139E+01
   -6.833990E-01   4.668620E+01
   -6.808820E-01   4.669040E+01
   -6.648390E-01   4.669981E+01
   -6.664780E-01   4.670863E+01
   -6.783640E-01   4.672118E+01
   -6.894950E-01   4.672353E+01
   -7.046060E-01   4.673315E+01
   -7.005390E-01   4.674547E+01
   -7.177800E-01   4.675040E+01
   -7.298520E-01   4.676681E+01
   -7.296220E-01   4.678347E+01
   -7.218350E-01   4.679172E+01
   -7.203040E-01   4.680155E+01
   -7.094220E-01   4.680886E+01
   -7.081670E-01   4.681313E+01
   -7.138130E-01   4.681832E+01
   -7.337430E-01   4.681926E+01
   -7.415990E-01   4.682647E+01
   -7.674520E-01   4.683188E+01
   -7.834380E-01   4.684092E+01
   -7.912120E-01   4.685305E+01
   -8.103310E-01   4.686717E+01
   -8.171970E-01   4.687684E+01
   -8.351580E-01   4.688376E+01
   -8.221970E-01   4.690377E+01
   -8.244060E-01   4.690948E+01
   -8.229560E-01   4.691558E+01
   -8.325840E-01   4.692889E+01
   -8.415500E-01   4.692651E+01
   -8.514390E-01   4.693397E+01
   -8.607200E-01   4.693278E+01
   -8.637770E-01   4.694266E+01
   -8.809260E-01   4.694356E+01
   -8.863140E-01   4.694985E+01
   -8.841910E-01   4.695633E+01
   -8.871580E-01   4.696283E+01
   -9.026180E-01   4.696478E+01
   -9.059280E-01   4.697162E+01
   -8.965590E-01   4.697809E+01
   -8.852740E-01   4.697986E+01
   -8.623210E-01   4.697547E+01
   -8.442600E-01   4.699226E+01
   -8.360450E-01   4.698964E+01
   -8.254820E-01   4.699545E+01
   -8.014000E-01   4.699720E+01
   -7.868180E-01   4.700780E+01
   -7.685880E-01   4.700540E+01
   -7.641270E-01   4.699736E+01
   -7.593820E-01   4.699483E+01
   -7.488430E-01   4.699543E+01
   -7.425150E-01   4.700329E+01
   -7.287580E-01   4.699855E+01
   -7.149190E-01   4.698947E+01
   -6.986160E-01   4.699721E+01
   -6.833820E-01   4.699400E+01
   -6.778270E-01   4.700377E+01
   -6.717970E-01   4.700576E+01
   -6.645770E-01   4.700178E+01
   -6.507780E-01   4.700071E+01
   -6.445130E-01   4.699767E+01
   -6.310270E-01   4.700012E+01
   -6.152360E-01   4.699586E+01
   -6.000130E-01   4.700102E+01
   -5.827580E-01   4.701639E+01
   -5.687080E-01   4.702191E+01
   -5.637390E-01   4.703252E+01
   -5.548900E-01   4.703457E+01
   -5.541000E-01   4.703836E+01
   -5.582830E-01   4.704246E+01
   -5.607080E-01   4.705158E+01
   -5.616950E-01   4.706217E+01
   -5.589360E-01   4.706597E+01
   -5.160120E-01   4.708038E+01
   -4.932430E-01   4.708581E+01
   -4.858520E-01   4.708396E+01
   -4.673050E-01   4.708631E+01
   -4.577520E-01   4.708357E+01
   -4.596930E-01   4.707447E+01
   -4.552300E-01   4.707028E+01
   -4.432460E-01   4.707029E+01
   -4.274180E-01   4.707535E+01
   -4.076310E-01   4.707012E+01
   -4.031180E-01   4.707346E+01
   -3.984860E-01   4.709220E+01
   -3.955790E-01   4.709430E+01
   -3.771510E-01   4.709167E+01
   -3.532840E-01   4.709789E+01
   -3.347290E-01   4.709078E+01
   -3.148490E-01   4.709432E+01
   -3.047760E-01   4.710049E+01
   -2.835250E-01   4.710587E+01
   -2.721970E-01   4.710369E+01
   -2.637620E-01   4.710838E+01
   -2.573210E-01   4.710420E+01
   -2.407440E-01   4.710807E+01
   -2.267370E-01   4.710233E+01
   -2.043050E-01   4.709799E+01
   -1.918830E-01   4.710225E+01
   -1.864070E-01   4.711047E+01
   -1.803030E-01   4.711080E+01
   -1.541720E-01   4.710398E+01
   -1.396400E-01   4.710578E+01
   -1.378490E-01   4.709739E+01
   -1.433000E-01   4.709054E+01
   -1.626590E-01   4.708109E+01
   -1.707250E-01   4.707205E+01
   -1.657930E-01   4.706832E+01
   -1.560540E-01   4.707291E+01
   -1.467880E-01   4.707231E+01
   -1.373800E-01   4.706807E+01
   -1.291700E-01   4.705780E+01
   -1.084420E-01   4.706648E+01
   -1.027380E-01   4.708803E+01
   -9.627900E-02   4.709738E+01
   -8.715600E-02   4.710309E+01
   -6.746600E-02   4.710207E+01
   -6.083700E-02   4.709738E+01
   -3.422800E-02   4.709407E+01
   -3.129000E-02   4.710256E+01
   -4.079500E-02   4.710606E+01
   -4.359200E-02   4.711359E+01
   -3.789100E-02   4.712691E+01
   -1.126100E-02   4.716042E+01
   1.886200E-02   4.717837E+01
   3.444500E-02   4.716576E+01
   5.105200E-02   4.717085E+01
   6.861600E-02   4.714833E+01
   8.077600E-02   4.714767E+01
   8.454500E-02   4.713559E+01
   8.177400E-02   4.712751E+01
   8.372800E-02   4.712421E+01
   9.877900E-02   4.712373E+01
   1.060730E-01   4.713087E+01
   1.117820E-01   4.713275E+01
   1.243030E-01   4.713059E+01
   1.301130E-01   4.712364E+01
   1.415030E-01   4.712710E+01
   1.430210E-01   4.712378E+01
   1.373500E-01   4.711369E+01
   1.379780E-01   4.711055E+01
   1.583130E-01   4.710549E+01
   1.725040E-01   4.711448E+01
   1.839490E-01   4.711662E+01
   1.907400E-01   4.710248E+01
   2.035610E-01   4.709143E+01
   1.945540E-01   4.708193E+01
   1.785240E-01   4.707161E+01
   1.774980E-01   4.706790E+01
   1.814540E-01   4.706355E+01
   1.934590E-01   4.706763E+01
   2.107790E-01   4.705696E+01
   2.256720E-01   4.706335E+01
   2.348590E-01   4.707174E+01
   2.452070E-01   4.707398E+01
   2.697160E-01   4.706925E+01
   2.670650E-01   4.705813E+01
   2.708490E-01   4.704946E+01
   2.802450E-01   4.704931E+01
   2.977710E-01   4.705644E+01
   3.070290E-01   4.705441E+01
   3.118690E-01   4.704473E+01
   3.091270E-01   4.703805E+01
   3.126420E-01   4.702546E+01
   3.061170E-01   4.701712E+01
   3.089700E-01   4.700424E+01
   3.150150E-01   4.699837E+01
   3.076730E-01   4.699007E+01
   3.107260E-01   4.697763E+01
   3.049180E-01   4.696963E+01
   3.108360E-01   4.696432E+01
   3.073100E-01   4.695754E+01
   3.114260E-01   4.694348E+01
   3.223820E-01   4.693471E+01
   3.468020E-01   4.693966E+01
   3.584830E-01   4.694993E+01
   3.664590E-01   4.695230E+01
   4.043350E-01   4.693968E+01
   4.184230E-01   4.694025E+01
   4.367920E-01   4.693377E+01
   4.437770E-01   4.694360E+01
   5.048870E-01   4.696249E+01
   5.140040E-01   4.695902E+01
   5.210390E-01   4.696099E+01
   5.288670E-01   4.695907E+01
   5.428610E-01   4.696287E+01
   5.665970E-01   4.695820E+01
   5.969320E-01   4.696057E+01
   5.988760E-01   4.696441E+01
   5.972760E-01   4.697201E+01
   5.793390E-01   4.697663E+01
   5.720740E-01   4.698167E+01
   5.708950E-01   4.699330E+01
   5.645100E-01   4.700112E+01
   5.675020E-01   4.700887E+01
   5.759490E-01   4.700743E+01
   6.182330E-01   4.701061E+01
   6.260990E-01   4.700496E+01
   6.258080E-01   4.699638E+01
   6.340540E-01   4.698954E+01
   6.490910E-01   4.699078E+01
   6.579960E-01   4.698757E+01
   6.635450E-01   4.698074E+01
   6.799600E-01   4.698002E+01
   6.944260E-01   4.697596E+01
   6.981380E-01   4.696829E+01
   6.985690E-01   4.695850E+01
   7.085140E-01   4.693838E+01
   7.062740E-01   4.692791E+01
   7.114420E-01   4.691727E+01
   7.067510E-01   4.690979E+01
   7.082320E-01   4.690375E+01
   7.278440E-01   4.688903E+01
   7.352410E-01   4.687859E+01
   7.474870E-01   4.687238E+01
   7.545680E-01   4.686448E+01
   7.700430E-01   4.686787E+01
   7.747050E-01   4.686352E+01
   7.732420E-01   4.685799E+01
   7.757090E-01   4.685455E+01
   7.892360E-01   4.685515E+01
   7.975840E-01   4.685208E+01
   7.986880E-01   4.684572E+01
   7.933230E-01   4.684312E+01
   7.924740E-01   4.683891E+01
   7.959720E-01   4.683554E+01
   8.058690E-01   4.683398E+01
   8.115450E-01   4.682887E+01
   8.130510E-01   4.681116E+01
   8.194310E-01   4.680431E+01
   8.151480E-01   4.679719E+01
   8.169200E-01   4.679163E+01
   8.295580E-01   4.678888E+01
   8.327780E-01   4.677736E+01
   8.485460E-01   4.676395E+01
   8.605660E-01   4.676217E+01
   8.719810E-01   4.674791E+01
   8.837570E-01   4.674121E+01
   9.027710E-01   4.673856E+01
   9.052210E-01   4.673317E+01
   9.153360E-01   4.672687E+01
   9.168340E-01   4.671291E+01
   9.273600E-01   4.670113E+01
   9.303930E-01   4.669272E+01
   9.179610E-01   4.668728E+01
   9.131290E-01   4.668147E+01
   9.145530E-01   4.667216E+01
   9.120870E-01   4.666388E+01
   9.200460E-01   4.664996E+01
   9.123200E-01   4.664642E+01
   9.022940E-01   4.663676E+01
   8.984210E-01   4.662893E+01
   9.090560E-01   4.662119E+01
   9.145610E-01   4.660331E+01
   9.226870E-01   4.659753E+01
   9.389030E-01   4.659670E+01
   9.416720E-01   4.658472E+01
   9.584070E-01   4.658035E+01
   9.642600E-01   4.657568E+01
   9.821730E-01   4.657609E+01
   9.921910E-01   4.656850E+01
   1.016217E+00   4.656976E+01
   1.020862E+00   4.656578E+01
   1.026638E+00   4.655156E+01
   1.024140E+00   4.654299E+01
   1.026383E+00   4.653950E+01
   1.048914E+00   4.653904E+01
   1.065814E+00   4.654219E+01
   1.078444E+00   4.653863E+01
   1.092288E+00   4.654020E+01
   1.108539E+00   4.653434E+01
   1.150730E+00   4.650364E+01
   1.150451E+00   4.650038E+01
   1.140691E+00   4.649191E+01
   1.144483E+00   4.648492E+01
   1.160020E+00   4.647030E+01
   1.157775E+00   4.646709E+01
   1.146051E+00   4.646550E+01
   1.152626E+00   4.645244E+01
   1.187314E+00   4.644337E+01
   1.191938E+00   4.643225E+01
   1.203980E+00   4.643718E+01
   1.213953E+00   4.643549E+01
   1.214991E+00   4.643109E+01
   1.197356E+00   4.640949E+01
   1.198171E+00   4.639911E+01
   1.177963E+00   4.638169E+01
   1.160662E+00   4.638635E+01
   1.157810E+00   4.638506E+01
   1.151800E+00   4.637751E+01
   1.152511E+00   4.636831E+01
   1.133592E+00   4.636039E+01
   1.131352E+00   4.634498E+01
   1.105723E+00   4.635225E+01
   1.098828E+00   4.635937E+01
   1.078624E+00   4.635595E+01
   1.062773E+00   4.635953E+01
   1.055401E+00   4.635876E+01
   1.032629E+00   4.634300E+01
   1.031200E+00   4.633909E+01
   1.033326E+00   4.633499E+01
   1.029107E+00   4.632795E+01
   1.029933E+00   4.632150E+01
   1.023177E+00   4.630880E+01
   1.013813E+00   4.630477E+01
   1.014728E+00   4.629803E+01
   1.009247E+00   4.629181E+01
   1.010168E+00   4.628580E+01
   1.006945E+00   4.627890E+01
   9.936310E-01   4.628088E+01
   9.871930E-01   4.627840E+01
   9.636020E-01   4.628404E+01
   9.512240E-01   4.628227E+01
   9.400530E-01   4.628849E+01
   9.364530E-01   4.628721E+01
   9.355970E-01   4.628073E+01
   9.318440E-01   4.627864E+01
   9.051150E-01   4.628209E+01
   8.908800E-01   4.626603E+01
   8.678940E-01   4.626010E+01
   8.594770E-01   4.624690E+01
   8.528570E-01   4.624515E+01
   8.514390E-01   4.624098E+01
   8.547400E-01   4.623348E+01
   8.494370E-01   4.622669E+01
   8.144890E-01   4.622608E+01
   8.066190E-01   4.621974E+01
   8.037760E-01   4.621452E+01
   8.047220E-01   4.620300E+01
   8.178440E-01   4.619942E+01
   8.233090E-01   4.618962E+01
   8.314040E-01   4.618779E+01
   8.387250E-01   4.618075E+01
   8.363560E-01   4.617170E+01
   8.425760E-01   4.616415E+01
   8.369630E-01   4.615820E+01
   8.364140E-01   4.615282E+01
   8.497070E-01   4.613820E+01
   8.469860E-01   4.613284E+01
   8.251370E-01   4.612291E+01
   8.284100E-01   4.611329E+01
   8.357710E-01   4.610758E+01
   8.369640E-01   4.609687E+01
   8.343320E-01   4.608781E+01
   8.242590E-01   4.607855E+01
   8.299030E-01   4.606950E+01
   8.296540E-01   4.606349E+01
   8.198500E-01   4.605574E+01
   8.191520E-01   4.605172E+01
   8.535770E-01   4.603637E+01
   8.637840E-01   4.602229E+01
   8.753370E-01   4.602652E+01
   8.852750E-01   4.603460E+01
   8.970690E-01   4.602924E+01
   9.006510E-01   4.602310E+01
   9.259030E-01   4.601339E+01
   9.290080E-01   4.600874E+01
   9.245140E-01   4.599832E+01
   9.361870E-01   4.599453E+01
   9.399990E-01   4.597875E+01
   9.472540E-01   4.597690E+01
   9.495060E-01   4.596976E+01
   9.461390E-01   4.596595E+01
   9.442450E-01   4.595606E+01
   9.317770E-01   4.595052E+01
   9.239910E-01   4.594259E+01
   9.223040E-01   4.593569E+01
   9.078970E-01   4.593402E+01
   8.841060E-01   4.592054E+01
   8.704360E-01   4.592031E+01
   8.593610E-01   4.591538E+01
   8.505530E-01   4.592106E+01
   8.355060E-01   4.592021E+01
   8.205920E-01   4.592914E+01
   8.150990E-01   4.592804E+01
   8.143080E-01   4.592319E+01
   8.185900E-01   4.591672E+01
   8.191220E-01   4.589782E+01
   8.266950E-01   4.589023E+01
   8.301970E-01   4.588220E+01
   8.192230E-01   4.587439E+01
   8.235760E-01   4.586591E+01
   8.045590E-01   4.583556E+01
   7.975300E-01   4.582712E+01
   7.897760E-01   4.582423E+01
   7.853570E-01   4.581901E+01
   7.877530E-01   4.580699E+01
   7.805880E-01   4.580103E+01
   7.861920E-01   4.579291E+01
   7.828390E-01   4.578673E+01
   7.688470E-01   4.578454E+01
   7.581980E-01   4.579396E+01
   7.482100E-01   4.579404E+01
   7.435960E-01   4.580123E+01
   7.344060E-01   4.579950E+01
   7.163100E-01   4.580225E+01
   7.122700E-01   4.579544E+01
   7.137270E-01   4.578382E+01
   7.114990E-01   4.577922E+01
   7.174470E-01   4.577282E+01
   7.173680E-01   4.576167E+01
   7.090020E-01   4.575877E+01
   7.030970E-01   4.576030E+01
   6.900140E-01   4.575801E+01
   6.841320E-01   4.575173E+01
   6.727470E-01   4.574822E+01
   6.663920E-01   4.573741E+01
   6.552330E-01   4.573705E+01
   6.522980E-01   4.573255E+01
   6.534740E-01   4.572520E+01
   6.466090E-01   4.571464E+01
   6.335850E-01   4.571513E+01
   6.303200E-01   4.570540E+01
   6.239540E-01   4.569753E+01
   6.078520E-01   4.568794E+01
   6.018990E-01   4.567003E+01
   5.927190E-01   4.566536E+01
   5.889320E-01   4.565796E+01
   5.745460E-01   4.565272E+01
   5.738210E-01   4.564892E+01
   5.779830E-01   4.564342E+01
   5.763680E-01   4.563891E+01
   5.669350E-01   4.563225E+01
   5.509270E-01   4.563025E+01
   5.458760E-01   4.562654E+01
   5.359640E-01   4.562731E+01
   5.294130E-01   4.563672E+01
   5.153450E-01   4.563034E+01
   5.080730E-01   4.561442E+01
   5.190500E-01   4.560085E+01
   5.166390E-01   4.559393E+01
   5.188190E-01   4.558794E+01
   5.066370E-01   4.557332E+01
   5.069540E-01   4.556478E+01
   5.113490E-01   4.555988E+01
   5.089180E-01   4.555324E+01
   5.019690E-01   4.554309E+01
   4.869240E-01   4.553610E+01
   4.680820E-01   4.553460E+01
   4.614810E-01   4.552430E+01
   4.548740E-01   4.552120E+01
   4.515100E-01   4.551488E+01
   4.361770E-01   4.550127E+01
   4.340760E-01   4.548419E+01
   4.228320E-01   4.548100E+01
   4.091770E-01   4.548910E+01
   3.839300E-01   4.548236E+01
   3.783980E-01   4.547442E+01
   3.648100E-01   4.547173E+01
   3.598670E-01   4.546389E+01
   3.459470E-01   4.545838E+01
   3.382420E-01   4.545837E+01
   3.357810E-01   4.544796E+01
   3.301590E-01   4.544097E+01
   3.098370E-01   4.545624E+01
   3.049130E-01   4.545546E+01
   3.046690E-01   4.544824E+01
   3.133990E-01   4.544432E+01
   3.194250E-01   4.543848E+01
   3.197240E-01   4.543476E+01
   3.130790E-01   4.543019E+01
   2.931400E-01   4.543115E+01
   2.767950E-01   4.542328E+01
   2.692580E-01   4.540279E+01
   2.617080E-01   4.539191E+01
   2.525630E-01   4.537040E+01
   2.526680E-01   4.536293E+01
   2.610580E-01   4.535183E+01
   2.731940E-01   4.531666E+01
   2.687620E-01   4.529645E+01
   2.516450E-01   4.528644E+01
   2.359270E-01   4.529004E+01
   2.259350E-01   4.528708E+01
   2.168680E-01   4.528052E+01
   2.123590E-01   4.526904E+01
   2.054650E-01   4.526135E+01
   1.824550E-01   4.525669E+01
   1.736430E-01   4.524573E+01
   1.767060E-01   4.524020E+01
   1.756800E-01   4.523688E+01
   1.605560E-01   4.522414E+01
   1.500240E-01   4.522143E+01
   1.460250E-01   4.521202E+01
   1.329850E-01   4.520626E+01
   1.142230E-01   4.521155E+01
   9.369700E-02   4.522521E+01
   7.739800E-02   4.521775E+01
   6.588400E-02   4.521808E+01
   5.349600E-02   4.522296E+01
   4.151600E-02   4.521509E+01
   3.550300E-02   4.520640E+01
   1.077700E-02   4.519958E+01
   3.682000E-03   4.518203E+01
   -1.459000E-02   4.516604E+01
   -1.239600E-02   4.516282E+01
   5.260000E-04   4.516144E+01
   6.672000E-03   4.515565E+01
   6.795000E-03   4.515189E+01
   -1.857400E-02   4.514432E+01
   -2.878100E-02   4.513822E+01
   -2.663400E-02   4.512800E+01
   -3.845100E-02   4.511317E+01
   -3.647600E-02   4.510636E+01
   -3.809900E-02   4.509975E+01
   -4.154900E-02   4.509731E+01
   -4.773200E-02   4.509524E+01
   -5.268000E-02   4.509760E+01
   -6.469000E-02   4.509709E+01
   -8.914800E-02   4.511766E+01
   -9.594100E-02   4.511841E+01
   -1.254050E-01   4.510357E+01
   -1.311200E-01   4.509305E+01
   -1.419720E-01   4.508750E+01
   -1.543350E-01   4.508680E+01
END
END
