none
1
   -1.774022E+00   5.234792E+01
   -1.775021E+00   5.234570E+01
   -1.781307E+00   5.234605E+01
   -1.786274E+00   5.234914E+01
   -1.786109E+00   5.235230E+01
   -1.800577E+00   5.235735E+01
   -1.808430E+00   5.236506E+01
   -1.833875E+00   5.236544E+01
   -1.840697E+00   5.236334E+01
   -1.871423E+00   5.236687E+01
   -1.871628E+00   5.237029E+01
   -1.864907E+00   5.237714E+01
   -1.862667E+00   5.238468E+01
   -1.848532E+00   5.239760E+01
   -1.864334E+00   5.240269E+01
   -1.870673E+00   5.240296E+01
   -1.871805E+00   5.240052E+01
   -1.883056E+00   5.239801E+01
   -1.887489E+00   5.240286E+01
   -1.904824E+00   5.240138E+01
   -1.913094E+00   5.240545E+01
   -1.917620E+00   5.239693E+01
   -1.934556E+00   5.238578E+01
   -1.953078E+00   5.239146E+01
   -1.958703E+00   5.238661E+01
   -1.964347E+00   5.238980E+01
   -1.975198E+00   5.238550E+01
   -1.983055E+00   5.238575E+01
   -1.989152E+00   5.238079E+01
   -2.000859E+00   5.237999E+01
   -2.012681E+00   5.238447E+01
   -2.015846E+00   5.239257E+01
   -2.022467E+00   5.239867E+01
   -2.031147E+00   5.239905E+01
   -2.037020E+00   5.240310E+01
   -2.027051E+00   5.240956E+01
   -2.017000E+00   5.240754E+01
   -2.013171E+00   5.241109E+01
   -1.998630E+00   5.241140E+01
   -1.995453E+00   5.241470E+01
   -2.001175E+00   5.241788E+01
   -2.005975E+00   5.242641E+01
   -2.010858E+00   5.242513E+01
   -2.017550E+00   5.243100E+01
   -2.022457E+00   5.243212E+01
   -2.025387E+00   5.242726E+01
   -2.030792E+00   5.242551E+01
   -2.039144E+00   5.242709E+01
   -2.041522E+00   5.243700E+01
   -2.039536E+00   5.244126E+01
   -2.057424E+00   5.243926E+01
   -2.057916E+00   5.242920E+01
   -2.060801E+00   5.242558E+01
   -2.066542E+00   5.242683E+01
   -2.069688E+00   5.243317E+01
   -2.076783E+00   5.243274E+01
   -2.082748E+00   5.242907E+01
   -2.094982E+00   5.244311E+01
   -2.104874E+00   5.244152E+01
   -2.116550E+00   5.243280E+01
   -2.135197E+00   5.242630E+01
   -2.165419E+00   5.242860E+01
   -2.178922E+00   5.245297E+01
   -2.175737E+00   5.246451E+01
   -2.170256E+00   5.247053E+01
   -2.178290E+00   5.247336E+01
   -2.182461E+00   5.249087E+01
   -2.192902E+00   5.249398E+01
   -2.190641E+00   5.249867E+01
   -2.194624E+00   5.250235E+01
   -2.190996E+00   5.251023E+01
   -2.165597E+00   5.251604E+01
   -2.155086E+00   5.251537E+01
   -2.145104E+00   5.251986E+01
   -2.154364E+00   5.252692E+01
   -2.151155E+00   5.253222E+01
   -2.143046E+00   5.253718E+01
   -2.142089E+00   5.254817E+01
   -2.135417E+00   5.255326E+01
   -2.141442E+00   5.255576E+01
   -2.150513E+00   5.255242E+01
   -2.176425E+00   5.255247E+01
   -2.180013E+00   5.257187E+01
   -2.189112E+00   5.257197E+01
   -2.190562E+00   5.257545E+01
   -2.204814E+00   5.257723E+01
   -2.208211E+00   5.258808E+01
   -2.190938E+00   5.259035E+01
   -2.195720E+00   5.260618E+01
   -2.193046E+00   5.260981E+01
   -2.175057E+00   5.261074E+01
   -2.171012E+00   5.261305E+01
   -2.169843E+00   5.262159E+01
   -2.156959E+00   5.262563E+01
   -2.156505E+00   5.263199E+01
   -2.139350E+00   5.263013E+01
   -2.130907E+00   5.263930E+01
   -2.099683E+00   5.263702E+01
   -2.094257E+00   5.262237E+01
   -2.087978E+00   5.262142E+01
   -2.082255E+00   5.261399E+01
   -2.069669E+00   5.261476E+01
   -2.070042E+00   5.261986E+01
   -2.055643E+00   5.262380E+01
   -2.033727E+00   5.261876E+01
   -2.037149E+00   5.262358E+01
   -2.024651E+00   5.262681E+01
   -2.019285E+00   5.263039E+01
   -2.020853E+00   5.263397E+01
   -2.017187E+00   5.263583E+01
   -1.990568E+00   5.263924E+01
   -1.986847E+00   5.264196E+01
   -1.965725E+00   5.264194E+01
   -1.961742E+00   5.264492E+01
   -1.961456E+00   5.265334E+01
   -1.956274E+00   5.265411E+01
   -1.961704E+00   5.266189E+01
   -1.960794E+00   5.266430E+01
   -1.953281E+00   5.266414E+01
   -1.943766E+00   5.265841E+01
   -1.940136E+00   5.265824E+01
   -1.934337E+00   5.266342E+01
   -1.923057E+00   5.265770E+01
   -1.912191E+00   5.266048E+01
   -1.906311E+00   5.265344E+01
   -1.915457E+00   5.264954E+01
   -1.902035E+00   5.264214E+01
   -1.911128E+00   5.263475E+01
   -1.883831E+00   5.261630E+01
   -1.882942E+00   5.261011E+01
   -1.890141E+00   5.259985E+01
   -1.875685E+00   5.258817E+01
   -1.873054E+00   5.258689E+01
   -1.863553E+00   5.259019E+01
   -1.856788E+00   5.259612E+01
   -1.855222E+00   5.260299E+01
   -1.848863E+00   5.260650E+01
   -1.828299E+00   5.261042E+01
   -1.825266E+00   5.261808E+01
   -1.819255E+00   5.261986E+01
   -1.816256E+00   5.261470E+01
   -1.816906E+00   5.260872E+01
   -1.794973E+00   5.260096E+01
   -1.787866E+00   5.259148E+01
   -1.786133E+00   5.258476E+01
   -1.776441E+00   5.257631E+01
   -1.769179E+00   5.257639E+01
   -1.762902E+00   5.257228E+01
   -1.762969E+00   5.256838E+01
   -1.771397E+00   5.256545E+01
   -1.765710E+00   5.256282E+01
   -1.764528E+00   5.255841E+01
   -1.755042E+00   5.255720E+01
   -1.752044E+00   5.254613E+01
   -1.745017E+00   5.254224E+01
   -1.748807E+00   5.253459E+01
   -1.746742E+00   5.252934E+01
   -1.737093E+00   5.252317E+01
   -1.741547E+00   5.251903E+01
   -1.752399E+00   5.251906E+01
   -1.751641E+00   5.251445E+01
   -1.743753E+00   5.251044E+01
   -1.727325E+00   5.248938E+01
   -1.712225E+00   5.248018E+01
   -1.706561E+00   5.246493E+01
   -1.675010E+00   5.243835E+01
   -1.667521E+00   5.243785E+01
   -1.662462E+00   5.244623E+01
   -1.652687E+00   5.244210E+01
   -1.641722E+00   5.244543E+01
   -1.626998E+00   5.245780E+01
   -1.628620E+00   5.246225E+01
   -1.624771E+00   5.246520E+01
   -1.614426E+00   5.246506E+01
   -1.609825E+00   5.246020E+01
   -1.598332E+00   5.245855E+01
   -1.594957E+00   5.246308E+01
   -1.589481E+00   5.246355E+01
   -1.560886E+00   5.245612E+01
   -1.540513E+00   5.246672E+01
   -1.533949E+00   5.246085E+01
   -1.517883E+00   5.245876E+01
   -1.517543E+00   5.245481E+01
   -1.506152E+00   5.245214E+01
   -1.483996E+00   5.246041E+01
   -1.474212E+00   5.245826E+01
   -1.464658E+00   5.245999E+01
   -1.458431E+00   5.245443E+01
   -1.441503E+00   5.244882E+01
   -1.444084E+00   5.244339E+01
   -1.422524E+00   5.243439E+01
   -1.427929E+00   5.242017E+01
   -1.435902E+00   5.240962E+01
   -1.429452E+00   5.240003E+01
   -1.431176E+00   5.239426E+01
   -1.444575E+00   5.238483E+01
   -1.460544E+00   5.237902E+01
   -1.458813E+00   5.237423E+01
   -1.463532E+00   5.237161E+01
   -1.467603E+00   5.237568E+01
   -1.481211E+00   5.237285E+01
   -1.483719E+00   5.237554E+01
   -1.504283E+00   5.237625E+01
   -1.514107E+00   5.236749E+01
   -1.525256E+00   5.237751E+01
   -1.532440E+00   5.237453E+01
   -1.535455E+00   5.237571E+01
   -1.543040E+00   5.236956E+01
   -1.540811E+00   5.236527E+01
   -1.552895E+00   5.236231E+01
   -1.558842E+00   5.236467E+01
   -1.559973E+00   5.236902E+01
   -1.557202E+00   5.237283E+01
   -1.564659E+00   5.237501E+01
   -1.568631E+00   5.238220E+01
   -1.599476E+00   5.238707E+01
   -1.606830E+00   5.237530E+01
   -1.619466E+00   5.236928E+01
   -1.621289E+00   5.236518E+01
   -1.636335E+00   5.236369E+01
   -1.643532E+00   5.236056E+01
   -1.648012E+00   5.235503E+01
   -1.652135E+00   5.235519E+01
   -1.661084E+00   5.236451E+01
   -1.672586E+00   5.236115E+01
   -1.681305E+00   5.236322E+01
   -1.682711E+00   5.235477E+01
   -1.693062E+00   5.234986E+01
   -1.698281E+00   5.235413E+01
   -1.709736E+00   5.235357E+01
   -1.716312E+00   5.235660E+01
   -1.719290E+00   5.235476E+01
   -1.722192E+00   5.235840E+01
   -1.719225E+00   5.236781E+01
   -1.721134E+00   5.237103E+01
   -1.733558E+00   5.236886E+01
   -1.740397E+00   5.235568E+01
   -1.745042E+00   5.235335E+01
   -1.759837E+00   5.235641E+01
   -1.762089E+00   5.236210E+01
   -1.774773E+00   5.236492E+01
   -1.778185E+00   5.236307E+01
   -1.777316E+00   5.235957E+01
   -1.776082E+00   5.235726E+01
   -1.771799E+00   5.235792E+01
   -1.769140E+00   5.235122E+01
   -1.774022E+00   5.234792E+01
END
END
