none
1
   -1.221130E+02   4.558076E+01
   -1.221514E+02   4.558047E+01
   -1.221782E+02   4.557170E+01
   -1.222568E+02   4.554471E+01
   -1.223320E+02   4.554326E+01
   -1.223553E+02   4.556490E+01
   -1.223806E+02   4.557087E+01
   -1.224391E+02   4.556242E+01
   -1.224556E+02   4.556675E+01
   -1.224770E+02   4.557821E+01
   -1.225494E+02   4.559192E+01
   -1.226588E+02   4.561163E+01
   -1.227584E+02   4.565080E+01
   -1.227776E+02   4.567984E+01
   -1.227638E+02   4.573471E+01
   -1.227651E+02   4.576303E+01
   -1.227957E+02   4.580520E+01
   -1.227948E+02   4.582927E+01
   -1.227861E+02   4.586603E+01
   -1.228023E+02   4.588783E+01
   -1.228145E+02   4.591141E+01
   -1.228087E+02   4.593241E+01
   -1.228184E+02   4.595816E+01
   -1.228788E+02   4.602875E+01
   -1.228863E+02   4.605396E+01
   -1.229067E+02   4.607935E+01
   -1.229644E+02   4.610011E+01
   -1.230067E+02   4.612943E+01
   -1.231176E+02   4.618038E+01
   -1.231657E+02   4.618391E+01
   -1.232792E+02   4.613994E+01
   -1.233723E+02   4.614145E+01
   -1.234351E+02   4.617922E+01
   -1.234328E+02   4.622746E+01
   -1.234508E+02   4.624600E+01
   -1.234767E+02   4.626316E+01
   -1.235007E+02   4.626593E+01
   -1.235857E+02   4.625161E+01
   -1.237774E+02   4.626132E+01
   -1.238248E+02   4.623280E+01
   -1.238720E+02   4.623005E+01
   -1.239328E+02   4.623451E+01
   -1.239632E+02   4.626573E+01
   -1.240030E+02   4.627167E+01
   -1.240263E+02   4.628848E+01
   -1.240338E+02   4.628153E+01
   -1.240227E+02   4.626396E+01
   -1.240322E+02   4.625242E+01
   -1.251593E+02   4.624370E+01
   -1.267423E+02   4.853441E+01
   -1.247304E+02   4.849731E+01
   -1.240110E+02   4.830155E+01
   -1.236784E+02   4.824495E+01
   -1.235414E+02   4.822961E+01
   -1.232510E+02   4.828862E+01
   -1.231228E+02   4.842204E+01
   -1.231635E+02   4.845005E+01
   -1.232232E+02   4.854609E+01
   -1.232723E+02   4.869633E+01
   -1.230135E+02   4.877090E+01
   -1.230135E+02   4.882825E+01
   -1.233246E+02   4.899769E+01
   -1.233222E+02   4.900708E+01
   -1.170252E+02   4.900194E+01
   -1.170374E+02   4.796631E+01
   -1.170390E+02   4.642843E+01
   -1.170346E+02   4.642261E+01
   -1.170346E+02   4.641099E+01
   -1.170400E+02   4.639594E+01
   -1.170475E+02   4.637860E+01
   -1.170609E+02   4.636635E+01
   -1.170612E+02   4.635174E+01
   -1.170232E+02   4.633808E+01
   -1.170168E+02   4.631810E+01
   -1.169828E+02   4.629975E+01
   -1.169859E+02   4.627831E+01
   -1.169629E+02   4.626011E+01
   -1.169505E+02   4.623229E+01
   -1.169610E+02   4.620536E+01
   -1.169173E+02   4.616974E+01
   -1.169515E+02   4.609895E+01
   -1.169775E+02   4.608970E+01
   -1.169383E+02   4.606341E+01
   -1.169166E+02   4.601656E+01
   -1.169145E+02   4.599252E+01
   -1.189851E+02   4.599489E+01
   -1.190247E+02   4.596475E+01
   -1.191255E+02   4.592789E+01
   -1.191956E+02   4.592287E+01
   -1.192575E+02   4.593487E+01
   -1.193111E+02   4.593323E+01
   -1.193642E+02   4.591911E+01
   -1.194494E+02   4.591490E+01
   -1.194873E+02   4.590433E+01
   -1.195263E+02   4.590540E+01
   -1.195720E+02   4.592227E+01
   -1.195987E+02   4.591835E+01
   -1.196685E+02   4.585457E+01
   -1.198024E+02   4.584100E+01
   -1.199648E+02   4.581942E+01
   -1.200683E+02   4.578049E+01
   -1.201678E+02   4.575761E+01
   -1.202122E+02   4.572316E+01
   -1.202816E+02   4.571778E+01
   -1.204032E+02   4.569682E+01
   -1.204835E+02   4.569209E+01
   -1.205085E+02   4.569828E+01
   -1.205617E+02   4.573576E+01
   -1.206338E+02   4.574337E+01
   -1.206881E+02   4.571453E+01
   -1.208536E+02   4.567039E+01
   -1.208945E+02   4.564157E+01
   -1.209181E+02   4.564219E+01
   -1.209452E+02   4.565499E+01
   -1.209835E+02   4.564686E+01
   -1.210593E+02   4.565120E+01
   -1.210833E+02   4.564692E+01
   -1.210993E+02   4.563663E+01
   -1.211171E+02   4.561740E+01
   -1.211331E+02   4.560874E+01
   -1.211748E+02   4.560460E+01
   -1.211859E+02   4.560631E+01
   -1.211982E+02   4.561695E+01
   -1.211969E+02   4.563000E+01
   -1.212036E+02   4.564989E+01
   -1.212164E+02   4.566935E+01
   -1.212784E+02   4.568301E+01
   -1.213122E+02   4.569710E+01
   -1.213381E+02   4.569992E+01
   -1.213661E+02   4.570215E+01
   -1.214036E+02   4.569023E+01
   -1.214389E+02   4.569510E+01
   -1.214635E+02   4.570047E+01
   -1.214987E+02   4.571760E+01
   -1.215329E+02   4.572146E+01
   -1.217072E+02   4.568981E+01
   -1.218111E+02   4.570166E+01
   -1.218652E+02   4.569239E+01
   -1.219010E+02   4.567036E+01
   -1.219003E+02   4.566191E+01
   -1.219080E+02   4.565417E+01
   -1.219378E+02   4.564274E+01
   -1.219521E+02   4.564446E+01
   -1.219636E+02   4.563215E+01
   -1.219833E+02   4.562245E+01
   -1.220037E+02   4.561557E+01
   -1.220274E+02   4.561316E+01
   -1.221130E+02   4.558076E+01
END
END
