Воронежская область
1
	39.3045295021	52.2841811889
	39.3136852342	52.2821102499
	39.3322933275	52.2773876546
	39.3346001243	52.2767859068
	39.345863309	52.2733692571
	39.3568789187	52.2692232751
	39.3583870078	52.2685905564
	39.3654488294	52.2691933527
	39.3683289858	52.2693589423
	39.373883185	52.2696336005
	39.3945304186	52.2694680109
	39.4062437396	52.2683143494
	39.4077102921	52.2681151324
	39.4216034195	52.2661696368
	39.4241464625	52.2657949799
	39.4285057752	52.2661339654
	39.4402694702	52.2665190689
	39.4520331652	52.2661339654
	39.4637464862	52.264980304
	39.4753592751	52.2630630248
	39.4754039788	52.2630541268
	39.480958178	52.2619478646
	39.4923760032	52.2592840757
	39.5036391879	52.255867426
	39.5146547976	52.2517214441
	39.5253756619	52.2468638837
	39.5357558724	52.2413155456
	39.5457509793	52.2351001887
	39.5535828635	52.2295593747
	39.5547738551	52.2290743802
	39.5557696048	52.2286654138
	39.566490469	52.2238078534
	39.5768706795	52.2182595153
	39.5868657864	52.2120441584
	39.5964329893	52.2051883978
	39.6055313199	52.1977215909
	39.6141218176	52.1896757117
	39.6221676968	52.1810852139
	39.6296345038	52.1719868833
	39.6355591421	52.1637993411
	39.6397247915	52.1576881961
	39.6406559138	52.1563085355
	39.646040908	52.1477365653
	39.6489844716	52.1444649403
	39.6505032681	52.1427551358
	39.657970075	52.1336568052
	39.6639159084	52.1253594044
	39.6659232409	52.1253029718
	39.6776365619	52.1241493104
	39.6892493508	52.1222320312
	39.7007118797	52.1195593443
	39.7119750643	52.1161426946
	39.7163905239	52.1145794393
	39.7269419766	52.1106884481
	39.7335421267	52.1081057214
	39.7351063314	52.1074491475
	39.741369812	52.1058840453
	39.7441023367	52.105419366
	39.7546242445	52.1064202203
	39.7641361693	52.1067316085
	39.7710520571	52.1124073309
	39.7806192599	52.1192630915
	39.7906143669	52.1254784484
	39.7972556012	52.1291284265
	39.8094778912	52.1355142297
	39.8132168674	52.1374125897
	39.8239377317	52.1422701501
	39.8265303928	52.1433205203
	39.839858945	52.1486000613
	39.8482818937	52.1516956731
	39.8595450783	52.1551123228
	39.8710076073	52.1577850097
	39.8826203961	52.1597022889
	39.8930095614	52.1607642525
	39.9044078769	52.1615958565
	39.9057320326	52.1616875543
	39.9174957275	52.1620726578
	39.9292594225	52.1616875543
	39.9409727436	52.1605338929
	39.9504039855	52.1590365615
	39.9787319274	52.1537646499
	39.9809134743	52.1533447021
	39.9923760032	52.1506720152
	40.0036391879	52.1472553655
	40.0036963347	52.147235956
	40.0102580506	52.1502995499
	40.0272029358	52.1577992447
	40.0311673459	52.159497323
	40.0421829557	52.1636433049
	40.0534461403	52.1670599546
	40.0649086693	52.1697326415
	40.0722362215	52.1710332042
	40.0811244662	52.172421754
	40.0854097027	52.1730384705
	40.0971230238	52.174192132
	40.1088867188	52.1745772354
	40.1206504137	52.174192132
	40.1232194964	52.1740052611
	40.1335268084	52.1731812864
	40.1426710468	52.1722144959
	40.1542838356	52.1702972167
	40.1657463645	52.1676245298
	40.1770095492	52.1642078801
	40.188025159	52.1600618982
	40.1900006332	52.1592298044
	40.1966992416	52.156361152
	40.2054446316	52.1523356854
	40.2141677419	52.1477323934
	40.2191342137	52.1473093109
	40.2582958958	52.1434259491
	40.2640241962	52.142765033
	40.2701414011	52.1418524316
	40.296806135	52.1374044946
	40.301711779	52.1365161384
	40.3024844164	52.1366232043
	40.3144352081	52.1389746208
	40.3256822247	52.1408195374
	40.3373955457	52.1419731988
	40.3491592407	52.1423583023
	40.3514444213	52.1423437851
	40.3736612182	52.1420614975
	40.3831397326	52.1416909112
	40.3945849354	52.1405723432
	40.4041466429	52.1393281417
	40.4583454948	52.1381501872
	40.4662009508	52.1378075494
	40.4767809785	52.1367994284
	40.4963674016	52.1343473036
	40.5113332584	52.13329491
	40.5213210354	52.1331747563
	40.5309211046	52.1328026666
	40.5340603899	52.1325693005
	40.5640667986	52.1300744885
	40.5726408344	52.1291541932
	40.5831307426	52.1274565584
	40.6048449821	52.1232807431
	40.6051240582	52.1233177064
	40.6168373792	52.1244713678
	40.6262920211	52.1248416492
	40.6476848433	52.1251163074
	40.6499938965	52.1251311295
	40.6561546463	52.1250255889
	40.688655867	52.1239116973
	40.6942588122	52.1236321344
	40.6974018615	52.1233984553
	40.7230338953	52.1212667984
	40.751155867	52.1203029937
	40.7567588122	52.1200234308
	40.7684721332	52.1188697694
	40.780084922	52.1169524902
	40.791547451	52.1142798033
	40.8028106356	52.1108631536
	40.8138262454	52.1067171716
	40.8245471097	52.1018596112
	40.8272866275	52.1004794648
	40.8287819593	52.1005837335
	40.8405456543	52.100968837
	40.8523093493	52.1005837335
	40.8554486345	52.1003503674
	40.8654507707	52.0995187634
	40.8740248065	52.0985984681
	40.8810544961	52.0975312414
	40.8988309854	52.0944718541
	40.9034140846	52.0936218017
	40.9148766136	52.0909491148
	40.9177704366	52.0901477687
	40.933326772	52.0856998317
	40.9416961337	52.0830845281
	40.9498150741	52.0801090168
	40.977311412	52.0692752766
	40.9802080813	52.0681048059
	40.9840559103	52.0664582763
	41.010445986	52.0548005615
	41.0173190213	52.0515895306
	41.0276992317	52.0460411926
	41.0348143721	52.0417105615
	41.0456481123	52.0347678125
	41.0485280789	52.0328830866
	41.0580952818	52.026027326
	41.0671936123	52.0185605191
	41.0757841101	52.0105146399
	41.0838299893	52.0019241421
	41.0912967962	51.9928258116
	41.0981525569	51.9832586087
	41.1043679138	51.9732635018
	41.1099162518	51.9628832913
	41.1147738122	51.952162427
	41.1183781811	51.9427184594
	41.1203236767	51.9371566308
	41.1208652898	51.9355849887
	41.1242819395	51.924321804
	41.1269546264	51.9128592751
	41.1270445388	51.9123146835
	41.1517321608	51.9133146075
	41.1558441074	51.9171658658
	41.1649424379	51.9246326727
	41.1731781211	51.9305901148
	41.1755660923	51.9327222012
	41.1846644228	51.9401890081
	41.1942316257	51.9470447688
	41.2042267326	51.9532601257
	41.2146069431	51.9588084637
	41.2253278074	51.9636660242
	41.2363434171	51.9678120061
	41.2476066018	51.9712286558
	41.2576346798	51.9736099399
	41.2656913205	51.9752807773
	41.2671257713	51.9755721801
	41.2787385602	51.9774894593
	41.2904518812	51.9786431207
	41.3022155762	51.9790282242
	41.3139792712	51.9786431207
	41.3256925922	51.9774894593
	41.3299778287	51.9768727428
	41.3388660734	51.975484193
	41.3461936257	51.9741836303
	41.3576561546	51.9715109434
	41.3613698325	51.9704730756
	41.3766515098	51.9660251386
	41.3842010165	51.9636463567
	41.3952166262	51.9595003747
	41.3984761539	51.9581124699
	41.3987728977	51.9582591473
	41.4094937619	51.9631167078
	41.4115249268	51.9639435729
	41.4184676758	51.9667206725
	41.4274521207	51.9700397893
	41.4387153054	51.973456439
	41.4453912849	51.9751091357
	41.461229908	51.9787102099
	41.4660164573	51.9797302001
	41.4776292462	51.9816474793
	41.4893425672	51.9828011407
	41.5011062622	51.9831862442
	41.5128699572	51.9828011407
	41.5160092424	51.9825677747
	41.5260113786	51.9817361707
	41.5345854145	51.9808158753
	41.5461982033	51.9788985961
	41.5576607322	51.9762259092
	41.5604985339	51.9754405712
	41.5682728869	51.9732204174
	41.5766982699	51.9705891057
	41.5877138797	51.9664431238
	41.5984347439	51.9615855634
	41.6088149544	51.9560372253
	41.6188100613	51.9498218684
	41.6203800443	51.9487608346
	41.6256595853	51.945152131
	41.6307369531	51.9415511495
	41.6415459251	51.9390097227
	41.6528091098	51.935593073
	41.6638247195	51.9314470911
	41.6684083353	51.9294735602
	41.6814622293	51.9236370734
	41.6875994778	51.9207530438
	41.6907124086	51.9191802133
	41.6972122192	51.9192976944
	41.7016550078	51.9192428159
	41.7127710357	51.9189681577
	41.7200919421	51.9186379327
	41.7318052631	51.9174842713
	41.7434180519	51.9155669921
	41.7548805808	51.9128943052
	41.7593838086	51.911624668
	41.7668835034	51.9094045142
	41.7736434603	51.9072575017
	41.7846590701	51.9031115198
	41.7953799344	51.8982539594
	41.8001966272	51.8957878688
	41.8091203191	51.8968726807
	41.8190621107	51.8978020563
	41.8308258057	51.8981871598
	41.8425895006	51.8978020563
	41.8543028217	51.8966483948
	41.8659156105	51.8947311156
	41.8773781394	51.8920584288
	41.8818813672	51.8907887915
	41.889381062	51.8885686377
	41.8961410189	51.8864216252
	41.9071566287	51.8822756433
	41.917877493	51.8774180829
	41.9282577034	51.8718697448
	41.9363203759	51.8669276938
	41.9418745751	51.8633189902
	41.9438070096	51.8620456843
	41.9533742124	51.8551899237
	41.962472543	51.8477231168
	41.9710044967	51.8397320701
	41.9728545883	51.840055618
	41.9936660416	51.8431991091
	41.9953521943	51.8447841863
	42.0000671601	51.8489498357
	42.0005630405	51.8493863248
	42.0096613711	51.8568531317
	42.0192285739	51.8637088923
	42.0292236809	51.8699242492
	42.0396038913	51.8754725873
	42.0503247556	51.8803301477
	42.0613403653	51.8844761296
	42.07260355	51.8878927793
	42.0840660789	51.8905654662
	42.0956788678	51.8924827454
	42.0996864308	51.8929646684
	42.1037808447	51.89449529
	42.1107312231	51.8969977314
	42.1138458585	51.8980869695
	42.1251090432	51.9015036192
	42.1365715721	51.9041763061
	42.1481843609	51.9060935853
	42.149446228	51.9062551754
	42.1583344726	51.9073614376
	42.1687859266	51.9083535089
	42.1805496216	51.9087386124
	42.1849954597	51.9086836585
	42.1961038581	51.9084090003
	42.203421715	51.9080788507
	42.215135036	51.9069251893
	42.2267478249	51.9050079101
	42.2382103538	51.9023352232
	42.2410481555	51.9015498852
	42.2488225085	51.8993297314
	42.2572478915	51.8966984197
	42.2682635012	51.8925524377
	42.2789843655	51.8876948773
	42.289364576	51.8821465392
	42.2957020372	51.8783114723
	42.302528348	51.8761448308
	42.3135439578	51.8719988489
	42.3242648221	51.8671412885
	42.3346450325	51.8615929504
	42.3446401395	51.8553775935
	42.3461102309	51.8543847889
	42.3513974013	51.8507760853
	42.3594945127	51.8449131292
	42.3685928433	51.8374463223
	42.3771833411	51.8294004431
	42.3852292203	51.8208099453
	42.3893776816	51.8159055639
	42.3898233123	51.8153592379
	42.3942933697	51.8160972474
	42.4060066908	51.8172509088
	42.4177703857	51.8176360123
	42.4222162238	51.8175810584
	42.4333246223	51.8173064002
	42.4406424792	51.8169762506
	42.4523558002	51.8158225892
	42.4621081793	51.8142651914
	42.4709964239	51.812594354
	42.4728568337	51.8122344726
	42.4843193626	51.8095617857
	42.4917586641	51.807395653
	42.5067656831	51.8026730578
	42.5105895663	51.8014225408
	42.521605176	51.7972765588
	42.5261887918	51.795303028
	42.5392426859	51.7894665412
	42.5453799344	51.7865825116
	42.5557601448	51.7810341735
	42.5657552518	51.7748188166
	42.5673867856	51.7737156925
	42.5884973202	51.7592732487
	42.5936973563	51.7555786733
	42.5974172391	51.7531589655
	42.6069844419	51.7463032049
	42.6160827725	51.738836398
	42.6175899686	51.737499616
	42.6214345152	51.7346302313
	42.6305328457	51.7271634244
	42.6338228706	51.7242057844
	42.6342455357	51.7238163157
	42.6377074715	51.7218682189
	42.6408099455	51.7200353244
	42.6564751971	51.712742432
	42.6719405443	51.7066004964
	42.6743838015	51.7056093835
	42.6831081319	51.7017211374
	42.6894939351	51.6986693795
	42.691490469	51.6977000653
	42.7018706795	51.6921517272
	42.7045670935	51.6905635169
	42.7310141446	51.6783929613
	42.7353747464	51.6763148724
	42.7457549568	51.6707665344
	42.7492268229	51.6687097809
	42.7578434925	51.6646638357
	42.7683144637	51.6614692427
	42.7736434603	51.6597523137
	42.7846590701	51.6556063318
	42.7905066687	51.6530618077
	42.8032782751	51.6472329503
	42.8081515408	51.6449199139
	42.8185317513	51.6393715759
	42.8285268582	51.633156219
	42.8310689113	51.6314260606
	42.9044026516	51.5805914049
	42.9114278013	51.5754658026
	42.9205261319	51.5679989957
	42.9251620864	51.5637883538
	42.9296966641	51.559942355
	42.9382871619	51.5518964758
	42.9410881103	51.5490324373
	42.9425948907	51.5474569959
	42.9471984951	51.5435544156
	42.9532451876	51.538002451
	42.970651378	51.5247440605
	42.9711583311	51.5243564886
	42.9802566616	51.5168896817
	42.9888471594	51.5088438025
	42.9968930386	51.5002533047
	43.0043598455	51.4911549742
	43.0066440554	51.4881120248
	43.0135791751	51.4786668344
	43.0181507258	51.4721425809
	43.0243660827	51.4621474739
	43.0299144208	51.4517672635
	43.0347719812	51.4410463992
	43.0389179631	51.4300307894
	43.0423346128	51.4187676048
	43.0450072997	51.4073050759
	43.0469245789	51.395692287
	43.0480782403	51.383978966
	43.0484633438	51.372215271
	43.0480861198	51.3605724163
	43.0529667181	51.3544896299
	43.0598224787	51.3449224271
	43.0660378356	51.3349273201
	43.0715861737	51.3245471097
	43.0733522323	51.3208608892
	43.0752900985	51.3166952398
	43.0783816003	51.309660596
	43.0825275823	51.2986449862
	43.085944232	51.2873818015
	43.0886169189	51.2759192726
	43.0905341981	51.2643064838
	43.0916878595	51.2525931628
	43.092072963	51.2408294678
	43.0916878595	51.2290657728
	43.0905341981	51.2173524518
	43.0886169189	51.2057396629
	43.085944232	51.194277134
	43.0825275823	51.1830139493
	43.0783816003	51.1719983396
	43.0735240399	51.1612774753
	43.0679757018	51.1508972648
	43.0617603449	51.1409021579
	43.0549045843	51.131334955
	43.0474377774	51.1222366245
	43.0393918982	51.1136461267
	43.0308014004	51.1056002475
	43.0217030699	51.0981334406
	43.012135867	51.09127768
	43.0021407601	51.0850623231
	42.9917605496	51.079513985
	42.9810396853	51.0746564246
	42.9731979724	51.0716210291
	42.9662552234	51.0691185877
	42.9630813266	51.0680080012
	42.9518181419	51.0645913515
	42.940355613	51.0619186646
	42.9372845472	51.0613354875
	42.9359871482	51.0609826479
	42.9249621339	51.0583975524
	42.908604712	51.0551016539
	42.9081671974	51.0550140626
	42.8965544086	51.0530967834
	42.8848410876	51.051943122
	42.8730773926	51.0515580185
	42.8613136976	51.051943122
	42.8496003766	51.0530967834
	42.8379875877	51.0550140626
	42.8303779772	51.0566998888
	42.8284593243	51.0569419982
	42.8260936377	51.0572694391
	42.8212408506	51.057089295
	42.817727669	51.0562888446
	42.812860801	51.0552505738
	42.8012480121	51.0533332946
	42.7895346911	51.0521796332
	42.7777709961	51.0517945297
	42.7660073011	51.0521796332
	42.7574310882	51.0529482961
	42.7477112395	51.0540545583
	42.7445741314	51.0544395568
	42.7330442651	51.056340362
	42.7285283841	51.05322226
	42.7202752158	51.0480256835
	42.7020424637	51.0349486246
	42.697141055	51.0315547796
	42.687145948	51.0253394227
	42.6864881453	51.0249614875
	42.6689939437	51.0149593513
	42.6592715359	51.0097889484
	42.6494841911	51.0053211436
	42.6467669583	51.0039524615
	42.636046094	50.9990949011
	42.6250304843	50.9949489192
	42.6137672996	50.9915322695
	42.6048075726	50.9893759308
	42.5970255902	50.9877127228
	42.5945227883	50.9871963746
	42.5829099994	50.9852790954
	42.5711966784	50.984125434
	42.564511098	50.98381203
	42.5545165912	50.9835297424
	42.5376747816	50.9838431464
	42.5317812696	50.9843268411
	42.518591126	50.9856279965
	42.5032104191	50.9860183969
	42.496010658	50.9863455878
	42.4895610773	50.9868850089
	42.4435116545	50.9915721185
	42.4392812448	50.9918540426
	42.4168617245	50.9816274999
	42.4110476199	50.9790982581
	42.4031466456	50.9760415142
	42.3961962671	50.9735390728
	42.3930816317	50.9724498347
	42.3818184471	50.969033185
	42.3798139568	50.9685084394
	42.3783645297	50.9680095271
	42.367101345	50.9645928774
	42.3556388161	50.9619201905
	42.3546672033	50.9617297033
	42.3302226233	50.957007108
	42.3195814472	50.9552803161
	42.308188349	50.9541479301
	42.2792958319	50.9522024345
	42.278975609	50.9521811591
	42.2672119141	50.9517960556
	42.2597687449	50.9519501286
	42.2061646189	50.9541702824
	42.2018440931	50.9544013129
	42.1950224129	50.9549789989
	42.16557295	50.9580383861
	42.1606813092	50.9586143615
	42.1510755179	50.9601442662
	42.1500807299	50.9603304154
	42.108902963	50.9642852699
	42.1026216168	50.9650001647
	42.0918936848	50.9667437397
	42.0842660766	50.9682212507
	42.083985254	50.9682445812
	42.0753999371	50.9691658141
	42.0637871483	50.9710830933
	42.0523246194	50.9737557802
	42.0458257268	50.975628801
	42.0233342717	50.98257155
	42.0185699796	50.984115179
	42.0075543699	50.9882611609
	42.0016628295	50.9908257468
	41.9888835936	50.9966622336
	41.9840542697	50.9989552081
	41.9736740593	51.0045035462
	41.9636789523	51.0107189031
	41.962030495	51.0118336065
	41.950983624	51.0193930005
	41.9443797056	51.0051019025
	41.9424205243	51.000999155
	41.9368721862	50.9906189445
	41.9306568293	50.9806238376
	41.9303243425	50.9801280191
	41.9282585998	50.9764511589
	41.9220432429	50.9664560519
	41.9151874823	50.9568888491
	41.9077206754	50.9477905185
	41.9016067216	50.9411617485
	41.9008616388	50.9401677796
	41.8996387762	50.938555414
	41.8921719693	50.9294570835
	41.8864520317	50.9232358643
	41.8845399553	50.9207353531
	41.884357099	50.9204966372
	41.8768902921	50.9113983066
	41.8688444129	50.9028078088
	41.868648463	50.9026121604
	41.8685589932	50.902510062
	41.860513114	50.8939195642
	41.8519226162	50.885873685
	41.847592331	50.8821954817
	41.8428621064	50.8783044905
	41.8380940611	50.8745158869
	41.8285268582	50.8676601263
	41.8185317513	50.8614447694
	41.8081515408	50.8558964313
	41.7974306765	50.8510388709
	41.7947552526	50.8499557414
	41.7942377401	50.849751047
	41.793812513	50.8495047669
	41.7834323025	50.8439564288
	41.7727114383	50.8390988684
	41.7687469924	50.8375116123
	41.7148605788	50.8166757359
	41.7078094149	50.81411701
	41.6965462303	50.8107003603
	41.6907204463	50.809243134
	41.6883878121	50.8087008737
	41.6855849887	50.8077235774
	41.674321804	50.8043069277
	41.6694847237	50.8030824867
	41.6276871075	50.7931167974
	41.6241988803	50.7918925838
	41.6160545104	50.7893417691
	41.6013683628	50.7851219595
	41.5777446907	50.7760419099
	41.5819778109	50.7747578069
	41.5929934207	50.7706118249
	41.603714285	50.7657542645
	41.6140944954	50.7602059264
	41.6239331137	50.7540950136
	41.6280987631	50.751317914
	41.6282552518	50.7512134699
	41.6378224546	50.7443577093
	41.6469207852	50.7368909024
	41.655511283	50.7288450232
	41.6635571622	50.7202545254
	41.6710239691	50.7111561949
	41.6778797297	50.701588992
	41.6840950866	50.6915938851
	41.6896434247	50.6812136746
	41.6945009851	50.6704928103
	41.698646967	50.6594772006
	41.7020636167	50.6482140159
	41.7047363036	50.636751487
	41.7066535828	50.6251386981
	41.7078072443	50.6134253771
	41.7081923478	50.6016616821
	41.7078072443	50.5898979871
	41.7066535828	50.5781846661
	41.7062297369	50.5751634592
	41.7054514851	50.5699384903
	41.7050935422	50.5639618286
	41.7050301446	50.5629509657
	41.7038764832	50.5512376446
	41.701959204	50.5396248558
	41.7009446847	50.5348623768
	41.6995561349	50.5287512318
	41.6978979673	50.5220511819
	41.6944813176	50.5107879972
	41.6903353357	50.4997723874
	41.6854777753	50.4890515231
	41.6799294372	50.4786713127
	41.6737140803	50.4686762057
	41.6729854339	50.4675942236
	41.6732554852	50.4670489407
	41.6781130456	50.4563280764
	41.6822590276	50.4453124667
	41.6856756773	50.434049282
	41.6883483642	50.4225867531
	41.6902656434	50.4109739643
	41.6911258148	50.4031062135
	41.6916827606	50.3967127809
	41.6919762506	50.3928672106
	41.6923613541	50.3811035156
	41.6919762506	50.3693398206
	41.6908225892	50.3576264996
	41.68890531	50.3460137108
	41.6862326231	50.3345511819
	41.6828159734	50.3232879972
	41.6786699914	50.3122723874
	41.6750280829	50.3040656368
	41.6725256415	50.2987860958
	41.6713099896	50.2962719821
	41.6657616515	50.2858917717
	41.6595462946	50.2758966647
	41.652690534	50.2663294619
	41.6467916572	50.2590432221
	41.6387350166	50.2496056611
	41.6371670865	50.2477935703
	41.6291212073	50.2392030725
	41.6254444818	50.2356296914
	41.6246625088	50.2347320468
	41.6166166297	50.2261415491
	41.610066405	50.2199125379
	41.6038373938	50.2133623132
	41.5911245705	50.2006494899
	41.583386396	50.191808752
	41.5832730435	50.1916793735
	41.5752271643	50.1830888757
	41.5677388411	50.1760175811
	41.5330800516	50.1451174606
	41.5339065307	50.1411917946
	41.5358238099	50.1295790058
	41.535856537	50.1293290652
	41.536688141	50.1229432619
	41.5378090753	50.1114798815
	41.5381941788	50.0997161865
	41.5378090753	50.0879524915
	41.5375700518	50.0847453166
	41.537013106	50.0780772257
	41.5360984681	50.0695710797
	41.5341811889	50.0579582908
	41.531508502	50.0464957619
	41.5280918523	50.0352325773
	41.5239458703	50.0242169675
	41.5190883099	50.0134961032
	41.5135399719	50.0031158928
	41.507324615	49.9931207858
	41.5041345145	49.9885040333
	41.4971917655	49.9787841847
	41.4935261053	49.9738337343
	41.4860592984	49.9647354038
	41.4780134192	49.956144906
	41.4715693544	49.9500119628
	41.4626734804	49.9419553222
	41.4605270474	49.9400423862
	41.4514287168	49.9325755793
	41.4451339838	49.9279589798
	41.4395797845	49.9240679886
	41.4363073148	49.9218288274
	41.4289150282	49.9171454897
	41.3900280043	49.8938148012
	41.3874251839	49.892282782
	41.3770449734	49.886734444
	41.3698596936	49.8833858341
	41.3543830066	49.8765841269
	41.3462145901	49.8722920001
	41.3354937259	49.8674344397
	41.3244781161	49.8632884578
	41.3164903794	49.8607827258
	41.3103103305	49.8585582332
	41.2990471458	49.8551415835
	41.2938320851	49.853827453
	41.2785504078	49.8502187493
	41.2723029396	49.848860193
	41.262097284	49.8471338203
	41.2403181604	49.8440914323
	41.2284183522	49.8368988788
	41.222273005	49.8324204815
	41.2210696432	49.8314595338
	41.2211550664	49.8287777186
	41.2211224055	49.8268342601
	41.2212462418	49.8230514526
	41.2211058145	49.8159453975
	41.2205564981	49.80205227
	41.2203118219	49.7973946302
	41.2191581605	49.7856813092
	41.2172408813	49.7740685203
	41.2145681944	49.7626059914
	41.2111515447	49.7513428067
	41.2077690955	49.742200248
	41.2055413123	49.7366460488
	41.2047777795	49.7347729978
	41.1999202191	49.7240521335
	41.194371881	49.713671923
	41.1881565241	49.7036768161
	41.1815207473	49.6943968995
	41.1779120437	49.6896743043
	41.1776920599	49.689387018
	41.170225253	49.6802886875
	41.1621793738	49.6716981897
	41.153588876	49.6636523105
	41.1462979595	49.657590747
	41.1318478863	49.6462076903
	41.1300404722	49.6448024469
	41.1204732693	49.6379466863
	41.1104781624	49.6317313294
	41.1095069787	49.6311746386
	41.0939902869	49.6223443747
	41.0876973904	49.6179424139
	41.0859342551	49.6167792411
	41.0782865515	49.6086412439
	41.0761621364	49.6065517358
	41.0741101407	49.6041702182
	41.0660642615	49.5955797204
	41.0636912105	49.5932501434
	41.0559168575	49.5857580779
	41.0496994107	49.5800417758
	41.0438072484	49.5750933909
	41.0296394627	49.5637027048
	41.0264332945	49.5611842829
	41.0168660916	49.5543285223
	41.0106105543	49.5503329118
	40.9942149854	49.5403307755
	40.9904754158	49.5381110291
	40.9800952054	49.532562691
	40.9693743411	49.5277051306
	40.9583587313	49.5235591487
	40.9470955467	49.520142499
	40.94494474	49.5195804146
	40.9296706921	49.5156894233
	40.9203589699	49.5135788209
	40.9087461811	49.5116615417
	40.9017648104	49.5108807947
	40.8837060335	49.5092175867
	40.8789740832	49.5088446722
	40.8672103882	49.5084595687
	40.8554466932	49.5088446722
	40.8529461516	49.5090260771
	40.8429839607	49.5028327088
	40.83495868	49.4984672191
	40.8230110482	49.4923560741
	40.8206561185	49.4911732257
	40.8099352542	49.4863156653
	40.7989196444	49.4821696834
	40.7876564597	49.4787530336
	40.7761939308	49.4760803468
	40.7706473288	49.4750671662
	40.7623084006	49.4736786164
	40.7562422138	49.4727745178
	40.7445288927	49.4716208563
	40.7327651978	49.4712357528
	40.724672604	49.4714178991
	40.6938422207	49.4728064489
	40.6901711195	49.4730094061
	40.68626251	49.4733083988
	40.6721546134	49.4745423695
	40.6678066968	49.4714019619
	40.6624196805	49.4676586004
	40.6597339788	49.4658985442
	40.6325122992	49.4484043426
	40.6252028938	49.4439490418
	40.6148226834	49.4384007037
	40.6041018191	49.4335431433
	40.5930862094	49.4293971614
	40.5818230247	49.4259805117
	40.5804344364	49.4256143755
	40.5729347416	49.4236688799
	40.562860801	49.4213623292
	40.553638184	49.4197760475
	40.5364186405	49.4172736061
	40.5340284686	49.4169426086
	40.5223151476	49.4157889472
	40.5105514526	49.4154038437
	40.5058711012	49.415464749
	40.5028813857	49.4155425724
	40.4818074602	49.4143181279
	40.4713745117	49.4140152938
	40.4698280872	49.4140219418
	40.4378838123	49.4142966
	40.4276665418	49.4146750555
	40.4237579324	49.4149740483
	40.3951477029	49.4174764897
	40.3873429913	49.4183311584
	40.3796384927	49.4195158451
	40.3543699381	49.4239637822
	40.3504616478	49.4246963746
	40.3389991189	49.4273690615
	40.3344391491	49.4286555063
	40.3300505704	49.4299562391
	40.3243123098	49.4309126159
	40.3187920311	49.4319214112
	40.3124249332	49.4333082608
	40.2860647883	49.4395521216
	40.275894725	49.4413189804
	40.2754524915	49.4413474188
	40.2637391705	49.4425010803
	40.2541667909	49.4440247361
	40.2211490963	49.4467293657
	40.220465413	49.4464445242
	40.2094498032	49.4422985423
	40.1981866186	49.4388818926
	40.1867240896	49.4362092057
	40.1751113008	49.4342919265
	40.1633979798	49.4331382651
	40.1516342848	49.4327531616
	40.1398705898	49.4331382651
	40.1397806439	49.4331441831
	40.1358397743	49.432314325
	40.1242269855	49.4303970458
	40.1129486244	49.4292724226
	40.1018936318	49.4285209272
	40.1014586718	49.428491889
	40.1010857804	49.4284678374
	40.0964658099	49.4281746664
	40.0942908556	49.4280188666
	40.0825271606	49.4276337631
	40.0764418655	49.4277367335
	40.0644638984	49.4281422124
	40.0581716876	49.4272003295
	40.0464583666	49.4260466681
	40.0383742876	49.4256992068
	40.0204184049	49.4143153596
	40.0140426155	49.4104559998
	40.0036624051	49.4049076617
	39.9929415408	49.4000501013
	39.981925931	49.3959041194
	39.9706627464	49.3924874697
	39.9619348122	49.3903808308
	39.9382951332	49.3852958394
	39.9355605385	49.3847297913
	39.9239477497	49.3828125121
	39.9122344286	49.3816588507
	39.9097275087	49.3815121065
	39.8790077516	49.3799290071
	39.8773793521	49.379940375
	39.8697509766	49.3796906479
	39.8579872816	49.3800757514
	39.8468642345	49.3811526952
	39.8135008922	49.3854327855
	39.8129106183	49.3855095031
	39.8012978294	49.3874267823
	39.7898353005	49.3900994692
	39.7810551811	49.3926933195
	39.7499946914	49.4027355934
	39.7447395658	49.4044299678
	39.733723956	49.4085759497
	39.7230030917	49.4134335101
	39.7205831519	49.4146496275
	39.6811421312	49.4348436905
	39.6580912899	49.4388609769
	39.6538826683	49.4396461732
	39.6424201394	49.4423188601
	39.6311569547	49.4457355098
	39.6207831107	49.4496171132
	39.593725463	49.4607026234
	39.5930836972	49.460967002
	39.582362833	49.4658245624
	39.5719826225	49.4713729005
	39.5619875156	49.4775882574
	39.5619860642	49.4775892271
	39.5428210252	49.4903951658
	39.5332552736	49.4972499567
	39.5241569431	49.5047167636
	39.5155664453	49.5127626428
	39.5075205661	49.5213531406
	39.5000537592	49.5304514711
	39.4931979986	49.540018674
	39.4869826417	49.550013781
	39.4816289373	49.5600005244
	39.481380982	49.5605002498
	39.4811863483	49.5608937167
	39.4791309493	49.5652050322
	39.475753445	49.5725386432
	39.4647811318	49.5750970278
	39.4576031535	49.5771811426
	39.4452825905	49.5739834334
	39.4182264461	49.5662515899
	39.4153572654	49.5654572878
	39.4038947365	49.5627846009
	39.3922819477	49.5608673217
	39.3805686266	49.5597136603
	39.3688049316	49.5593285568
	39.3570412367	49.5597136603
	39.3453279156	49.5608673217
	39.3337151268	49.5627846009
	39.3317786655	49.5631808605
	39.3073340854	49.5683230724
	39.2978080178	49.5705994997
	39.2960708693	49.5710743007
	39.2339866713	49.5883777675
	39.2244606351	49.5913196162
	39.2134450254	49.5954655982
	39.2027241611	49.6003231586
	39.1923439506	49.6058714966
	39.1823488437	49.6120868536
	39.181756147	49.6124845842
	39.1660090767	49.623097072
	39.1570345705	49.629555102
	39.148288724	49.6367135995
	39.1467472713	49.6380583335
	39.1230505049	49.6584485743
	39.118695825	49.6621827495
	39.1171859653	49.6634920932
	39.1085954675	49.6715379724
	39.1005495883	49.6801284702
	39.0930827814	49.6892268007
	39.0892042194	49.6944759572
	39.0788702045	49.7090061391
	39.0758930059	49.7133241855
	39.069677649	49.7233192924
	39.0641293109	49.7336995029
	39.0592717505	49.7444203672
	39.056955006	49.7503039305
	39.0560213117	49.75123082
	39.0479754325	49.7598213178
	39.0405086256	49.7689196483
	39.033652865	49.7784868512
	39.027437508	49.7884819581
	39.02188917	49.7988621686
	39.0170316096	49.8095830329
	39.0128856276	49.8205986426
	39.0094689779	49.8318618273
	39.006796291	49.8433243562
	39.0048790118	49.854937145
	39.0037253504	49.8666504661
	39.0033402469	49.8784141611
	39.0037253504	49.890177856
	39.0044958954	49.898770598
	39.0043914692	49.8997939742
	39.0038474188	49.9062889784
	39.0034623153	49.9180526733
	39.0038474188	49.9298163683
	39.0050010803	49.9415296894
	39.0069183595	49.9531424782
	39.0095910463	49.9646050071
	39.0130076961	49.9758681918
	39.017153678	49.9868838015
	39.0193807348	49.9920318463
	39.0214815502	49.9966874844
	39.020164194	49.9972843707
	39.0097839836	50.0028327088
	38.9997888766	50.0090480657
	38.9902216738	50.0159038263
	38.9811233432	50.0233706332
	38.9725328454	50.0314165124
	38.9660970626	50.0381958078
	38.9635946212	50.0409729074
	38.9619845248	50.0427841098
	38.9545177179	50.0518824404
	38.9476619573	50.0614496432
	38.9414466004	50.0714447502
	38.9358982623	50.0818249606
	38.9310407019	50.0925458249
	38.92689472	50.1035614347
	38.9234780703	50.1148246194
	38.9226961746	50.1178473989
	38.9218645706	50.1211814443
	38.9199737794	50.1296211937
	38.9180565002	50.1412339825
	38.9169028388	50.1529473036
	38.9165177353	50.1647109985
	38.9169028388	50.1764746935
	38.917220474	50.1796996979
	38.9137721868	50.184511777
	38.9102886285	50.1899330694
	38.9057155462	50.1964594089
	38.8995001893	50.2064545158
	38.8958260599	50.2131419914
	38.8924920145	50.2195277947
	38.8906178058	50.2232205295
	38.8857602454	50.2339413938
	38.8816142634	50.2449570035
	38.8781976137	50.2562201882
	38.8755249268	50.2676827171
	38.8744723257	50.2734670419
	38.8739230093	50.2767934579
	38.8730583312	50.282621922
	38.8721309105	50.2912819084
	38.8717825393	50.2919229376
	38.8694518955	50.2939318515
	38.8608613977	50.3019777307
	38.8542429674	50.3089600299
	38.8517481554	50.3117371295
	38.8503207065	50.3133453281
	38.8428538996	50.3224436586
	38.835998139	50.3320108615
	38.829782782	50.3420059685
	38.824234444	50.3523861789
	38.8193768836	50.3631070432
	38.8152309016	50.3741226529
	38.8118142519	50.3853858376
	38.809141565	50.3968483665
	38.8077900928	50.4045037784
	38.807233147	50.408112482
	38.80666734	50.412069859
	38.8055136786	50.42378318
	38.8051285751	50.435546875
	38.8055136786	50.44731057
	38.80666734	50.459023891
	38.8085846192	50.4706366799
	38.8112573061	50.4820992088
	38.8146739558	50.4933623934
	38.8188199378	50.5043780032
	38.8219351906	50.5114636814
	38.8225888467	50.5139036991
	38.8161633786	50.516322074
	38.8054425144	50.5211796344
	38.7950623039	50.5267279725
	38.786313097	50.532118311
	38.7829643944	50.5327514893
	38.7715018654	50.5354241762
	38.7602386808	50.5388408259
	38.749223071	50.5429868079
	38.7385022067	50.5478443683
	38.7281219963	50.5533927064
	38.7181268893	50.5596080633
	38.7157060389	50.5612542779
	38.7120897059	50.5637567193
	38.7049433535	50.5689662653
	38.6958450229	50.5764330722
	38.6872545251	50.5844789514
	38.6854606405	50.5862985029
	38.677164728	50.5922969538
	38.6680663974	50.5997637607
	38.6594758996	50.6078096399
	38.6514300204	50.6164001377
	38.6470307779	50.6217606302
	38.6403381828	50.6253378968
	38.6303430759	50.6315532537
	38.6222990805	50.6372530282
	38.6189650351	50.6397554696
	38.6174418276	50.6409114557
	38.608343497	50.6483782626
	38.5997529993	50.6564241418
	38.5917071201	50.6650146396
	38.5842403131	50.6741129702
	38.5773845525	50.683680173
	38.5711691956	50.69367528
	38.5691700295	50.6972304277
	38.5674991921	50.7002821855
	38.5639500201	50.7071072482
	38.5590924597	50.7178281125
	38.5549464778	50.7288437223
	38.5515298281	50.740106907
	38.5488571412	50.7515694359
	38.5482051956	50.7550229945
	38.5458053834	50.7654549339
	38.5447231885	50.7714190317
	38.5430282838	50.7790657738
	38.5411110046	50.7906785626
	38.5401024169	50.8003556167
	38.5399547175	50.8007889127
	38.5365380678	50.8120520974
	38.533902182	50.823330119
	38.5327729065	50.8289764965
	38.5318505028	50.8291458375
	38.5203879738	50.8318185244
	38.5168104933	50.8328168083
	38.4995909498	50.8378140618
	38.4919052457	50.8402324275
	38.480889636	50.8443784094
	38.4701687717	50.8492359698
	38.4597885612	50.8547843079
	38.4497934543	50.8609996648
	38.4402262514	50.8678554254
	38.4311279209	50.8753222324
	38.4225374231	50.8833681116
	38.4178219474	50.8882652857
	38.4173973768	50.8882926093
	38.4115106271	50.8887756371
	38.3917810128	50.8907211327
	38.3859544415	50.8913917663
	38.3743416527	50.8933090455
	38.3658335777	50.8952168933
	38.3536189171	50.8982686511
	38.3506644631	50.8990334902
	38.3394012784	50.9024501399
	38.3283856687	50.9065961218
	38.3176648044	50.9114536823
	38.3072845939	50.9170020203
	38.297289487	50.9232173772
	38.2877222841	50.9300731379
	38.2786239536	50.9375399448
	38.2700334558	50.945585824
	38.2619875766	50.9541763217
	38.2545207697	50.9632746523
	38.2476650091	50.9728418552
	38.2414496522	50.9828369621
	38.2359013141	50.9932171726
	38.2310437537	51.0039380368
	38.2268977717	51.0149536466
	38.2251329543	51.0204398651
	38.2231334406	51.0229975527
	38.21627768	51.0325647556
	38.2100623231	51.0425598625
	38.204513985	51.0529400729
	38.1996564246	51.0636609372
	38.1955104426	51.074676547
	38.1920937929	51.0859397317
	38.1913588737	51.0887746054
	38.1896880363	51.0954426962
	38.1877502686	51.1040703514
	38.1858329894	51.1156831402
	38.184679328	51.1273964613
	38.1843181624	51.138428929
	38.1816772373	51.1405962802
	38.1730867395	51.1486421594
	38.169814812	51.1520005135
	38.1645429004	51.1575547127
	38.1597689487	51.1627868564
	38.1523021418	51.171885187
	38.1454463811	51.1814523898
	38.1392310242	51.1914474968
	38.1355161487	51.1982130615
	38.1321821033	51.2046064941
	38.1303486407	51.2082211398
	38.1254910803	51.2189420041
	38.1213450984	51.2299576139
	38.1179284487	51.2412207986
	38.1152557618	51.2526833275
	38.1133384826	51.2642961163
	38.1121848212	51.2760094373
	38.111799945	51.2874871797
	38.1117923156	51.2922860689
	38.1117920883	51.2925720215
	38.1121771918	51.3043357165
	38.1121981331	51.3045483374
	38.108283575	51.314949069
	38.1048669252	51.3262122536
	38.1021942384	51.3376747825
	38.1008340499	51.3453867305
	38.1002771041	51.3490030635
	38.0997200134	51.3529039044
	38.0985663519	51.3646172254
	38.0981812484	51.3763809204
	38.0985663519	51.3881446154
	38.0987752508	51.3909866365
	38.0977745178	51.3976274151
	38.0976951398	51.3982384358
	38.0973232712	51.4011398283
	38.0959881763	51.4072145101
	38.0952514893	51.4107338646
	38.0933342101	51.4223466534
	38.0926870354	51.4279369221
	38.0887722224	51.4320567725
	38.0755573946	51.4464112132
	38.0745111667	51.4471050115
	38.0650033574	51.4539152174
	38.0639520847	51.4546123357
	38.0601608309	51.4572162959
	38.0544732442	51.4612307025
	38.0513546835	51.4629320895
	38.0475647453	51.4650595765
	38.0375696384	51.4712749334
	38.0280024355	51.478130694
	38.018904105	51.4855975009
	38.0103136072	51.4936433801
	38.002267728	51.5022338779
	37.9948009211	51.5113322085
	37.9879451604	51.5208994113
	37.9817298035	51.5308945183
	37.9761814655	51.5412747287
	37.971323905	51.551995593
	37.9671779231	51.5630112027
	37.9637612734	51.5742743874
	37.9610885865	51.5857369163
	37.9591713073	51.5973497052
	37.9580176459	51.6090630262
	37.9576325424	51.6208267212
	37.9580176459	51.6325904162
	37.9580807292	51.633516277
	37.9583553874	51.6373996388
	37.9594459655	51.648187099
	37.9613632447	51.6597998879
	37.9640359316	51.6712624168
	37.9674525813	51.6825256015
	37.9715985632	51.6935412112
	37.9761729999	51.703685363
	37.9822841449	51.7161899406
	37.9825672687	51.7167666531
	37.9881156068	51.7271468636
	37.9943309637	51.7371419705
	38.0011867243	51.7467091734
	38.0012843289	51.7468362569
	38.0068385281	51.7540612935
	38.0142077304	51.7630325406
	38.0222536096	51.7716230383
	38.0308441074	51.7796689175
	38.0399424379	51.7871357245
	38.0431380596	51.7894256746
	38.0453360657	51.7935378548
	38.049824422	51.8008986766
	38.0523268634	51.8047896678
	38.054053864	51.8074239529
	38.0609096247	51.8169911558
	38.0683764316	51.8260894864
	38.0764223108	51.8346799841
	38.0850128086	51.8427258633
	38.0941111391	51.8501926703
	38.103678342	51.8570484309
	38.1136734489	51.8632637878
	38.1144668989	51.8637191998
	38.1183578901	51.8659393536
	38.1259929773	51.8699954614
	38.124136377	51.8779579857
	38.1222190978	51.8895707745
	38.1210654364	51.9012840955
	38.1206803329	51.9130477905
	38.1210654364	51.9248114855
	38.1214221896	51.9293670084
	38.1213951232	51.92957169
	38.120467324	51.9382362556
	38.119394599	51.9493263929
	38.1190094955	51.9610900879
	38.119394599	51.9728537829
	38.1205482604	51.9845671039
	38.1224655396	51.9961798927
	38.1251382265	52.0076424217
	38.1285548762	52.0189056063
	38.1327008582	52.0299212161
	38.1375584186	52.0406420804
	38.1431067567	52.0510222908
	38.1493221136	52.0610173978
	38.1561778742	52.0705846006
	38.1636446811	52.0796829312
	38.1716905603	52.088273429
	38.1802810581	52.0963193082
	38.1893793886	52.1037861151
	38.1989465915	52.1106418757
	38.2089416984	52.1168572326
	38.2193219089	52.1224055707
	38.2300427732	52.1272631311
	38.2410583829	52.131409113
	38.2432298867	52.132130867
	38.2503879856	52.1344595828
	38.2603314695	52.1389361047
	38.2699144071	52.1425890207
	38.2717804521	52.1432400389
	38.2783991061	52.1478809504
	38.2883942131	52.1540963073
	38.2987744235	52.1596446454
	38.3094952878	52.1645022058
	38.3205108976	52.1686481877
	38.3246437729	52.1699956367
	38.3290840805	52.1713841865
	38.3362143899	52.1734533873
	38.3476769188	52.1761260741
	38.3482036016	52.176230021
	38.414869251	52.1892839151
	38.425955357	52.1910972474
	38.4347491771	52.1920356805
	38.4412680639	52.1925696307
	38.4445999939	52.1954144123
	38.4479340393	52.1981915119
	38.4535548037	52.2026859564
	38.4631220065	52.209541717
	38.4731171135	52.2157570739
	38.4777656616	52.2183499706
	38.4849906982	52.2222409618
	38.4907223605	52.2251964032
	38.5014432248	52.2300539636
	38.5124588346	52.2341999455
	38.5237220193	52.2376165953
	38.5331435004	52.2398709891
	38.5384230414	52.2409848807
	38.5404640892	52.2414031737
	38.552076878	52.2433204529
	38.5637901991	52.2444741144
	38.5697091567	52.2447642297
	38.5706201755	52.2453769831
	38.5707064305	52.2454345809
	38.5782061253	52.2504394637
	38.5881149772	52.2565972228
	38.5984951877	52.2621455609
	38.609216052	52.2670031213
	38.6202316617	52.2711491033
	38.6273105949	52.2733902225
	38.6320331901	52.2747787723
	38.6362174416	52.2759543028
	38.6476799705	52.2786269897
	38.6592927594	52.2805442689
	38.6710060804	52.2816979303
	38.6827697754	52.2820830338
	38.6888809204	52.2820830338
	38.7006446154	52.2816979303
	38.7123579364	52.2805442689
	38.7239707253	52.2786269897
	38.7354332542	52.2759543028
	38.736316333	52.2757152738
	38.742427478	52.2740444364
	38.7528075839	52.2708668157
	38.7604373837	52.2680832041
	38.7617743874	52.2684469786
	38.7635147959	52.2689040012
	38.7732422739	52.2714064426
	38.7829643944	52.2736221069
	38.7945771832	52.2755393861
	38.7976662706	52.2759189125
	38.8196007798	52.2784213539
	38.8282250135	52.2791954889
	38.8399887085	52.2795805924
	38.8441391832	52.2795326987
	38.8563691026	52.2792504111
	38.8639823229	52.2789132013
	38.8756956439	52.2777595399
	38.8771756378	52.2775584401
	38.8910611359	52.2756129445
	38.9011939308	52.2738967651
	38.9126564597	52.2712240782
	38.9239196444	52.2678074285
	38.92564991	52.2672102466
	38.9414809037	52.2616560474
	38.9507662478	52.2581072473
	38.9614871121	52.2532496869
	38.9622900765	52.2528512181
	38.9800741951	52.2439706029
	38.9896514412	52.2388207336
	38.9931003594	52.2367779224
	39.0008747124	52.2320553272
	39.0074209012	52.2278827815
	39.008887285	52.2268755058
	39.013868905	52.2321943274
	39.0224594028	52.2402402066
	39.0315577334	52.2477070135
	39.0411249362	52.2545627741
	39.0511200432	52.260778131
	39.0615002536	52.2663264691
	39.0722211179	52.2711840295
	39.0832367276	52.2753300115
	39.0944999123	52.2787466612
	39.1059624412	52.2814193481
	39.1175752301	52.2833366273
	39.1292885511	52.2844902887
	39.1410522461	52.2848753922
	39.1528159411	52.2844902887
	39.1613849669	52.2837224436
	39.1640633314	52.2839180841
	39.1758270264	52.2843031876
	39.1790757172	52.2842738465
	39.2010652019	52.28387661
	39.2372570671	52.2867847206
	39.239899513	52.2869774713
	39.2488845188	52.2873411098
	39.2666610081	52.287615768
	39.2694396973	52.287637233
	39.2812033922	52.2872521295
	39.2929167133	52.2860984681
	39.3045295021	52.2841811889
END
END
