none
1
   -7.619266E+01   3.654755E+01
   -7.691410E+01   3.654907E+01
   -7.691606E+01   3.654082E+01
   -7.716986E+01   3.654430E+01
   -7.852971E+01   3.653798E+01
   -8.012222E+01   3.653965E+01
   -8.029538E+01   3.654098E+01
   -8.070492E+01   3.655932E+01
   -8.083776E+01   3.655612E+01
   -8.100382E+01   3.656063E+01
   -8.117698E+01   3.656893E+01
   -8.144232E+01   3.657382E+01
   -8.167963E+01   3.658597E+01
   -8.167979E+01   3.659010E+01
   -8.165559E+01   3.660896E+01
   -8.192085E+01   3.661317E+01
   -8.193415E+01   3.659121E+01
   -8.326109E+01   3.659089E+01
   -8.327670E+01   3.659518E+01
   -8.362265E+01   3.659506E+01
   -8.367841E+01   3.660069E+01
   -8.364652E+01   3.662688E+01
   -8.362961E+01   3.662700E+01
   -8.360879E+01   3.663995E+01
   -8.357812E+01   3.664474E+01
   -8.353048E+01   3.666906E+01
   -8.349772E+01   3.667347E+01
   -8.346639E+01   3.666770E+01
   -8.342426E+01   3.667034E+01
   -8.339860E+01   3.667894E+01
   -8.338703E+01   3.668944E+01
   -8.331215E+01   3.671319E+01
   -8.319516E+01   3.674243E+01
   -8.313822E+01   3.674587E+01
   -8.313101E+01   3.675294E+01
   -8.313547E+01   3.676430E+01
   -8.313155E+01   3.677493E+01
   -8.313439E+01   3.678279E+01
   -8.310543E+01   3.680861E+01
   -8.310153E+01   3.681506E+01
   -8.310417E+01   3.683092E+01
   -8.307737E+01   3.684375E+01
   -8.307408E+01   3.685719E+01
   -8.304806E+01   3.685481E+01
   -8.302630E+01   3.685843E+01
   -8.300951E+01   3.685029E+01
   -8.299913E+01   3.685953E+01
   -8.297079E+01   3.686079E+01
   -8.295278E+01   3.686895E+01
   -8.291099E+01   3.687718E+01
   -8.290743E+01   3.688253E+01
   -8.288108E+01   3.689192E+01
   -8.287430E+01   3.690094E+01
   -8.288009E+01   3.690942E+01
   -8.286105E+01   3.692986E+01
   -8.286468E+01   3.693953E+01
   -8.286091E+01   3.695224E+01
   -8.287322E+01   3.696523E+01
   -8.286978E+01   3.697951E+01
   -8.283818E+01   3.699097E+01
   -8.282970E+01   3.700850E+01
   -8.278352E+01   3.701123E+01
   -8.276069E+01   3.702992E+01
   -8.274995E+01   3.702793E+01
   -8.274400E+01   3.704555E+01
   -8.272587E+01   3.704588E+01
   -8.273001E+01   3.707329E+01
   -8.272042E+01   3.707842E+01
   -8.272785E+01   3.709110E+01
   -8.272463E+01   3.710129E+01
   -8.272944E+01   3.711484E+01
   -8.272393E+01   3.712254E+01
   -8.268569E+01   3.713863E+01
   -8.267735E+01   3.713818E+01
   -8.265430E+01   3.715413E+01
   -8.263490E+01   3.715711E+01
   -8.259376E+01   3.718555E+01
   -8.253017E+01   3.721638E+01
   -8.252024E+01   3.721628E+01
   -8.250015E+01   3.722975E+01
   -8.249217E+01   3.722821E+01
   -8.248780E+01   3.723388E+01
   -8.244973E+01   3.724685E+01
   -8.235249E+01   3.726968E+01
   -8.234343E+01   3.728343E+01
   -8.232582E+01   3.728604E+01
   -8.231107E+01   3.730257E+01
   -8.196889E+01   3.754074E+01
   -8.196554E+01   3.753654E+01
   -8.195575E+01   3.753771E+01
   -8.195458E+01   3.753123E+01
   -8.194241E+01   3.753350E+01
   -8.194211E+01   3.751548E+01
   -8.193237E+01   3.752188E+01
   -8.192386E+01   3.751219E+01
   -8.195101E+01   3.749907E+01
   -8.195182E+01   3.748913E+01
   -8.196449E+01   3.749026E+01
   -8.197694E+01   3.748167E+01
   -8.198873E+01   3.748204E+01
   -8.199272E+01   3.747057E+01
   -8.198535E+01   3.745754E+01
   -8.197551E+01   3.746011E+01
   -8.196464E+01   3.745011E+01
   -8.194863E+01   3.744859E+01
   -8.193310E+01   3.744003E+01
   -8.193709E+01   3.742844E+01
   -8.193437E+01   3.742157E+01
   -8.192051E+01   3.741181E+01
   -8.192737E+01   3.740336E+01
   -8.192590E+01   3.739299E+01
   -8.193350E+01   3.738086E+01
   -8.192371E+01   3.735996E+01
   -8.189748E+01   3.734333E+01
   -8.189212E+01   3.733334E+01
   -8.187769E+01   3.733457E+01
   -8.185809E+01   3.731778E+01
   -8.186187E+01   3.730974E+01
   -8.185185E+01   3.730805E+01
   -8.184878E+01   3.728806E+01
   -8.183813E+01   3.728928E+01
   -8.181982E+01   3.728242E+01
   -8.180580E+01   3.728859E+01
   -8.178908E+01   3.728741E+01
   -8.175633E+01   3.727670E+01
   -8.172178E+01   3.724321E+01
   -8.168165E+01   3.721378E+01
   -8.167646E+01   3.720456E+01
   -8.155544E+01   3.721093E+01
   -8.154572E+01   3.722347E+01
   -8.151007E+01   3.723541E+01
   -8.150030E+01   3.726067E+01
   -8.149163E+01   3.725394E+01
   -8.144925E+01   3.727341E+01
   -8.141841E+01   3.727593E+01
   -8.139670E+01   3.731819E+01
   -8.138729E+01   3.732342E+01
   -8.137564E+01   3.732155E+01
   -8.137198E+01   3.733333E+01
   -8.136278E+01   3.734062E+01
   -8.132682E+01   3.730655E+01
   -8.131824E+01   3.729874E+01
   -8.122494E+01   3.723538E+01
   -8.116792E+01   3.726575E+01
   -8.109550E+01   3.728556E+01
   -8.098008E+01   3.730524E+01
   -8.097611E+01   3.730076E+01
   -8.094882E+01   3.729875E+01
   -8.090203E+01   3.731761E+01
   -8.085458E+01   3.734808E+01
   -8.088621E+01   3.738348E+01
   -8.086647E+01   3.741185E+01
   -8.086808E+01   3.742054E+01
   -8.086056E+01   3.743240E+01
   -8.084558E+01   3.742646E+01
   -8.083638E+01   3.742836E+01
   -8.080677E+01   3.740851E+01
   -8.080368E+01   3.740031E+01
   -8.078261E+01   3.739714E+01
   -8.076862E+01   3.737582E+01
   -8.070644E+01   3.739736E+01
   -8.064716E+01   3.742488E+01
   -8.055316E+01   3.747635E+01
   -8.050988E+01   3.748427E+01
   -8.049009E+01   3.745854E+01
   -8.049225E+01   3.743697E+01
   -8.047515E+01   3.742621E+01
   -8.037367E+01   3.747660E+01
   -8.036766E+01   3.748098E+01
   -8.036827E+01   3.748752E+01
   -8.032830E+01   3.749814E+01
   -8.030178E+01   3.751067E+01
   -8.030923E+01   3.752438E+01
   -8.033200E+01   3.753377E+01
   -8.032948E+01   3.754226E+01
   -8.031663E+01   3.754649E+01
   -8.033098E+01   3.756600E+01
   -8.026044E+01   3.759810E+01
   -8.022502E+01   3.762654E+01
   -8.026955E+01   3.764396E+01
   -8.028207E+01   3.765577E+01
   -8.029866E+01   3.769340E+01
   -8.025546E+01   3.772775E+01
   -8.026575E+01   3.773807E+01
   -8.026005E+01   3.775750E+01
   -8.025312E+01   3.775904E+01
   -8.024873E+01   3.777069E+01
   -8.023165E+01   3.778106E+01
   -8.022253E+01   3.778138E+01
   -8.023220E+01   3.779104E+01
   -8.022977E+01   3.780024E+01
   -8.020158E+01   3.782979E+01
   -8.018368E+01   3.784112E+01
   -8.018563E+01   3.785219E+01
   -8.016450E+01   3.787706E+01
   -8.015018E+01   3.788963E+01
   -8.014227E+01   3.788603E+01
   -8.013404E+01   3.789169E+01
   -8.007663E+01   3.794435E+01
   -8.000174E+01   3.799774E+01
   -7.999750E+01   3.800949E+01
   -7.997636E+01   3.803396E+01
   -7.995672E+01   3.808226E+01
   -7.993052E+01   3.810619E+01
   -7.994137E+01   3.810984E+01
   -7.994783E+01   3.813185E+01
   -7.993195E+01   3.814118E+01
   -7.992129E+01   3.815647E+01
   -7.991862E+01   3.816549E+01
   -7.992419E+01   3.818050E+01
   -7.991857E+01   3.818829E+01
   -7.990037E+01   3.819541E+01
   -7.989341E+01   3.820704E+01
   -7.984657E+01   3.824376E+01
   -7.983707E+01   3.824449E+01
   -7.983194E+01   3.825250E+01
   -7.982027E+01   3.825127E+01
   -7.981365E+01   3.826290E+01
   -7.979156E+01   3.827042E+01
   -7.979256E+01   3.827994E+01
   -7.979770E+01   3.828817E+01
   -7.980536E+01   3.829054E+01
   -7.981280E+01   3.830811E+01
   -7.979827E+01   3.832594E+01
   -7.977540E+01   3.833762E+01
   -7.976614E+01   3.835898E+01
   -7.974130E+01   3.835708E+01
   -7.972871E+01   3.836499E+01
   -7.973466E+01   3.837287E+01
   -7.973255E+01   3.838175E+01
   -7.970911E+01   3.841742E+01
   -7.969329E+01   3.843218E+01
   -7.969136E+01   3.845642E+01
   -7.970173E+01   3.846881E+01
   -7.970032E+01   3.848842E+01
   -7.969440E+01   3.849859E+01
   -7.968549E+01   3.850306E+01
   -7.968237E+01   3.851286E+01
   -7.966557E+01   3.851686E+01
   -7.967584E+01   3.852785E+01
   -7.967023E+01   3.853820E+01
   -7.967227E+01   3.854971E+01
   -7.965116E+01   3.859367E+01
   -7.953525E+01   3.855344E+01
   -7.951890E+01   3.853546E+01
   -7.947464E+01   3.845978E+01
   -7.931225E+01   3.841497E+01
   -7.929143E+01   3.842362E+01
   -7.928509E+01   3.843354E+01
   -7.926930E+01   3.844100E+01
   -7.925583E+01   3.845861E+01
   -7.924235E+01   3.847178E+01
   -7.922727E+01   3.847906E+01
   -7.921305E+01   3.849480E+01
   -7.920849E+01   3.852596E+01
   -7.917421E+01   3.856995E+01
   -7.916161E+01   3.859314E+01
   -7.915401E+01   3.862182E+01
   -7.913219E+01   3.865677E+01
   -7.912084E+01   3.866316E+01
   -7.909348E+01   3.869127E+01
   -7.909566E+01   3.870307E+01
   -7.907525E+01   3.874883E+01
   -7.906027E+01   3.876172E+01
   -7.905440E+01   3.877523E+01
   -7.905764E+01   3.878705E+01
   -7.904751E+01   3.879496E+01
   -7.902936E+01   3.879438E+01
   -7.902222E+01   3.881929E+01
   -7.900927E+01   3.882524E+01
   -7.900022E+01   3.884955E+01
   -7.899228E+01   3.885256E+01
   -7.886982E+01   3.876703E+01
   -7.878782E+01   3.888959E+01
   -7.874043E+01   3.892988E+01
   -7.871800E+01   3.893888E+01
   -7.871408E+01   3.893583E+01
   -7.871729E+01   3.890804E+01
   -7.868972E+01   3.892740E+01
   -7.864896E+01   3.896997E+01
   -7.862688E+01   3.898532E+01
   -7.861879E+01   3.898510E+01
   -7.859538E+01   3.897413E+01
   -7.855652E+01   3.901765E+01
   -7.857419E+01   3.903393E+01
   -7.852474E+01   3.907330E+01
   -7.849668E+01   3.910358E+01
   -7.846113E+01   3.911627E+01
   -7.844186E+01   3.913399E+01
   -7.842958E+01   3.915467E+01
   -7.840807E+01   3.916771E+01
   -7.842856E+01   3.918077E+01
   -7.843169E+01   3.918696E+01
   -7.842863E+01   3.919179E+01
   -7.844160E+01   3.919859E+01
   -7.840848E+01   3.923244E+01
   -7.842039E+01   3.925367E+01
   -7.842175E+01   3.925937E+01
   -7.836151E+01   3.932103E+01
   -7.834976E+01   3.934526E+01
   -7.834215E+01   3.934974E+01
   -7.836985E+01   3.935900E+01
   -7.834748E+01   3.938786E+01
   -7.836292E+01   3.940896E+01
   -7.834999E+01   3.942781E+01
   -7.835623E+01   3.943686E+01
   -7.834941E+01   3.944367E+01
   -7.834834E+01   3.945795E+01
   -7.835243E+01   3.946271E+01
   -7.834717E+01   3.946901E+01
   -7.782924E+01   3.913662E+01
   -7.782409E+01   3.915377E+01
   -7.779637E+01   3.921134E+01
   -7.777407E+01   3.923830E+01
   -7.777331E+01   3.925669E+01
   -7.776537E+01   3.926082E+01
   -7.774995E+01   3.929639E+01
   -7.773172E+01   3.931816E+01
   -7.771957E+01   3.932408E+01
   -7.769349E+01   3.932131E+01
   -7.767626E+01   3.932743E+01
   -7.764944E+01   3.931347E+01
   -7.761571E+01   3.930563E+01
   -7.756490E+01   3.930859E+01
   -7.755901E+01   3.930263E+01
   -7.755801E+01   3.928757E+01
   -7.754093E+01   3.926899E+01
   -7.748539E+01   3.925006E+01
   -7.745463E+01   3.922557E+01
   -7.745676E+01   3.921752E+01
   -7.747103E+01   3.920663E+01
   -7.747661E+01   3.918726E+01
   -7.750460E+01   3.917921E+01
   -7.751482E+01   3.916792E+01
   -7.752435E+01   3.914517E+01
   -7.751818E+01   3.912327E+01
   -7.748175E+01   3.911052E+01
   -7.745619E+01   3.907631E+01
   -7.738555E+01   3.906511E+01
   -7.733917E+01   3.906569E+01
   -7.724667E+01   3.902918E+01
   -7.724160E+01   3.901863E+01
   -7.725285E+01   3.900281E+01
   -7.724229E+01   3.898509E+01
   -7.723525E+01   3.898049E+01
   -7.722870E+01   3.898257E+01
   -7.722238E+01   3.897487E+01
   -7.719916E+01   3.897009E+01
   -7.714584E+01   3.896732E+01
   -7.710049E+01   3.891449E+01
   -7.708720E+01   3.890612E+01
   -7.706712E+01   3.890294E+01
   -7.705717E+01   3.888316E+01
   -7.703835E+01   3.887309E+01
   -7.702910E+01   3.884995E+01
   -7.703216E+01   3.883821E+01
   -7.704032E+01   3.883628E+01
   -7.703490E+01   3.883078E+01
   -7.703405E+01   3.881201E+01
   -7.703849E+01   3.872541E+01
   -7.704386E+01   3.870564E+01
   -7.712023E+01   3.868350E+01
   -7.712866E+01   3.863235E+01
   -7.724734E+01   3.857231E+01
   -7.727176E+01   3.852412E+01
   -7.729890E+01   3.845713E+01
   -7.726427E+01   3.836583E+01
   -7.720010E+01   3.835144E+01
   -7.703726E+01   3.842201E+01
   -7.699732E+01   3.837207E+01
   -7.691736E+01   3.822406E+01
   -7.660420E+01   3.815166E+01
   -7.656349E+01   3.812430E+01
   -7.624208E+01   3.793620E+01
   -7.605261E+01   3.795656E+01
   -7.599325E+01   3.795638E+01
   -7.594265E+01   3.794887E+01
   -7.594880E+01   3.790995E+01
   -7.580210E+01   3.791513E+01
   -7.576299E+01   3.794399E+01
   -7.570541E+01   3.795743E+01
   -7.565121E+01   3.794917E+01
   -7.565134E+01   3.796762E+01
   -7.562513E+01   3.799719E+01
   -7.522872E+01   3.802903E+01
   -7.429751E+01   3.802807E+01
   -7.579496E+01   3.654931E+01
   -7.619266E+01   3.654755E+01
END
END
