none
1
   6.396944E+00   5.032491E+01
   6.402186E+00   5.032711E+01
   6.399327E+00   5.033692E+01
   6.396627E+00   5.034639E+01
   6.362936E+00   5.035697E+01
   6.337723E+00   5.038013E+01
   6.363654E+00   5.040931E+01
   6.360779E+00   5.041860E+01
   6.374302E+00   5.043625E+01
   6.373652E+00   5.044904E+01
   6.349720E+00   5.045055E+01
   6.339886E+00   5.045454E+01
   6.334259E+00   5.047205E+01
   6.338218E+00   5.048300E+01
   6.339727E+00   5.048684E+01
   6.322428E+00   5.049096E+01
   6.308874E+00   5.049872E+01
   6.299009E+00   5.049495E+01
   6.281974E+00   5.049713E+01
   6.270893E+00   5.050049E+01
   6.265073E+00   5.049642E+01
   6.252165E+00   5.049750E+01
   6.250108E+00   5.050007E+01
   6.235855E+00   5.049586E+01
   6.229808E+00   5.049148E+01
   6.221242E+00   5.049340E+01
   6.192473E+00   5.051962E+01
   6.184153E+00   5.052774E+01
   6.194955E+00   5.053408E+01
   6.174865E+00   5.053959E+01
   6.174841E+00   5.055248E+01
   6.168355E+00   5.055667E+01
   6.188610E+00   5.056833E+01
   6.197883E+00   5.057016E+01
   6.203311E+00   5.057832E+01
   6.217025E+00   5.058289E+01
   6.222743E+00   5.059348E+01
   6.239362E+00   5.058977E+01
   6.243720E+00   5.059864E+01
   6.242704E+00   5.060384E+01
   6.253477E+00   5.061014E+01
   6.264146E+00   5.061852E+01
   6.263470E+00   5.062508E+01
   6.238735E+00   5.062190E+01
   6.216819E+00   5.062796E+01
   6.195948E+00   5.063047E+01
   6.184100E+00   5.062119E+01
   6.173729E+00   5.062284E+01
   6.171396E+00   5.062769E+01
   6.178642E+00   5.063119E+01
   6.161982E+00   5.064430E+01
   6.178072E+00   5.064740E+01
   6.178174E+00   5.065128E+01
   6.161860E+00   5.066052E+01
   6.118795E+00   5.070633E+01
   6.120466E+00   5.071143E+01
   6.112047E+00   5.072004E+01
   6.094494E+00   5.071830E+01
   6.066684E+00   5.072084E+01
   6.045546E+00   5.072501E+01
   6.043208E+00   5.071714E+01
   6.037657E+00   5.071690E+01
   6.030778E+00   5.072465E+01
   6.031970E+00   5.073467E+01
   6.037640E+00   5.074453E+01
   6.031166E+00   5.074752E+01
   6.027889E+00   5.074607E+01
   6.025009E+00   5.074710E+01
   6.025047E+00   5.074938E+01
   6.019201E+00   5.075195E+01
   6.015743E+00   5.076358E+01
   6.025017E+00   5.077379E+01
   6.005811E+00   5.078074E+01
   5.994109E+00   5.078639E+01
   5.993340E+00   5.078920E+01
   5.983897E+00   5.079266E+01
   5.972258E+00   5.079725E+01
   5.974432E+00   5.080632E+01
   5.985870E+00   5.081287E+01
   6.004801E+00   5.080377E+01
   6.020432E+00   5.081387E+01
   6.019107E+00   5.081716E+01
   6.019438E+00   5.082585E+01
   6.012867E+00   5.083498E+01
   6.016979E+00   5.084723E+01
   6.042977E+00   5.085423E+01
   6.054768E+00   5.085861E+01
   6.059220E+00   5.085837E+01
   6.059290E+00   5.085261E+01
   6.072025E+00   5.084874E+01
   6.075166E+00   5.086197E+01
   6.082952E+00   5.086787E+01
   6.084441E+00   5.087113E+01
   6.083081E+00   5.087914E+01
   6.077189E+00   5.088222E+01
   6.072578E+00   5.089261E+01
   6.078086E+00   5.090775E+01
   6.087027E+00   5.091678E+01
   6.072361E+00   5.092146E+01
   6.069393E+00   5.091919E+01
   6.052102E+00   5.092118E+01
   6.053874E+00   5.092651E+01
   6.051119E+00   5.092854E+01
   6.045935E+00   5.092648E+01
   6.016171E+00   5.093375E+01
   6.012177E+00   5.095216E+01
   6.002071E+00   5.095623E+01
   6.007986E+00   5.096142E+01
   6.012627E+00   5.096234E+01
   6.024137E+00   5.098193E+01
   5.984824E+00   5.098037E+01
   5.965950E+00   5.097739E+01
   5.952319E+00   5.098610E+01
   5.934331E+00   5.098371E+01
   5.917849E+00   5.097584E+01
   5.904142E+00   5.097267E+01
   5.895565E+00   5.097349E+01
   5.890397E+00   5.098049E+01
   5.901549E+00   5.098787E+01
   5.902333E+00   5.100167E+01
   5.893330E+00   5.100362E+01
   5.893747E+00   5.101081E+01
   5.883031E+00   5.101221E+01
   5.875777E+00   5.101834E+01
   5.871843E+00   5.102962E+01
   5.874594E+00   5.103695E+01
   5.864990E+00   5.104582E+01
   5.864417E+00   5.105269E+01
   5.889990E+00   5.105469E+01
   5.912780E+00   5.106856E+01
   5.921643E+00   5.106437E+01
   5.929354E+00   5.104897E+01
   5.939752E+00   5.103755E+01
   5.948702E+00   5.103863E+01
   5.956563E+00   5.103753E+01
   5.954389E+00   5.104183E+01
   5.964762E+00   5.104656E+01
   5.965789E+00   5.106196E+01
   5.975864E+00   5.107295E+01
   6.016171E+00   5.109701E+01
   6.031522E+00   5.109715E+01
   6.060003E+00   5.111950E+01
   6.075567E+00   5.112332E+01
   6.074751E+00   5.112542E+01
   6.081903E+00   5.112849E+01
   6.088279E+00   5.113609E+01
   6.122263E+00   5.114664E+01
   6.154988E+00   5.115186E+01
   6.169968E+00   5.115739E+01
   6.134573E+00   5.117377E+01
   6.174897E+00   5.118705E+01
   6.174873E+00   5.118706E+01
   6.174897E+00   5.118707E+01
   6.211591E+00   5.116960E+01
   6.225896E+00   5.117648E+01
   6.236862E+00   5.118729E+01
   6.250989E+00   5.119261E+01
   6.279729E+00   5.118139E+01
   6.283030E+00   5.117803E+01
   6.294115E+00   5.117687E+01
   6.296416E+00   5.116992E+01
   6.307999E+00   5.116680E+01
   6.308258E+00   5.116088E+01
   6.304371E+00   5.115452E+01
   6.318582E+00   5.115330E+01
   6.325005E+00   5.114687E+01
   6.333827E+00   5.114408E+01
   6.334916E+00   5.113659E+01
   6.348318E+00   5.113336E+01
   6.349321E+00   5.112963E+01
   6.357393E+00   5.112794E+01
   6.352279E+00   5.111368E+01
   6.357714E+00   5.111148E+01
   6.355245E+00   5.110514E+01
   6.364102E+00   5.109578E+01
   6.372356E+00   5.110130E+01
   6.392296E+00   5.110153E+01
   6.394837E+00   5.109963E+01
   6.393665E+00   5.109370E+01
   6.398467E+00   5.109407E+01
   6.405414E+00   5.108938E+01
   6.416475E+00   5.109184E+01
   6.422773E+00   5.108840E+01
   6.451590E+00   5.109232E+01
   6.456911E+00   5.107857E+01
   6.448785E+00   5.106546E+01
   6.453381E+00   5.106265E+01
   6.473781E+00   5.106155E+01
   6.479089E+00   5.105783E+01
   6.479067E+00   5.105430E+01
   6.464223E+00   5.104367E+01
   6.477728E+00   5.103814E+01
   6.491065E+00   5.104972E+01
   6.518124E+00   5.106076E+01
   6.521869E+00   5.105930E+01
   6.534894E+00   5.106190E+01
   6.539312E+00   5.105466E+01
   6.548341E+00   5.105651E+01
   6.559652E+00   5.105305E+01
   6.559921E+00   5.104988E+01
   6.555026E+00   5.104706E+01
   6.555393E+00   5.103636E+01
   6.570380E+00   5.103168E+01
   6.574086E+00   5.102491E+01
   6.578417E+00   5.102570E+01
   6.584337E+00   5.102258E+01
   6.593437E+00   5.102527E+01
   6.607806E+00   5.102389E+01
   6.637490E+00   5.102920E+01
   6.646473E+00   5.102336E+01
   6.659842E+00   5.102371E+01
   6.672622E+00   5.101887E+01
   6.677538E+00   5.102255E+01
   6.714687E+00   5.101786E+01
   6.727994E+00   5.103374E+01
   6.737107E+00   5.103672E+01
   6.739251E+00   5.104574E+01
   6.742602E+00   5.104857E+01
   6.751989E+00   5.104269E+01
   6.758956E+00   5.104438E+01
   6.755788E+00   5.105558E+01
   6.749924E+00   5.106007E+01
   6.752838E+00   5.106837E+01
   6.775215E+00   5.106726E+01
   6.786555E+00   5.107120E+01
   6.791027E+00   5.107014E+01
   6.802722E+00   5.106110E+01
   6.805714E+00   5.105183E+01
   6.810398E+00   5.104877E+01
   6.815325E+00   5.105602E+01
   6.830768E+00   5.106106E+01
   6.822450E+00   5.107311E+01
   6.822802E+00   5.107615E+01
   6.834312E+00   5.107917E+01
   6.841759E+00   5.108589E+01
   6.848040E+00   5.108742E+01
   6.854954E+00   5.108585E+01
   6.856305E+00   5.107969E+01
   6.860780E+00   5.107628E+01
   6.897288E+00   5.106771E+01
   6.915551E+00   5.108132E+01
   6.923781E+00   5.107661E+01
   6.929864E+00   5.108302E+01
   6.934702E+00   5.108224E+01
   6.945474E+00   5.107382E+01
   6.959519E+00   5.107498E+01
   6.974825E+00   5.107065E+01
   6.985849E+00   5.107557E+01
   6.985855E+00   5.110764E+01
   6.996243E+00   5.111629E+01
   6.996252E+00   5.112114E+01
   7.024752E+00   5.113259E+01
   7.043564E+00   5.113471E+01
   7.056686E+00   5.112755E+01
   7.062325E+00   5.112991E+01
   7.073689E+00   5.112852E+01
   7.072105E+00   5.113449E+01
   7.075250E+00   5.113851E+01
   7.083247E+00   5.114069E+01
   7.093659E+00   5.113648E+01
   7.096061E+00   5.114100E+01
   7.109080E+00   5.114033E+01
   7.120124E+00   5.113410E+01
   7.122333E+00   5.112436E+01
   7.129521E+00   5.112388E+01
   7.132535E+00   5.112068E+01
   7.140136E+00   5.112276E+01
   7.148586E+00   5.111798E+01
   7.167288E+00   5.112547E+01
   7.160967E+00   5.112752E+01
   7.157338E+00   5.113314E+01
   7.165166E+00   5.113992E+01
   7.164740E+00   5.114312E+01
   7.159634E+00   5.114230E+01
   7.157497E+00   5.114480E+01
   7.164976E+00   5.115622E+01
   7.179678E+00   5.115549E+01
   7.185810E+00   5.115817E+01
   7.197802E+00   5.115359E+01
   7.203555E+00   5.115815E+01
   7.210039E+00   5.115786E+01
   7.219546E+00   5.116353E+01
   7.233764E+00   5.115998E+01
   7.251478E+00   5.116096E+01
   7.256905E+00   5.115877E+01
   7.263091E+00   5.114909E+01
   7.279271E+00   5.114635E+01
   7.291065E+00   5.114795E+01
   7.293740E+00   5.115098E+01
   7.290692E+00   5.116165E+01
   7.295958E+00   5.116616E+01
   7.302915E+00   5.118177E+01
   7.306107E+00   5.118361E+01
   7.296454E+00   5.118548E+01
   7.300385E+00   5.119296E+01
   7.295969E+00   5.119467E+01
   7.293699E+00   5.119911E+01
   7.293644E+00   5.120643E+01
   7.297881E+00   5.121113E+01
   7.292882E+00   5.122149E+01
   7.295384E+00   5.122605E+01
   7.307902E+00   5.123265E+01
   7.304756E+00   5.123663E+01
   7.305107E+00   5.124217E+01
   7.312882E+00   5.124726E+01
   7.320621E+00   5.124637E+01
   7.327058E+00   5.125196E+01
   7.333714E+00   5.125300E+01
   7.340351E+00   5.124898E+01
   7.341102E+00   5.124170E+01
   7.347076E+00   5.124351E+01
   7.353153E+00   5.124157E+01
   7.354464E+00   5.124511E+01
   7.374311E+00   5.124947E+01
   7.380863E+00   5.124419E+01
   7.388924E+00   5.124883E+01
   7.393572E+00   5.124826E+01
   7.405360E+00   5.124156E+01
   7.404899E+00   5.123660E+01
   7.398647E+00   5.123129E+01
   7.408578E+00   5.122238E+01
   7.410255E+00   5.122828E+01
   7.418146E+00   5.123126E+01
   7.431720E+00   5.122632E+01
   7.433166E+00   5.121739E+01
   7.436319E+00   5.121433E+01
   7.432649E+00   5.121184E+01
   7.430766E+00   5.120197E+01
   7.421348E+00   5.119891E+01
   7.423997E+00   5.118923E+01
   7.428415E+00   5.118839E+01
   7.430011E+00   5.118392E+01
   7.438210E+00   5.118234E+01
   7.442524E+00   5.116976E+01
   7.457704E+00   5.116159E+01
   7.477742E+00   5.116760E+01
   7.480962E+00   5.116626E+01
   7.481654E+00   5.116210E+01
   7.474165E+00   5.115454E+01
   7.476006E+00   5.115016E+01
   7.473769E+00   5.114713E+01
   7.477919E+00   5.114286E+01
   7.483385E+00   5.114252E+01
   7.490154E+00   5.113007E+01
   7.492527E+00   5.112881E+01
   7.502627E+00   5.113281E+01
   7.506721E+00   5.112860E+01
   7.506626E+00   5.111640E+01
   7.498832E+00   5.110760E+01
   7.522979E+00   5.110321E+01
   7.583104E+00   5.110898E+01
   7.607371E+00   5.110029E+01
   7.609353E+00   5.109605E+01
   7.603593E+00   5.108798E+01
   7.604575E+00   5.108301E+01
   7.611217E+00   5.108219E+01
   7.626534E+00   5.107138E+01
   7.638769E+00   5.107697E+01
   7.647714E+00   5.107575E+01
   7.684381E+00   5.108458E+01
   7.689437E+00   5.108867E+01
   7.701322E+00   5.108109E+01
   7.709721E+00   5.107899E+01
   7.716153E+00   5.107251E+01
   7.708501E+00   5.106711E+01
   7.706740E+00   5.106243E+01
   7.713083E+00   5.105486E+01
   7.723133E+00   5.105258E+01
   7.726990E+00   5.104556E+01
   7.733322E+00   5.104203E+01
   7.735673E+00   5.103292E+01
   7.733520E+00   5.102889E+01
   7.737963E+00   5.102434E+01
   7.729303E+00   5.101205E+01
   7.728360E+00   5.099937E+01
   7.742936E+00   5.099061E+01
   7.744634E+00   5.098371E+01
   7.749443E+00   5.098042E+01
   7.768339E+00   5.098307E+01
   7.783310E+00   5.098095E+01
   7.788410E+00   5.096705E+01
   7.786921E+00   5.096205E+01
   7.794411E+00   5.095346E+01
   7.787407E+00   5.094805E+01
   7.790868E+00   5.094489E+01
   7.788444E+00   5.093858E+01
   7.788420E+00   5.093324E+01
   7.746949E+00   5.091667E+01
   7.760052E+00   5.090415E+01
   7.767508E+00   5.085714E+01
   7.762943E+00   5.084290E+01
   7.740892E+00   5.084434E+01
   7.687529E+00   5.081955E+01
   7.678990E+00   5.077693E+01
   7.656982E+00   5.076687E+01
   7.604571E+00   5.076286E+01
   7.600956E+00   5.074451E+01
   7.583014E+00   5.073622E+01
   7.561595E+00   5.074014E+01
   7.437903E+00   5.070750E+01
   7.388467E+00   5.071191E+01
   7.370077E+00   5.070694E+01
   7.373692E+00   5.067853E+01
   7.360635E+00   5.064851E+01
   7.347663E+00   5.063835E+01
   7.255666E+00   5.062273E+01
   7.196200E+00   5.062239E+01
   7.152822E+00   5.059965E+01
   7.099322E+00   5.058343E+01
   7.071425E+00   5.058628E+01
   7.050641E+00   5.060038E+01
   7.009857E+00   5.056847E+01
   6.977052E+00   5.055437E+01
   6.931005E+00   5.055471E+01
   6.933425E+00   5.053289E+01
   6.898372E+00   5.052132E+01
   6.916494E+00   5.047739E+01
   6.876765E+00   5.045304E+01
   6.848560E+00   5.045295E+01
   6.783472E+00   5.048556E+01
   6.761488E+00   5.047508E+01
   6.769221E+00   5.045187E+01
   6.747505E+00   5.044119E+01
   6.770454E+00   5.043623E+01
   6.786554E+00   5.041969E+01
   6.776287E+00   5.039235E+01
   6.814580E+00   5.036170E+01
   6.697962E+00   5.033496E+01
   6.672748E+00   5.036469E+01
   6.643647E+00   5.034209E+01
   6.618295E+00   5.035203E+01
   6.620609E+00   5.037182E+01
   6.571805E+00   5.037275E+01
   6.519055E+00   5.035537E+01
   6.485823E+00   5.033730E+01
   6.420097E+00   5.031874E+01
   6.396944E+00   5.032491E+01
END
END
