none
1
   7.566702E+00   4.805764E+01
   7.561067E+00   4.808531E+01
   7.574915E+00   4.812580E+01
   7.594912E+00   4.813676E+01
   7.595338E+00   4.815977E+01
   7.633047E+00   4.819717E+01
   7.648080E+00   4.821769E+01
   7.662748E+00   4.822473E+01
   7.684659E+00   4.830305E+01
   7.704310E+00   4.831511E+01
   7.734696E+00   4.834826E+01
   7.724517E+00   4.837637E+01
   7.729866E+00   4.840569E+01
   7.761246E+00   4.846079E+01
   7.763463E+00   4.849158E+01
   7.799582E+00   4.858780E+01
   7.834088E+00   4.864439E+01
   7.863137E+00   4.865746E+01
   7.958799E+00   4.872833E+01
   7.958545E+00   4.875525E+01
   7.971347E+00   4.876372E+01
   7.989349E+00   4.876497E+01
   8.007903E+00   4.876299E+01
   8.017443E+00   4.877024E+01
   8.020692E+00   4.878879E+01
   8.043024E+00   4.879560E+01
   8.064676E+00   4.879379E+01
   8.100241E+00   4.882308E+01
   8.112246E+00   4.886152E+01
   8.130868E+00   4.889690E+01
   8.165850E+00   4.892890E+01
   8.193647E+00   4.896021E+01
   8.226564E+00   4.896707E+01
   8.220463E+00   4.897391E+01
   8.200041E+00   4.896572E+01
   8.181525E+00   4.897497E+01
   8.136004E+00   4.897615E+01
   8.123084E+00   4.898431E+01
   8.089781E+00   4.898589E+01
   8.061984E+00   4.899979E+01
   8.057944E+00   4.900612E+01
   8.020358E+00   4.901500E+01
   7.973791E+00   4.902357E+01
   7.968164E+00   4.903116E+01
   7.949187E+00   4.904290E+01
   7.943392E+00   4.904361E+01
   7.933829E+00   4.904664E+01
   7.924977E+00   4.904274E+01
   7.918354E+00   4.903687E+01
   7.913496E+00   4.903543E+01
   7.902158E+00   4.904208E+01
   7.896681E+00   4.903980E+01
   7.885909E+00   4.904048E+01
   7.868228E+00   4.903166E+01
   7.822440E+00   4.904262E+01
   7.796229E+00   4.906206E+01
   7.781872E+00   4.905217E+01
   7.764827E+00   4.904449E+01
   7.733560E+00   4.904188E+01
   7.729438E+00   4.904584E+01
   7.729734E+00   4.905347E+01
   7.722822E+00   4.905009E+01
   7.703941E+00   4.905236E+01
   7.686930E+00   4.904510E+01
   7.663249E+00   4.904163E+01
   7.629054E+00   4.905089E+01
   7.625067E+00   4.906600E+01
   7.598006E+00   4.907856E+01
   7.574998E+00   4.907389E+01
   7.548047E+00   4.907928E+01
   7.524042E+00   4.909620E+01
   7.510832E+00   4.911763E+01
   7.500473E+00   4.912124E+01
   7.495797E+00   4.913018E+01
   7.483102E+00   4.913350E+01
   7.484419E+00   4.914120E+01
   7.493760E+00   4.914777E+01
   7.489537E+00   4.915329E+01
   7.484910E+00   4.916175E+01
   7.457976E+00   4.915856E+01
   7.426129E+00   4.916247E+01
   7.430451E+00   4.917322E+01
   7.415105E+00   4.917414E+01
   7.367616E+00   4.916871E+01
   7.371786E+00   4.915885E+01
   7.364970E+00   4.915347E+01
   7.365149E+00   4.914247E+01
   7.334032E+00   4.913869E+01
   7.313781E+00   4.913159E+01
   7.295092E+00   4.911109E+01
   7.287249E+00   4.910807E+01
   7.278241E+00   4.911538E+01
   7.264063E+00   4.911612E+01
   7.243661E+00   4.912435E+01
   7.224662E+00   4.911982E+01
   7.208013E+00   4.911712E+01
   7.202197E+00   4.911106E+01
   7.191055E+00   4.911168E+01
   7.180678E+00   4.912254E+01
   7.169506E+00   4.912444E+01
   7.160057E+00   4.911927E+01
   7.139894E+00   4.912235E+01
   7.122547E+00   4.913624E+01
   7.109755E+00   4.913279E+01
   7.101630E+00   4.913641E+01
   7.101526E+00   4.914713E+01
   7.089427E+00   4.914399E+01
   7.095975E+00   4.912837E+01
   7.088926E+00   4.912140E+01
   7.077468E+00   4.912316E+01
   7.072475E+00   4.911924E+01
   7.071724E+00   4.911339E+01
   7.054931E+00   4.910866E+01
   7.041378E+00   4.911436E+01
   7.039357E+00   4.912288E+01
   7.041478E+00   4.913698E+01
   7.025973E+00   4.915671E+01
   7.022706E+00   4.916934E+01
   7.029338E+00   4.918621E+01
   7.010128E+00   4.918512E+01
   6.988966E+00   4.919292E+01
   6.988869E+00   4.919956E+01
   6.973817E+00   4.920704E+01
   6.956622E+00   4.919881E+01
   6.932871E+00   4.921531E+01
   6.932826E+00   4.921972E+01
   6.920875E+00   4.922013E+01
   6.897201E+00   4.920408E+01
   6.866181E+00   4.921340E+01
   6.865337E+00   4.921683E+01
   6.842860E+00   4.921255E+01
   6.855206E+00   4.920132E+01
   6.864997E+00   4.918330E+01
   6.863842E+00   4.917149E+01
   6.850242E+00   4.916463E+01
   6.847965E+00   4.915579E+01
   6.833576E+00   4.914948E+01
   6.798846E+00   4.915552E+01
   6.774948E+00   4.916321E+01
   6.760603E+00   4.916003E+01
   6.726357E+00   4.916318E+01
   6.708149E+00   4.918780E+01
   6.727024E+00   4.920666E+01
   6.721701E+00   4.921730E+01
   6.698235E+00   4.921139E+01
   6.688064E+00   4.921271E+01
   6.680878E+00   4.924711E+01
   6.652820E+00   4.925277E+01
   6.651868E+00   4.927468E+01
   6.641347E+00   4.928073E+01
   6.584067E+00   4.932024E+01
   6.584900E+00   4.932915E+01
   6.571419E+00   4.933001E+01
   6.560413E+00   4.935139E+01
   6.566592E+00   4.936292E+01
   6.586514E+00   4.935588E+01
   6.592044E+00   4.936233E+01
   6.581299E+00   4.936554E+01
   6.579240E+00   4.937976E+01
   6.570802E+00   4.938360E+01
   6.560683E+00   4.938430E+01
   6.531440E+00   4.940175E+01
   6.531645E+00   4.941230E+01
   6.541456E+00   4.941677E+01
   6.530124E+00   4.942861E+01
   6.511263E+00   4.943726E+01
   6.487768E+00   4.944730E+01
   6.451398E+00   4.946152E+01
   6.420964E+00   4.947048E+01
   6.395826E+00   4.946089E+01
   6.374592E+00   4.945884E+01
   6.361814E+00   4.946661E+01
   6.362072E+00   4.950547E+01
   6.351195E+00   4.953236E+01
   6.377187E+00   4.955537E+01
   6.351524E+00   4.957099E+01
   6.379911E+00   4.960125E+01
   6.394828E+00   4.960432E+01
   6.417334E+00   4.962148E+01
   6.424505E+00   4.963880E+01
   6.435381E+00   4.965661E+01
   6.422394E+00   4.965911E+01
   6.421195E+00   4.966549E+01
   6.441718E+00   4.967839E+01
   6.460014E+00   4.969525E+01
   6.498548E+00   4.971511E+01
   6.489666E+00   4.972528E+01
   6.498748E+00   4.973063E+01
   6.496941E+00   4.975698E+01
   6.514172E+00   4.976235E+01
   6.513639E+00   4.976864E+01
   6.505276E+00   4.977329E+01
   6.511629E+00   4.978184E+01
   6.499385E+00   4.978888E+01
   6.506265E+00   4.979489E+01
   6.516753E+00   4.979769E+01
   6.505209E+00   4.980134E+01
   6.502078E+00   4.980754E+01
   6.490122E+00   4.980811E+01
   6.478707E+00   4.981412E+01
   6.477927E+00   4.981723E+01
   6.469616E+00   4.982000E+01
   6.457486E+00   4.980947E+01
   6.425883E+00   4.980804E+01
   6.421787E+00   4.981384E+01
   6.402511E+00   4.981564E+01
   6.367399E+00   4.984291E+01
   6.362289E+00   4.984819E+01
   6.344286E+00   4.984670E+01
   6.340134E+00   4.983657E+01
   6.327060E+00   4.983282E+01
   6.314696E+00   4.983985E+01
   6.319955E+00   4.985115E+01
   6.309964E+00   4.986033E+01
   6.311144E+00   4.986569E+01
   6.307172E+00   4.986783E+01
   6.298677E+00   4.986351E+01
   6.290746E+00   4.986717E+01
   6.288344E+00   4.987201E+01
   6.281196E+00   4.987613E+01
   6.275224E+00   4.987461E+01
   6.259941E+00   4.987910E+01
   6.244051E+00   4.989360E+01
   6.234656E+00   4.989593E+01
   6.223125E+00   4.991154E+01
   6.230661E+00   4.991348E+01
   6.227520E+00   4.991895E+01
   6.213630E+00   4.992097E+01
   6.210410E+00   4.994766E+01
   6.196422E+00   4.994712E+01
   6.190034E+00   4.995288E+01
   6.180214E+00   4.994956E+01
   6.172166E+00   4.995231E+01
   6.171305E+00   4.995901E+01
   6.159924E+00   4.997166E+01
   6.164677E+00   4.998373E+01
   6.152744E+00   4.998533E+01
   6.131794E+00   4.999825E+01
   6.142877E+00   5.000301E+01
   6.146915E+00   5.000774E+01
   6.134992E+00   5.000925E+01
   6.125267E+00   5.001838E+01
   6.130435E+00   5.002199E+01
   6.136704E+00   5.001949E+01
   6.140625E+00   5.002169E+01
   6.125166E+00   5.002888E+01
   6.129631E+00   5.004252E+01
   6.116150E+00   5.005290E+01
   6.109129E+00   5.005499E+01
   6.112149E+00   5.006695E+01
   6.120477E+00   5.007084E+01
   6.114611E+00   5.007267E+01
   6.116349E+00   5.009374E+01
   6.124016E+00   5.009687E+01
   6.125537E+00   5.010328E+01
   6.122886E+00   5.011332E+01
   6.136672E+00   5.013552E+01
   6.148776E+00   5.014093E+01
   6.147289E+00   5.014614E+01
   6.128584E+00   5.014893E+01
   6.130732E+00   5.015740E+01
   6.140082E+00   5.015733E+01
   6.131344E+00   5.016961E+01
   6.145273E+00   5.018112E+01
   6.183067E+00   5.018378E+01
   6.175026E+00   5.019634E+01
   6.173969E+00   5.021064E+01
   6.155110E+00   5.022099E+01
   6.167865E+00   5.023075E+01
   6.170187E+00   5.023666E+01
   6.193317E+00   5.023908E+01
   6.200669E+00   5.025149E+01
   6.211925E+00   5.025747E+01
   6.262036E+00   5.027277E+01
   6.281624E+00   5.027305E+01
   6.274951E+00   5.027991E+01
   6.285336E+00   5.029668E+01
   6.295691E+00   5.031333E+01
   6.308274E+00   5.032281E+01
   6.334613E+00   5.032769E+01
   6.343800E+00   5.031925E+01
   6.358325E+00   5.031769E+01
   6.380249E+00   5.032347E+01
   6.391522E+00   5.032264E+01
   6.402186E+00   5.032711E+01
   6.399327E+00   5.033692E+01
   6.396627E+00   5.034639E+01
   6.362936E+00   5.035697E+01
   6.337723E+00   5.038013E+01
   6.363654E+00   5.040931E+01
   6.360779E+00   5.041860E+01
   6.374302E+00   5.043625E+01
   6.373652E+00   5.044904E+01
   6.349720E+00   5.045055E+01
   6.339886E+00   5.045454E+01
   6.334259E+00   5.047205E+01
   6.338218E+00   5.048300E+01
   6.339727E+00   5.048684E+01
   6.322428E+00   5.049096E+01
   6.308874E+00   5.049872E+01
   6.299009E+00   5.049495E+01
   6.281974E+00   5.049713E+01
   6.270893E+00   5.050049E+01
   6.265073E+00   5.049642E+01
   6.252165E+00   5.049750E+01
   6.250108E+00   5.050007E+01
   6.235855E+00   5.049586E+01
   6.229808E+00   5.049148E+01
   6.221242E+00   5.049340E+01
   6.192473E+00   5.051962E+01
   6.184153E+00   5.052774E+01
   6.194955E+00   5.053408E+01
   6.174865E+00   5.053959E+01
   6.174841E+00   5.055248E+01
   6.168355E+00   5.055667E+01
   6.188610E+00   5.056833E+01
   6.197883E+00   5.057016E+01
   6.203311E+00   5.057832E+01
   6.217025E+00   5.058289E+01
   6.222743E+00   5.059348E+01
   6.239362E+00   5.058977E+01
   6.243720E+00   5.059864E+01
   6.242704E+00   5.060384E+01
   6.253477E+00   5.061014E+01
   6.264146E+00   5.061852E+01
   6.263470E+00   5.062508E+01
   6.238735E+00   5.062190E+01
   6.216819E+00   5.062796E+01
   6.195948E+00   5.063047E+01
   6.184100E+00   5.062119E+01
   6.173729E+00   5.062284E+01
   6.171396E+00   5.062769E+01
   6.178642E+00   5.063119E+01
   6.161982E+00   5.064430E+01
   6.178072E+00   5.064740E+01
   6.178174E+00   5.065128E+01
   6.161860E+00   5.066052E+01
   6.118795E+00   5.070633E+01
   6.120466E+00   5.071143E+01
   6.112047E+00   5.072004E+01
   6.094494E+00   5.071830E+01
   6.066684E+00   5.072084E+01
   6.045546E+00   5.072501E+01
   6.043208E+00   5.071714E+01
   6.037657E+00   5.071690E+01
   6.030778E+00   5.072465E+01
   6.031970E+00   5.073467E+01
   6.037640E+00   5.074453E+01
   6.031166E+00   5.074752E+01
   6.027889E+00   5.074607E+01
   6.025009E+00   5.074710E+01
   6.025047E+00   5.074938E+01
   6.019201E+00   5.075195E+01
   6.015743E+00   5.076358E+01
   6.025017E+00   5.077379E+01
   6.005811E+00   5.078074E+01
   5.994109E+00   5.078639E+01
   5.993340E+00   5.078920E+01
   5.983897E+00   5.079266E+01
   5.972258E+00   5.079725E+01
   5.974432E+00   5.080632E+01
   5.985870E+00   5.081287E+01
   6.004801E+00   5.080377E+01
   6.020432E+00   5.081387E+01
   6.019107E+00   5.081716E+01
   6.019438E+00   5.082585E+01
   6.012867E+00   5.083498E+01
   6.016979E+00   5.084723E+01
   6.042977E+00   5.085423E+01
   6.054768E+00   5.085861E+01
   6.059220E+00   5.085837E+01
   6.059290E+00   5.085261E+01
   6.072025E+00   5.084874E+01
   6.075166E+00   5.086197E+01
   6.082952E+00   5.086787E+01
   6.084441E+00   5.087113E+01
   6.083081E+00   5.087914E+01
   6.077189E+00   5.088222E+01
   6.072578E+00   5.089261E+01
   6.078086E+00   5.090775E+01
   6.087027E+00   5.091678E+01
   6.072361E+00   5.092146E+01
   6.069393E+00   5.091919E+01
   6.052102E+00   5.092118E+01
   6.053874E+00   5.092651E+01
   6.051119E+00   5.092854E+01
   6.045935E+00   5.092648E+01
   6.016171E+00   5.093375E+01
   6.012177E+00   5.095216E+01
   6.002071E+00   5.095623E+01
   6.007986E+00   5.096142E+01
   6.012627E+00   5.096234E+01
   6.024137E+00   5.098193E+01
   5.984824E+00   5.098037E+01
   5.965950E+00   5.097739E+01
   5.952319E+00   5.098610E+01
   5.934331E+00   5.098371E+01
   5.917849E+00   5.097584E+01
   5.904142E+00   5.097267E+01
   5.895565E+00   5.097349E+01
   5.890397E+00   5.098049E+01
   5.901549E+00   5.098787E+01
   5.902333E+00   5.100167E+01
   5.893330E+00   5.100362E+01
   5.893747E+00   5.101081E+01
   5.883031E+00   5.101221E+01
   5.875777E+00   5.101834E+01
   5.871843E+00   5.102962E+01
   5.874594E+00   5.103695E+01
   5.864990E+00   5.104582E+01
   5.864417E+00   5.105269E+01
   5.889990E+00   5.105469E+01
   5.912780E+00   5.106856E+01
   5.921643E+00   5.106437E+01
   5.929354E+00   5.104897E+01
   5.939752E+00   5.103755E+01
   5.948702E+00   5.103863E+01
   5.956563E+00   5.103753E+01
   5.954389E+00   5.104183E+01
   5.964762E+00   5.104656E+01
   5.965789E+00   5.106196E+01
   5.975864E+00   5.107295E+01
   6.016171E+00   5.109701E+01
   6.031522E+00   5.109715E+01
   6.060003E+00   5.111950E+01
   6.075567E+00   5.112332E+01
   6.074751E+00   5.112542E+01
   6.081903E+00   5.112849E+01
   6.088279E+00   5.113609E+01
   6.122263E+00   5.114664E+01
   6.154988E+00   5.115186E+01
   6.169968E+00   5.115739E+01
   6.134573E+00   5.117377E+01
   6.174897E+00   5.118705E+01
   6.165251E+00   5.119206E+01
   6.122410E+00   5.117801E+01
   6.116126E+00   5.117301E+01
   6.100029E+00   5.116784E+01
   6.080226E+00   5.116885E+01
   6.069050E+00   5.118185E+01
   6.064665E+00   5.122329E+01
   6.080622E+00   5.122461E+01
   6.068068E+00   5.124342E+01
   6.082926E+00   5.125031E+01
   6.118257E+00   5.127532E+01
   6.124194E+00   5.128644E+01
   6.154465E+00   5.131877E+01
   6.165717E+00   5.132951E+01
   6.166425E+00   5.133498E+01
   6.189073E+00   5.133643E+01
   6.185649E+00   5.134042E+01
   6.222893E+00   5.136130E+01
   6.208572E+00   5.138876E+01
   6.220428E+00   5.139811E+01
   6.212961E+00   5.139910E+01
   6.200320E+00   5.139736E+01
   6.210896E+00   5.143374E+01
   6.210790E+00   5.144891E+01
   6.215965E+00   5.144906E+01
   6.219206E+00   5.147506E+01
   6.209104E+00   5.149067E+01
   6.209011E+00   5.151236E+01
   6.197559E+00   5.152530E+01
   6.173289E+00   5.153670E+01
   6.153980E+00   5.156453E+01
   6.128155E+00   5.157870E+01
   6.119455E+00   5.159123E+01
   6.088354E+00   5.160514E+01
   6.091944E+00   5.162465E+01
   6.096988E+00   5.162328E+01
   6.107043E+00   5.164736E+01
   6.113993E+00   5.165539E+01
   6.098822E+00   5.165659E+01
   6.079284E+00   5.165931E+01
   6.073640E+00   5.166127E+01
   6.034528E+00   5.167049E+01
   6.026474E+00   5.167663E+01
   6.024162E+00   5.171227E+01
   6.033617E+00   5.171599E+01
   6.028595E+00   5.172330E+01
   5.989797E+00   5.173656E+01
   5.952305E+00   5.173629E+01
   5.948076E+00   5.174941E+01
   5.973721E+00   5.176142E+01
   5.987912E+00   5.176846E+01
   5.979669E+00   5.177239E+01
   5.980305E+00   5.177896E+01
   5.984578E+00   5.178189E+01
   5.972186E+00   5.178354E+01
   5.969299E+00   5.178916E+01
   5.973395E+00   5.179784E+01
   5.960827E+00   5.180586E+01
   5.946440E+00   5.180977E+01
   5.942016E+00   5.181452E+01
   5.949411E+00   5.181916E+01
   5.941466E+00   5.182345E+01
   5.963237E+00   5.183894E+01
   5.988754E+00   5.183291E+01
   6.010444E+00   5.183755E+01
   6.015196E+00   5.184317E+01
   6.029684E+00   5.184842E+01
   6.034645E+00   5.184586E+01
   6.051303E+00   5.185364E+01
   6.047777E+00   5.185808E+01
   6.056410E+00   5.185938E+01
   6.061941E+00   5.186831E+01
   6.100800E+00   5.185164E+01
   6.133771E+00   5.185031E+01
   6.162657E+00   5.184475E+01
   6.160353E+00   5.185258E+01
   6.161184E+00   5.186092E+01
   6.142531E+00   5.186709E+01
   6.134205E+00   5.188406E+01
   6.115668E+00   5.188955E+01
   6.100072E+00   5.189175E+01
   6.117180E+00   5.190485E+01
   6.125949E+00   5.190077E+01
   6.157711E+00   5.190781E+01
   6.164659E+00   5.190136E+01
   6.170508E+00   5.190439E+01
   6.193900E+00   5.189245E+01
   6.194252E+00   5.188659E+01
   6.185176E+00   5.188488E+01
   6.198779E+00   5.187624E+01
   6.215801E+00   5.186989E+01
   6.237911E+00   5.187243E+01
   6.261119E+00   5.186958E+01
   6.267824E+00   5.187567E+01
   6.276327E+00   5.187658E+01
   6.294034E+00   5.187182E+01
   6.301438E+00   5.186943E+01
   6.308141E+00   5.185261E+01
   6.352215E+00   5.185274E+01
   6.362510E+00   5.184905E+01
   6.368347E+00   5.183752E+01
   6.389029E+00   5.183623E+01
   6.403808E+00   5.182968E+01
   6.400423E+00   5.183645E+01
   6.403277E+00   5.183832E+01
   6.399938E+00   5.184412E+01
   6.405067E+00   5.185232E+01
   6.383475E+00   5.186243E+01
   6.390709E+00   5.187596E+01
   6.401321E+00   5.187150E+01
   6.411868E+00   5.187294E+01
   6.419008E+00   5.186917E+01
   6.430805E+00   5.186696E+01
   6.432844E+00   5.186116E+01
   6.450566E+00   5.186801E+01
   6.461062E+00   5.185954E+01
   6.470728E+00   5.185536E+01
   6.476280E+00   5.185808E+01
   6.499227E+00   5.186415E+01
   6.497386E+00   5.186859E+01
   6.514734E+00   5.187519E+01
   6.521672E+00   5.187535E+01
   6.541046E+00   5.188594E+01
   6.552891E+00   5.188879E+01
   6.557398E+00   5.188629E+01
   6.583596E+00   5.189652E+01
   6.630017E+00   5.190600E+01
   6.681017E+00   5.192260E+01
   6.699957E+00   5.191886E+01
   6.723977E+00   5.190051E+01
   6.730092E+00   5.190609E+01
   6.744513E+00   5.190948E+01
   6.748096E+00   5.191506E+01
   6.767218E+00   5.192098E+01
   6.788520E+00   5.193870E+01
   6.794359E+00   5.196107E+01
   6.826933E+00   5.196814E+01
   6.821534E+00   5.198928E+01
   6.802644E+00   5.199140E+01
   6.787204E+00   5.200371E+01
   6.764088E+00   5.201601E+01
   6.749414E+00   5.202510E+01
   6.715760E+00   5.203648E+01
   6.683498E+00   5.203769E+01
   6.680019E+00   5.205405E+01
   6.689703E+00   5.207306E+01
   6.733131E+00   5.207785E+01
   6.743972E+00   5.208502E+01
   6.737742E+00   5.208930E+01
   6.737550E+00   5.209447E+01
   6.751328E+00   5.209997E+01
   6.754343E+00   5.212268E+01
   6.848129E+00   5.212343E+01
   6.867191E+00   5.213205E+01
   6.875892E+00   5.215957E+01
   6.899174E+00   5.217076E+01
   6.904366E+00   5.217930E+01
   6.949363E+00   5.218348E+01
   6.972728E+00   5.221348E+01
   6.978810E+00   5.222796E+01
   7.005624E+00   5.223239E+01
   7.019786E+00   5.222933E+01
   7.056025E+00   5.223674E+01
   7.059365E+00   5.223974E+01
   7.039195E+00   5.225197E+01
   7.024463E+00   5.227115E+01
   7.020637E+00   5.229006E+01
   7.032705E+00   5.231240E+01
   7.053147E+00   5.233842E+01
   7.067880E+00   5.235245E+01
   7.066813E+00   5.237351E+01
   7.052713E+00   5.239603E+01
   7.032324E+00   5.240071E+01
   7.019499E+00   5.241993E+01
   7.006563E+00   5.242734E+01
   6.988511E+00   5.246477E+01
   6.982816E+00   5.246490E+01
   6.969406E+00   5.244535E+01
   6.949588E+00   5.243143E+01
   6.864788E+00   5.244756E+01
   6.846034E+00   5.244746E+01
   6.847286E+00   5.245587E+01
   6.765292E+00   5.245666E+01
   6.690941E+00   5.248386E+01
   6.699093E+00   5.252103E+01
   6.675313E+00   5.255690E+01
   6.712067E+00   5.255210E+01
   6.723401E+00   5.256677E+01
   6.757278E+00   5.256370E+01
   6.713696E+00   5.258763E+01
   6.720514E+00   5.261522E+01
   6.703438E+00   5.262718E+01
   6.739707E+00   5.264743E+01
   6.766851E+00   5.265253E+01
   6.787327E+00   5.265604E+01
   6.820842E+00   5.265155E+01
   6.833855E+00   5.265604E+01
   6.849533E+00   5.265303E+01
   6.868680E+00   5.265622E+01
   6.898064E+00   5.265630E+01
   6.917859E+00   5.265055E+01
   6.922203E+00   5.264283E+01
   6.947847E+00   5.264235E+01
   6.974326E+00   5.265073E+01
   7.036791E+00   5.263800E+01
   7.046586E+00   5.264661E+01
   7.057420E+00   5.280657E+01
   7.076423E+00   5.285297E+01
   7.171986E+00   5.294524E+01
   7.202583E+00   5.300768E+01
   7.191670E+00   5.305803E+01
   7.190724E+00   5.308496E+01
   7.193790E+00   5.311183E+01
   7.175731E+00   5.312091E+01
   7.172862E+00   5.313896E+01
   7.181116E+00   5.315551E+01
   7.193088E+00   5.317218E+01
   7.199581E+00   5.318890E+01
   7.210742E+00   5.319644E+01
   7.211749E+00   5.321303E+01
   7.209144E+00   5.322803E+01
   7.210916E+00   5.322932E+01
   7.208005E+00   5.324344E+01
   7.193832E+00   5.328013E+01
   7.188750E+00   5.332257E+01
   6.994891E+00   5.332217E+01
   6.966192E+00   5.336730E+01
   6.867720E+00   5.346112E+01
   6.609143E+00   5.357711E+01
   6.526061E+00   5.361812E+01
   6.337805E+00   5.372511E+01
   6.593775E+00   5.398202E+01
   7.491178E+00   5.425739E+01
   8.068827E+00   5.514777E+01
   8.508960E+00   5.505761E+01
   8.615085E+00   5.500424E+01
   8.614891E+00   5.492455E+01
   8.671193E+00   5.491969E+01
   8.713305E+00   5.490027E+01
   8.778759E+00   5.490659E+01
   8.836722E+00   5.492070E+01
   9.002208E+00   5.491167E+01
   9.241799E+00   5.486774E+01
   9.262932E+00   5.482140E+01
   9.355406E+00   5.482139E+01
   9.398899E+00   5.485015E+01
   9.426955E+00   5.485010E+01
   9.434402E+00   5.483452E+01
   9.491610E+00   5.484524E+01
   9.604666E+00   5.489572E+01
   9.642598E+00   5.488024E+01
   9.617687E+00   5.485427E+01
   9.753249E+00   5.482587E+01
   9.892299E+00   5.484124E+01
   1.202675E+01   5.455254E+01
   1.324175E+01   5.498370E+01
   1.407910E+01   5.476026E+01
   1.429761E+01   5.418108E+01
   1.423763E+01   5.392858E+01
   1.422047E+01   5.391185E+01
   1.422724E+01   5.386794E+01
   1.428713E+01   5.376589E+01
   1.427935E+01   5.369862E+01
   1.429000E+01   5.368061E+01
   1.428143E+01   5.366715E+01
   1.429000E+01   5.366118E+01
   1.429149E+01   5.363644E+01
   1.432318E+01   5.362096E+01
   1.432280E+01   5.356289E+01
   1.431647E+01   5.354828E+01
   1.432616E+01   5.353476E+01
   1.433958E+01   5.350662E+01
   1.435896E+01   5.349598E+01
   1.436958E+01   5.346226E+01
   1.438524E+01   5.345471E+01
   1.438263E+01   5.342718E+01
   1.442177E+01   5.334259E+01
   1.442438E+01   5.330853E+01
   1.443556E+01   5.328224E+01
   1.445457E+01   5.327800E+01
   1.445867E+01   5.325950E+01
   1.441916E+01   5.321890E+01
   1.441170E+01   5.320651E+01
   1.438822E+01   5.319557E+01
   1.438151E+01   5.316430E+01
   1.439754E+01   5.314575E+01
   1.435989E+01   5.304827E+01
   1.432616E+01   5.303146E+01
   1.422813E+01   5.298549E+01
   1.417930E+01   5.297135E+01
   1.415209E+01   5.295518E+01
   1.415917E+01   5.294373E+01
   1.415730E+01   5.293272E+01
   1.417594E+01   5.288686E+01
   1.416849E+01   5.286662E+01
   1.413270E+01   5.284332E+01
   1.414575E+01   5.283296E+01
   1.421769E+01   5.282373E+01
   1.431225E+01   5.276656E+01
   1.436309E+01   5.275281E+01
   1.444839E+01   5.268275E+01
   1.446853E+01   5.267235E+01
   1.447787E+01   5.265942E+01
   1.454210E+01   5.263904E+01
   1.462347E+01   5.260124E+01
   1.465434E+01   5.256837E+01
   1.461727E+01   5.251933E+01
   1.465200E+01   5.249693E+01
   1.458605E+01   5.243059E+01
   1.455463E+01   5.242273E+01
   1.455099E+01   5.239495E+01
   1.459494E+01   5.232066E+01
   1.460039E+01   5.228483E+01
   1.470340E+01   5.226395E+01
   1.472857E+01   5.222906E+01
   1.470984E+01   5.210710E+01
   1.474099E+01   5.209762E+01
   1.477495E+01   5.205961E+01
   1.472869E+01   5.200424E+01
   1.472507E+01   5.191376E+01
   1.460713E+01   5.183235E+01
   1.465719E+01   5.181101E+01
   1.467236E+01   5.174483E+01
   1.475505E+01   5.168793E+01
   1.477871E+01   5.161530E+01
   1.472851E+01   5.156410E+01
   1.474795E+01   5.153143E+01
   1.480243E+01   5.152536E+01
   1.495094E+01   5.148427E+01
   1.498757E+01   5.144960E+01
   1.498939E+01   5.137327E+01
   1.499250E+01   5.134461E+01
   1.504516E+01   5.131035E+01
   1.505078E+01   5.123583E+01
   1.502117E+01   5.120425E+01
   1.501598E+01   5.117244E+01
   1.499701E+01   5.110608E+01
   1.497836E+01   5.106176E+01
   1.490178E+01   5.093087E+01
   1.483641E+01   5.088580E+01
   1.481153E+01   5.081536E+01
   1.471107E+01   5.081844E+01
   1.470760E+01   5.083119E+01
   1.463260E+01   5.084279E+01
   1.459231E+01   5.085724E+01
   1.461848E+01   5.090102E+01
   1.464210E+01   5.092208E+01
   1.455984E+01   5.090368E+01
   1.455210E+01   5.093715E+01
   1.457589E+01   5.095659E+01
   1.458498E+01   5.098168E+01
   1.455514E+01   5.100025E+01
   1.452266E+01   5.099777E+01
   1.452540E+01   5.101210E+01
   1.446386E+01   5.101399E+01
   1.446149E+01   5.102358E+01
   1.440420E+01   5.100845E+01
   1.431407E+01   5.104243E+01
   1.427493E+01   5.099271E+01
   1.432664E+01   5.099284E+01
   1.433452E+01   5.097208E+01
   1.432227E+01   5.096816E+01
   1.433140E+01   5.095376E+01
   1.441968E+01   5.093752E+01
   1.440060E+01   5.088239E+01
   1.427123E+01   5.086554E+01
   1.407845E+01   5.080040E+01
   1.397948E+01   5.079781E+01
   1.395885E+01   5.077970E+01
   1.390768E+01   5.077487E+01
   1.391232E+01   5.074065E+01
   1.384608E+01   5.071485E+01
   1.368684E+01   5.071105E+01
   1.366279E+01   5.072012E+01
   1.362166E+01   5.070791E+01
   1.356285E+01   5.070578E+01
   1.354660E+01   5.069744E+01
   1.355706E+01   5.068776E+01
   1.355387E+01   5.066474E+01
   1.353104E+01   5.065342E+01
   1.353504E+01   5.062959E+01
   1.350249E+01   5.062322E+01
   1.346726E+01   5.059048E+01
   1.340441E+01   5.061010E+01
   1.339414E+01   5.063167E+01
   1.336938E+01   5.061400E+01
   1.333414E+01   5.059850E+01
   1.333600E+01   5.057887E+01
   1.328242E+01   5.056784E+01
   1.327341E+01   5.058283E+01
   1.325251E+01   5.058203E+01
   1.323466E+01   5.053865E+01
   1.319910E+01   5.049428E+01
   1.311708E+01   5.049812E+01
   1.304098E+01   5.048758E+01
   1.302852E+01   5.043429E+01
   1.294811E+01   5.039770E+01
   1.287835E+01   5.042749E+01
   1.283353E+01   5.044527E+01
   1.281432E+01   5.042635E+01
   1.280112E+01   5.042689E+01
   1.278810E+01   5.043899E+01
   1.274678E+01   5.042799E+01
   1.271770E+01   5.040624E+01
   1.271242E+01   5.039525E+01
   1.269854E+01   5.039409E+01
   1.267133E+01   5.040722E+01
   1.251587E+01   5.038503E+01
   1.249940E+01   5.037166E+01
   1.249844E+01   5.034559E+01
   1.246687E+01   5.034338E+01
   1.245052E+01   5.033642E+01
   1.244639E+01   5.032220E+01
   1.240879E+01   5.031439E+01
   1.241315E+01   5.029536E+01
   1.239971E+01   5.028448E+01
   1.238392E+01   5.028256E+01
   1.236268E+01   5.025619E+01
   1.236448E+01   5.023848E+01
   1.234218E+01   5.023388E+01
   1.234339E+01   5.021733E+01
   1.234304E+01   5.016658E+01
   1.228694E+01   5.017165E+01
   1.226865E+01   5.019606E+01
   1.227119E+01   5.022284E+01
   1.223236E+01   5.024537E+01
   1.223705E+01   5.026372E+01
   1.219353E+01   5.027036E+01
   1.217399E+01   5.031796E+01
   1.213432E+01   5.031108E+01
   1.213246E+01   5.029486E+01
   1.215057E+01   5.027734E+01
   1.212056E+01   5.026056E+01
   1.210805E+01   5.025271E+01
   1.212140E+01   5.023957E+01
   1.213550E+01   5.023656E+01
   1.214998E+01   5.024025E+01
   1.220808E+01   5.019258E+01
   1.222306E+01   5.016848E+01
   1.220086E+01   5.013155E+01
   1.221849E+01   5.010527E+01
   1.223264E+01   5.010459E+01
   1.223719E+01   5.010052E+01
   1.225070E+01   5.009820E+01
   1.225868E+01   5.008932E+01
   1.226276E+01   5.008504E+01
   1.228119E+01   5.007786E+01
   1.226382E+01   5.006344E+01
   1.230137E+01   5.006183E+01
   1.232263E+01   5.005555E+01
   1.232154E+01   5.004671E+01
   1.232936E+01   5.003951E+01
   1.233901E+01   5.004379E+01
   1.235488E+01   5.003656E+01
   1.238765E+01   5.001615E+01
   1.240446E+01   5.001739E+01
   1.241028E+01   5.000930E+01
   1.242406E+01   5.000564E+01
   1.243362E+01   5.000613E+01
   1.244251E+01   4.999762E+01
   1.243830E+01   4.998966E+01
   1.246202E+01   4.999683E+01
   1.247277E+01   4.999111E+01
   1.247822E+01   4.998272E+01
   1.248987E+01   4.998300E+01
   1.250399E+01   4.997411E+01
   1.248307E+01   4.994348E+01
   1.252224E+01   4.992872E+01
   1.254689E+01   4.992698E+01
   1.255345E+01   4.989588E+01
   1.253748E+01   4.988639E+01
   1.250322E+01   4.982727E+01
   1.248329E+01   4.983281E+01
   1.247471E+01   4.977966E+01
   1.240898E+01   4.975493E+01
   1.241679E+01   4.973527E+01
   1.243525E+01   4.973088E+01
   1.245625E+01   4.970461E+01
   1.252345E+01   4.968699E+01
   1.253134E+01   4.966899E+01
   1.252808E+01   4.964334E+01
   1.253836E+01   4.962447E+01
   1.256733E+01   4.961970E+01
   1.257237E+01   4.959439E+01
   1.258554E+01   4.958252E+01
   1.258408E+01   4.956453E+01
   1.261336E+01   4.953222E+01
   1.263946E+01   4.953342E+01
   1.264639E+01   4.952217E+01
   1.264577E+01   4.948268E+01
   1.263882E+01   4.947963E+01
   1.264870E+01   4.946848E+01
   1.266345E+01   4.945358E+01
   1.266826E+01   4.943209E+01
   1.270937E+01   4.942515E+01
   1.276478E+01   4.939642E+01
   1.276741E+01   4.936962E+01
   1.278624E+01   4.936125E+01
   1.278387E+01   4.934958E+01
   1.281028E+01   4.934408E+01
   1.285236E+01   4.934845E+01
   1.287811E+01   4.933709E+01
   1.287456E+01   4.935427E+01
   1.292278E+01   4.935055E+01
   1.297792E+01   4.933761E+01
   1.301466E+01   4.930781E+01
   1.303330E+01   4.930749E+01
   1.303397E+01   4.926499E+01
   1.305669E+01   4.926606E+01
   1.306677E+01   4.925036E+01
   1.308170E+01   4.924806E+01
   1.308634E+01   4.924279E+01
   1.309064E+01   4.923819E+01
   1.309236E+01   4.922686E+01
   1.311642E+01   4.922086E+01
   1.311347E+01   4.920367E+01
   1.314400E+01   4.919208E+01
   1.317529E+01   4.917479E+01
   1.318396E+01   4.913569E+01
   1.320898E+01   4.912287E+01
   1.323885E+01   4.911528E+01
   1.326470E+01   4.912099E+01
   1.327817E+01   4.912226E+01
   1.328882E+01   4.911899E+01
   1.332938E+01   4.910054E+01
   1.334120E+01   4.909197E+01
   1.334636E+01   4.908784E+01
   1.334849E+01   4.908268E+01
   1.335840E+01   4.907681E+01
   1.340114E+01   4.905057E+01
   1.339795E+01   4.903931E+01
   1.340669E+01   4.902880E+01
   1.341086E+01   4.900263E+01
   1.341104E+01   4.898576E+01
   1.347638E+01   4.895733E+01
   1.349770E+01   4.894801E+01
   1.350614E+01   4.897760E+01
   1.351951E+01   4.898239E+01
   1.354328E+01   4.897896E+01
   1.355362E+01   4.897120E+01
   1.357091E+01   4.897518E+01
   1.358541E+01   4.897401E+01
   1.360272E+01   4.895538E+01
   1.363089E+01   4.895826E+01
   1.363474E+01   4.894806E+01
   1.363103E+01   4.893985E+01
   1.364819E+01   4.891558E+01
   1.366799E+01   4.889922E+01
   1.368450E+01   4.888518E+01
   1.372102E+01   4.888265E+01
   1.373125E+01   4.888841E+01
   1.374007E+01   4.888674E+01
   1.375044E+01   4.887093E+01
   1.376967E+01   4.884364E+01
   1.378607E+01   4.883833E+01
   1.382259E+01   4.879740E+01
   1.381835E+01   4.878202E+01
   1.384947E+01   4.877171E+01
   1.383021E+01   4.875108E+01
   1.382308E+01   4.873193E+01
   1.380484E+01   4.872046E+01
   1.380951E+01   4.871897E+01
   1.382383E+01   4.871758E+01
   1.382979E+01   4.870640E+01
   1.384709E+01   4.870275E+01
   1.384305E+01   4.869716E+01
   1.383441E+01   4.869057E+01
   1.382239E+01   4.869003E+01
   1.383313E+01   4.863579E+01
   1.382488E+01   4.860994E+01
   1.381222E+01   4.860059E+01
   1.381139E+01   4.858081E+01
   1.377373E+01   4.854915E+01
   1.375224E+01   4.855811E+01
   1.376021E+01   4.854969E+01
   1.375148E+01   4.852823E+01
   1.373748E+01   4.852335E+01
   1.372734E+01   4.850779E+01
   1.365439E+01   4.853349E+01
   1.364750E+01   4.854753E+01
   1.362305E+01   4.855145E+01
   1.359644E+01   4.856559E+01
   1.357749E+01   4.855429E+01
   1.355185E+01   4.856431E+01
   1.351659E+01   4.858697E+01
   1.350935E+01   4.858393E+01
   1.351170E+01   4.857356E+01
   1.349098E+01   4.856128E+01
   1.346677E+01   4.855087E+01
   1.344953E+01   4.855935E+01
   1.344108E+01   4.855482E+01
   1.345935E+01   4.853496E+01
   1.345044E+01   4.852699E+01
   1.346336E+01   4.850848E+01
   1.343183E+01   4.845435E+01
   1.344554E+01   4.843281E+01
   1.342823E+01   4.840494E+01
   1.341784E+01   4.837232E+01
   1.332637E+01   4.831573E+01
   1.326537E+01   4.829023E+01
   1.318270E+01   4.829121E+01
   1.314149E+01   4.827787E+01
   1.308493E+01   4.827246E+01
   1.302157E+01   4.825047E+01
   1.300220E+01   4.823255E+01
   1.295525E+01   4.820247E+01
   1.287323E+01   4.819743E+01
   1.285028E+01   4.816219E+01
   1.283376E+01   4.815090E+01
   1.280605E+01   4.814434E+01
   1.278837E+01   4.811772E+01
   1.276824E+01   4.812270E+01
   1.275538E+01   4.810814E+01
   1.276559E+01   4.807570E+01
   1.285832E+01   4.801956E+01
   1.287696E+01   4.796667E+01
   1.291032E+01   4.795998E+01
   1.292464E+01   4.795859E+01
   1.292435E+01   4.794355E+01
   1.294043E+01   4.794740E+01
   1.294796E+01   4.792990E+01
   1.299583E+01   4.786452E+01
   1.300632E+01   4.785452E+01
   1.301197E+01   4.785009E+01
   1.300195E+01   4.783558E+01
   1.299528E+01   4.782991E+01
   1.298799E+01   4.782370E+01
   1.296354E+01   4.779163E+01
   1.294411E+01   4.775675E+01
   1.291567E+01   4.772520E+01
   1.298931E+01   4.771869E+01
   1.302024E+01   4.773236E+01
   1.305648E+01   4.771600E+01
   1.308628E+01   4.768766E+01
   1.310973E+01   4.763938E+01
   1.308662E+01   4.761659E+01
   1.308393E+01   4.758983E+01
   1.306011E+01   4.758182E+01
   1.307103E+01   4.756221E+01
   1.304555E+01   4.753387E+01
   1.306140E+01   4.752016E+01
   1.305811E+01   4.749190E+01
   1.301750E+01   4.746649E+01
   1.300242E+01   4.746090E+01
   1.298350E+01   4.747866E+01
   1.296788E+01   4.746820E+01
   1.292283E+01   4.748669E+01
   1.287799E+01   4.751233E+01
   1.283233E+01   4.754025E+01
   1.278485E+01   4.755199E+01
   1.277731E+01   4.758711E+01
   1.279467E+01   4.761848E+01
   1.280370E+01   4.761956E+01
   1.274895E+01   4.764473E+01
   1.275571E+01   4.766150E+01
   1.273171E+01   4.767488E+01
   1.260890E+01   4.766673E+01
   1.257830E+01   4.763055E+01
   1.252419E+01   4.762771E+01
   1.250095E+01   4.762061E+01
   1.245798E+01   4.765009E+01
   1.243809E+01   4.767622E+01
   1.243379E+01   4.769226E+01
   1.239049E+01   4.768271E+01
   1.236250E+01   4.768290E+01
   1.233097E+01   4.769244E+01
   1.227836E+01   4.768815E+01
   1.226292E+01   4.767455E+01
   1.224829E+01   4.767659E+01
   1.223192E+01   4.770739E+01
   1.224308E+01   4.772556E+01
   1.220889E+01   4.770365E+01
   1.217217E+01   4.768680E+01
   1.218735E+01   4.766854E+01
   1.220713E+01   4.763555E+01
   1.221348E+01   4.761305E+01
   1.220884E+01   4.760321E+01
   1.217546E+01   4.759888E+01
   1.217594E+01   4.761086E+01
   1.215352E+01   4.760764E+01
   1.214061E+01   4.760314E+01
   1.208329E+01   4.760848E+01
   1.202081E+01   4.761016E+01
   1.200686E+01   4.761849E+01
   1.198252E+01   4.761534E+01
   1.197719E+01   4.761110E+01
   1.196405E+01   4.761294E+01
   1.186054E+01   4.759953E+01
   1.185147E+01   4.757720E+01
   1.178195E+01   4.758583E+01
   1.173641E+01   4.758440E+01
   1.172483E+01   4.758672E+01
   1.165935E+01   4.757990E+01
   1.163482E+01   4.759225E+01
   1.163820E+01   4.758069E+01
   1.161048E+01   4.757688E+01
   1.159424E+01   4.755506E+01
   1.159050E+01   4.752527E+01
   1.157745E+01   4.751574E+01
   1.157088E+01   4.751242E+01
   1.150567E+01   4.750270E+01
   1.146780E+01   4.750635E+01
   1.144516E+01   4.750415E+01
   1.143523E+01   4.751377E+01
   1.141188E+01   4.749198E+01
   1.139048E+01   4.747765E+01
   1.141355E+01   4.747312E+01
   1.141720E+01   4.746201E+01
   1.142561E+01   4.744322E+01
   1.133762E+01   4.744453E+01
   1.133168E+01   4.743629E+01
   1.130951E+01   4.742809E+01
   1.129503E+01   4.740890E+01
   1.127474E+01   4.739619E+01
   1.125500E+01   4.739812E+01
   1.122624E+01   4.739352E+01
   1.121982E+01   4.739775E+01
   1.124496E+01   4.742894E+01
   1.122636E+01   4.742866E+01
   1.120587E+01   4.743291E+01
   1.120060E+01   4.742649E+01
   1.115241E+01   4.741775E+01
   1.111692E+01   4.739344E+01
   1.106393E+01   4.739487E+01
   1.102425E+01   4.739130E+01
   1.096756E+01   4.739777E+01
   1.096261E+01   4.741843E+01
   1.097799E+01   4.742743E+01
   1.095719E+01   4.744667E+01
   1.091905E+01   4.747160E+01
   1.092945E+01   4.747841E+01
   1.090964E+01   4.748054E+01
   1.089387E+01   4.747927E+01
   1.087783E+01   4.747682E+01
   1.086039E+01   4.748783E+01
   1.086091E+01   4.750310E+01
   1.089796E+01   4.751889E+01
   1.088474E+01   4.752579E+01
   1.087591E+01   4.753663E+01
   1.081801E+01   4.751827E+01
   1.076906E+01   4.751118E+01
   1.074171E+01   4.753637E+01
   1.069152E+01   4.753818E+01
   1.068138E+01   4.755459E+01
   1.062368E+01   4.755645E+01
   1.060404E+01   4.756591E+01
   1.059094E+01   4.755051E+01
   1.057461E+01   4.753257E+01
   1.049749E+01   4.753323E+01
   1.045379E+01   4.755245E+01
   1.044973E+01   4.752595E+01
   1.047372E+01   4.748376E+01
   1.048173E+01   4.742940E+01
   1.043726E+01   4.739769E+01
   1.043883E+01   4.737823E+01
   1.040182E+01   4.737570E+01
   1.038819E+01   4.735499E+01
   1.033550E+01   4.729986E+01
   1.031537E+01   4.730161E+01
   1.023339E+01   4.726543E+01
   1.020630E+01   4.727276E+01
   1.017121E+01   4.726603E+01
   1.016597E+01   4.728120E+01
   1.017640E+01   4.730106E+01
   1.019147E+01   4.729851E+01
   1.020801E+01   4.731714E+01
   1.019574E+01   4.732624E+01
   1.020375E+01   4.735190E+01
   1.022684E+01   4.737874E+01
   1.021380E+01   4.737801E+01
   1.017295E+01   4.738243E+01
   1.017264E+01   4.736831E+01
   1.014605E+01   4.736483E+01
   1.011991E+01   4.737176E+01
   1.010091E+01   4.735114E+01
   1.008006E+01   4.738546E+01
   1.007789E+01   4.740241E+01
   1.006870E+01   4.740827E+01
   1.006915E+01   4.741717E+01
   1.009800E+01   4.743033E+01
   1.008153E+01   4.745287E+01
   1.007032E+01   4.745577E+01
   1.004272E+01   4.747110E+01
   1.003818E+01   4.748609E+01
   1.000388E+01   4.747645E+01
   9.963095E+00   4.752054E+01
   9.964060E+00   4.753336E+01
   9.955680E+00   4.753393E+01
   9.920061E+00   4.752883E+01
   9.912427E+00   4.753307E+01
   9.883375E+00   4.754520E+01
   9.874799E+00   4.752678E+01
   9.811570E+00   4.754853E+01
   9.823461E+00   4.756066E+01
   9.819965E+00   4.757092E+01
   9.823333E+00   4.758247E+01
   9.804215E+00   4.759309E+01
   9.777392E+00   4.759338E+01
   9.754127E+00   4.757006E+01
   9.748009E+00   4.755547E+01
   9.740318E+00   4.754851E+01
   9.736837E+00   4.753271E+01
   9.606187E+00   4.752526E+01
   9.573045E+00   4.753278E+01
   9.511991E+00   4.753246E+01
   9.257166E+00   4.765752E+01
   9.202392E+00   4.765489E+01
   9.186843E+00   4.765697E+01
   9.175913E+00   4.765379E+01
   9.170285E+00   4.765474E+01
   9.155548E+00   4.766600E+01
   9.149401E+00   4.766713E+01
   9.139468E+00   4.766367E+01
   9.131947E+00   4.766578E+01
   9.083404E+00   4.767636E+01
   9.031386E+00   4.768340E+01
   8.980785E+00   4.767050E+01
   8.941273E+00   4.765569E+01
   8.896961E+00   4.764593E+01
   8.882626E+00   4.765327E+01
   8.874739E+00   4.765450E+01
   8.872349E+00   4.766971E+01
   8.849493E+00   4.768089E+01
   8.849927E+00   4.770233E+01
   8.818155E+00   4.771242E+01
   8.801323E+00   4.772681E+01
   8.785749E+00   4.772516E+01
   8.772314E+00   4.771606E+01
   8.802318E+00   4.770121E+01
   8.812951E+00   4.769590E+01
   8.796867E+00   4.767232E+01
   8.776356E+00   4.767892E+01
   8.753301E+00   4.768997E+01
   8.725752E+00   4.769170E+01
   8.710025E+00   4.768829E+01
   8.689367E+00   4.769318E+01
   8.670462E+00   4.768235E+01
   8.659414E+00   4.768408E+01
   8.656862E+00   4.769110E+01
   8.669993E+00   4.770030E+01
   8.662608E+00   4.770457E+01
   8.661606E+00   4.771454E+01
   8.705956E+00   4.771584E+01
   8.707874E+00   4.772523E+01
   8.713053E+00   4.774125E+01
   8.730326E+00   4.775527E+01
   8.720028E+00   4.776273E+01
   8.688705E+00   4.775314E+01
   8.682725E+00   4.777008E+01
   8.679226E+00   4.778419E+01
   8.657985E+00   4.778994E+01
   8.650537E+00   4.779565E+01
   8.654287E+00   4.777361E+01
   8.646752E+00   4.776462E+01
   8.631322E+00   4.775749E+01
   8.619180E+00   4.776216E+01
   8.613514E+00   4.778451E+01
   8.616484E+00   4.779603E+01
   8.609139E+00   4.780029E+01
   8.593503E+00   4.779744E+01
   8.567997E+00   4.779977E+01
   8.563882E+00   4.779288E+01
   8.576105E+00   4.779015E+01
   8.578471E+00   4.778102E+01
   8.563150E+00   4.777654E+01
   8.529788E+00   4.777687E+01
   8.519373E+00   4.776965E+01
   8.489374E+00   4.776880E+01
   8.457423E+00   4.774126E+01
   8.462303E+00   4.772909E+01
   8.449293E+00   4.771663E+01
   8.422688E+00   4.770807E+01
   8.414711E+00   4.769991E+01
   8.427303E+00   4.768562E+01
   8.415918E+00   4.767430E+01
   8.440344E+00   4.766490E+01
   8.469661E+00   4.766016E+01
   8.474184E+00   4.765258E+01
   8.496737E+00   4.765153E+01
   8.517506E+00   4.765360E+01
   8.537995E+00   4.767185E+01
   8.556695E+00   4.767164E+01
   8.570331E+00   4.767023E+01
   8.580894E+00   4.767542E+01
   8.611134E+00   4.767422E+01
   8.635919E+00   4.765320E+01
   8.624695E+00   4.763388E+01
   8.602636E+00   4.763262E+01
   8.612806E+00   4.761327E+01
   8.584337E+00   4.759208E+01
   8.555859E+00   4.759672E+01
   8.562340E+00   4.761117E+01
   8.528154E+00   4.762756E+01
   8.507736E+00   4.761413E+01
   8.484145E+00   4.761080E+01
   8.466432E+00   4.759770E+01
   8.472585E+00   4.758861E+01
   8.489851E+00   4.759139E+01
   8.503377E+00   4.757932E+01
   8.478537E+00   4.757087E+01
   8.429318E+00   4.756095E+01
   8.397793E+00   4.757168E+01
   8.385250E+00   4.756086E+01
   8.322916E+00   4.756594E+01
   8.287323E+00   4.758847E+01
   8.290024E+00   4.760451E+01
   8.261561E+00   4.760455E+01
   8.219234E+00   4.760101E+01
   8.212700E+00   4.761424E+01
   8.198736E+00   4.761287E+01
   8.175868E+00   4.759256E+01
   8.137173E+00   4.757947E+01
   8.110832E+00   4.757739E+01
   8.104872E+00   4.755795E+01
   8.087382E+00   4.755210E+01
   8.064812E+00   4.755908E+01
   8.047276E+00   4.754930E+01
   8.015123E+00   4.754586E+01
   7.995521E+00   4.755147E+01
   7.957991E+00   4.755243E+01
   7.951777E+00   4.754002E+01
   7.911362E+00   4.754341E+01
   7.898235E+00   4.755961E+01
   7.904467E+00   4.756857E+01
   7.889876E+00   4.758282E+01
   7.863072E+00   4.758398E+01
   7.846132E+00   4.757840E+01
   7.823701E+00   4.758172E+01
   7.817622E+00   4.756727E+01
   7.799973E+00   4.755435E+01
   7.748120E+00   4.753835E+01
   7.695940E+00   4.752681E+01
   7.663901E+00   4.752914E+01
   7.623871E+00   4.756142E+01
   7.577091E+00   4.758755E+01
   7.586830E+00   4.760099E+01
   7.568601E+00   4.761266E+01
   7.558554E+00   4.763379E+01
   7.521558E+00   4.765161E+01
   7.511028E+00   4.767251E+01
   7.503992E+00   4.770235E+01
   7.536053E+00   4.772271E+01
   7.541032E+00   4.773606E+01
   7.520958E+00   4.777685E+01
   7.557124E+00   4.784839E+01
   7.549463E+00   4.787338E+01
   7.553581E+00   4.788424E+01
   7.578666E+00   4.789745E+01
   7.574615E+00   4.793028E+01
   7.613179E+00   4.796804E+01
   7.611904E+00   4.798710E+01
   7.562205E+00   4.803320E+01
   7.566702E+00   4.805764E+01
END
END
