none
1
   1.884590E+01   4.952465E+01
   1.885540E+01   4.951808E+01
   1.885284E+01   4.951524E+01
   1.877897E+01   4.950215E+01
   1.875323E+01   4.948448E+01
   1.867025E+01   4.949945E+01
   1.862547E+01   4.949067E+01
   1.856867E+01   4.950141E+01
   1.855711E+01   4.946917E+01
   1.836954E+01   4.931314E+01
   1.818635E+01   4.924333E+01
   1.808351E+01   4.900207E+01
   1.793756E+01   4.901158E+01
   1.789456E+01   4.892012E+01
   1.764096E+01   4.883111E+01
   1.755484E+01   4.880034E+01
   1.745136E+01   4.882172E+01
   1.737727E+01   4.879653E+01
   1.719832E+01   4.885843E+01
   1.696090E+01   4.861008E+01
   1.692492E+01   4.861558E+01
   1.691347E+01   4.862207E+01
   1.691742E+01   4.866793E+01
   1.690471E+01   4.867749E+01
   1.690834E+01   4.869411E+01
   1.689244E+01   4.871144E+01
   1.679672E+01   4.870338E+01
   1.676101E+01   4.871197E+01
   1.671957E+01   4.873374E+01
   1.668346E+01   4.872352E+01
   1.666660E+01   4.873576E+01
   1.667631E+01   4.875515E+01
   1.664499E+01   4.878115E+01
   1.662460E+01   4.877448E+01
   1.657208E+01   4.878334E+01
   1.654063E+01   4.880778E+01
   1.651931E+01   4.879467E+01
   1.646610E+01   4.880013E+01
   1.643378E+01   4.875402E+01
   1.637994E+01   4.871983E+01
   1.606377E+01   4.874480E+01
   1.593955E+01   4.880063E+01
   1.593769E+01   4.881266E+01
   1.582807E+01   4.886026E+01
   1.578996E+01   4.886661E+01
   1.576060E+01   4.884521E+01
   1.567978E+01   4.885078E+01
   1.560913E+01   4.888645E+01
   1.556876E+01   4.889051E+01
   1.549630E+01   4.891285E+01
   1.549064E+01   4.893343E+01
   1.541504E+01   4.894827E+01
   1.535902E+01   4.897978E+01
   1.532505E+01   4.897108E+01
   1.529209E+01   4.897675E+01
   1.526914E+01   4.895171E+01
   1.517280E+01   4.893664E+01
   1.514922E+01   4.894136E+01
   1.514619E+01   4.898527E+01
   1.506015E+01   4.899517E+01
   1.505954E+01   4.900745E+01
   1.501138E+01   4.900899E+01
   1.500076E+01   4.898447E+01
   1.498566E+01   4.896267E+01
   1.499502E+01   4.893364E+01
   1.500624E+01   4.889803E+01
   1.499129E+01   4.887003E+01
   1.499580E+01   4.883984E+01
   1.496452E+01   4.879414E+01
   1.498890E+01   4.877942E+01
   1.498922E+01   4.876698E+01
   1.495800E+01   4.875060E+01
   1.483023E+01   4.877569E+01
   1.481753E+01   4.872911E+01
   1.474981E+01   4.868974E+01
   1.472408E+01   4.865864E+01
   1.472995E+01   4.863791E+01
   1.472232E+01   4.861847E+01
   1.472752E+01   4.859898E+01
   1.470782E+01   4.857759E+01
   1.466037E+01   4.857736E+01
   1.464847E+01   4.860238E+01
   1.462256E+01   4.859756E+01
   1.460907E+01   4.862150E+01
   1.456537E+01   4.859693E+01
   1.449890E+01   4.861087E+01
   1.447247E+01   4.863910E+01
   1.445483E+01   4.863916E+01
   1.446155E+01   4.862475E+01
   1.444810E+01   4.859430E+01
   1.442838E+01   4.858342E+01
   1.439554E+01   4.858986E+01
   1.439687E+01   4.857238E+01
   1.437843E+01   4.856278E+01
   1.436241E+01   4.856752E+01
   1.435228E+01   4.855069E+01
   1.431861E+01   4.854292E+01
   1.431243E+01   4.855872E+01
   1.429444E+01   4.856294E+01
   1.413257E+01   4.858987E+01
   1.410239E+01   4.858497E+01
   1.406446E+01   4.859115E+01
   1.403492E+01   4.861132E+01
   1.400154E+01   4.864040E+01
   1.402396E+01   4.865793E+01
   1.404931E+01   4.865957E+01
   1.405207E+01   4.867083E+01
   1.402872E+01   4.867367E+01
   1.394008E+01   4.871362E+01
   1.379616E+01   4.877458E+01
   1.373230E+01   4.887122E+01
   1.366320E+01   4.887247E+01
   1.361554E+01   4.892918E+01
   1.357408E+01   4.895797E+01
   1.352214E+01   4.896392E+01
   1.351499E+01   4.893387E+01
   1.349259E+01   4.893575E+01
   1.339141E+01   4.898191E+01
   1.339013E+01   4.902802E+01
   1.327927E+01   4.911523E+01
   1.323239E+01   4.910701E+01
   1.317901E+01   4.912323E+01
   1.316138E+01   4.914163E+01
   1.315471E+01   4.917498E+01
   1.311420E+01   4.919294E+01
   1.307083E+01   4.923632E+01
   1.301793E+01   4.926089E+01
   1.301936E+01   4.929136E+01
   1.295503E+01   4.933175E+01
   1.289689E+01   4.934417E+01
   1.289689E+01   4.932523E+01
   1.278060E+01   4.933486E+01
   1.270453E+01   4.941244E+01
   1.265130E+01   4.942889E+01
   1.262667E+01   4.947843E+01
   1.263668E+01   4.952238E+01
   1.259474E+01   4.952733E+01
   1.256520E+01   4.955423E+01
   1.256806E+01   4.958730E+01
   1.255090E+01   4.961201E+01
   1.252564E+01   4.961139E+01
   1.250610E+01   4.964504E+01
   1.251182E+01   4.967342E+01
   1.244119E+01   4.969027E+01
   1.238887E+01   4.974898E+01
   1.239661E+01   4.976688E+01
   1.245856E+01   4.978887E+01
   1.245368E+01   4.981662E+01
   1.253694E+01   4.991830E+01
   1.249085E+01   4.992351E+01
   1.245654E+01   4.994621E+01
   1.248371E+01   4.997104E+01
   1.246131E+01   4.998943E+01
   1.243319E+01   4.997687E+01
   1.224924E+01   5.005312E+01
   1.218920E+01   5.010537E+01
   1.218123E+01   5.018968E+01
   1.208477E+01   5.024345E+01
   1.208955E+01   5.026664E+01
   1.212747E+01   5.027820E+01
   1.208863E+01   5.032711E+01
   1.218156E+01   5.033076E+01
   1.221445E+01   5.030763E+01
   1.221111E+01   5.028023E+01
   1.226544E+01   5.027414E+01
   1.227592E+01   5.025434E+01
   1.226210E+01   5.024185E+01
   1.228879E+01   5.023118E+01
   1.230071E+01   5.022020E+01
   1.229213E+01   5.019519E+01
   1.230928E+01   5.018024E+01
   1.232406E+01   5.019092E+01
   1.231570E+01   5.020974E+01
   1.232739E+01   5.025007E+01
   1.236150E+01   5.029587E+01
   1.239631E+01   5.033519E+01
   1.251087E+01   5.040463E+01
   1.261667E+01   5.042072E+01
   1.269625E+01   5.042224E+01
   1.282302E+01   5.047322E+01
   1.293418E+01   5.042273E+01
   1.300459E+01   5.044592E+01
   1.302365E+01   5.051506E+01
   1.304796E+01   5.051567E+01
   1.306178E+01   5.050597E+01
   1.310085E+01   5.050748E+01
   1.312754E+01   5.052355E+01
   1.314803E+01   5.051567E+01
   1.318235E+01   5.051203E+01
   1.322285E+01   5.059197E+01
   1.326670E+01   5.060346E+01
   1.328862E+01   5.059469E+01
   1.329577E+01   5.058138E+01
   1.331340E+01   5.058471E+01
   1.331531E+01   5.060921E+01
   1.336312E+01   5.062770E+01
   1.336260E+01   5.065526E+01
   1.339537E+01   5.065637E+01
   1.342172E+01   5.062372E+01
   1.345930E+01   5.061113E+01
   1.353262E+01   5.067691E+01
   1.351356E+01   5.070770E+01
   1.354453E+01   5.072037E+01
   1.359648E+01   5.071796E+01
   1.365414E+01   5.074119E+01
   1.369453E+01   5.072357E+01
   1.372086E+01   5.073727E+01
   1.380188E+01   5.074089E+01
   1.383238E+01   5.073033E+01
   1.385144E+01   5.073184E+01
   1.385573E+01   5.074420E+01
   1.386812E+01   5.074873E+01
   1.388432E+01   5.074390E+01
   1.389624E+01   5.075023E+01
   1.388156E+01   5.077032E+01
   1.389099E+01   5.080146E+01
   1.393579E+01   5.079664E+01
   1.395676E+01   5.081923E+01
   1.400550E+01   5.082587E+01
   1.404492E+01   5.081592E+01
   1.422411E+01   5.087249E+01
   1.422649E+01   5.089023E+01
   1.427177E+01   5.089955E+01
   1.429607E+01   5.089143E+01
   1.433706E+01   5.089745E+01
   1.434754E+01   5.090526E+01
   1.437280E+01   5.090316E+01
   1.438900E+01   5.093020E+01
   1.431323E+01   5.094942E+01
   1.425369E+01   5.098522E+01
   1.425243E+01   5.100982E+01
   1.427406E+01   5.104888E+01
   1.431132E+01   5.106426E+01
   1.434230E+01   5.104749E+01
   1.436089E+01   5.105258E+01
   1.439091E+01   5.104060E+01
   1.439520E+01   5.102921E+01
   1.441664E+01   5.102471E+01
   1.445334E+01   5.104449E+01
   1.451577E+01   5.105079E+01
   1.450957E+01   5.102561E+01
   1.457248E+01   5.101782E+01
   1.460917E+01   5.099023E+01
   1.459202E+01   5.094641E+01
   1.457153E+01   5.092659E+01
   1.458106E+01   5.092028E+01
   1.465826E+01   5.094101E+01
   1.466589E+01   5.090496E+01
   1.463244E+01   5.086058E+01
   1.478455E+01   5.082856E+01
   1.481618E+01   5.087910E+01
   1.484841E+01   5.087700E+01
   1.486366E+01   5.088482E+01
   1.496231E+01   5.087009E+01
   1.498852E+01   5.087430E+01
   1.498375E+01   5.092539E+01
   1.500139E+01   5.094161E+01
   1.500567E+01   5.097853E+01
   1.498614E+01   5.097313E+01
   1.495564E+01   5.099053E+01
   1.498137E+01   5.101602E+01
   1.501258E+01   5.102505E+01
   1.502579E+01   5.103171E+01
   1.506048E+01   5.102921E+01
   1.512100E+01   5.101122E+01
   1.517342E+01   5.102621E+01
   1.518248E+01   5.099863E+01
   1.524443E+01   5.100673E+01
   1.528547E+01   5.098199E+01
   1.530377E+01   5.094648E+01
   1.527970E+01   5.092689E+01
   1.530591E+01   5.087700E+01
   1.537644E+01   5.085505E+01
   1.538538E+01   5.080404E+01
   1.538098E+01   5.078275E+01
   1.540529E+01   5.079215E+01
   1.542146E+01   5.080756E+01
   1.544691E+01   5.081555E+01
   1.552465E+01   5.078972E+01
   1.561996E+01   5.077977E+01
   1.570003E+01   5.075204E+01
   1.583346E+01   5.076591E+01
   1.587540E+01   5.068657E+01
   1.596833E+01   5.070408E+01
   1.600758E+01   5.068557E+01
   1.603219E+01   5.063068E+01
   1.609910E+01   5.067376E+01
   1.619358E+01   5.064289E+01
   1.622787E+01   5.068232E+01
   1.635610E+01   5.067419E+01
   1.645814E+01   5.058681E+01
   1.641344E+01   5.052021E+01
   1.633481E+01   5.047656E+01
   1.622853E+01   5.043287E+01
   1.628524E+01   5.038215E+01
   1.631214E+01   5.039023E+01
   1.637055E+01   5.038488E+01
   1.637791E+01   5.034705E+01
   1.640010E+01   5.032924E+01
   1.643489E+01   5.033441E+01
   1.651924E+01   5.026927E+01
   1.657309E+01   5.023148E+01
   1.656495E+01   5.019737E+01
   1.657627E+01   5.018210E+01
   1.660264E+01   5.014757E+01
   1.664028E+01   5.012039E+01
   1.670224E+01   5.010388E+01
   1.679479E+01   5.019136E+01
   1.684425E+01   5.021105E+01
   1.694433E+01   5.023636E+01
   1.701402E+01   5.027103E+01
   1.700920E+01   5.029032E+01
   1.694290E+01   5.030916E+01
   1.689624E+01   5.038102E+01
   1.685106E+01   5.040843E+01
   1.687596E+01   5.044491E+01
   1.690749E+01   5.045234E+01
   1.705523E+01   5.041606E+01
   1.709926E+01   5.040863E+01
   1.711485E+01   5.040560E+01
   1.712121E+01   5.039934E+01
   1.713297E+01   5.039344E+01
   1.714460E+01   5.038602E+01
   1.719469E+01   5.039395E+01
   1.721395E+01   5.038475E+01
   1.721134E+01   5.037471E+01
   1.720676E+01   5.036880E+01
   1.727957E+01   5.032555E+01
   1.734990E+01   5.033079E+01
   1.735340E+01   5.032264E+01
   1.734393E+01   5.031882E+01
   1.734242E+01   5.031552E+01
   1.736020E+01   5.030864E+01
   1.735017E+01   5.028264E+01
   1.734822E+01   5.027324E+01
   1.735285E+01   5.026848E+01
   1.735962E+01   5.026918E+01
   1.736205E+01   5.028560E+01
   1.740671E+01   5.028282E+01
   1.742807E+01   5.027762E+01
   1.743643E+01   5.025600E+01
   1.744606E+01   5.025526E+01
   1.745544E+01   5.027400E+01
   1.759198E+01   5.028107E+01
   1.761127E+01   5.026945E+01
   1.764526E+01   5.028092E+01
   1.768293E+01   5.030187E+01
   1.768412E+01   5.033030E+01
   1.772340E+01   5.032284E+01
   1.773229E+01   5.030548E+01
   1.775242E+01   5.030290E+01
   1.775619E+01   5.029562E+01
   1.772799E+01   5.026147E+01
   1.774750E+01   5.024867E+01
   1.777063E+01   5.023592E+01
   1.775902E+01   5.020000E+01
   1.772026E+01   5.020035E+01
   1.770842E+01   5.018251E+01
   1.759757E+01   5.015878E+01
   1.764247E+01   5.013233E+01
   1.765215E+01   5.011235E+01
   1.767554E+01   5.010595E+01
   1.768202E+01   5.012116E+01
   1.771143E+01   5.011621E+01
   1.775785E+01   5.007717E+01
   1.778615E+01   5.002689E+01
   1.783882E+01   5.000933E+01
   1.783906E+01   4.999555E+01
   1.788759E+01   4.998357E+01
   1.792019E+01   4.998503E+01
   1.795237E+01   5.000686E+01
   1.800478E+01   5.002095E+01
   1.802633E+01   5.001295E+01
   1.804218E+01   5.003257E+01
   1.800840E+01   5.002852E+01
   1.800184E+01   5.003418E+01
   1.800181E+01   5.005473E+01
   1.803519E+01   5.006914E+01
   1.806546E+01   5.006028E+01
   1.809150E+01   5.004584E+01
   1.808980E+01   5.003400E+01
   1.810633E+01   5.002315E+01
   1.809666E+01   5.001430E+01
   1.811814E+01   4.999696E+01
   1.813103E+01   5.000149E+01
   1.815722E+01   4.998776E+01
   1.816860E+01   5.000277E+01
   1.821072E+01   4.999951E+01
   1.822174E+01   4.997353E+01
   1.828167E+01   4.996811E+01
   1.828528E+01   4.993856E+01
   1.832027E+01   4.991942E+01
   1.833123E+01   4.995171E+01
   1.843100E+01   4.994174E+01
   1.849842E+01   4.990817E+01
   1.853337E+01   4.990482E+01
   1.853781E+01   4.992656E+01
   1.854454E+01   4.992870E+01
   1.855764E+01   4.992104E+01
   1.857513E+01   4.992391E+01
   1.858516E+01   4.990886E+01
   1.857250E+01   4.988026E+01
   1.860854E+01   4.986359E+01
   1.860722E+01   4.985654E+01
   1.857729E+01   4.983197E+01
   1.863373E+01   4.974714E+01
   1.862950E+01   4.972950E+01
   1.864530E+01   4.971452E+01
   1.871170E+01   4.970708E+01
   1.872342E+01   4.968627E+01
   1.877961E+01   4.968892E+01
   1.881140E+01   4.967858E+01
   1.884356E+01   4.959539E+01
   1.886321E+01   4.954702E+01
   1.886010E+01   4.953731E+01
   1.884590E+01   4.952465E+01
END
END
