none
1
   2.144057E+01   5.433608E+01
   2.278126E+01   5.437215E+01
   2.283737E+01   5.441946E+01
   2.301803E+01   5.439088E+01
   2.334803E+01   5.425759E+01
   2.348299E+01   5.417433E+01
   2.353696E+01   5.407343E+01
   2.353376E+01   5.393594E+01
   2.366497E+01   5.353708E+01
   2.393638E+01   5.315787E+01
   2.388641E+01   5.308462E+01
   2.393862E+01   5.301877E+01
   2.395597E+01   5.270836E+01
   2.373849E+01   5.260120E+01
   2.363405E+01   5.259794E+01
   2.343712E+01   5.252354E+01
   2.319545E+01   5.229015E+01
   2.321083E+01   5.227206E+01
   2.322498E+01   5.224198E+01
   2.336537E+01   5.221423E+01
   2.351893E+01   5.218250E+01
   2.349282E+01   5.215333E+01
   2.360928E+01   5.212082E+01
   2.365633E+01   5.207822E+01
   2.371205E+01   5.199215E+01
   2.366274E+01   5.196027E+01
   2.364930E+01   5.190207E+01
   2.362328E+01   5.184458E+01
   2.366595E+01   5.178482E+01
   2.355843E+01   5.174588E+01
   2.360128E+01   5.154178E+01
   2.369042E+01   5.148100E+01
   2.366597E+01   5.145235E+01
   2.371402E+01   5.141961E+01
   2.369295E+01   5.130110E+01
   2.388044E+01   5.115339E+01
   2.392254E+01   5.107488E+01
   2.416522E+01   5.086749E+01
   2.411973E+01   5.083127E+01
   2.401746E+01   5.083135E+01
   2.397702E+01   5.079241E+01
   2.403397E+01   5.077362E+01
   2.403585E+01   5.072724E+01
   2.408509E+01   5.072985E+01
   2.410072E+01   5.054119E+01
   2.402044E+01   5.040705E+01
   2.371576E+01   5.037575E+01
   2.369541E+01   5.032705E+01
   2.349661E+01   5.021439E+01
   2.318831E+01   4.999680E+01
   2.265962E+01   4.952652E+01
   2.270419E+01   4.950079E+01
   2.276024E+01   4.936521E+01
   2.276485E+01   4.927186E+01
   2.272824E+01   4.923509E+01
   2.275123E+01   4.921587E+01
   2.273538E+01   4.919298E+01
   2.276122E+01   4.918216E+01
   2.277306E+01   4.917007E+01
   2.289348E+01   4.909795E+01
   2.290647E+01   4.898568E+01
   2.268190E+01   4.902975E+01
   2.242065E+01   4.909222E+01
   2.222377E+01   4.914339E+01
   2.221026E+01   4.916463E+01
   2.201792E+01   4.921530E+01
   2.201864E+01   4.927686E+01
   2.183182E+01   4.938055E+01
   2.178421E+01   4.934638E+01
   2.162699E+01   4.943078E+01
   2.143508E+01   4.940259E+01
   2.127457E+01   4.944995E+01
   2.119500E+01   4.938494E+01
   2.113421E+01   4.942515E+01
   2.106289E+01   4.941615E+01
   2.111798E+01   4.937456E+01
   2.100048E+01   4.930420E+01
   2.093077E+01   4.929064E+01
   2.079495E+01   4.933728E+01
   2.070847E+01   4.940971E+01
   2.056218E+01   4.936793E+01
   2.046808E+01   4.940581E+01
   2.038883E+01   4.938325E+01
   2.034040E+01   4.939223E+01
   2.033034E+01   4.933994E+01
   2.020802E+01   4.933493E+01
   2.012387E+01   4.925896E+01
   2.008244E+01   4.916606E+01
   1.997529E+01   4.921773E+01
   1.988243E+01   4.918699E+01
   1.974645E+01   4.919717E+01
   1.978751E+01   4.930073E+01
   1.978547E+01   4.940672E+01
   1.971919E+01   4.938238E+01
   1.962723E+01   4.940501E+01
   1.961551E+01   4.944247E+01
   1.957044E+01   4.945158E+01
   1.952891E+01   4.953240E+01
   1.951937E+01   4.956889E+01
   1.944974E+01   4.959676E+01
   1.937276E+01   4.953618E+01
   1.926210E+01   4.951813E+01
   1.920607E+01   4.940730E+01
   1.903084E+01   4.938922E+01
   1.897099E+01   4.939220E+01
   1.895571E+01   4.945147E+01
   1.895909E+01   4.950455E+01
   1.883854E+01   4.951216E+01
   1.880010E+01   4.967281E+01
   1.875008E+01   4.967250E+01
   1.871681E+01   4.968037E+01
   1.866853E+01   4.969901E+01
   1.862466E+01   4.971640E+01
   1.860605E+01   4.975985E+01
   1.855658E+01   4.983332E+01
   1.858748E+01   4.985868E+01
   1.855875E+01   4.987387E+01
   1.856140E+01   4.990422E+01
   1.850443E+01   4.989501E+01
   1.843164E+01   4.991953E+01
   1.836528E+01   4.993165E+01
   1.832010E+01   4.990970E+01
   1.827783E+01   4.992356E+01
   1.826622E+01   4.995906E+01
   1.820679E+01   4.996798E+01
   1.820114E+01   4.999016E+01
   1.817014E+01   4.997944E+01
   1.810633E+01   4.998724E+01
   1.806217E+01   5.004310E+01
   1.805521E+01   5.000317E+01
   1.800076E+01   5.000492E+01
   1.786368E+01   4.996352E+01
   1.776639E+01   5.002096E+01
   1.770537E+01   5.010083E+01
   1.767051E+01   5.009066E+01
   1.757356E+01   5.016522E+01
   1.768319E+01   5.019325E+01
   1.775372E+01   5.023397E+01
   1.771171E+01   5.025865E+01
   1.772682E+01   5.028986E+01
   1.771129E+01   5.031498E+01
   1.764841E+01   5.026739E+01
   1.743437E+01   5.024750E+01
   1.733963E+01   5.025704E+01
   1.733135E+01   5.031333E+01
   1.725323E+01   5.031806E+01
   1.719092E+01   5.037047E+01
   1.697872E+01   5.040685E+01
   1.689395E+01   5.044075E+01
   1.695257E+01   5.032395E+01
   1.701871E+01   5.030196E+01
   1.703985E+01   5.021746E+01
   1.685352E+01   5.018919E+01
   1.670692E+01   5.009117E+01
   1.662420E+01   5.010589E+01
   1.654765E+01   5.016331E+01
   1.654685E+01   5.020796E+01
   1.642482E+01   5.031788E+01
   1.639629E+01   5.031232E+01
   1.635192E+01   5.034874E+01
   1.635192E+01   5.037199E+01
   1.628139E+01   5.035885E+01
   1.616904E+01   5.043307E+01
   1.631151E+01   5.051279E+01
   1.637331E+01   5.052287E+01
   1.639233E+01   5.057171E+01
   1.643038E+01   5.058116E+01
   1.632815E+01   5.065719E+01
   1.623957E+01   5.066066E+01
   1.622355E+01   5.063056E+01
   1.618423E+01   5.062024E+01
   1.610954E+01   5.065327E+01
   1.606665E+01   5.060693E+01
   1.602392E+01   5.059015E+01
   1.597473E+01   5.061045E+01
   1.599374E+01   5.063458E+01
   1.598291E+01   5.067884E+01
   1.594778E+01   5.068080E+01
   1.586228E+01   5.066532E+01
   1.580777E+01   5.074869E+01
   1.573225E+01   5.073048E+01
   1.567678E+01   5.073951E+01
   1.560387E+01   5.076758E+01
   1.552067E+01   5.077209E+01
   1.543905E+01   5.080415E+01
   1.541052E+01   5.077259E+01
   1.537113E+01   5.077247E+01
   1.526326E+01   5.089546E+01
   1.526392E+01   5.097261E+01
   1.513318E+01   5.098309E+01
   1.504046E+01   5.100504E+01
   1.501590E+01   5.092119E+01
   1.501085E+01   5.086172E+01
   1.480036E+01   5.086242E+01
   1.490575E+01   5.098658E+01
   1.498262E+01   5.113897E+01
   1.502482E+01   5.127552E+01
   1.495805E+01   5.134089E+01
   1.494051E+01   5.145803E+01
   1.472666E+01   5.152466E+01
   1.469185E+01   5.155699E+01
   1.475120E+01   5.160746E+01
   1.472908E+01   5.167104E+01
   1.464395E+01   5.173722E+01
   1.463467E+01   5.178225E+01
   1.460990E+01   5.178991E+01
   1.456443E+01   5.183267E+01
   1.470586E+01   5.194377E+01
   1.469147E+01   5.196754E+01
   1.473117E+01   5.206422E+01
   1.465691E+01   5.211476E+01
   1.469086E+01   5.223777E+01
   1.458336E+01   5.226307E+01
   1.451252E+01   5.242235E+01
   1.459560E+01   5.248455E+01
   1.459063E+01   5.258892E+01
   1.409980E+01   5.283467E+01
   1.414816E+01   5.288052E+01
   1.412063E+01   5.296746E+01
   1.431038E+01   5.304371E+01
   1.436479E+01   5.312542E+01
   1.433629E+01   5.315993E+01
   1.439771E+01   5.326972E+01
   1.410799E+01   5.412639E+01
   1.764006E+01   5.509949E+01
   1.899569E+01   5.505600E+01
   1.966072E+01   5.446298E+01
   2.144057E+01   5.433608E+01
END
END
