none
1
   -1.029979E+02   3.699778E+01
   -1.029994E+02   3.699779E+01
   -1.030004E+02   3.649718E+01
   -1.030376E+02   3.649754E+01
   -1.030330E+02   3.434069E+01
   -1.030597E+02   3.199562E+01
   -1.066141E+02   3.199754E+01
   -1.066237E+02   3.198929E+01
   -1.066358E+02   3.198534E+01
   -1.066285E+02   3.197295E+01
   -1.066191E+02   3.197417E+01
   -1.066178E+02   3.196598E+01
   -1.066138E+02   3.195756E+01
   -1.066145E+02   3.194849E+01
   -1.066248E+02   3.192745E+01
   -1.066120E+02   3.192192E+01
   -1.066099E+02   3.191881E+01
   -1.066341E+02   3.190807E+01
   -1.066440E+02   3.189733E+01
   -1.066326E+02   3.189002E+01
   -1.066274E+02   3.188315E+01
   -1.066346E+02   3.187152E+01
   -1.066248E+02   3.185659E+01
   -1.066141E+02   3.184758E+01
   -1.066009E+02   3.184537E+01
   -1.066018E+02   3.182652E+01
   -1.065912E+02   3.182586E+01
   -1.065771E+02   3.181312E+01
   -1.065704E+02   3.181529E+01
   -1.065436E+02   3.180840E+01
   -1.065212E+02   3.178318E+01
   -1.082022E+02   3.177970E+01
   -1.082013E+02   3.133043E+01
   -1.090486E+02   3.132930E+01
   -1.090504E+02   3.133222E+01
   -1.090454E+02   3.699923E+01
   -1.068773E+02   3.700184E+01
   -1.068691E+02   3.699413E+01
   -1.029997E+02   3.699968E+01
   -1.029979E+02   3.699778E+01
END
END
